# 06610 LSMP Payerne Observations at 12Z 30 Jul 2008
# Radiosonde file generated by raso.rb
#
  P [hPa],     Z [m],    T [K],   Td [K],   RH [%], r [g/kg], WS [m/s], WD [deg]
 962.0000   491.0000  297.5135 -999.9000   66.2000   13.6900    1.5128   93.0543
 944.6891   647.8794  295.5678 -999.9000   67.7726   12.6302    4.0026   92.6754
 927.6873   804.7588  294.2842 -999.9000   79.5288   13.9071    1.6622   92.9144
 911.0964   961.6382  293.0918 -999.9000   80.0004   14.4362    0.0854   88.9012
 894.7070  1118.5176  292.2467 -999.9000   80.0111   14.3064    0.8900   90.9797
 878.5406  1275.3970  292.0337 -999.9000   80.0859   13.3485    1.8927   90.6229
 862.6769  1432.2764  290.7285 -999.9000   81.0061   13.5129    2.1429   90.4248
 846.9845  1589.1558  289.5507 -999.9000   80.3307   13.9027    3.7686   90.3491
 831.5533  1746.0352  289.2587 -999.9000   80.8115   13.2228    4.6726   90.3950
 816.3570  1902.9146  287.9914 -999.9000   80.7008   11.9693    5.7985   90.4496
 801.3249  2059.7940  286.4403 -999.9000   80.4201   11.5640    6.4419   90.4939
 786.5365  2216.6734  285.1183 -999.9000   80.2634   10.4184    7.2092   90.5367
 771.9169  2373.5528  283.9127 -999.9000   80.6472    8.7627    8.4188   90.5644
 757.5041  2530.4322  282.8770 -999.9000   80.5089    8.5006    8.9672   90.6155
 743.3854  2687.3116  282.3210 -999.9000   77.8569    7.5803    7.8729   90.6080
 729.2940  2844.1910  281.2626 -999.9000   60.4452    5.5688    7.6418   90.6173
 715.5826  3001.0704  280.2280 -999.9000   50.1712    4.3807    9.2319   90.6971
 702.0616  3157.9497  279.0546 -999.9000   51.6495    4.2344   10.5213   90.7782
 688.7126  3314.8291  277.5848 -999.9000   58.9696    4.4448   10.6160   90.8007
 675.5482  3471.7085  275.9632 -999.9000   68.2642    4.6752   10.8687   90.8205
 662.5494  3628.5879  274.4901 -999.9000   74.2026    4.6607   11.4761   90.8487
 649.7305  3785.4673  273.4820 -999.9000   67.3179    4.0055   11.7705   90.8627
 637.1240  3942.3467  272.6281 -999.9000   55.1748    3.1437   11.0891   90.9118
 624.7467  4099.2261  271.6107 -999.9000   50.1923    2.7055    9.5398   91.0167
 612.5275  4256.1055  270.5461 -999.9000   50.1204    2.5464    9.1052   91.0465
 600.5160  4412.9849  269.9323 -999.9000   38.2260    1.8919    9.3831   91.0390
 588.7253  4569.8643  269.3299 -999.9000   22.7705    1.0986    9.5650   91.0433
 577.1128  4726.7437  268.0288 -999.9000   18.1723    0.8108    9.6135   91.0483
 565.6299  4883.6231  267.1845 -999.9000   17.0391    0.7276    9.5744   91.0538
 554.4053  5040.5025  266.6144 -999.9000   13.5020    0.5634    8.8843   91.1400
 543.3471  5197.3819  265.9309 -999.9000   12.8417    0.5190    8.1052   91.2153
 532.4739  5354.2613  264.8977 -999.9000   22.2058    0.8459    8.5108   91.2112
 521.8251  5511.1407  263.8427 -999.9000   24.0519    0.8613    9.2668   91.1806
 511.3144  5668.0201  263.0451 -999.9000   14.1015    0.4842    9.9487   91.1583
 500.9731  5824.8995  261.6972 -999.9000   12.9855    0.4090   10.6521   91.1344
 490.8286  5981.7789  260.0791 -999.9000   18.4179    0.5200   10.8093   91.1143
 480.7236  6138.6583  258.9591 -999.9000   29.2570    0.7703   11.1461   91.0832
 470.8214  6295.5377  257.6650 -999.9000   31.5226    0.7621   11.2470   91.0728
 461.0900  6452.4171  256.2315 -999.9000   30.8558    0.6762   10.9726   90.9894
 451.4963  6609.2965  254.9242 -999.9000   32.0303    0.6422    9.9686   90.8335
 442.0676  6766.1759  253.8419 -999.9000   32.6050    0.6091    9.0828   90.7116
 432.8253  6923.0553  252.8695 -999.9000   32.3214    0.5674    9.9979   90.6964
 423.7241  7079.9347  251.4520 -999.9000   36.0267    0.5712   10.8851   90.7318
 414.7432  7236.8141  249.7355 -999.9000   41.2511    0.5742   10.6898   90.7585
 405.9174  7393.6935  248.7284 -999.9000   31.8367    0.4138   10.9250   90.7794
 397.1974  7550.5729  247.4291 -999.9000   27.2509    0.3219   11.1992   90.7881
 388.6475  7707.4523  246.0233 -999.9000   31.1735    0.3308   11.3500   90.8405
 380.2876  7864.3317  244.9943 -999.9000   34.8224    0.3433   11.5905   90.9010
 372.0784  8021.2111  244.1638 -999.9000   39.0909    0.3645   11.7462   90.8924
 363.9826  8178.0905  243.3571 -999.9000   45.2145    0.3994   11.6626   90.7526
 356.0087  8334.9698  242.4904 -999.9000   54.4508    0.4529   11.6503   90.7678
 348.2042  8491.8492  241.5824 -999.9000   60.5737    0.5188   12.2561   91.3797
 340.5609  8648.7286  240.7158 -999.9000   64.9643    0.5272   12.4928   91.7004
 333.0575  8805.6080  239.8404 -999.9000   65.5732    0.4852   12.4379   91.6152
 325.6771  8962.4874  238.8556 -999.9000   65.0013    0.4338   12.7373   91.4555
 318.4095  9119.3668  237.6454 -999.9000   65.7931    0.3977   13.6594   91.4682
 311.2701  9276.2462  235.9997 -999.9000   60.6934    0.3338   13.8184   91.4746
 304.2599  9433.1256  234.4205 -999.9000   55.5162    0.2938   14.0412   91.4194
 297.3812  9590.0050  233.3293 -999.9000   50.6770    0.2688   14.5195   91.3896
 290.6045  9746.8844  232.0769 -999.9000   45.4736    0.2331   14.8415   91.3805
 283.9369  9903.7638  230.6754 -999.9000   45.7750    0.2031   15.2099   91.3479
 277.3870 10060.6432  229.1705 -999.9000   45.6293    0.1789   15.5866   91.3074
 270.9631 10217.5226  227.6018 -999.9000   45.5704    0.1538   15.8392   91.2950
 264.6694 10374.4020  226.0436 -999.9000   45.6843    0.1244   15.8772   91.3378
 258.4744 10531.2814  224.8028 -999.9000   45.1970    0.1097   16.0012   91.3756
 252.3757 10688.1608  223.7614 -999.9000   45.5177    0.1034   16.2400   91.3933
 246.3812 10845.0402  222.6903 -999.9000   40.2422    0.0916   16.5114   91.3978
 240.4896 11001.9196  221.4822 -999.9000   35.6887    0.0742   16.7621   91.3965
 234.6950 11158.7990  220.1323 -999.9000   35.9464    0.0604   16.9628   91.3968
 229.0082 11315.6784  218.7374 -999.9000   35.4940    0.0528   17.1086   91.3986
 223.4492 11472.5578  217.4453 -999.9000   34.9705    0.0500   17.2063   91.3982
 218.0236 11629.4372  216.2324 -999.9000   30.1279    0.0480   16.9750   91.4126
 212.6609 11786.3166  214.5499 -999.9000   25.6119    0.0350   15.2649   91.5070
 207.3913 11943.1960  213.7091 -999.9000   23.7804    0.0295   14.0564   91.4951
 202.2510 12100.0754  214.4049 -999.9000   18.0152    0.0410   13.7218   91.5711
 197.2536 12256.9548  215.7956 -999.9000    9.1041    0.0304   11.6922   92.1270
 192.4469 12413.8342  218.1799 -999.9000    2.6475    0.0062   12.1130   91.9985
 187.8076 12570.7136  217.9870 -999.9000    0.2372    0.0003   12.3263   91.9213
 183.2603 12727.5930  216.7415 -999.9000    0.2959    0.0003   12.0052   91.8946
 178.8033 12884.4724  216.3180 -999.9000    0.0000    0.0000   11.7439   91.8603
 174.4458 13041.3518  216.7105 -999.9000    0.0133    0.0000   11.8498   91.7991
 170.1876 13198.2312  216.9249 -999.9000    0.0000    0.0000   12.3496   91.6668
 166.0391 13355.1106  217.0819 -999.9000    0.0000    0.0000   12.9460   91.5392
 162.0101 13511.9899  216.6942 -999.9000    0.0002    0.0000   13.2243   91.4198
 158.0706 13668.8693  215.6982 -999.9000    0.0000    0.0000   12.8236   91.3880
 154.1974 13825.7487  214.8132 -999.9000    0.0000    0.0000   11.6484   91.4693
 150.4126 13982.6281  214.7350 -999.9000    0.0000    0.0000    9.7246   91.5650
 146.7292 14139.5075  215.6528 -999.9000    0.0000    0.0000    9.6410   91.5673
 143.1108 14296.3869  213.8654 -999.9000    0.0000    0.0000    9.5591   91.5696
 139.5597 14453.2663  216.2749 -999.9000    0.0000    0.0000    9.5312   91.5684
 136.1266 14610.1457  213.9327 -999.9000    0.0000    0.0000    9.5321   91.5540
 132.7619 14767.0251  213.0595 -999.9000    0.0000    0.0000    9.5430   91.5347
 129.4754 14923.9045  214.0581 -999.9000    0.0000    0.0000    9.5574   91.5197
 126.2897 15080.7839  215.1709 -999.9000    0.0000    0.0000    9.5660   91.5108
 123.1790 15237.6633  216.4098 -999.9000    0.0000    0.0000    9.6066   91.4644
 120.1481 15394.5427  216.8981 -999.9000    0.0000    0.0000    9.4924   91.3748
 117.2138 15551.4221  216.2727 -999.9000    0.0000    0.0000    9.1630   91.2661
 114.3435 15708.3015  216.1999 -999.9000    0.0000    0.0000    8.8756   91.1464
 111.5416 15865.1809  215.9807 -999.9000    0.0000    0.0000    8.3319   91.1933
 108.8149 16022.0603  217.3198 -999.9000    0.0000    0.0000    7.5574   91.4869
 106.1648 16178.9397  217.4011 -999.9000    0.0000    0.0000    7.1380   91.3484
 103.5767 16335.8191  217.0620 -999.9000    0.0000    0.0000    5.7512   91.9971
 101.0524 16492.6985  219.1347 -999.9000    0.0000    0.0000    1.3186   90.4089
  98.6148 16649.5779  217.7699 -999.9000    0.0000    0.0000    0.5890   90.4014
  96.2203 16806.4573  217.0559 -999.9000    0.0000    0.0000    0.1918   87.2598
  93.8688 16963.3367  216.3650 -999.9000    0.0000    0.0000    0.9357   90.4014
  91.5836 17120.2161  216.2681 -999.9000    0.0000    0.0000    1.8477   90.4014
  89.3567 17277.0955  216.2685 -999.9000    0.0000    0.0000    2.5244   90.4014
  87.1784 17433.9749  215.8177 -999.9000    0.0000    0.0000    3.2620   90.3927
  85.0453 17590.8543  215.0279 -999.9000    0.0000    0.0000    4.2267   90.0754
  82.9608 17747.7337  214.7221 -999.9000    0.0000    0.0000    5.4447   90.9865
  80.9282 17904.6131  215.3838 -999.9000    0.0000    0.0000    6.6319   90.6807
  78.9484 18061.4925  216.0432 -999.9000    0.0000    0.0000    6.5598   90.4907
  77.0217 18218.3719  216.7305 -999.9000    0.0000    0.0000    5.6319   90.6714
  75.1483 18375.2513  217.8029 -999.9000    0.0000    0.0000    4.7029   90.9237
  73.3271 18532.1307  218.9185 -999.9000    0.0000    0.0000    4.1037   91.0464
  71.5556 18689.0101  219.0576 -999.9000    0.0000    0.0000    3.6563   90.9336
  69.8260 18845.8894  217.9552 -999.9000    0.0000    0.0000    3.0548   91.0562
  68.1227 19002.7688  217.6777 -999.9000    0.0000    0.0000    1.9325   91.7656
  66.4601 19159.6482  218.0400 -999.9000    0.0000    0.0000    0.9204   89.5288
  64.8418 19316.5276  218.5356 -999.9000    0.0000    0.0000    0.6289   87.4851
  63.2670 19473.4070  218.9508 -999.9000    0.0000    0.0000    1.1882   87.9468
  61.7318 19630.2864  219.5233 -999.9000    0.0000    0.0000    1.7901   88.3028
  60.2355 19787.1658  219.7471 -999.9000    0.0000    0.0000    2.5479   88.5476
  58.7762 19944.0452  219.4616 -999.9000    0.0000    0.0000    3.4022   88.9105
  57.3501 20100.9246  219.0930 -999.9000    0.0000    0.0000    3.8486   89.0671
  55.9562 20257.8040  218.8353 -999.9000    0.0000    0.0000    3.7901   88.9446
  54.5968 20414.6834  218.6089 -999.9000    0.0000    0.0000    3.5921   88.7725
  53.2731 20571.5628  218.5655 -999.9000    0.0000    0.0000    3.4180   88.6461
  51.9860 20728.4422  219.0158 -999.9000    0.0000    0.0000    3.2849   88.5640
  50.7361 20885.3216  220.2733 -999.9000    0.0000    0.0000    3.2074   88.5228
  49.5229 21042.2010  222.0492 -999.9000    0.0000    0.0000    3.1691   88.5126
  48.3394 21199.0804  221.4335 -999.9000    0.0000    0.0000    3.5197   88.5757
  47.1874 21355.9598  221.5020 -999.9000    0.0000    0.0000    4.6581   88.7747
  46.0647 21512.8392  221.8926 -999.9000    0.0000    0.0000    5.6995   88.9472
  44.9691 21669.7186  222.1266 -999.9000    0.0000    0.0000    5.9115   88.9570
  43.8989 21826.5980  222.1412 -999.9000    0.0000    0.0000    5.5265   88.8369
  42.8525 21983.4774  221.9972 -999.9000    0.0000    0.0000    5.0608   88.6697
  41.8295 22140.3568  221.7428 -999.9000    0.0000    0.0000    4.8035   88.5214
  40.8309 22297.2362  221.4065 -999.9000    0.0000    0.0000    4.6922   88.4316
  39.8584 22454.1156  221.0180 -999.9000    0.0000    0.0000    4.6351   88.4374
  38.9104 22610.9950  221.4039 -999.9000    0.0000    0.0000    4.7799   88.5046
  37.9838 22767.8744  222.6578 -999.9000    0.0000    0.0000    5.1831   88.5579
  37.0791 22924.7538  223.3438 -999.9000    0.0000    0.0000    5.5132   88.6106
  36.1962 23081.6332  223.4309 -999.9000    0.0000    0.0000    5.7541   88.6649
  35.3349 23238.5126  223.1372 -999.9000    0.0000    0.0000    5.9453   88.7211
  34.4951 23395.3920  222.6804 -999.9000    0.0000    0.0000    6.1267   88.7793
  33.6765 23552.2714  222.2785 -999.9000    0.0000    0.0000    6.3377   88.8396
  32.8792 23709.1508  222.1493 -999.9000    0.0000    0.0000    6.6184   88.9021
  32.1025 23866.0302  222.4351 -999.9000    0.0000    0.0000    6.9809   88.9664
  31.3447 24022.9095  222.9985 -999.9000    0.0000    0.0000    7.3372   89.0294
  30.6036 24179.7889  223.6377 -999.9000    0.0000    0.0000    7.5761   89.0878
  29.8779 24336.6683  224.1255 -999.9000    0.0000    0.0000    7.6057   89.1301
  29.1715 24493.5477  224.1726 -999.9000    0.0000    0.0000    7.5307   89.0898
  28.4842 24650.4271  224.0273 -999.9000    0.0000    0.0000    7.4037   88.9796
  27.8138 24807.3065  224.0585 -999.9000    0.0000    0.0000    7.2390   88.8366
  27.1583 24964.1859  224.6332 -999.9000    0.0000    0.0000    7.0502   88.6979
  26.5173 25121.0653  225.8124 -999.9000    0.0000    0.0000    6.8581   88.5852
  25.8939 25277.9447  227.0079 -999.9000    0.0000    0.0000    6.6972   88.4883
  25.2914 25434.8241  227.5488 -999.9000    0.0000    0.0000    6.6041   88.3927
  24.7096 25591.7035  227.0686 -999.9000    0.0000    0.0000    6.6601   88.3136
  24.1354 25748.5829  226.5525 -999.9000    0.0000    0.0000    7.0259   88.3442
  23.5706 25905.4623  226.3332 -999.9000    0.0000    0.0000    7.6037   88.4419
  23.0189 26062.3417  226.6198 -999.9000    0.0000    0.0000    8.2685   88.5480
  22.4826 26219.2211  227.4774 -999.9000    0.0000    0.0000    8.9195   88.6216
  21.9608 26376.1005  228.5999 -999.9000    0.0000    0.0000    9.5182   88.6692
  21.4521 26532.9799  229.6223 -999.9000    0.0000    0.0000   10.0362   88.7041
  20.9548 26689.8593  230.1795 -999.9000    0.0000    0.0000   10.4450   88.7401
  20.4676 26846.7387  229.9063 -999.9000    0.0000    0.0000   10.7159   88.7908
  19.9891 27003.6181  228.4731 -999.9000    0.0000    0.0000   10.8137   88.8671
  19.5243 27160.4975  227.6012 -999.9000    0.0000    0.0000   10.3763   88.8331
  19.0752 27317.3769  228.0776 -999.9000    0.0000    0.0000    9.4757   88.6652
  18.6391 27474.2563  229.3217 -999.9000    0.0000    0.0000    8.5063   88.4541
  18.2135 27631.1357  230.7532 -999.9000    0.0000    0.0000    7.8624   88.2905
  17.7959 27788.0151  231.8006 -999.9000    0.0000    0.0000    7.9155   88.2601
  17.3864 27944.8945  232.1165 -999.9000    0.0000    0.0000    8.4866   88.3267
  16.9866 28101.7739  231.7271 -999.9000    0.0000    0.0000    9.0942   88.3867
  16.5963 28258.6533  230.9288 -999.9000    0.0000    0.0000    9.7037   88.4341
  16.2153 28415.5327  230.0453 -999.9000    0.0000    0.0000   10.3292   88.4734
  15.8432 28572.4121  229.4001 -999.9000    0.0000    0.0000   10.9854   88.5095
  15.4798 28729.2915  229.3111 -999.9000    0.0000    0.0000   11.6846   88.5468
  15.1246 28886.1709  229.7391 -999.9000    0.0000    0.0000   12.3243   88.5881
  14.7769 29043.0503  230.1272 -999.9000    0.0000    0.0000   12.6406   88.6333
  14.4368 29199.9296  230.3111 -999.9000    0.0000    0.0000   12.5687   88.6841
  14.1043 29356.8090  230.4284 -999.9000    0.0000    0.0000   12.1897   88.7433
  13.7798 29513.6884  230.6222 -999.9000    0.0000    0.0000   11.5882   88.8140
  13.4633 29670.5678  231.0357 -999.9000    0.0000    0.0000   10.8482   88.8992
  13.1552 29827.4472  231.8122 -999.9000    0.0000    0.0000   10.0540   89.0018
  12.8555 29984.3266  233.0380 -999.9000    0.0000    0.0000    9.2880   89.1215
  12.5638 30141.2060  234.4006 -999.9000    0.0000    0.0000    8.6180   89.2343
  12.2794 30298.0854  235.4178 -999.9000    0.0000    0.0000    8.1060   89.3059
  12.0018 30454.9648  235.6070 -999.9000    0.0000    0.0000    7.8139   89.3022
  11.7304 30611.8442  234.7399 -999.9000    0.0000    0.0000    7.7625   89.2026
  11.4650 30768.7236  233.6281 -999.9000    0.0000    0.0000    7.8066   89.0420
  11.2056 30925.6030  233.3479 -999.9000    0.0000    0.0000    7.7583   88.8691
  10.9522 31082.4824  234.5510 -999.9000    0.0000    0.0000    7.4974   88.7216
  10.7056 31239.3618  236.0769 -999.9000    0.0000    0.0000    7.1928   88.5894
  10.4661 31396.2412  236.6075 -999.9000    0.0000    0.0000    7.0416   88.4534
  10.2318 31553.1206  236.2225 -999.9000    0.0000    0.0000    7.0291   88.3118
  10.0000 31710.0000  235.3765 -999.9000    0.0000    0.0000    7.0842   88.1674
