# 06610 LSMP Payerne Observations at 12Z 30 Jul 2008
# Radiosonde file generated by raso.rb
#
  P [hPa],     Z [m],    T [K],   Td [K],   RH [%], r [g/kg], WS [m/s], WD [deg]
 962.0000   491.0000  298.4200 -999.9000   66.2291   13.6900    2.1144   93.0543
 944.6891   647.8794  296.4259 -999.9000   67.7870   12.6302    4.5799   92.6754
 927.6873   804.7588  295.0959 -999.9000   79.5295   13.9071    2.2168   92.9144
 911.0964   961.6382  293.8593 -999.9000   79.9863   14.4362    0.4481   92.0428
 894.7070  1118.5176  292.9719 -999.9000   79.9840   14.3064    1.4038   90.9797
 878.5406  1275.3970  292.7185 -999.9000   80.0472   13.3485    2.3880   90.6229
 862.6769  1432.2764  291.3750 -999.9000   80.9570   13.5129    2.6213   90.4248
 846.9845  1589.1558  290.1605 -999.9000   80.2735   13.9027    4.2312   90.3491
 831.5533  1746.0352  289.8338 -999.9000   80.7469   13.2228    5.1206   90.3950
 816.3570  1902.9146  288.5334 -999.9000   80.6305   11.9693    6.2330   90.4496
 801.3249  2059.7940  286.9511 -999.9000   80.3457   11.5640    6.8640   90.4939
 786.5365  2216.6734  285.5994 -999.9000   80.1859   10.4184    7.6200   90.5367
 771.9169  2373.5528  284.3658 -999.9000   80.5674    8.7627    8.8192   90.5644
 757.5041  2530.4322  283.3037 -999.9000   80.4283    8.5006    9.3581   90.6155
 743.3854  2687.3116  282.7227 -999.9000   77.7792    7.5803    8.2552   90.6080
 729.2940  2844.1910  281.6408 -999.9000   60.3858    5.5688    8.0162   90.6173
 715.5826  3001.0704  280.5842 -999.9000   50.1232    4.3807    9.5991   90.6971
 702.0616  3157.9497  279.3901 -999.9000   51.6020    4.2344   10.8821   90.7782
 688.7126  3314.8291  277.9009 -999.9000   58.9181    4.4448   10.9708   90.8007
 675.5482  3471.7085  276.2613 -999.9000   68.2084    4.6752   11.2181   90.8205
 662.5494  3628.5879  274.7714 -999.9000   74.1469    4.6607   11.8206   90.8487
 649.7305  3785.4673  273.7477 -999.9000   67.2723    4.0055   12.1105   90.8627
 637.1240  3942.3467  272.8793 -999.9000   55.1419    3.1437   11.4251   90.9118
 624.7467  4099.2261  271.8484 -999.9000   50.1667    2.7055    9.8719   91.0167
 612.5275  4256.1055  270.7714 -999.9000   50.0995    2.5464    9.4337   91.0465
 600.5160  4412.9849  270.1463 -999.9000   38.2138    1.8919    9.7082   91.0390
 588.7253  4569.8643  269.5335 -999.9000   22.7655    1.0986    9.8868   91.0433
 577.1128  4726.7437  268.2228 -999.9000   18.1703    0.8108    9.9320   91.0483
 565.6299  4883.6231  267.3699 -999.9000   17.0390    0.7276    9.8896   91.0538
 554.4053  5040.5025  266.7918 -999.9000   13.5034    0.5634    9.1962   91.1400
 543.3471  5197.3819  266.1013 -999.9000   12.8445    0.5190    8.4136   91.2153
 532.4739  5354.2613  265.0617 -999.9000   22.2131    0.8459    8.8156   91.2112
 521.8251  5511.1407  264.0009 -999.9000   24.0625    0.8613    9.5677   91.1806
 511.3144  5668.0201  263.1981 -999.9000   14.1093    0.4842   10.2454   91.1583
 500.9731  5824.8995  261.8456 -999.9000   12.9940    0.4090   10.9442   91.1344
 490.8286  5981.7789  260.2235 -999.9000   18.4320    0.5200   11.0963   91.1143
 480.7236  6138.6583  259.0999 -999.9000   29.2824    0.7703   11.4277   91.0832
 470.8214  6295.5377  257.8026 -999.9000   31.5531    0.7621   11.5226   91.0728
 461.0900  6452.4171  256.3662 -999.9000   30.8886    0.6762   11.2414   90.9894
 451.4963  6609.2965  255.0565 -999.9000   32.0672    0.6422   10.2302   90.8335
 442.0676  6766.1759  253.9720 -999.9000   32.6452    0.6091    9.3362   90.7116
 432.8253  6923.0553  252.9976 -999.9000   32.3636    0.5674   10.2425   90.6964
 423.7241  7079.9347  251.5782 -999.9000   36.0763    0.5712   11.1200   90.7318
 414.7432  7236.8141  249.8601 -999.9000   41.3103    0.5742   10.9141   90.7585
 405.9174  7393.6935  248.8514 -999.9000   31.8840    0.4138   11.1378   90.7794
 397.1974  7550.5729  247.5506 -999.9000   27.2924    0.3219   11.3994   90.7881
 388.6475  7707.4523  246.1434 -999.9000   31.2219    0.3308   11.5366   90.8405
 380.2876  7864.3317  245.1130 -999.9000   34.8772    0.3433   11.7630   90.9010
 372.0784  8021.2111  244.2813 -999.9000   39.1528    0.3645   11.9042   90.8924
 363.9826  8178.0905  243.4736 -999.9000   45.2862    0.3994   11.8059   90.7526
 356.0087  8334.9698  242.6062 -999.9000   54.5368    0.4529   11.7789   90.7678
 348.2042  8491.8492  241.6978 -999.9000   60.6684    0.5188   12.3704   91.3797
 340.5609  8648.7286  240.8312 -999.9000   65.0643    0.5272   12.5932   91.7004
 333.0575  8805.6080  239.9562 -999.9000   65.6721    0.4852   12.5252   91.6152
 325.6771  8962.4874  238.9723 -999.9000   65.0967    0.4338   12.8124   91.4555
 318.4095  9119.3668  237.7635 -999.9000   65.8867    0.3977   13.7236   91.4682
 311.2701  9276.2462  236.1198 -999.9000   60.7765    0.3338   13.8730   91.4746
 304.2599  9433.1256  234.5432 -999.9000   55.5888    0.2938   14.0880   91.4194
 297.3812  9590.0050  233.4553 -999.9000   50.7399    0.2688   14.5603   91.3896
 290.6045  9746.8844  232.2069 -999.9000   45.5266    0.2331   14.8785   91.3805
 283.9369  9903.7638  230.8101 -999.9000   45.8248    0.2031   15.2453   91.3479
 277.3870 10060.6432  229.3107 -999.9000   45.6751    0.1789   15.6231   91.3074
 270.9631 10217.5226  227.7485 -999.9000   45.6120    0.1538   15.8795   91.2950
 264.6694 10374.4020  226.1978 -999.9000   45.7216    0.1244   15.9243   91.3378
 258.4744 10531.2814  224.9653 -999.9000   45.2295    0.1097   16.0585   91.3756
 252.3757 10688.1608  223.9332 -999.9000   45.5457    0.1034   16.3109   91.3933
 246.3812 10845.0402  222.8726 -999.9000   40.2625    0.0916   16.5996   91.3978
 240.4896 11001.9196  221.6761 -999.9000   35.7027    0.0742   16.8716   91.3965
 234.6950 11158.7990  220.3389 -999.9000   35.9564    0.0604   17.0974   91.3968
 229.0082 11315.6784  218.9575 -999.9000   35.4997    0.0528   17.2716   91.3986
 223.4492 11472.5578  217.6796 -999.9000   34.9720    0.0500   17.4008   91.3982
 218.0236 11629.4372  216.4816 -999.9000   30.1256    0.0480   17.2035   91.4126
 212.6609 11786.3166  214.8144 -999.9000   25.6069    0.0350   15.5297   91.5070
 207.3913 11943.1960  213.9892 -999.9000   23.7730    0.0295   14.3594   91.4951
 202.2510 12100.0754  214.7008 -999.9000   18.0076    0.0410   14.0645   91.5711
 197.2536 12256.9548  216.1072 -999.9000    9.0992    0.0304   12.0755   92.1270
 192.4469 12413.8342  218.5071 -999.9000    2.6458    0.0062   12.5378   91.9985
 187.8076 12570.7136  218.3295 -999.9000    0.2370    0.0003   12.7929   91.9213
 183.2603 12727.5930  217.0988 -999.9000    0.2956    0.0003   12.5134   91.8946
 178.8033 12884.4724  216.6896 -999.9000    0.0000    0.0000   12.2934   91.8603
 174.4458 13041.3518  217.0956 -999.9000    0.0133    0.0000   12.4398   91.7991
 170.1876 13198.2312  217.3226 -999.9000    0.0000    0.0000   12.9788   91.6668
 166.0391 13355.1106  217.4911 -999.9000    0.0000    0.0000   13.6129   91.5392
 162.0101 13511.9899  217.1138 -999.9000    0.0002    0.0000   13.9269   91.4198
 158.0706 13668.8693  216.1268 -999.9000    0.0000    0.0000   13.5595   91.3880
 154.1974 13825.7487  215.2494 -999.9000    0.0000    0.0000   12.4149   91.4693
 150.4126 13982.6281  215.1770 -999.9000    0.0000    0.0000   10.5186   91.5650
 146.7292 14139.5075  216.0989 -999.9000    0.0000    0.0000   10.4590   91.5673
 143.1108 14296.3869  214.3136 -999.9000    0.0000    0.0000   10.3972   91.5696
 139.5597 14453.2663  216.7231 -999.9000    0.0000    0.0000   10.3851   91.5684
 136.1266 14610.1457  214.3789 -999.9000    0.0000    0.0000   10.3976   91.5540
 132.7619 14767.0251  213.5017 -999.9000    0.0000    0.0000   10.4159   91.5347
 129.4754 14923.9045  214.4945 -999.9000    0.0000    0.0000   10.4339   91.5197
 126.2897 15080.7839  215.5997 -999.9000    0.0000    0.0000   10.4423   91.5108
 123.1790 15237.6633  216.8295 -999.9000    0.0000    0.0000   10.4792   91.4644
 120.1481 15394.5427  217.3073 -999.9000    0.0000    0.0000   10.3580   91.3748
 117.2138 15551.4221  216.6699 -999.9000    0.0000    0.0000   10.0185   91.2661
 114.3435 15708.3015  216.5841 -999.9000    0.0000    0.0000    9.7181   91.1464
 111.5416 15865.1809  216.3506 -999.9000    0.0000    0.0000    9.1588   91.1933
 108.8149 16022.0603  217.6747 -999.9000    0.0000    0.0000    8.3662   91.4869
 106.1648 16178.9397  217.7400 -999.9000    0.0000    0.0000    7.9264   91.3484
 103.5767 16335.8191  217.3844 -999.9000    0.0000    0.0000    6.5172   91.9971
 101.0524 16492.6985  219.4399 -999.9000    0.0000    0.0000    2.0603   90.4089
  98.6148 16649.5779  218.0575 -999.9000    0.0000    0.0000    1.3047   90.4014
  96.2203 16806.4573  217.3255 -999.9000    0.0000    0.0000    0.4965   90.4014
  93.8688 16963.3367  216.6166 -999.9000    0.0000    0.0000    1.5954   90.4014
  91.5836 17120.2161  216.5016 -999.9000    0.0000    0.0000    2.4777   90.4014
  89.3567 17277.0955  216.4839 -999.9000    0.0000    0.0000    3.1238   90.4014
  87.1784 17433.9749  216.0153 -999.9000    0.0000    0.0000    3.8302   90.3927
  85.0453 17590.8543  215.2079 -999.9000    0.0000    0.0000    4.7634   90.0754
  82.9608 17747.7337  214.8851 -999.9000    0.0000    0.0000    5.9496   90.9865
  80.9282 17904.6131  215.5304 -999.9000    0.0000    0.0000    7.1050   90.6807
  78.9484 18061.4925  216.1740 -999.9000    0.0000    0.0000    7.0012   90.4907
  77.0217 18218.3719  216.8463 -999.9000    0.0000    0.0000    6.0418   90.6714
  75.1483 18375.2513  217.9045 -999.9000    0.0000    0.0000    5.0816   90.9237
  73.3271 18532.1307  219.0069 -999.9000    0.0000    0.0000    4.4515   91.0464
  71.5556 18689.0101  219.1336 -999.9000    0.0000    0.0000    3.9737   90.9336
  69.8260 18845.8894  218.0200 -999.9000    0.0000    0.0000    3.3422   91.0562
  68.1227 19002.7688  217.7322 -999.9000    0.0000    0.0000    2.1904   91.7656
  66.4601 19159.6482  218.0856 -999.9000    0.0000    0.0000    1.1495   89.5288
  64.8418 19316.5276  218.5735 -999.9000    0.0000    0.0000    0.8298   87.4851
  63.2670 19473.4070  218.9822 -999.9000    0.0000    0.0000    1.3617   87.9468
  61.7318 19630.2864  219.5497 -999.9000    0.0000    0.0000    1.9370   88.3028
  60.2355 19787.1658  219.7699 -999.9000    0.0000    0.0000    2.6691   88.5476
  58.7762 19944.0452  219.4823 -999.9000    0.0000    0.0000    3.4985   88.9105
  57.3501 20100.9246  219.1132 -999.9000    0.0000    0.0000    3.9212   89.0671
  55.9562 20257.8040  218.8568 -999.9000    0.0000    0.0000    3.8400   88.9446
  54.5968 20414.6834  218.6333 -999.9000    0.0000    0.0000    3.6205   88.7725
  53.2731 20571.5628  218.5946 -999.9000    0.0000    0.0000    3.4261   88.6461
  51.9860 20728.4422  219.0516 -999.9000    0.0000    0.0000    3.2740   88.5640
  50.7361 20885.3216  220.3176 -999.9000    0.0000    0.0000    3.1789   88.5228
  49.5229 21042.2010  222.1040 -999.9000    0.0000    0.0000    3.1244   88.5126
  48.3394 21199.0804  221.5010 -999.9000    0.0000    0.0000    3.4603   88.5757
  47.1874 21355.9598  221.5842 -999.9000    0.0000    0.0000    4.5855   88.7747
  46.0647 21512.8392  221.9918 -999.9000    0.0000    0.0000    5.6154   88.9472
  44.9691 21669.7186  222.2445 -999.9000    0.0000    0.0000    5.8174   88.9570
  43.8989 21826.5980  222.2794 -999.9000    0.0000    0.0000    5.4239   88.8369
  42.8525 21983.4774  222.1569 -999.9000    0.0000    0.0000    4.9513   88.6697
  41.8295 22140.3568  221.9252 -999.9000    0.0000    0.0000    4.6885   88.5214
  40.8309 22297.2362  221.6123 -999.9000    0.0000    0.0000    4.5732   88.4316
  39.8584 22454.1156  221.2477 -999.9000    0.0000    0.0000    4.5134   88.4374
  38.9104 22610.9950  221.6577 -999.9000    0.0000    0.0000    4.6570   88.5046
  37.9838 22767.8744  222.9357 -999.9000    0.0000    0.0000    5.0602   88.5579
  37.0791 22924.7538  223.6455 -999.9000    0.0000    0.0000    5.3916   88.6106
  36.1962 23081.6332  223.7558 -999.9000    0.0000    0.0000    5.6351   88.6649
  35.3349 23238.5126  223.4844 -999.9000    0.0000    0.0000    5.8301   88.7211
  34.4951 23395.3920  223.0489 -999.9000    0.0000    0.0000    6.0165   88.7793
  33.6765 23552.2714  222.6669 -999.9000    0.0000    0.0000    6.2338   88.8396
  32.8792 23709.1508  222.5559 -999.9000    0.0000    0.0000    6.5217   88.9021
  32.1025 23866.0302  222.8580 -999.9000    0.0000    0.0000    6.8927   88.9664
  31.3447 24022.9095  223.4355 -999.9000    0.0000    0.0000    7.2584   89.0294
  30.6036 24179.7889  224.0864 -999.9000    0.0000    0.0000    7.5078   89.0878
  29.8779 24336.6683  224.5831 -999.9000    0.0000    0.0000    7.5490   89.1301
  29.1715 24493.5477  224.6362 -999.9000    0.0000    0.0000    7.4864   89.0898
  28.4842 24650.4271  224.4936 -999.9000    0.0000    0.0000    7.3728   88.9796
  27.8138 24807.3065  224.5239 -999.9000    0.0000    0.0000    7.2223   88.8366
  27.1583 24964.1859  225.0941 -999.9000    0.0000    0.0000    7.0487   88.6979
  26.5173 25121.0653  226.2654 -999.9000    0.0000    0.0000    6.8724   88.5852
  25.8939 25277.9447  227.4496 -999.9000    0.0000    0.0000    6.7280   88.4883
  25.2914 25434.8241  227.9762 -999.9000    0.0000    0.0000    6.6520   88.3927
  24.7096 25591.7035  227.4789 -999.9000    0.0000    0.0000    6.7254   88.3136
  24.1354 25748.5829  226.9430 -999.9000    0.0000    0.0000    7.1091   88.3442
  23.5706 25905.4623  226.7014 -999.9000    0.0000    0.0000    7.7049   88.4419
  23.0189 26062.3417  226.9635 -999.9000    0.0000    0.0000    8.3880   88.5480
  22.4826 26219.2211  227.7946 -999.9000    0.0000    0.0000    9.0573   88.6216
  21.9608 26376.1005  228.8887 -999.9000    0.0000    0.0000    9.6742   88.6692
  21.4521 26532.9799  229.8812 -999.9000    0.0000    0.0000   10.2103   88.7041
  20.9548 26689.8593  230.4070 -999.9000    0.0000    0.0000   10.6368   88.7401
  20.4676 26846.7387  230.1013 -999.9000    0.0000    0.0000   10.9252   88.7908
  19.9891 27003.6181  228.6346 -999.9000    0.0000    0.0000   11.0399   88.8671
  19.5243 27160.4975  227.7282 -999.9000    0.0000    0.0000   10.6190   88.8331
  19.0752 27317.3769  228.1697 -999.9000    0.0000    0.0000    9.7342   88.6652
  18.6391 27474.2563  229.3786 -999.9000    0.0000    0.0000    8.7798   88.4541
  18.2135 27631.1357  230.7747 -999.9000    0.0000    0.0000    8.1500   88.2905
  17.7959 27788.0151  231.7866 -999.9000    0.0000    0.0000    8.2163   88.2601
  17.3864 27944.8945  232.0674 -999.9000    0.0000    0.0000    8.7995   88.3267
  16.9866 28101.7739  231.6434 -999.9000    0.0000    0.0000    9.4182   88.3867
  16.5963 28258.6533  230.8110 -999.9000    0.0000    0.0000   10.0373   88.4341
  16.2153 28415.5327  229.8944 -999.9000    0.0000    0.0000   10.6713   88.4734
  15.8432 28572.4121  229.2172 -999.9000    0.0000    0.0000   11.3344   88.5095
  15.4798 28729.2915  229.0974 -999.9000    0.0000    0.0000   12.0389   88.5468
  15.1246 28886.1709  229.4961 -999.9000    0.0000    0.0000   12.6822   88.5881
  14.7769 29043.0503  229.8567 -999.9000    0.0000    0.0000   13.0005   88.6333
  14.4368 29199.9296  230.0150 -999.9000    0.0000    0.0000   12.9286   88.6841
  14.1043 29356.8090  230.1088 -999.9000    0.0000    0.0000   12.5478   88.7433
  13.7798 29513.6884  230.2813 -999.9000    0.0000    0.0000   11.9423   88.8140
  13.4633 29670.5678  230.6762 -999.9000    0.0000    0.0000   11.1961   88.8992
  13.1552 29827.4472  231.4368 -999.9000    0.0000    0.0000   10.3936   89.0018
  12.8555 29984.3266  232.6497 -999.9000    0.0000    0.0000    9.6169   89.1215
  12.5638 30141.2060  234.0025 -999.9000    0.0000    0.0000    8.9337   89.2343
  12.2794 30298.0854  235.0133 -999.9000    0.0000    0.0000    8.4059   89.3059
  12.0018 30454.9648  235.1996 -999.9000    0.0000    0.0000    8.0953   89.3022
  11.7304 30611.8442  234.3335 -999.9000    0.0000    0.0000    8.0228   89.2026
  11.4650 30768.7236  233.2266 -999.9000    0.0000    0.0000    8.0428   89.0420
  11.2056 30925.6030  232.9556 -999.9000    0.0000    0.0000    7.9676   88.8691
  10.9522 31082.4824  234.1722 -999.9000    0.0000    0.0000    7.6766   88.7216
  10.7056 31239.3618  235.7163 -999.9000    0.0000    0.0000    7.3388   88.5894
  10.4661 31396.2412  236.2698 -999.9000    0.0000    0.0000    7.1511   88.4534
  10.2318 31553.1206  235.9128 -999.9000    0.0000    0.0000    7.0987   88.3118
  10.0000 31710.0000  235.1001 -999.9000    0.0000    0.0000    7.1105   88.1674
