# 06610 LSMP Payerne Observations at 12Z 30 Jul 2008
# Radiosonde file generated by raso.rb
#
  P [hPa],     Z [m],    T [K],   Td [K],   RH [%], r [g/kg], WS [m/s], WD [deg]
 962.0000   491.0000  298.0847 -999.9000   66.1878   13.6900    2.5601   93.0543
 944.6891   647.8794  296.0462 -999.9000   67.7717   12.6302    4.9619   92.6754
 927.6873   804.7588  294.6757 -999.9000   79.5398   13.9071    2.5396   92.9144
 911.0964   961.6382  293.4023 -999.9000   80.0220   14.4362    0.7158   92.0428
 894.7070  1118.5176  292.4818 -999.9000   80.0418   14.3064    1.6205   90.9797
 878.5406  1275.3970  292.1989 -999.9000   80.1242   13.3485    2.5576   90.6229
 862.6769  1432.2764  290.8293 -999.9000   81.0513   13.5129    2.7476   90.4248
 846.9845  1589.1558  289.5922 -999.9000   80.3806   13.9027    4.3178   90.3491
 831.5533  1746.0352  289.2460 -999.9000   80.8656   13.2228    5.1711   90.3950
 816.3570  1902.9146  287.9293 -999.9000   80.7575   11.9693    6.2508   90.4496
 801.3249  2059.7940  286.3338 -999.9000   80.4783   11.5640    6.8522   90.4939
 786.5365  2216.6734  284.9718 -999.9000   80.3221   10.4184    7.5818   90.5367
 771.9169  2373.5528  283.7308 -999.9000   80.7059    8.7627    8.7575   90.5644
 757.5041  2530.4322  282.6640 -999.9000   80.5663    8.5006    9.2756   90.6155
 743.3854  2687.3116  282.0810 -999.9000   77.9106    7.5803    8.1547   90.6080
 729.2940  2844.1910  280.9996 -999.9000   60.4849    5.5688    7.9002   90.6173
 715.5826  3001.0704  279.9460 -999.9000   50.2020    4.3807    9.4700   90.6971
 702.0616  3157.9497  278.7572 -999.9000   51.6787    4.2344   10.7421   90.7782
 688.7126  3314.8291  277.2755 -999.9000   58.9997    4.4448   10.8221   90.8007
 675.5482  3471.7085  275.6456 -999.9000   68.2948    4.6752   11.0626   90.8205
 662.5494  3628.5879  274.1674 -999.9000   74.2311    4.6607   11.6602   90.8487
 649.7305  3785.4673  273.1572 -999.9000   67.3390    4.0055   11.9468   90.8627
 637.1240  3942.3467  272.3042 -999.9000   55.1881    3.1437   11.2596   90.9118
 624.7467  4099.2261  271.2905 -999.9000   50.2007    2.7055    9.7061   91.0167
 612.5275  4256.1055  270.2323 -999.9000   50.1249    2.5464    9.2688   91.0465
 600.5160  4412.9849  269.6275 -999.9000   38.2265    1.8919    9.5454   91.0390
 588.7253  4569.8643  269.0363 -999.9000   22.7691    1.0986    9.7270   91.0433
 577.1128  4726.7437  267.7486 -999.9000   18.1698    0.8108    9.7762   91.0483
 565.6299  4883.6231  266.9199 -999.9000   17.0355    0.7276    9.7384   91.0538
 554.4053  5040.5025  266.3671 -999.9000   13.4982    0.5634    9.0501   91.1400
 543.3471  5197.3819  265.7029 -999.9000   12.8373    0.5190    8.2732   91.2153
 532.4739  5354.2613  264.6904 -999.9000   22.1967    0.8459    8.6810   91.2112
 521.8251  5511.1407  263.6576 -999.9000   24.0407    0.8613    9.4392   91.1806
 511.3144  5668.0201  262.8836 -999.9000   14.0943    0.4842   10.1229   91.1583
 500.9731  5824.8995  261.5603 -999.9000   12.9783    0.4090   10.8277   91.1344
 490.8286  5981.7789  259.9679 -999.9000   18.4070    0.5200   10.9854   91.1143
 480.7236  6138.6583  258.8744 -999.9000   29.2390    0.7703   11.3220   91.0832
 470.8214  6295.5377  257.6075 -999.9000   31.5027    0.7621   11.4216   91.0728
 461.0900  6452.4171  256.2018 -999.9000   30.8362    0.6762   11.1444   90.9894
 451.4963  6609.2965  254.9227 -999.9000   32.0102    0.6422   10.1363   90.8335
 442.0676  6766.1759  253.8688 -999.9000   32.5851    0.6091    9.2446   90.7116
 432.8253  6923.0553  252.9249 -999.9000   32.3027    0.5674   10.1519   90.6964
 423.7241  7079.9347  251.5358 -999.9000   36.0075    0.5712   11.0292   90.7318
 414.7432  7236.8141  249.8476 -999.9000   41.2317    0.5742   10.8217   90.7585
 405.9174  7393.6935  248.8684 -999.9000   31.8242    0.4138   11.0422   90.7794
 397.1974  7550.5729  247.5964 -999.9000   27.2427    0.3219   11.2991   90.7881
 388.6475  7707.4523  246.2175 -999.9000   31.1675    0.3308   11.4300   90.8405
 380.2876  7864.3317  245.2146 -999.9000   34.8199    0.3433   11.6487   90.9010
 372.0784  8021.2111  244.4094 -999.9000   39.0933    0.3645   11.7809   90.8924
 363.9826  8178.0905  243.6272 -999.9000   45.2236    0.3994   11.6725   90.7526
 356.0087  8334.9698  242.7841 -999.9000   54.4698    0.4529   11.6346   90.7678
 348.2042  8491.8492  241.8987 -999.9000   60.6039    0.5188   12.2144   91.3797
 340.5609  8648.7286  241.0536 -999.9000   65.0064    0.5272   12.4249   91.7004
 333.0575  8805.6080  240.1986 -999.9000   65.6256    0.4852   12.3442   91.6152
 325.6771  8962.4874  239.2330 -999.9000   65.0628    0.4338   12.6185   91.4555
 318.4095  9119.3668  238.0406 -999.9000   65.8647    0.3977   13.5168   91.4682
 311.2701  9276.2462  236.4114 -999.9000   60.7676    0.3338   13.6533   91.4746
 304.2599  9433.1256  234.8472 -999.9000   55.5909    0.2938   13.8557   91.4194
 297.3812  9590.0050  233.7695 -999.9000   50.7508    0.2688   14.3157   91.3896
 290.6045  9746.8844  232.5289 -999.9000   45.5442    0.2331   14.6224   91.3805
 283.9369  9903.7638  231.1375 -999.9000   45.8498    0.2031   14.9783   91.3479
 277.3870 10060.6432  229.6410 -999.9000   45.7066    0.1789   15.3463   91.3074
 270.9631 10217.5226  228.0788 -999.9000   45.6493    0.1538   15.5939   91.2950
 264.6694 10374.4020  226.5252 -999.9000   45.7641    0.1244   15.6313   91.3378
 258.4744 10531.2814  225.2870 -999.9000   45.2755    0.1097   15.7594   91.3756
 252.3757 10688.1608  224.2460 -999.9000   45.5950    0.1034   16.0073   91.3933
 246.3812 10845.0402  223.1733 -999.9000   40.3077    0.0916   16.2933   91.3978
 240.4896 11001.9196  221.9613 -999.9000   35.7431    0.0742   16.5645   91.3965
 234.6950 11158.7990  220.6053 -999.9000   35.9965    0.0604   16.7915   91.3968
 229.0082 11315.6784  219.2024 -999.9000   35.5377    0.0528   16.9685   91.3986
 223.4492 11472.5578  217.9005 -999.9000   35.0070    0.0500   17.1022   91.3982
 218.0236 11629.4372  216.6762 -999.9000   30.1531    0.0480   16.9108   91.4126
 212.6609 11786.3166  214.9808 -999.9000   25.6274    0.0350   15.2442   91.5070
 207.3913 11943.1960  214.1261 -999.9000   23.7891    0.0295   14.0823   91.4951
 202.2510 12100.0754  214.8068 -999.9000   18.0172    0.0410   13.7967   91.5711
 197.2536 12256.9548  216.1816 -999.9000    9.1027    0.0304   11.8179   92.1270
 192.4469 12413.8342  218.5493 -999.9000    2.6464    0.0062   12.2912   91.9985
 187.8076 12570.7136  218.3393 -999.9000    0.2371    0.0003   12.5577   91.9213
 183.2603 12727.5930  217.0764 -999.9000    0.2956    0.0003   12.2902   91.8946
 178.8033 12884.4724  216.6354 -999.9000    0.0000    0.0000   12.0823   91.8603
 174.4458 13041.3518  217.0105 -999.9000    0.0133    0.0000   12.2409   91.7991
 170.1876 13198.2312  217.2078 -999.9000    0.0000    0.0000   12.7921   91.6668
 166.0391 13355.1106  217.3480 -999.9000    0.0000    0.0000   13.4383   91.5392
 162.0101 13511.9899  216.9443 -999.9000    0.0002    0.0000   13.7639   91.4198
 158.0706 13668.8693  215.9330 -999.9000    0.0000    0.0000   13.4078   91.3880
 154.1974 13825.7487  215.0337 -999.9000    0.0000    0.0000   12.2738   91.4693
 150.4126 13982.6281  214.9424 -999.9000    0.0000    0.0000   10.3872   91.5650
 146.7292 14139.5075  215.8485 -999.9000    0.0000    0.0000   10.3365   91.5673
 143.1108 14296.3869  214.0508 -999.9000    0.0000    0.0000   10.2825   91.5696
 139.5597 14453.2663  216.4519 -999.9000    0.0000    0.0000   10.2770   91.5684
 136.1266 14610.1457  214.1030 -999.9000    0.0000    0.0000   10.2948   91.5540
 132.7619 14767.0251  213.2246 -999.9000    0.0000    0.0000   10.3173   91.5347
 129.4754 14923.9045  214.2195 -999.9000    0.0000    0.0000   10.3384   91.5197
 126.2897 15080.7839  215.3298 -999.9000    0.0000    0.0000   10.3491   91.5108
 123.1790 15237.6633  216.5674 -999.9000    0.0000    0.0000   10.3874   91.4644
 120.1481 15394.5427  217.0554 -999.9000    0.0000    0.0000   10.2669   91.3748
 117.2138 15551.4221  216.4304 -999.9000    0.0000    0.0000    9.9276   91.2661
 114.3435 15708.3015  216.3588 -999.9000    0.0000    0.0000    9.6268   91.1464
 111.5416 15865.1809  216.1413 -999.9000    0.0000    0.0000    9.0668   91.1933
 108.8149 16022.0603  217.4825 -999.9000    0.0000    0.0000    8.2731   91.4869
 106.1648 16178.9397  217.5660 -999.9000    0.0000    0.0000    7.8320   91.3484
 103.5767 16335.8191  217.2294 -999.9000    0.0000    0.0000    6.4215   91.9971
 101.0524 16492.6985  219.3043 -999.9000    0.0000    0.0000    1.9633   90.4089
  98.6148 16649.5779  217.9415 -999.9000    0.0000    0.0000    1.2066   90.4014
  96.2203 16806.4573  217.2292 -999.9000    0.0000    0.0000    0.3974   90.4014
  93.8688 16963.3367  216.5394 -999.9000    0.0000    0.0000    1.4957   90.4014
  91.5836 17120.2161  216.4430 -999.9000    0.0000    0.0000    2.3779   90.4014
  89.3567 17277.0955  216.4429 -999.9000    0.0000    0.0000    3.0244   90.4014
  87.1784 17433.9749  215.9908 -999.9000    0.0000    0.0000    3.7320   90.3927
  85.0453 17590.8543  215.1984 -999.9000    0.0000    0.0000    4.6670   90.0754
  82.9608 17747.7337  214.8889 -999.9000    0.0000    0.0000    5.8559   90.9865
  80.9282 17904.6131  215.5453 -999.9000    0.0000    0.0000    7.0150   90.6807
  78.9484 18061.4925  216.1980 -999.9000    0.0000    0.0000    6.9159   90.4907
  77.0217 18218.3719  216.8773 -999.9000    0.0000    0.0000    5.9622   90.6714
  75.1483 18375.2513  217.9407 -999.9000    0.0000    0.0000    5.0086   90.9237
  73.3271 18532.1307  219.0463 -999.9000    0.0000    0.0000    4.3859   91.0464
  71.5556 18689.0101  219.1747 -999.9000    0.0000    0.0000    3.9163   90.9336
  69.8260 18845.8894  218.0610 -999.9000    0.0000    0.0000    3.2937   91.0562
  68.1227 19002.7688  217.7717 -999.9000    0.0000    0.0000    2.1517   91.7656
  66.4601 19159.6482  218.1220 -999.9000    0.0000    0.0000    1.1211   89.5288
  64.8418 19316.5276  218.6057 -999.9000    0.0000    0.0000    0.8124   87.4851
  63.2670 19473.4070  219.0089 -999.9000    0.0000    0.0000    1.3558   87.9468
  61.7318 19630.2864  219.5698 -999.9000    0.0000    0.0000    1.9431   88.3028
  60.2355 19787.1658  219.7824 -999.9000    0.0000    0.0000    2.6877   88.5476
  58.7762 19944.0452  219.4864 -999.9000    0.0000    0.0000    3.5300   88.9105
  57.3501 20100.9246  219.1081 -999.9000    0.0000    0.0000    3.9658   89.0671
  55.9562 20257.8040  218.8417 -999.9000    0.0000    0.0000    3.8982   88.9446
  54.5968 20414.6834  218.6077 -999.9000    0.0000    0.0000    3.6924   88.7725
  53.2731 20571.5628  218.5580 -999.9000    0.0000    0.0000    3.5120   88.6461
  51.9860 20728.4422  219.0036 -999.9000    0.0000    0.0000    3.3740   88.5640
  50.7361 20885.3216  220.2581 -999.9000    0.0000    0.0000    3.2930   88.5228
  49.5229 21042.2010  222.0327 -999.9000    0.0000    0.0000    3.2528   88.5126
  48.3394 21199.0804  221.4178 -999.9000    0.0000    0.0000    3.6029   88.5757
  47.1874 21355.9598  221.4893 -999.9000    0.0000    0.0000    4.7423   88.7747
  46.0647 21512.8392  221.8852 -999.9000    0.0000    0.0000    5.7863   88.9472
  44.9691 21669.7186  222.1266 -999.9000    0.0000    0.0000    6.0020   88.9570
  43.8989 21826.5980  222.1506 -999.9000    0.0000    0.0000    5.6219   88.8369
  42.8525 21983.4774  222.0179 -999.9000    0.0000    0.0000    5.1621   88.6697
  41.8295 22140.3568  221.7766 -999.9000    0.0000    0.0000    4.9115   88.5214
  40.8309 22297.2362  221.4551 -999.9000    0.0000    0.0000    4.8075   88.4316
  39.8584 22454.1156  221.0829 -999.9000    0.0000    0.0000    4.7581   88.4374
  38.9104 22610.9950  221.4865 -999.9000    0.0000    0.0000    4.9110   88.5046
  37.9838 22767.8744  222.7594 -999.9000    0.0000    0.0000    5.3224   88.5579
  37.0791 22924.7538  223.4655 -999.9000    0.0000    0.0000    5.6606   88.6106
  36.1962 23081.6332  223.5737 -999.9000    0.0000    0.0000    5.9093   88.6649
  35.3349 23238.5126  223.3021 -999.9000    0.0000    0.0000    6.1081   88.7211
  34.4951 23395.3920  222.8681 -999.9000    0.0000    0.0000    6.2964   88.7793
  33.6765 23552.2714  222.4897 -999.9000    0.0000    0.0000    6.5137   88.8396
  32.8792 23709.1508  222.3846 -999.9000    0.0000    0.0000    6.7997   88.9021
  32.1025 23866.0302  222.6948 -999.9000    0.0000    0.0000    7.1666   88.9664
  31.3447 24022.9095  223.2830 -999.9000    0.0000    0.0000    7.5260   89.0294
  30.6036 24179.7889  223.9471 -999.9000    0.0000    0.0000    7.7666   89.0878
  29.8779 24336.6683  224.4597 -999.9000    0.0000    0.0000    7.7965   89.1301
  29.1715 24493.5477  224.5317 -999.9000    0.0000    0.0000    7.7199   89.0898
  28.4842 24650.4271  224.4111 -999.9000    0.0000    0.0000    7.5895   88.9796
  27.8138 24807.3065  224.4665 -999.9000    0.0000    0.0000    7.4192   88.8366
  27.1583 24964.1859  225.0651 -999.9000    0.0000    0.0000    7.2229   88.6979
  26.5173 25121.0653  226.2676 -999.9000    0.0000    0.0000    7.0212   88.5852
  25.8939 25277.9447  227.4858 -999.9000    0.0000    0.0000    6.8488   88.4883
  25.2914 25434.8241  228.0486 -999.9000    0.0000    0.0000    6.7426   88.3927
  24.7096 25591.7035  227.5894 -999.9000    0.0000    0.0000    6.7839   88.3136
  24.1354 25748.5829  227.0934 -999.9000    0.0000    0.0000    7.1336   88.3442
  23.5706 25905.4623  226.8932 -999.9000    0.0000    0.0000    7.6941   88.4419
  23.0189 26062.3417  227.1977 -999.9000    0.0000    0.0000    8.3406   88.5480
  22.4826 26219.2211  228.0720 -999.9000    0.0000    0.0000    8.9723   88.6216
  21.9608 26376.1005  229.2097 -999.9000    0.0000    0.0000    9.5510   88.6692
  21.4521 26532.9799  230.2460 -999.9000    0.0000    0.0000   10.0484   88.7041
  20.9548 26689.8593  230.8155 -999.9000    0.0000    0.0000   10.4360   88.7401
  20.4676 26846.7387  230.5530 -999.9000    0.0000    0.0000   10.6855   88.7908
  19.9891 27003.6181  229.1288 -999.9000    0.0000    0.0000   10.7617   88.8671
  19.5243 27160.4975  228.2639 -999.9000    0.0000    0.0000   10.3027   88.8331
  19.0752 27317.3769  228.7454 -999.9000    0.0000    0.0000    9.3808   88.6652
  18.6391 27474.2563  229.9926 -999.9000    0.0000    0.0000    8.3902   88.4541
  18.2135 27631.1357  231.4250 -999.9000    0.0000    0.0000    7.7257   88.2905
  17.7959 27788.0151  232.4711 -999.9000    0.0000    0.0000    7.7588   88.2601
  17.3864 27944.8945  232.7834 -999.9000    0.0000    0.0000    8.3106   88.3267
  16.9866 28101.7739  232.3879 -999.9000    0.0000    0.0000    8.9000   88.3867
  16.5963 28258.6533  231.5809 -999.9000    0.0000    0.0000    9.4922   88.4341
  16.2153 28415.5327  230.6861 -999.9000    0.0000    0.0000   10.1018   88.4734
  15.8432 28572.4121  230.0269 -999.9000    0.0000    0.0000   10.7434   88.5095
  15.4798 28729.2915  229.9209 -999.9000    0.0000    0.0000   11.4295   88.5468
  15.1246 28886.1709  230.3291 -999.9000    0.0000    0.0000   12.0578   88.5881
  14.7769 29043.0503  230.6943 -999.9000    0.0000    0.0000   12.3646   88.6333
  14.4368 29199.9296  230.8523 -999.9000    0.0000    0.0000   12.2852   88.6841
  14.1043 29356.8090  230.9403 -999.9000    0.0000    0.0000   11.9008   88.7433
  13.7798 29513.6884  231.1015 -999.9000    0.0000    0.0000   11.2962   88.8140
  13.4633 29670.5678  231.4789 -999.9000    0.0000    0.0000   10.5556   88.8992
  13.1552 29827.4472  232.2158 -999.9000    0.0000    0.0000    9.7636   89.0018
  12.8555 29984.3266  233.3985 -999.9000    0.0000    0.0000    9.0023   89.1215
  12.5638 30141.2060  234.7141 -999.9000    0.0000    0.0000    8.3401   89.2343
  12.2794 30298.0854  235.6805 -999.9000    0.0000    0.0000    7.8389   89.3059
  12.0018 30454.9648  235.8149 -999.9000    0.0000    0.0000    7.5608   89.3022
  11.7304 30611.8442  234.8891 -999.9000    0.0000    0.0000    7.5269   89.2026
  11.4650 30768.7236  233.7143 -999.9000    0.0000    0.0000    7.5920   89.0420
  11.2056 30925.6030  233.3670 -999.9000    0.0000    0.0000    7.5684   88.8691
  10.9522 31082.4824  234.4985 -999.9000    0.0000    0.0000    7.3360   88.7216
  10.7056 31239.3618  235.9485 -999.9000    0.0000    0.0000    7.0640   88.5894
  10.4661 31396.2412  236.3986 -999.9000    0.0000    0.0000    6.9495   88.4534
  10.2318 31553.1206  235.9285 -999.9000    0.0000    0.0000    6.9779   88.3118
  10.0000 31710.0000  234.9927 -999.9000    0.0000    0.0000    7.0785   88.1674
