# 06610 LSMP Payerne Observations at 12Z 30 Jul 2008
# Radiosonde file generated by raso.rb
#
  P [hPa],     Z [m],    T [K],   Td [K],   RH [%], r [g/kg], WS [m/s], WD [deg]
 962.0000   491.0000  298.2551 -999.9000   66.2745   13.6900    1.8511   93.0543
 944.6891   647.8794  296.1770 -999.9000   67.8380   12.6302    4.3631   92.6754
 927.6873   804.7588  294.7697 -999.9000   79.5936   13.9071    2.0412   92.9144
 911.0964   961.6382  293.4621 -999.9000   80.0543   14.4362    0.3086   92.0428
 894.7070  1118.5176  292.5101 -999.9000   80.0547   14.3064    1.2957   90.9797
 878.5406  1275.3970  292.1980 -999.9000   80.1198   13.3485    2.3066   90.6229
 862.6769  1432.2764  290.8017 -999.9000   81.0315   13.5129    2.5621   90.4248
 846.9845  1589.1558  289.5402 -999.9000   80.3477   13.9027    4.1900   90.3491
 831.5533  1746.0352  289.1718 -999.9000   80.8211   13.2228    5.0934   90.3950
 816.3570  1902.9146  287.8351 -999.9000   80.7037   11.9693    6.2160   90.4496
 801.3249  2059.7940  286.2216 -999.9000   80.4169   11.5640    6.8535   90.4939
 786.5365  2216.6734  284.8436 -999.9000   80.2548   10.4184    7.6126   90.5367
 771.9169  2373.5528  283.5885 -999.9000   80.6339    8.7627    8.8117   90.5644
 757.5041  2530.4322  282.5095 -999.9000   80.4914    8.5006    9.3474   90.6155
 743.3854  2687.3116  281.9159 -999.9000   77.8366    7.5803    8.2385   90.6080
 729.2940  2844.1910  280.8256 -999.9000   60.4272    5.5688    7.9910   90.6173
 715.5826  3001.0704  279.7646 -999.9000   50.1548    4.3807    9.5629   90.6971
 702.0616  3157.9497  278.5699 -999.9000   51.6313    4.2344   10.8327   90.7782
 688.7126  3314.8291  277.0837 -999.9000   58.9479    4.4448   10.9063   90.8007
 675.5482  3471.7085  275.4506 -999.9000   68.2383    4.6752   11.1367   90.8205
 662.5494  3628.5879  273.9704 -999.9000   74.1742    4.6607   11.7206   90.8487
 649.7305  3785.4673  272.9594 -999.9000   67.2921    4.0055   11.9906   90.8627
 637.1240  3942.3467  272.1066 -999.9000   55.1540    3.1437   11.2841   90.9118
 624.7467  4099.2261  271.0940 -999.9000   50.1740    2.7055    9.7089   91.0167
 612.5275  4256.1055  270.0378 -999.9000   50.1029    2.5464    9.2478   91.0465
 600.5160  4412.9849  269.4358 -999.9000   38.2134    1.8919    9.4989   91.0390
 588.7253  4569.8643  268.8482 -999.9000   22.7636    1.0986    9.6537   91.0433
 577.1128  4726.7437  267.5647 -999.9000   18.1674    0.8108    9.6750   91.0483
 565.6299  4883.6231  266.7406 -999.9000   17.0350    0.7276    9.6087   91.0538
 554.4053  5040.5025  266.1931 -999.9000   13.4992    0.5634    8.8916   91.1400
 543.3471  5197.3819  265.5343 -999.9000   12.8396    0.5190    8.0859   91.2153
 532.4739  5354.2613  264.5277 -999.9000   22.2031    0.8459    8.4653   91.2112
 521.8251  5511.1407  263.5009 -999.9000   24.0501    0.8613    9.1958   91.1806
 511.3144  5668.0201  262.7330 -999.9000   14.1011    0.4842    9.8529   91.1583
 500.9731  5824.8995  261.4159 -999.9000   12.9858    0.4090   10.5324   91.1344
 490.8286  5981.7789  259.8296 -999.9000   18.4193    0.5200   10.6667   91.1143
 480.7236  6138.6583  258.7421 -999.9000   29.2608    0.7703   10.9818   91.0832
 470.8214  6295.5377  257.4810 -999.9000   31.5285    0.7621   11.0624   91.0728
 461.0900  6452.4171  256.0807 -999.9000   30.8634    0.6762   10.7691   90.9894
 451.4963  6609.2965  254.8066 -999.9000   32.0400    0.6422    9.7479   90.8335
 442.0676  6766.1759  253.7574 -999.9000   32.6168    0.6091    8.8465   90.7116
 432.8253  6923.0553  252.8175 -999.9000   32.3350    0.5674    9.7481   90.6964
 423.7241  7079.9347  251.4318 -999.9000   36.0441    0.5712   10.6237   90.7318
 414.7432  7236.8141  249.7462 -999.9000   41.2735    0.5742   10.4191   90.7585
 405.9174  7393.6935  248.7689 -999.9000   31.8559    0.4138   10.6474   90.7794
 397.1974  7550.5729  247.4979 -999.9000   27.2689    0.3219   10.9170   90.7881
 388.6475  7707.4523  246.1191 -999.9000   31.1959    0.3308   11.0657   90.8405
 380.2876  7864.3317  245.1156 -999.9000   34.8494    0.3433   11.3065   90.9010
 372.0784  8021.2111  244.3091 -999.9000   39.1233    0.3645   11.4649   90.8924
 363.9826  8178.0905  243.5252 -999.9000   45.2544    0.3994   11.3863   90.7526
 356.0087  8334.9698  242.6798 -999.9000   54.5016    0.4529   11.3812   90.7678
 348.2042  8491.8492  241.7918 -999.9000   60.6329    0.5188   11.9965   91.3797
 340.5609  8648.7286  240.9440 -999.9000   65.0305    0.5272   12.2447   91.7004
 333.0575  8805.6080  240.0859 -999.9000   65.6425    0.4852   12.2034   91.6152
 325.6771  8962.4874  239.1173 -999.9000   65.0720    0.4338   12.5184   91.4555
 318.4095  9119.3668  237.9219 -999.9000   65.8665    0.3977   13.4582   91.4682
 311.2701  9276.2462  236.2899 -999.9000   60.7624    0.3338   13.6366   91.4746
 304.2599  9433.1256  234.7231 -999.9000   55.5801    0.2938   13.8808   91.4194
 297.3812  9590.0050  233.6431 -999.9000   50.7357    0.2688   14.3822   91.3896
 290.6045  9746.8844  232.4007 -999.9000   45.5262    0.2331   14.7291   91.3805
 283.9369  9903.7638  231.0081 -999.9000   45.8276    0.2031   15.1240   91.3479
 277.3870 10060.6432  229.5108 -999.9000   45.6810    0.1789   15.5289   91.3074
 270.9631 10217.5226  227.9488 -999.9000   45.6208    0.1538   15.8112   91.2950
 264.6694 10374.4020  226.3962 -999.9000   45.7332    0.1244   15.8804   91.3378
 258.4744 10531.2814  225.1598 -999.9000   45.2434    0.1097   16.0371   91.3756
 252.3757 10688.1608  224.1217 -999.9000   45.5619    0.1034   16.3100   91.3933
 246.3812 10845.0402  223.0529 -999.9000   40.2785    0.0916   16.6168   91.3978
 240.4896 11001.9196  221.8462 -999.9000   35.7181    0.0742   16.9041   91.3965
 234.6950 11158.7990  220.4966 -999.9000   35.9729    0.0604   17.1427   91.3968
 229.0082 11315.6784  219.1011 -999.9000   35.5166    0.0528   17.3272   91.3986
 223.4492 11472.5578  217.8075 -999.9000   34.9890    0.0500   17.4644   91.3982
 218.0236 11629.4372  216.5923 -999.9000   30.1405    0.0480   17.2730   91.4126
 212.6609 11786.3166  214.9066 -999.9000   25.6196    0.0350   15.6031   91.5070
 207.3913 11943.1960  214.0619 -999.9000   23.7847    0.0295   14.4350   91.4951
 202.2510 12100.0754  214.7531 -999.9000   18.0162    0.0410   14.1406   91.5711
 197.2536 12256.9548  216.1385 -999.9000    9.1035    0.0304   12.1508   92.1270
 192.4469 12413.8342  218.5168 -999.9000    2.6470    0.0062   12.6111   91.9985
 187.8076 12570.7136  218.3174 -999.9000    0.2371    0.0003   12.8630   91.9213
 183.2603 12727.5930  217.0648 -999.9000    0.2957    0.0003   12.5796   91.8946
 178.8033 12884.4724  216.6338 -999.9000    0.0000    0.0000   12.3549   91.8603
 174.4458 13041.3518  217.0182 -999.9000    0.0133    0.0000   12.4960   91.7991
 170.1876 13198.2312  217.2242 -999.9000    0.0000    0.0000   13.0295   91.6668
 166.0391 13355.1106  217.3723 -999.9000    0.0000    0.0000   13.6578   91.5392
 162.0101 13511.9899  216.9756 -999.9000    0.0002    0.0000   13.9660   91.4198
 158.0706 13668.8693  215.9701 -999.9000    0.0000    0.0000   13.5931   91.3880
 154.1974 13825.7487  215.0755 -999.9000    0.0000    0.0000   12.4432   91.4693
 150.4126 13982.6281  214.9874 -999.9000    0.0000    0.0000   10.5422   91.5650
 146.7292 14139.5075  215.8953 -999.9000    0.0000    0.0000   10.4787   91.5673
 143.1108 14296.3869  214.0977 -999.9000    0.0000    0.0000   10.4138   91.5696
 139.5597 14453.2663  216.4971 -999.9000    0.0000    0.0000   10.3997   91.5684
 136.1266 14610.1457  214.1447 -999.9000    0.0000    0.0000   10.4112   91.5540
 132.7619 14767.0251  213.2612 -999.9000    0.0000    0.0000   10.4296   91.5347
 129.4754 14923.9045  214.2494 -999.9000    0.0000    0.0000   10.4487   91.5197
 126.2897 15080.7839  215.3517 -999.9000    0.0000    0.0000   10.4592   91.5108
 123.1790 15237.6633  216.5801 -999.9000    0.0000    0.0000   10.4989   91.4644
 120.1481 15394.5427  217.0577 -999.9000    0.0000    0.0000   10.3814   91.3748
 117.2138 15551.4221  216.4214 -999.9000    0.0000    0.0000   10.0464   91.2661
 114.3435 15708.3015  216.3376 -999.9000    0.0000    0.0000    9.7512   91.1464
 111.5416 15865.1809  216.1071 -999.9000    0.0000    0.0000    9.1977   91.1933
 108.8149 16022.0603  217.4349 -999.9000    0.0000    0.0000    8.4115   91.4869
 106.1648 16178.9397  217.5045 -999.9000    0.0000    0.0000    7.9786   91.3484
 103.5767 16335.8191  217.1536 -999.9000    0.0000    0.0000    6.5767   91.9971
 101.0524 16492.6985  219.2141 -999.9000    0.0000    0.0000    2.1275   90.4089
  98.6148 16649.5779  217.8369 -999.9000    0.0000    0.0000    1.3801   90.4014
  96.2203 16806.4573  217.1102 -999.9000    0.0000    0.0000    0.5802   90.4014
  93.8688 16963.3367  216.4064 -999.9000    0.0000    0.0000    1.6878   90.4014
  91.5836 17120.2161  216.2963 -999.9000    0.0000    0.0000    2.5788   90.4014
  89.3567 17277.0955  216.2830 -999.9000    0.0000    0.0000    3.2338   90.4014
  87.1784 17433.9749  215.8183 -999.9000    0.0000    0.0000    3.9492   90.3927
  85.0453 17590.8543  215.0141 -999.9000    0.0000    0.0000    4.8913   90.0754
  82.9608 17747.7337  214.6937 -999.9000    0.0000    0.0000    6.0863   90.9865
  80.9282 17904.6131  215.3403 -999.9000    0.0000    0.0000    7.2505   90.6807
  78.9484 18061.4925  215.9842 -999.9000    0.0000    0.0000    7.1552   90.4907
  77.0217 18218.3719  216.6560 -999.9000    0.0000    0.0000    6.2043   90.6714
  75.1483 18375.2513  217.7129 -999.9000    0.0000    0.0000    5.2524   90.9237
  73.3271 18532.1307  218.8134 -999.9000    0.0000    0.0000    4.6305   91.0464
  71.5556 18689.0101  218.9377 -999.9000    0.0000    0.0000    4.1608   90.9336
  69.8260 18845.8894  217.8213 -999.9000    0.0000    0.0000    3.5373   91.0562
  68.1227 19002.7688  217.5306 -999.9000    0.0000    0.0000    2.3935   91.7656
  66.4601 19159.6482  217.8808 -999.9000    0.0000    0.0000    1.3605   89.5288
  64.8418 19316.5276  218.3655 -999.9000    0.0000    0.0000    1.0487   87.4851
  63.2670 19473.4070  218.7713 -999.9000    0.0000    0.0000    1.5885   87.9468
  61.7318 19630.2864  219.3361 -999.9000    0.0000    0.0000    2.1717   88.3028
  60.2355 19787.1658  219.5539 -999.9000    0.0000    0.0000    2.9117   88.5476
  58.7762 19944.0452  219.2646 -999.9000    0.0000    0.0000    3.7491   88.9105
  57.3501 20100.9246  218.8944 -999.9000    0.0000    0.0000    4.1797   89.0671
  55.9562 20257.8040  218.6376 -999.9000    0.0000    0.0000    4.1066   88.9446
  54.5968 20414.6834  218.4146 -999.9000    0.0000    0.0000    3.8952   88.7725
  53.2731 20571.5628  218.3775 -999.9000    0.0000    0.0000    3.7091   88.6461
  51.9860 20728.4422  218.8373 -999.9000    0.0000    0.0000    3.5654   88.5640
  50.7361 20885.3216  220.1073 -999.9000    0.0000    0.0000    3.4787   88.5228
  49.5229 21042.2010  221.8992 -999.9000    0.0000    0.0000    3.4328   88.5126
  48.3394 21199.0804  221.3032 -999.9000    0.0000    0.0000    3.7775   88.5757
  47.1874 21355.9598  221.3951 -999.9000    0.0000    0.0000    4.9117   88.7747
  46.0647 21512.8392  221.8131 -999.9000    0.0000    0.0000    5.9507   88.9472
  44.9691 21669.7186  222.0777 -999.9000    0.0000    0.0000    6.1616   88.9570
  43.8989 21826.5980  222.1259 -999.9000    0.0000    0.0000    5.7769   88.8369
  42.8525 21983.4774  222.0179 -999.9000    0.0000    0.0000    5.3125   88.6697
  41.8295 22140.3568  221.8016 -999.9000    0.0000    0.0000    5.0573   88.5214
  40.8309 22297.2362  221.5051 -999.9000    0.0000    0.0000    4.9486   88.4316
  39.8584 22454.1156  221.1576 -999.9000    0.0000    0.0000    4.8944   88.4374
  38.9104 22610.9950  221.5852 -999.9000    0.0000    0.0000    5.0423   88.5046
  37.9838 22767.8744  222.8811 -999.9000    0.0000    0.0000    5.4485   88.5579
  37.0791 22924.7538  223.6090 -999.9000    0.0000    0.0000    5.7811   88.6106
  36.1962 23081.6332  223.7374 -999.9000    0.0000    0.0000    6.0239   88.6649
  35.3349 23238.5126  223.4841 -999.9000    0.0000    0.0000    6.2163   88.7211
  34.4951 23395.3920  223.0662 -999.9000    0.0000    0.0000    6.3977   88.7793
  33.6765 23552.2714  222.7013 -999.9000    0.0000    0.0000    6.6075   88.8396
  32.8792 23709.1508  222.6069 -999.9000    0.0000    0.0000    6.8854   88.9021
  32.1025 23866.0302  222.9247 -999.9000    0.0000    0.0000    7.2434   88.9664
  31.3447 24022.9095  223.5168 -999.9000    0.0000    0.0000    7.5932   89.0294
  30.6036 24179.7889  224.1812 -999.9000    0.0000    0.0000    7.8234   89.0878
  29.8779 24336.6683  224.6900 -999.9000    0.0000    0.0000    7.8418   89.1301
  29.1715 24493.5477  224.7538 -999.9000    0.0000    0.0000    7.7529   89.0898
  28.4842 24650.4271  224.6202 -999.9000    0.0000    0.0000    7.6092   88.9796
  27.8138 24807.3065  224.6576 -999.9000    0.0000    0.0000    7.4245   88.8366
  27.1583 24964.1859  225.2331 -999.9000    0.0000    0.0000    7.2126   88.6979
  26.5173 25121.0653  226.4076 -999.9000    0.0000    0.0000    6.9943   88.5852
  25.8939 25277.9447  227.5934 -999.9000    0.0000    0.0000    6.8046   88.4883
  25.2914 25434.8241  228.1198 -999.9000    0.0000    0.0000    6.6803   88.3927
  24.7096 25591.7035  227.6206 -999.9000    0.0000    0.0000    6.7029   88.3136
  24.1354 25748.5829  227.0813 -999.9000    0.0000    0.0000    7.0335   88.3442
  23.5706 25905.4623  226.8348 -999.9000    0.0000    0.0000    7.5747   88.4419
  23.0189 26062.3417  227.0906 -999.9000    0.0000    0.0000    8.2015   88.5480
  22.4826 26219.2211  227.9140 -999.9000    0.0000    0.0000    8.8137   88.6216
  21.9608 26376.1005  228.9992 -999.9000    0.0000    0.0000    9.3728   88.6692
  21.4521 26532.9799  229.9816 -999.9000    0.0000    0.0000    9.8509   88.7041
  20.9548 26689.8593  230.4962 -999.9000    0.0000    0.0000   10.2196   88.7401
  20.4676 26846.7387  230.1783 -999.9000    0.0000    0.0000   10.4507   88.7908
  19.9891 27003.6181  228.6984 -999.9000    0.0000    0.0000   10.5091   88.8671
  19.5243 27160.4975  227.7781 -999.9000    0.0000    0.0000   10.0332   88.8331
  19.0752 27317.3769  228.2048 -999.9000    0.0000    0.0000    9.0951   88.6652
  18.6391 27474.2563  229.3981 -999.9000    0.0000    0.0000    8.0896   88.4541
  18.2135 27631.1357  230.7780 -999.9000    0.0000    0.0000    7.4112   88.2905
  17.7959 27788.0151  231.7733 -999.9000    0.0000    0.0000    7.4317   88.2601
  17.3864 27944.8945  232.0369 -999.9000    0.0000    0.0000    7.9724   88.3267
  16.9866 28101.7739  231.5953 -999.9000    0.0000    0.0000    8.5522   88.3867
  16.5963 28258.6533  230.7450 -999.9000    0.0000    0.0000    9.1366   88.4341
  16.2153 28415.5327  229.8103 -999.9000    0.0000    0.0000    9.7402   88.4734
  15.8432 28572.4121  229.1148 -999.9000    0.0000    0.0000   10.3779   88.5095
  15.4798 28729.2915  228.9766 -999.9000    0.0000    0.0000   11.0621   88.5468
  15.1246 28886.1709  229.3569 -999.9000    0.0000    0.0000   11.6908   88.5881
  14.7769 29043.0503  229.6992 -999.9000    0.0000    0.0000   12.0004   88.6333
  14.4368 29199.9296  229.8393 -999.9000    0.0000    0.0000   11.9263   88.6841
  14.1043 29356.8090  229.9151 -999.9000    0.0000    0.0000   11.5499   88.7433
  13.7798 29513.6884  230.0701 -999.9000    0.0000    0.0000   10.9561   88.8140
  13.4633 29670.5678  230.4477 -999.9000    0.0000    0.0000   10.2292   88.8992
  13.1552 29827.4472  231.1915 -999.9000    0.0000    0.0000    9.4539   89.0018
  12.8555 29984.3266  232.3881 -999.9000    0.0000    0.0000    8.7126   89.1215
  12.5638 30141.2060  233.7253 -999.9000    0.0000    0.0000    8.0737   89.2343
  12.2794 30298.0854  234.7211 -999.9000    0.0000    0.0000    7.5992   89.3059
  12.0018 30454.9648  234.8933 -999.9000    0.0000    0.0000    7.3516   89.3022
  11.7304 30611.8442  234.0139 -999.9000    0.0000    0.0000    7.3518   89.2026
  11.4650 30768.7236  232.8946 -999.9000    0.0000    0.0000    7.4548   89.0420
  11.2056 30925.6030  232.6121 -999.9000    0.0000    0.0000    7.4732   88.8691
  10.9522 31082.4824  233.8184 -999.9000    0.0000    0.0000    7.2870   88.7216
  10.7056 31239.3618  235.3534 -999.9000    0.0000    0.0000    7.0654   88.5894
  10.4661 31396.2412  235.8990 -999.9000    0.0000    0.0000    7.0057   88.4534
  10.2318 31553.1206  235.5354 -999.9000    0.0000    0.0000    7.0935   88.3118
  10.0000 31710.0000  234.7175 -999.9000    0.0000    0.0000    7.2582   88.1674
