# 06610 LSMP Payerne Observations at 12Z 30 Jul 2008
# Radiosonde file generated by raso.rb
#
  P [hPa],     Z [m],    T [K],   Td [K],   RH [%], r [g/kg], WS [m/s], WD [deg]
 962.0000   491.0000  298.0558 -999.9000   66.2141   13.6900    2.1955   93.0543
 944.6891   647.8794  296.1073 -999.9000   67.8140   12.6302    4.7104   92.6754
 927.6873   804.7588  294.8167 -999.9000   79.6056   13.9071    2.3928   92.9144
 911.0964   961.6382  293.6134 -999.9000   80.1028   14.4362    0.6655   92.0428
 894.7070  1118.5176  292.7536 -999.9000   80.1355   14.3064    1.6590   90.9797
 878.5406  1275.3970  292.5224 -999.9000   80.2294   13.3485    2.6772   90.6229
 862.6769  1432.2764  291.1958 -999.9000   81.1675   13.5129    2.9409   90.4248
 846.9845  1589.1558  289.9935 -999.9000   80.5041   13.9027    4.5778   90.3491
 831.5533  1746.0352  289.6742 -999.9000   80.9967   13.2228    5.4908   90.3950
 816.3570  1902.9146  288.3770 -999.9000   80.8939   11.9693    6.6237   90.4496
 801.3249  2059.7940  286.7938 -999.9000   80.6184   11.5640    7.2719   90.4939
 786.5365  2216.6734  285.4375 -999.9000   80.4647   10.4184    8.0421   90.5367
 771.9169  2373.5528  284.1957 -999.9000   80.8508    8.7627    9.2526   90.5644
 757.5041  2530.4322  283.1223 -999.9000   80.7115    8.5006    9.8000   90.6155
 743.3854  2687.3116  282.5271 -999.9000   78.0503    7.5803    8.7029   90.6080
 729.2940  2844.1910  281.4283 -999.9000   60.5921    5.5688    8.4672   90.6173
 715.5826  3001.0704  280.3525 -999.9000   50.2893    4.3807   10.0509   90.6971
 702.0616  3157.9497  279.1370 -999.9000   51.7662    4.2344   11.3323   90.7782
 688.7126  3314.8291  277.6247 -999.9000   59.0963    4.4448   11.4172   90.8007
 675.5482  3471.7085  275.9604 -999.9000   68.4021    4.6752   11.6587   90.8205
 662.5494  3628.5879  274.4447 -999.9000   74.3421    4.6607   12.2532   90.8487
 649.7305  3785.4673  273.3940 -999.9000   67.4340    4.0055   12.5333   90.8627
 637.1240  3942.3467  272.4981 -999.9000   55.2608    3.1437   11.8363   90.9118
 624.7467  4099.2261  271.4393 -999.9000   50.2617    2.7055   10.2698   91.0167
 612.5275  4256.1055  270.3342 -999.9000   50.1805    2.5464    9.8168   91.0465
 600.5160  4412.9849  269.6812 -999.9000   38.2646    1.8919   10.0750   91.0390
 588.7253  4569.8643  269.0409 -999.9000   22.7890    1.0986   10.2359   91.0433
 577.1128  4726.7437  267.7035 -999.9000   18.1835    0.8108   10.2623   91.0483
 565.6299  4883.6231  266.8248 -999.9000   17.0461    0.7276   10.1999   91.0538
 554.4053  5040.5025  266.2223 -999.9000   13.5049    0.5634    9.4855   91.1400
 543.3471  5197.3819  265.5088 -999.9000   12.8419    0.5190    8.6810   91.2153
 532.4739  5354.2613  264.4481 -999.9000   22.2017    0.8459    9.0603   91.2112
 521.8251  5511.1407  263.3684 -999.9000   24.0428    0.8613    9.7891   91.1806
 511.3144  5668.0201  262.5491 -999.9000   14.0936    0.4842   10.4429   91.1583
 500.9731  5824.8995  261.1827 -999.9000   12.9758    0.4090   11.1175   91.1344
 490.8286  5981.7789  259.5496 -999.9000   18.4011    0.5200   11.2450   91.1143
 480.7236  6138.6583  258.4184 -999.9000   29.2256    0.7703   11.5514   91.0832
 470.8214  6295.5377  257.1169 -999.9000   31.4841    0.7621   11.6214   91.0728
 461.0900  6452.4171  255.6802 -999.9000   30.8140    0.6762   11.3152   90.9894
 451.4963  6609.2965  254.3742 -999.9000   31.9831    0.6422   10.2791   90.8335
 442.0676  6766.1759  253.2978 -999.9000   32.5536    0.6091    9.3606   90.7116
 432.8253  6923.0553  252.3361 -999.9000   32.2677    0.5674   10.2426   90.6964
 423.7241  7079.9347  250.9344 -999.9000   35.9645    0.5712   11.0963   90.7318
 414.7432  7236.8141  249.2392 -999.9000   41.1781    0.5742   10.8671   90.7585
 405.9174  7393.6935  248.2588 -999.9000   31.7798    0.4138   11.0682   90.7794
 397.1974  7550.5729  246.9920 -999.9000   27.2023    0.3219   11.3080   90.7881
 388.6475  7707.4523  245.6241 -999.9000   31.1187    0.3308   11.4243   90.8405
 380.2876  7864.3317  244.6377 -999.9000   34.7629    0.3433   11.6308   90.9010
 372.0784  8021.2111  243.8538 -999.9000   39.0268    0.3645   11.7529   90.8924
 363.9826  8178.0905  243.0974 -999.9000   45.1443    0.3994   11.6367   90.7526
 356.0087  8334.9698  242.2837 -999.9000   54.3717    0.4529   11.5930   90.7678
 348.2042  8491.8492  241.4309 -999.9000   60.4925    0.5188   12.1689   91.3797
 340.5609  8648.7286  240.6211 -999.9000   64.8852    0.5272   12.3774   91.7004
 333.0575  8805.6080  239.8035 -999.9000   65.5021    0.4852   12.2965   91.6152
 325.6771  8962.4874  238.8769 -999.9000   64.9398    0.4338   12.5721   91.4555
 318.4095  9119.3668  237.7244 -999.9000   65.7403    0.3977   13.4732   91.4682
 311.2701  9276.2462  236.1357 -999.9000   60.6535    0.3338   13.6141   91.4746
 304.2599  9433.1256  234.6118 -999.9000   55.4878    0.2938   13.8222   91.4194
 297.3812  9590.0050  233.5738 -999.9000   50.6583    0.2688   14.2891   91.3896
 290.6045  9746.8844  232.3717 -999.9000   45.4631    0.2331   14.6038   91.3805
 283.9369  9903.7638  231.0171 -999.9000   45.7706    0.2031   14.9689   91.3479
 277.3870 10060.6432  229.5550 -999.9000   45.6306    0.1789   15.3469   91.3074
 270.9631 10217.5226  228.0245 -999.9000   45.5769    0.1538   15.6054   91.2950
 264.6694 10374.4020  226.4991 -999.9000   45.6955    0.1244   15.6544   91.3378
 258.4744 10531.2814  225.2851 -999.9000   45.2120    0.1097   15.7948   91.3756
 252.3757 10688.1608  224.2640 -999.9000   45.5361    0.1034   16.0556   91.3933
 246.3812 10845.0402  223.2059 -999.9000   40.2605    0.0916   16.3549   91.3978
 240.4896 11001.9196  222.0031 -999.9000   35.7061    0.0742   16.6397   91.3965
 234.6950 11158.7990  220.6509 -999.9000   35.9644    0.0604   16.8805   91.3968
 229.0082 11315.6784  219.2465 -999.9000   35.5114    0.0528   17.0714   91.3986
 223.4492 11472.5578  217.9385 -999.9000   34.9868    0.0500   17.2188   91.3982
 218.0236 11629.4372  216.7038 -999.9000   30.1409    0.0480   17.0409   91.4126
 212.6609 11786.3166  214.9942 -999.9000   25.6216    0.0350   15.3874   91.5070
 207.3913 11943.1960  214.1217 -999.9000   23.7879    0.0295   14.2380   91.4951
 202.2510 12100.0754  214.7816 -999.9000   18.0197    0.0410   13.9642   91.5711
 197.2536 12256.9548  216.1329 -999.9000    9.1056    0.0304   11.9964   92.1270
 192.4469 12413.8342  218.4750 -999.9000    2.6477    0.0062   12.4795   91.9985
 187.8076 12570.7136  218.2375 -999.9000    0.2372    0.0003   12.7547   91.9213
 183.2603 12727.5930  216.9456 -999.9000    0.2958    0.0003   12.4945   91.8946
 178.8033 12884.4724  216.4748 -999.9000    0.0000    0.0000   12.2925   91.8603
 174.4458 13041.3518  216.8193 -999.9000    0.0133    0.0000   12.4553   91.7991
 170.1876 13198.2312  216.9858 -999.9000    0.0000    0.0000   13.0089   91.6668
 166.0391 13355.1106  217.0955 -999.9000    0.0000    0.0000   13.6554   91.5392
 162.0101 13511.9899  216.6619 -999.9000    0.0002    0.0000   13.9794   91.4198
 158.0706 13668.8693  215.6217 -999.9000    0.0000    0.0000   13.6192   91.3880
 154.1974 13825.7487  214.6950 -999.9000    0.0000    0.0000   12.4788   91.4693
 150.4126 13982.6281  214.5781 -999.9000    0.0000    0.0000   10.5833   91.5650
 146.7292 14139.5075  215.4609 -999.9000    0.0000    0.0000   10.5208   91.5673
 143.1108 14296.3869  213.6426 -999.9000    0.0000    0.0000   10.4521   91.5696
 139.5597 14453.2663  216.0260 -999.9000    0.0000    0.0000   10.4289   91.5684
 136.1266 14610.1457  213.6627 -999.9000    0.0000    0.0000   10.4260   91.5540
 132.7619 14767.0251  212.7729 -999.9000    0.0000    0.0000   10.4252   91.5347
 129.4754 14923.9045  213.7594 -999.9000    0.0000    0.0000   10.4207   91.5197
 126.2897 15080.7839  214.8640 -999.9000    0.0000    0.0000   10.4036   91.5108
 123.1790 15237.6633  216.0985 -999.9000    0.0000    0.0000   10.4125   91.4644
 120.1481 15394.5427  216.5859 -999.9000    0.0000    0.0000   10.2610   91.3748
 117.2138 15551.4221  215.9627 -999.9000    0.0000    0.0000    9.8895   91.2661
 114.3435 15708.3015  215.8950 -999.9000    0.0000    0.0000    9.5557   91.1464
 111.5416 15865.1809  215.6834 -999.9000    0.0000    0.0000    8.9621   91.1933
 108.8149 16022.0603  217.0326 -999.9000    0.0000    0.0000    8.1345   91.4869
 106.1648 16178.9397  217.1258 -999.9000    0.0000    0.0000    7.6596   91.3484
 103.5767 16335.8191  216.8005 -999.9000    0.0000    0.0000    6.2155   91.9971
 101.0524 16492.6985  218.8883 -999.9000    0.0000    0.0000    1.7244   90.4089
  98.6148 16649.5779  217.5397 -999.9000    0.0000    0.0000    0.9357   90.4014
  96.2203 16806.4573  216.8428 -999.9000    0.0000    0.0000    0.0958   90.4014
  93.8688 16963.3367  216.1696 -999.9000    0.0000    0.0000    1.1648   90.4014
  91.5836 17120.2161  216.0907 -999.9000    0.0000    0.0000    2.0195   90.4014
  89.3567 17277.0955  216.1089 -999.9000    0.0000    0.0000    2.6407   90.4014
  87.1784 17433.9749  215.6757 -999.9000    0.0000    0.0000    3.3253   90.3927
  85.0453 17590.8543  214.9028 -999.9000    0.0000    0.0000    4.2400   90.0754
  82.9608 17747.7337  214.6131 -999.9000    0.0000    0.0000    5.4117   90.9865
  80.9282 17904.6131  215.2897 -999.9000    0.0000    0.0000    6.5568   90.6807
  78.9484 18061.4925  215.9626 -999.9000    0.0000    0.0000    6.4471   90.4907
  77.0217 18218.3719  216.6623 -999.9000    0.0000    0.0000    5.4861   90.6714
  75.1483 18375.2513  217.7459 -999.9000    0.0000    0.0000    4.5282   90.9237
  73.3271 18532.1307  218.8717 -999.9000    0.0000    0.0000    3.9042   91.0464
  71.5556 18689.0101  219.0200 -999.9000    0.0000    0.0000    3.4361   90.9336
  69.8260 18845.8894  217.9259 -999.9000    0.0000    0.0000    2.8177   91.0562
  68.1227 19002.7688  217.6558 -999.9000    0.0000    0.0000    1.6823   91.7656
  66.4601 19159.6482  218.0249 -999.9000    0.0000    0.0000    0.6608   89.5288
  64.8418 19316.5276  218.5267 -999.9000    0.0000    0.0000    0.3632   87.4851
  63.2670 19473.4070  218.9475 -999.9000    0.0000    0.0000    0.9198   87.9468
  61.7318 19630.2864  219.5252 -999.9000    0.0000    0.0000    1.5223   88.3028
  60.2355 19787.1658  219.7537 -999.9000    0.0000    0.0000    2.2837   88.5476
  58.7762 19944.0452  219.4727 -999.9000    0.0000    0.0000    3.1446   88.9105
  57.3501 20100.9246  219.1084 -999.9000    0.0000    0.0000    3.6004   89.0671
  55.9562 20257.8040  218.8550 -999.9000    0.0000    0.0000    3.5539   88.9446
  54.5968 20414.6834  218.6327 -999.9000    0.0000    0.0000    3.3706   88.7725
  53.2731 20571.5628  218.5935 -999.9000    0.0000    0.0000    3.2136   88.6461
  51.9860 20728.4422  219.0483 -999.9000    0.0000    0.0000    3.0998   88.5640
  50.7361 20885.3216  220.3104 -999.9000    0.0000    0.0000    3.0438   88.5228
  49.5229 21042.2010  222.0912 -999.9000    0.0000    0.0000    3.0291   88.5126
  48.3394 21199.0804  221.4808 -999.9000    0.0000    0.0000    3.4051   88.5757
  47.1874 21355.9598  221.5551 -999.9000    0.0000    0.0000    4.5707   88.7747
  46.0647 21512.8392  221.9521 -999.9000    0.0000    0.0000    5.6409   88.9472
  44.9691 21669.7186  222.1928 -999.9000    0.0000    0.0000    5.8830   88.9570
  43.8989 21826.5980  222.2144 -999.9000    0.0000    0.0000    5.5290   88.8369
  42.8525 21983.4774  222.0775 -999.9000    0.0000    0.0000    5.0951   88.6697
  41.8295 22140.3568  221.8303 -999.9000    0.0000    0.0000    4.8700   88.5214
  40.8309 22297.2362  221.5011 -999.9000    0.0000    0.0000    4.7911   88.4316
  39.8584 22454.1156  221.1195 -999.9000    0.0000    0.0000    4.7662   88.4374
  38.9104 22610.9950  221.5120 -999.9000    0.0000    0.0000    4.9428   88.5046
  37.9838 22767.8744  222.7721 -999.9000    0.0000    0.0000    5.3771   88.5579
  37.0791 22924.7538  223.4636 -999.9000    0.0000    0.0000    5.7372   88.6106
  36.1962 23081.6332  223.5556 -999.9000    0.0000    0.0000    6.0069   88.6649
  35.3349 23238.5126  223.2661 -999.9000    0.0000    0.0000    6.2253   88.7211
  34.4951 23395.3920  222.8125 -999.9000    0.0000    0.0000    6.4321   88.7793
  33.6765 23552.2714  222.4128 -999.9000    0.0000    0.0000    6.6663   88.8396
  32.8792 23709.1508  222.2847 -999.9000    0.0000    0.0000    6.9677   88.9021
  32.1025 23866.0302  222.5703 -999.9000    0.0000    0.0000    7.3483   88.9664
  31.3447 24022.9095  223.1321 -999.9000    0.0000    0.0000    7.7196   89.0294
  30.6036 24179.7889  223.7682 -999.9000    0.0000    0.0000    7.9702   89.0878
  29.8779 24336.6683  224.2513 -999.9000    0.0000    0.0000    8.0080   89.1301
  29.1715 24493.5477  224.2920 -999.9000    0.0000    0.0000    7.9373   89.0898
  28.4842 24650.4271  224.1384 -999.9000    0.0000    0.0000    7.8104   88.9796
  27.8138 24807.3065  224.1593 -999.9000    0.0000    0.0000    7.6414   88.8366
  27.1583 24964.1859  224.7218 -999.9000    0.0000    0.0000    7.4438   88.6979
  26.5173 25121.0653  225.8868 -999.9000    0.0000    0.0000    7.2386   88.5852
  25.8939 25277.9447  227.0665 -999.9000    0.0000    0.0000    7.0605   88.4883
  25.2914 25434.8241  227.5898 -999.9000    0.0000    0.0000    6.9467   88.3927
  24.7096 25591.7035  227.0907 -999.9000    0.0000    0.0000    6.9786   88.3136
  24.1354 25748.5829  226.5543 -999.9000    0.0000    0.0000    7.3173   88.3442
  23.5706 25905.4623  226.3136 -999.9000    0.0000    0.0000    7.8652   88.4419
  23.0189 26062.3417  226.5777 -999.9000    0.0000    0.0000    8.4978   88.5480
  22.4826 26219.2211  227.4119 -999.9000    0.0000    0.0000    9.1145   88.6216
  21.9608 26376.1005  228.5103 -999.9000    0.0000    0.0000    9.6772   88.6692
  21.4521 26532.9799  229.5079 -999.9000    0.0000    0.0000   10.1577   88.7041
  20.9548 26689.8593  230.0399 -999.9000    0.0000    0.0000   10.5277   88.7401
  20.4676 26846.7387  229.7412 -999.9000    0.0000    0.0000   10.7591   88.7908
  19.9891 27003.6181  228.2823 -999.9000    0.0000    0.0000   10.8169   88.8671
  19.5243 27160.4975  227.3846 -999.9000    0.0000    0.0000   10.3393   88.8331
  19.0752 27317.3769  227.8353 -999.9000    0.0000    0.0000    9.3986   88.6652
  18.6391 27474.2563  229.0540 -999.9000    0.0000    0.0000    8.3895   88.4541
  18.2135 27631.1357  230.4605 -999.9000    0.0000    0.0000    7.7067   88.2905
  17.7959 27788.0151  231.4834 -999.9000    0.0000    0.0000    7.7219   88.2601
  17.3864 27944.8945  231.7755 -999.9000    0.0000    0.0000    8.2564   88.3267
  16.9866 28101.7739  231.3631 -999.9000    0.0000    0.0000    8.8292   88.3867
  16.5963 28258.6533  230.5426 -999.9000    0.0000    0.0000    9.4059   88.4341
  16.2153 28415.5327  229.6382 -999.9000    0.0000    0.0000   10.0009   88.4734
  15.8432 28572.4121  228.9733 -999.9000    0.0000    0.0000   10.6292   88.5095
  15.4798 28729.2915  228.8658 -999.9000    0.0000    0.0000   11.3034   88.5468
  15.1246 28886.1709  229.2769 -999.9000    0.0000    0.0000   11.9213   88.5881
  14.7769 29043.0503  229.6498 -999.9000    0.0000    0.0000   12.2195   88.6333
  14.4368 29199.9296  229.8204 -999.9000    0.0000    0.0000   12.1333   88.6841
  14.1043 29356.8090  229.9263 -999.9000    0.0000    0.0000   11.7442   88.7433
  13.7798 29513.6884  230.1107 -999.9000    0.0000    0.0000   11.1371   88.8140
  13.4633 29670.5678  230.5170 -999.9000    0.0000    0.0000   10.3963   88.8992
  13.1552 29827.4472  231.2888 -999.9000    0.0000    0.0000    9.6066   89.0018
  12.8555 29984.3266  232.5124 -999.9000    0.0000    0.0000    8.8504   89.1215
  12.5638 30141.2060  233.8754 -999.9000    0.0000    0.0000    8.1960   89.2343
  12.2794 30298.0854  234.8958 -999.9000    0.0000    0.0000    7.7056   89.3059
  12.0018 30454.9648  235.0911 -999.9000    0.0000    0.0000    7.4415   89.3022
  11.7304 30611.8442  234.2333 -999.9000    0.0000    0.0000    7.4249   89.2026
  11.4650 30768.7236  233.1340 -999.9000    0.0000    0.0000    7.5108   89.0420
  11.2056 30925.6030  232.8696 -999.9000    0.0000    0.0000    7.5116   88.8691
  10.9522 31082.4824  234.0920 -999.9000    0.0000    0.0000    7.3074   88.7216
  10.7056 31239.3618  235.6409 -999.9000    0.0000    0.0000    7.0675   88.5894
  10.4661 31396.2412  236.1982 -999.9000    0.0000    0.0000    6.9893   88.4534
  10.2318 31553.1206  235.8439 -999.9000    0.0000    0.0000    7.0583   88.3118
  10.0000 31710.0000  235.0327 -999.9000    0.0000    0.0000    7.2039   88.1674
