# 06610 LSMP Payerne Observations at 12Z 30 Jul 2008
# Radiosonde file generated by raso.rb
#
  P [hPa],     Z [m],    T [K],   Td [K],   RH [%], r [g/kg], WS [m/s], WD [deg]
 962.0000   491.0000  298.0047 -999.9000   66.2662   13.6900    2.1371   93.0543
 944.6891   647.8794  295.9894 -999.9000   67.8334   12.6302    4.6456   92.6754
 927.6873   804.7588  294.6400 -999.9000   79.5924   13.9071    2.3212   92.9144
 911.0964   961.6382  293.3857 -999.9000   80.0569   14.4362    0.5868   92.0428
 894.7070  1118.5176  292.4822 -999.9000   80.0605   14.3064    1.5728   90.9797
 878.5406  1275.3970  292.2144 -999.9000   80.1286   13.3485    2.5835   90.6229
 862.6769  1432.2764  290.8580 -999.9000   81.0429   13.5129    2.8394   90.4248
 846.9845  1589.1558  289.6322 -999.9000   80.3612   13.9027    4.4684   90.3491
 831.5533  1746.0352  289.2957 -999.9000   80.8365   13.2228    5.3736   90.3950
 816.3570  1902.9146  287.9870 -999.9000   80.7204   11.9693    6.4986   90.4496
 801.3249  2059.7940  286.3977 -999.9000   80.4347   11.5640    7.1391   90.4939
 786.5365  2216.6734  285.0405 -999.9000   80.2733   10.4184    7.9018   90.5367
 771.9169  2373.5528  283.8026 -999.9000   80.6529    8.7627    9.1050   90.5644
 757.5041  2530.4322  282.7376 -999.9000   80.5106    8.5006    9.6453   90.6155
 743.3854  2687.3116  282.1551 -999.9000   77.8550    7.5803    8.5415   90.6080
 729.2940  2844.1910  281.0727 -999.9000   60.4412    5.5688    8.2995   90.6173
 715.5826  3001.0704  280.0169 -999.9000   50.1660    4.3807    9.8774   90.6971
 702.0616  3157.9497  278.8246 -999.9000   51.6423    4.2344   11.1535   90.7782
 688.7126  3314.8291  277.3384 -999.9000   58.9596    4.4448   11.2337   90.8007
 675.5482  3471.7085  275.7029 -999.9000   68.2508    4.6752   11.4710   90.8205
 662.5494  3628.5879  274.2181 -999.9000   74.1864    4.6607   12.0622   90.8487
 649.7305  3785.4673  273.2003 -999.9000   67.3018    4.0055   12.3396   90.8627
 637.1240  3942.3467  272.3389 -999.9000   55.1607    3.1437   11.6407   90.9118
 624.7467  4099.2261  271.3159 -999.9000   50.1788    2.7055   10.0734   91.0167
 612.5275  4256.1055  270.2476 -999.9000   50.1064    2.5464    9.6203   91.0465
 600.5160  4412.9849  269.6320 -999.9000   38.2151    1.8919    9.8795   91.0390
 588.7253  4569.8643  269.0295 -999.9000   22.7639    1.0986   10.0425   91.0433
 577.1128  4726.7437  267.7299 -999.9000   18.1671    0.8108   10.0721   91.0483
 565.6299  4883.6231  266.8886 -999.9000   17.0342    0.7276   10.0140   91.0538
 554.4053  5040.5025  266.3230 -999.9000   13.4982    0.5634    9.3052   91.1400
 543.3471  5197.3819  265.6454 -999.9000   12.8382    0.5190    8.5077   91.2153
 532.4739  5354.2613  264.6194 -999.9000   22.2000    0.8459    8.8953   91.2112
 521.8251  5511.1407  263.5727 -999.9000   24.0459    0.8613    9.6338   91.1806
 511.3144  5668.0201  262.7845 -999.9000   14.0982    0.4842   10.2988   91.1583
 500.9731  5824.8995  261.4470 -999.9000   12.9827    0.4090   10.9861   91.1344
 490.8286  5981.7789  259.8403 -999.9000   18.4144    0.5200   11.1278   91.1143
 480.7236  6138.6583  258.7325 -999.9000   29.2520    0.7703   11.4503   91.0832
 470.8214  6295.5377  257.4513 -999.9000   31.5181    0.7621   11.5379   91.0728
 461.0900  6452.4171  256.0314 -999.9000   30.8523    0.6762   11.2513   90.9894
 451.4963  6609.2965  254.7384 -999.9000   32.0276    0.6422   10.2365   90.8335
 442.0676  6766.1759  253.6707 -999.9000   32.6033    0.6091    9.3412   90.7116
 432.8253  6923.0553  252.7134 -999.9000   32.3208    0.5674   10.2484   90.6964
 423.7241  7079.9347  251.3112 -999.9000   36.0274    0.5712   11.1293   90.7318
 414.7432  7236.8141  249.6103 -999.9000   41.2535    0.5742   10.9294   90.7585
 405.9174  7393.6935  248.6189 -999.9000   31.8398    0.4138   11.1619   90.7794
 397.1974  7550.5729  247.3353 -999.9000   27.2547    0.3219   11.4354   90.7881
 388.6475  7707.4523  245.9453 -999.9000   31.1792    0.3308   11.5872   90.8405
 380.2876  7864.3317  244.9319 -999.9000   34.8303    0.3433   11.8306   90.9010
 372.0784  8021.2111  244.1166 -999.9000   39.1014    0.3645   11.9908   90.8924
 363.9826  8178.0905  243.3250 -999.9000   45.2287    0.3994   11.9132   90.7526
 356.0087  8334.9698  242.4729 -999.9000   54.4701    0.4529   11.9084   90.7678
 348.2042  8491.8492  241.5789 -999.9000   60.5975    0.5188   12.5229   91.3797
 340.5609  8648.7286  240.7258 -999.9000   64.9921    0.5272   12.7695   91.7004
 333.0575  8805.6080  239.8632 -999.9000   65.6033    0.4852   12.7256   91.6152
 325.6771  8962.4874  238.8905 -999.9000   65.0329    0.4338   13.0368   91.4555
 318.4095  9119.3668  237.6914 -999.9000   65.8266    0.3977   13.9716   91.4682
 311.2701  9276.2462  236.0560 -999.9000   60.7252    0.3338   14.1439   91.4746
 304.2599  9433.1256  234.4860 -999.9000   55.5458    0.2938   14.3806   91.4194
 297.3812  9590.0050  233.4028 -999.9000   50.7042    0.2688   14.8732   91.3896
 290.6045  9746.8844  232.1572 -999.9000   45.4976    0.2331   15.2099   91.3805
 283.9369  9903.7638  230.7612 -999.9000   45.7986    0.2031   15.5930   91.3479
 277.3870 10060.6432  229.2603 -999.9000   45.6517    0.1789   15.9847   91.3074
 270.9631 10217.5226  227.6942 -999.9000   45.5911    0.1538   16.2521   91.2950
 264.6694 10374.4020  226.1370 -999.9000   45.7029    0.1244   16.3048   91.3378
 258.4744 10531.2814  224.8955 -999.9000   45.2129    0.1097   16.4432   91.3756
 252.3757 10688.1608  223.8515 -999.9000   45.5305    0.1034   16.6959   91.3933
 246.3812 10845.0402  222.7761 -999.9000   40.2502    0.0916   16.9807   91.3978
 240.4896 11001.9196  221.5617 -999.9000   35.6923    0.0742   17.2442   91.3965
 234.6950 11158.7990  220.2037 -999.9000   35.9462    0.0604   17.4570   91.3968
 229.0082 11315.6784  218.7990 -999.9000   35.4894    0.0528   17.6140   91.3986
 223.4492 11472.5578  217.4957 -999.9000   34.9615    0.0500   17.7219   91.3982
 218.0236 11629.4372  216.2703 -999.9000   30.1161    0.0480   17.4998   91.4126
 212.6609 11786.3166  214.5743 -999.9000   25.5981    0.0350   15.7977   91.5070
 207.3913 11943.1960  213.7193 -999.9000   23.7642    0.0295   14.5960   91.4951
 202.2510 12100.0754  214.4002 -999.9000   18.0003    0.0410   14.2669   91.5711
 197.2536 12256.9548  215.7755 -999.9000    9.0952    0.0304   12.2413   92.1270
 192.4469 12413.8342  218.1443 -999.9000    2.6445    0.0062   12.6646   91.9985
 187.8076 12570.7136  217.9359 -999.9000    0.2369    0.0003   12.8789   91.9213
 183.2603 12727.5930  216.6751 -999.9000    0.2955    0.0003   12.5569   91.8946
 178.8033 12884.4724  216.2367 -999.9000    0.0000    0.0000   12.2930   91.8603
 174.4458 13041.3518  216.6150 -999.9000    0.0133    0.0000   12.3945   91.7991
 170.1876 13198.2312  216.8160 -999.9000    0.0000    0.0000   12.8877   91.6668
 166.0391 13355.1106  216.9605 -999.9000    0.0000    0.0000   13.4756   91.5392
 162.0101 13511.9899  216.5618 -999.9000    0.0002    0.0000   13.7431   91.4198
 158.0706 13668.8693  215.5560 -999.9000    0.0000    0.0000   13.3293   91.3880
 154.1974 13825.7487  214.6630 -999.9000    0.0000    0.0000   12.1387   91.4693
 150.4126 13982.6281  214.5785 -999.9000    0.0000    0.0000   10.1970   91.5650
 146.7292 14139.5075  215.4923 -999.9000    0.0000    0.0000   10.0930   91.5673
 143.1108 14296.3869  213.7030 -999.9000    0.0000    0.0000    9.9880   91.5696
 139.5597 14453.2663  216.1131 -999.9000    0.0000    0.0000    9.9342   91.5684
 136.1266 14610.1457  213.7740 -999.9000    0.0000    0.0000    9.9067   91.5540
 132.7619 14767.0251  212.9060 -999.9000    0.0000    0.0000    9.8869   91.5347
 129.4754 14923.9045  213.9118 -999.9000    0.0000    0.0000    9.8687   91.5197
 126.2897 15080.7839  215.0336 -999.9000    0.0000    0.0000    9.8433   91.5108
 123.1790 15237.6633  216.2830 -999.9000    0.0000    0.0000    9.8486   91.4644
 120.1481 15394.5427  216.7831 -999.9000    0.0000    0.0000    9.6982   91.3748
 117.2138 15551.4221  216.1704 -999.9000    0.0000    0.0000    9.3322   91.2661
 114.3435 15708.3015  216.1113 -999.9000    0.0000    0.0000    9.0081   91.1464
 111.5416 15865.1809  215.9062 -999.9000    0.0000    0.0000    8.4279   91.1933
 108.8149 16022.0603  217.2599 -999.9000    0.0000    0.0000    7.6176   91.4869
 106.1648 16178.9397  217.3558 -999.9000    0.0000    0.0000    7.1632   91.3484
 103.5767 16335.8191  217.0314 -999.9000    0.0000    0.0000    5.7427   91.9971
 101.0524 16492.6985  219.1182 -999.9000    0.0000    0.0000    1.2781   90.4089
  98.6148 16649.5779  217.7670 -999.9000    0.0000    0.0000    0.5186   90.4014
  96.2203 16806.4573  217.0658 -999.9000    0.0000    0.0000    0.2899   87.2598
  93.8688 16963.3367  216.3866 -999.9000    0.0000    0.0000    0.8128   90.4014
  91.5836 17120.2161  216.3003 -999.9000    0.0000    0.0000    1.7030   90.4014
  89.3567 17277.0955  216.3096 -999.9000    0.0000    0.0000    2.3612   90.4014
  87.1784 17433.9749  215.8660 -999.9000    0.0000    0.0000    3.0842   90.3927
  85.0453 17590.8543  215.0814 -999.9000    0.0000    0.0000    4.0384   90.0754
  82.9608 17747.7337  214.7787 -999.9000    0.0000    0.0000    5.2504   90.9865
  80.9282 17904.6131  215.4410 -999.9000    0.0000    0.0000    6.4365   90.6807
  78.9484 18061.4925  216.0985 -999.9000    0.0000    0.0000    6.3680   90.4907
  77.0217 18218.3719  216.7819 -999.9000    0.0000    0.0000    5.4481   90.6714
  75.1483 18375.2513  217.8486 -999.9000    0.0000    0.0000    4.5311   90.9237
  73.3271 18532.1307  218.9570 -999.9000    0.0000    0.0000    3.9472   91.0464
  71.5556 18689.0101  219.0877 -999.9000    0.0000    0.0000    3.5182   90.9336
  69.8260 18845.8894  217.9761 -999.9000    0.0000    0.0000    2.9376   91.0562
  68.1227 19002.7688  217.6887 -999.9000    0.0000    0.0000    1.8382   91.7656
  66.4601 19159.6482  218.0410 -999.9000    0.0000    0.0000    0.8507   89.5288
  64.8418 19316.5276  218.5267 -999.9000    0.0000    0.0000    0.5849   87.4851
  63.2670 19473.4070  218.9323 -999.9000    0.0000    0.0000    1.1706   87.9468
  61.7318 19630.2864  219.4960 -999.9000    0.0000    0.0000    1.7991   88.3028
  60.2355 19787.1658  219.7119 -999.9000    0.0000    0.0000    2.5833   88.5476
  58.7762 19944.0452  219.4199 -999.9000    0.0000    0.0000    3.4632   88.9105
  57.3501 20100.9246  219.0465 -999.9000    0.0000    0.0000    3.9341   89.0671
  55.9562 20257.8040  218.7860 -999.9000    0.0000    0.0000    3.8984   88.9446
  54.5968 20414.6834  218.5589 -999.9000    0.0000    0.0000    3.7212   88.7725
  53.2731 20571.5628  218.5176 -999.9000    0.0000    0.0000    3.5653   88.6461
  51.9860 20728.4422  218.9728 -999.9000    0.0000    0.0000    3.4474   88.5640
  50.7361 20885.3216  220.2385 -999.9000    0.0000    0.0000    3.3816   88.5228
  49.5229 21042.2010  222.0260 -999.9000    0.0000    0.0000    3.3511   88.5126
  48.3394 21199.0804  221.4259 -999.9000    0.0000    0.0000    3.7051   88.5757
  47.1874 21355.9598  221.5140 -999.9000    0.0000    0.0000    4.8420   88.7747
  46.0647 21512.8392  221.9285 -999.9000    0.0000    0.0000    5.8770   88.9472
  44.9691 21669.7186  222.1902 -999.9000    0.0000    0.0000    6.0780   88.9570
  43.8989 21826.5980  222.2356 -999.9000    0.0000    0.0000    5.6777   88.8369
  42.8525 21983.4774  222.1251 -999.9000    0.0000    0.0000    5.1930   88.6697
  41.8295 22140.3568  221.9065 -999.9000    0.0000    0.0000    4.9134   88.5214
  40.8309 22297.2362  221.6078 -999.9000    0.0000    0.0000    4.7768   88.4316
  39.8584 22454.1156  221.2581 -999.9000    0.0000    0.0000    4.6919   88.4374
  38.9104 22610.9950  221.6837 -999.9000    0.0000    0.0000    4.8068   88.5046
  37.9838 22767.8744  222.9776 -999.9000    0.0000    0.0000    5.1785   88.5579
  37.0791 22924.7538  223.7033 -999.9000    0.0000    0.0000    5.4758   88.6106
  36.1962 23081.6332  223.8294 -999.9000    0.0000    0.0000    5.6830   88.6649
  35.3349 23238.5126  223.5736 -999.9000    0.0000    0.0000    5.8402   88.7211
  34.4951 23395.3920  223.1530 -999.9000    0.0000    0.0000    5.9876   88.7793
  33.6765 23552.2714  222.7852 -999.9000    0.0000    0.0000    6.1650   88.8396
  32.8792 23709.1508  222.6875 -999.9000    0.0000    0.0000    6.4129   88.9021
  32.1025 23866.0302  223.0016 -999.9000    0.0000    0.0000    6.7440   88.9664
  31.3447 24022.9095  223.5896 -999.9000    0.0000    0.0000    7.0706   89.0294
  30.6036 24179.7889  224.2494 -999.9000    0.0000    0.0000    7.2818   89.0878
  29.8779 24336.6683  224.7531 -999.9000    0.0000    0.0000    7.2863   89.1301
  29.1715 24493.5477  224.8111 -999.9000    0.0000    0.0000    7.1892   89.0898
  28.4842 24650.4271  224.6711 -999.9000    0.0000    0.0000    7.0434   88.9796
  27.8138 24807.3065  224.7015 -999.9000    0.0000    0.0000    6.8637   88.8366
  27.1583 24964.1859  225.2691 -999.9000    0.0000    0.0000    6.6640   88.6979
  26.5173 25121.0653  226.4352 -999.9000    0.0000    0.0000    6.4648   88.5852
  25.8939 25277.9447  227.6121 -999.9000    0.0000    0.0000    6.3006   88.4883
  25.2914 25434.8241  228.1291 -999.9000    0.0000    0.0000    6.2078   88.3927
  24.7096 25591.7035  227.6202 -999.9000    0.0000    0.0000    6.2674   88.3136
  24.1354 25748.5829  227.0710 -999.9000    0.0000    0.0000    6.6400   88.3442
  23.5706 25905.4623  226.8146 -999.9000    0.0000    0.0000    7.2277   88.4419
  23.0189 26062.3417  227.0603 -999.9000    0.0000    0.0000    7.9052   88.5480
  22.4826 26219.2211  227.8737 -999.9000    0.0000    0.0000    8.5717   88.6216
  21.9608 26376.1005  228.9491 -999.9000    0.0000    0.0000    9.1883   88.6692
  21.4521 26532.9799  229.9219 -999.9000    0.0000    0.0000    9.7265   88.7041
  20.9548 26689.8593  230.4274 -999.9000    0.0000    0.0000   10.1577   88.7401
  20.4676 26846.7387  230.1007 -999.9000    0.0000    0.0000   10.4529   88.7908
  19.9891 27003.6181  228.6127 -999.9000    0.0000    0.0000   10.5769   88.8671
  19.5243 27160.4975  227.6849 -999.9000    0.0000    0.0000   10.1673   88.8331
  19.0752 27317.3769  228.1048 -999.9000    0.0000    0.0000    9.2960   88.6652
  18.6391 27474.2563  229.2923 -999.9000    0.0000    0.0000    8.3571   88.4541
  18.2135 27631.1357  230.6673 -999.9000    0.0000    0.0000    7.7448   88.2905
  17.7959 27788.0151  231.6587 -999.9000    0.0000    0.0000    7.8305   88.2601
  17.3864 27944.8945  231.9197 -999.9000    0.0000    0.0000    8.4348   88.3267
  16.9866 28101.7739  231.4766 -999.9000    0.0000    0.0000    9.0763   88.3867
  16.5963 28258.6533  230.6262 -999.9000    0.0000    0.0000    9.7201   88.4341
  16.2153 28415.5327  229.6928 -999.9000    0.0000    0.0000   10.3801   88.4734
  15.8432 28572.4121  229.0002 -999.9000    0.0000    0.0000   11.0708   88.5095
  15.4798 28729.2915  228.8666 -999.9000    0.0000    0.0000   11.8044   88.5468
  15.1246 28886.1709  229.2532 -999.9000    0.0000    0.0000   12.4782   88.5881
  14.7769 29043.0503  229.6036 -999.9000    0.0000    0.0000   12.8282   88.6333
  14.4368 29199.9296  229.7538 -999.9000    0.0000    0.0000   12.7892   88.6841
  14.1043 29356.8090  229.8418 -999.9000    0.0000    0.0000   12.4423   88.7433
  13.7798 29513.6884  230.0110 -999.9000    0.0000    0.0000   11.8719   88.8140
  13.4633 29670.5678  230.4051 -999.9000    0.0000    0.0000   11.1618   88.8992
  13.1552 29827.4472  231.1677 -999.9000    0.0000    0.0000   10.3963   89.0018
  12.8555 29984.3266  232.3856 -999.9000    0.0000    0.0000    9.6573   89.1215
  12.5638 30141.2060  233.7466 -999.9000    0.0000    0.0000    9.0126   89.2343
  12.2794 30298.0854  234.7689 -999.9000    0.0000    0.0000    8.5241   89.3059
  12.0018 30454.9648  234.9702 -999.9000    0.0000    0.0000    8.2533   89.3022
  11.7304 30611.8442  234.1228 -999.9000    0.0000    0.0000    8.2212   89.2026
  11.4650 30768.7236  233.0385 -999.9000    0.0000    0.0000    8.2820   89.0420
  11.2056 30925.6030  232.7940 -999.9000    0.0000    0.0000    8.2478   88.8691
  10.9522 31082.4824  234.0413 -999.9000    0.0000    0.0000    7.9983   88.7216
  10.7056 31239.3618  235.6206 -999.9000    0.0000    0.0000    7.7022   88.5894
  10.4661 31396.2412  236.2139 -999.9000    0.0000    0.0000    7.5564   88.4534
  10.2318 31553.1206  235.9013 -999.9000    0.0000    0.0000    7.5459   88.3118
  10.0000 31710.0000  235.1380 -999.9000    0.0000    0.0000    7.5996   88.1674
