# 06610 LSMP Payerne Observations at 12Z 30 Jul 2008
# Radiosonde file generated by raso.rb
#
  P [hPa],     Z [m],    T [K],   Td [K],   RH [%], r [g/kg], WS [m/s], WD [deg]
 962.0000   491.0000  298.1047 -999.9000   66.3044   13.6900    1.8806   93.0543
 944.6891   647.8794  296.1100 -999.9000   67.8712   12.6302    4.3951   92.6754
 927.6873   804.7588  294.7793 -999.9000   79.6353   13.9071    2.0762   92.9144
 911.0964   961.6382  293.5418 -999.9000   80.0987   14.4362    0.3469   92.0428
 894.7070  1118.5176  292.6534 -999.9000   80.1011   14.3064    1.3375   90.9797
 878.5406  1275.3970  292.3989 -999.9000   80.1680   13.3485    2.3524   90.6229
 862.6769  1432.2764  291.0542 -999.9000   81.0817   13.5129    2.6121   90.4248
 846.9845  1589.1558  289.8386 -999.9000   80.3986   13.9027    4.2446   90.3491
 831.5533  1746.0352  289.5106 -999.9000   80.8732   13.2228    5.1527   90.3950
 816.3570  1902.9146  288.2091 -999.9000   80.7562   11.9693    6.2803   90.4496
 801.3249  2059.7940  286.6256 -999.9000   80.4696   11.5640    6.9231   90.4939
 786.5365  2216.6734  285.2727 -999.9000   80.3073   10.4184    7.6876   90.5367
 771.9169  2373.5528  284.0380 -999.9000   80.6863    8.7627    8.8923   90.5644
 757.5041  2530.4322  282.9748 -999.9000   80.5433    8.5006    9.4338   90.6155
 743.3854  2687.3116  282.3930 -999.9000   77.8860    7.5803    8.3308   90.6080
 729.2940  2844.1910  281.3102 -999.9000   60.4648    5.5688    8.0893   90.6173
 715.5826  3001.0704  280.2530 -999.9000   50.1852    4.3807    9.6674   90.6971
 702.0616  3157.9497  279.0583 -999.9000   51.6617    4.2344   10.9434   90.7782
 688.7126  3314.8291  277.5688 -999.9000   58.9813    4.4448   11.0233   90.8007
 675.5482  3471.7085  275.9290 -999.9000   68.2754    4.6752   11.2600   90.8205
 662.5494  3628.5879  274.4392 -999.9000   74.2126    4.6607   11.8503   90.8487
 649.7305  3785.4673  273.4158 -999.9000   67.3250    4.0055   12.1266   90.8627
 637.1240  3942.3467  272.5479 -999.9000   55.1793    3.1437   11.4264   90.9118
 624.7467  4099.2261  271.5179 -999.9000   50.1953    2.7055    9.8575   91.0167
 612.5275  4256.1055  270.4421 -999.9000   50.1224    2.5464    9.4027   91.0465
 600.5160  4412.9849  269.8184 -999.9000   38.2269    1.8919    9.6599   91.0390
 588.7253  4569.8643  269.2073 -999.9000   22.7707    1.0986    9.8208   91.0433
 577.1128  4726.7437  267.8988 -999.9000   18.1723    0.8108    9.8481   91.0483
 565.6299  4883.6231  267.0484 -999.9000   17.0389    0.7276    9.7876   91.0538
 554.4053  5040.5025  266.4733 -999.9000   13.5017    0.5634    9.0762   91.1400
 543.3471  5197.3819  265.7860 -999.9000   12.8414    0.5190    8.2759   91.2153
 532.4739  5354.2613  264.7502 -999.9000   22.2052    0.8459    8.6607   91.2112
 521.8251  5511.1407  263.6936 -999.9000   24.0511    0.8613    9.3962   91.1806
 511.3144  5668.0201  262.8956 -999.9000   14.1011    0.4842   10.0581   91.1583
 500.9731  5824.8995  261.5483 -999.9000   12.9851    0.4090   10.7423   91.1344
 490.8286  5981.7789  259.9319 -999.9000   18.4173    0.5200   10.8809   91.1143
 480.7236  6138.6583  258.8145 -999.9000   29.2561    0.7703   11.2001   91.0832
 470.8214  6295.5377  257.5240 -999.9000   31.5217    0.7621   11.2844   91.0728
 461.0900  6452.4171  256.0950 -999.9000   30.8551    0.6762   10.9944   90.9894
 451.4963  6609.2965  254.7933 -999.9000   32.0297    0.6422    9.9762   90.8335
 442.0676  6766.1759  253.7174 -999.9000   32.6045    0.6091    9.0776   90.7116
 432.8253  6923.0553  252.7522 -999.9000   32.3209    0.5674    9.9814   90.6964
 423.7241  7079.9347  251.3427 -999.9000   36.0264    0.5712   10.8589   90.7318
 414.7432  7236.8141  249.6352 -999.9000   41.2509    0.5742   10.6557   90.7585
 405.9174  7393.6935  248.6378 -999.9000   31.8366    0.4138   10.8849   90.7794
 397.1974  7550.5729  247.3489 -999.9000   27.2509    0.3219   11.1551   90.7881
 388.6475  7707.4523  245.9542 -999.9000   31.1735    0.3308   11.3038   90.8405
 380.2876  7864.3317  244.9369 -999.9000   34.8225    0.3433   11.5444   90.9010
 372.0784  8021.2111  244.1183 -999.9000   39.0910    0.3645   11.7020   90.8924
 363.9826  8178.0905  243.3240 -999.9000   45.2147    0.3994   11.6222   90.7526
 356.0087  8334.9698  242.4699 -999.9000   54.4510    0.4529   11.6158   90.7678
 348.2042  8491.8492  241.5745 -999.9000   60.5738    0.5188   12.2293   91.3797
 340.5609  8648.7286  240.7205 -999.9000   64.9642    0.5272   12.4755   91.7004
 333.0575  8805.6080  239.8574 -999.9000   65.5730    0.4852   12.4320   91.6152
 325.6771  8962.4874  238.8848 -999.9000   65.0009    0.4338   12.7445   91.4555
 318.4095  9119.3668  237.6863 -999.9000   65.7925    0.3977   13.6816   91.4682
 311.2701  9276.2462  236.0519 -999.9000   60.6926    0.3338   13.8573   91.4746
 304.2599  9433.1256  234.4833 -999.9000   55.5151    0.2938   14.0986   91.4194
 297.3812  9590.0050  233.4019 -999.9000   50.6757    0.2688   14.5969   91.3896
 290.6045  9746.8844  232.1585 -999.9000   45.4721    0.2331   14.9408   91.3805
 283.9369  9903.7638  230.7650 -999.9000   45.7732    0.2031   15.3326   91.3479
 277.3870 10060.6432  229.2670 -999.9000   45.6272    0.1789   15.7345   91.3074
 270.9631 10217.5226  227.7040 -999.9000   45.5678    0.1538   16.0137   91.2950
 264.6694 10374.4020  226.1502 -999.9000   45.6813    0.1244   16.0799   91.3378
 258.4744 10531.2814  224.9123 -999.9000   45.1936    0.1097   16.2337   91.3756
 252.3757 10688.1608  223.8722 -999.9000   45.5138    0.1034   16.5038   91.3933
 246.3812 10845.0402  222.8008 -999.9000   40.2382    0.0916   16.8079   91.3978
 240.4896 11001.9196  221.5906 -999.9000   35.6847    0.0742   17.0929   91.3965
 234.6950 11158.7990  220.2368 -999.9000   35.9420    0.0604   17.3291   91.3968
 229.0082 11315.6784  218.8364 -999.9000   35.4891    0.0528   17.5113   91.3986
 223.4492 11472.5578  217.5374 -999.9000   34.9652    0.0500   17.6461   91.3982
 218.0236 11629.4372  216.3162 -999.9000   30.1230    0.0480   17.4521   91.4126
 212.6609 11786.3166  214.6243 -999.9000   25.6074    0.0350   15.7792   91.5070
 207.3913 11943.1960  213.7730 -999.9000   23.7760    0.0295   14.6078   91.4951
 202.2510 12100.0754  214.4574 -999.9000   18.0118    0.0410   14.3096   91.5711
 197.2536 12256.9548  215.8360 -999.9000    9.1023    0.0304   12.3153   92.1270
 192.4469 12413.8342  218.2075 -999.9000    2.6470    0.0062   12.7704   91.9985
 187.8076 12570.7136  218.0013 -999.9000    0.2372    0.0003   13.0163   91.9213
 183.2603 12727.5930  216.7422 -999.9000    0.2958    0.0003   12.7259   91.8946
 178.8033 12884.4724  216.3049 -999.9000    0.0000    0.0000   12.4931   91.8603
 174.4458 13041.3518  216.6836 -999.9000    0.0133    0.0000   12.6251   91.7991
 170.1876 13198.2312  216.8842 -999.9000    0.0000    0.0000   13.1480   91.6668
 166.0391 13355.1106  217.0276 -999.9000    0.0000    0.0000   13.7645   91.5392
 162.0101 13511.9899  216.6267 -999.9000    0.0002    0.0000   14.0594   91.4198
 158.0706 13668.8693  215.6180 -999.9000    0.0000    0.0000   13.6716   91.3880
 154.1974 13825.7487  214.7210 -999.9000    0.0000    0.0000   12.5052   91.4693
 150.4126 13982.6281  214.6314 -999.9000    0.0000    0.0000   10.5858   91.5650
 146.7292 14139.5075  215.5389 -999.9000    0.0000    0.0000   10.5020   91.5673
 143.1108 14296.3869  213.7421 -999.9000    0.0000    0.0000   10.4148   91.5696
 139.5597 14453.2663  216.1435 -999.9000    0.0000    0.0000   10.3763   91.5684
 136.1266 14610.1457  213.7945 -999.9000    0.0000    0.0000   10.3613   91.5540
 132.7619 14767.0251  212.9155 -999.9000    0.0000    0.0000   10.3514   91.5347
 129.4754 14923.9045  213.9095 -999.9000    0.0000    0.0000   10.3405   91.5197
 126.2897 15080.7839  215.0187 -999.9000    0.0000    0.0000   10.3195   91.5108
 123.1790 15237.6633  216.2550 -999.9000    0.0000    0.0000   10.3265   91.4644
 120.1481 15394.5427  216.7416 -999.9000    0.0000    0.0000   10.1750   91.3748
 117.2138 15551.4221  216.1153 -999.9000    0.0000    0.0000    9.8053   91.2661
 114.3435 15708.3015  216.0424 -999.9000    0.0000    0.0000    9.4745   91.1464
 111.5416 15865.1809  215.8238 -999.9000    0.0000    0.0000    8.8849   91.1933
 108.8149 16022.0603  217.1643 -999.9000    0.0000    0.0000    8.0623   91.4869
 106.1648 16178.9397  217.2474 -999.9000    0.0000    0.0000    7.5927   91.3484
 103.5767 16335.8191  216.9107 -999.9000    0.0000    0.0000    6.1543   91.9971
 101.0524 16492.6985  218.9863 -999.9000    0.0000    0.0000    1.6688   90.4089
  98.6148 16649.5779  217.6247 -999.9000    0.0000    0.0000    0.8854   90.4014
  96.2203 16806.4573  216.9142 -999.9000    0.0000    0.0000    0.0502   90.4014
  93.8688 16963.3367  216.2272 -999.9000    0.0000    0.0000    1.1232   90.4014
  91.5836 17120.2161  216.1344 -999.9000    0.0000    0.0000    1.9807   90.4014
  89.3567 17277.0955  216.1389 -999.9000    0.0000    0.0000    2.6033   90.4014
  87.1784 17433.9749  215.6924 -999.9000    0.0000    0.0000    3.2877   90.3927
  85.0453 17590.8543  214.9069 -999.9000    0.0000    0.0000    4.2003   90.0754
  82.9608 17747.7337  214.6053 -999.9000    0.0000    0.0000    5.3676   90.9865
  80.9282 17904.6131  215.2711 -999.9000    0.0000    0.0000    6.5060   90.6807
  78.9484 18061.4925  215.9345 -999.9000    0.0000    0.0000    6.3870   90.4907
  77.0217 18218.3719  216.6257 -999.9000    0.0000    0.0000    5.4144   90.6714
  75.1483 18375.2513  217.7019 -999.9000    0.0000    0.0000    4.4429   90.9237
  73.3271 18532.1307  218.8213 -999.9000    0.0000    0.0000    3.8035   91.0464
  71.5556 18689.0101  218.9642 -999.9000    0.0000    0.0000    3.3185   90.9336
  69.8260 18845.8894  217.8657 -999.9000    0.0000    0.0000    2.6818   91.0562
  68.1227 19002.7688  217.5920 -999.9000    0.0000    0.0000    1.5271   91.7656
  66.4601 19159.6482  217.9583 -999.9000    0.0000    0.0000    0.4854   89.5288
  64.8418 19316.5276  218.4581 -999.9000    0.0000    0.0000    0.1671   87.4851
  63.2670 19473.4070  218.8776 -999.9000    0.0000    0.0000    0.7027   87.9468
  61.7318 19630.2864  219.4547 -999.9000    0.0000    0.0000    1.2839   88.3028
  60.2355 19787.1658  219.6832 -999.9000    0.0000    0.0000    2.0243   88.5476
  58.7762 19944.0452  219.4028 -999.9000    0.0000    0.0000    2.8644   88.9105
  57.3501 20100.9246  219.0396 -999.9000    0.0000    0.0000    3.3002   89.0671
  55.9562 20257.8040  218.7877 -999.9000    0.0000    0.0000    3.2345   88.9446
  54.5968 20414.6834  218.5674 -999.9000    0.0000    0.0000    3.0331   88.7725
  53.2731 20571.5628  218.5306 -999.9000    0.0000    0.0000    2.8593   88.6461
  51.9860 20728.4422  218.9880 -999.9000    0.0000    0.0000    2.7303   88.5640
  50.7361 20885.3216  220.2530 -999.9000    0.0000    0.0000    2.6609   88.5228
  49.5229 21042.2010  222.0369 -999.9000    0.0000    0.0000    2.6348   88.5126
  48.3394 21199.0804  221.4298 -999.9000    0.0000    0.0000    3.0018   88.5757
  47.1874 21355.9598  221.5075 -999.9000    0.0000    0.0000    4.1609   88.7747
  46.0647 21512.8392  221.9079 -999.9000    0.0000    0.0000    5.2273   88.9472
  44.9691 21669.7186  222.1522 -999.9000    0.0000    0.0000    5.4680   88.9570
  43.8989 21826.5980  222.1773 -999.9000    0.0000    0.0000    5.1151   88.8369
  42.8525 21983.4774  222.0440 -999.9000    0.0000    0.0000    4.6845   88.6697
  41.8295 22140.3568  221.8003 -999.9000    0.0000    0.0000    4.4649   88.5214
  40.8309 22297.2362  221.4747 -999.9000    0.0000    0.0000    4.3933   88.4316
  39.8584 22454.1156  221.0966 -999.9000    0.0000    0.0000    4.3777   88.4374
  38.9104 22610.9950  221.4926 -999.9000    0.0000    0.0000    4.5653   88.5046
  37.9838 22767.8744  222.7561 -999.9000    0.0000    0.0000    5.0121   88.5579
  37.0791 22924.7538  223.4510 -999.9000    0.0000    0.0000    5.3862   88.6106
  36.1962 23081.6332  223.5463 -999.9000    0.0000    0.0000    5.6711   88.6649
  35.3349 23238.5126  223.2599 -999.9000    0.0000    0.0000    5.9060   88.7211
  34.4951 23395.3920  222.8093 -999.9000    0.0000    0.0000    6.1301   88.7793
  33.6765 23552.2714  222.4125 -999.9000    0.0000    0.0000    6.3827   88.8396
  32.8792 23709.1508  222.2871 -999.9000    0.0000    0.0000    6.7033   88.9021
  32.1025 23866.0302  222.5752 -999.9000    0.0000    0.0000    7.1036   88.9664
  31.3447 24022.9095  223.1393 -999.9000    0.0000    0.0000    7.4952   89.0294
  30.6036 24179.7889  223.7776 -999.9000    0.0000    0.0000    7.7664   89.0878
  29.8779 24336.6683  224.2625 -999.9000    0.0000    0.0000    7.8250   89.1301
  29.1715 24493.5477  224.3049 -999.9000    0.0000    0.0000    7.7751   89.0898
  28.4842 24650.4271  224.1527 -999.9000    0.0000    0.0000    7.6691   88.9796
  27.8138 24807.3065  224.1748 -999.9000    0.0000    0.0000    7.5207   88.8366
  27.1583 24964.1859  224.7381 -999.9000    0.0000    0.0000    7.3435   88.6979
  26.5173 25121.0653  225.9037 -999.9000    0.0000    0.0000    7.1583   88.5852
  25.8939 25277.9447  227.0838 -999.9000    0.0000    0.0000    6.9999   88.4883
  25.2914 25434.8241  227.6075 -999.9000    0.0000    0.0000    6.9053   88.3927
  24.7096 25591.7035  227.1085 -999.9000    0.0000    0.0000    6.9560   88.3136
  24.1354 25748.5829  226.5723 -999.9000    0.0000    0.0000    7.3130   88.3442
  23.5706 25905.4623  226.3318 -999.9000    0.0000    0.0000    7.8787   88.4419
  23.0189 26062.3417  226.5961 -999.9000    0.0000    0.0000    8.5284   88.5480
  22.4826 26219.2211  227.4306 -999.9000    0.0000    0.0000    9.1618   88.6216
  21.9608 26376.1005  228.5294 -999.9000    0.0000    0.0000    9.7403   88.6692
  21.4521 26532.9799  229.5277 -999.9000    0.0000    0.0000   10.2360   88.7041
  20.9548 26689.8593  230.0605 -999.9000    0.0000    0.0000   10.6206   88.7401
  20.4676 26846.7387  229.7630 -999.9000    0.0000    0.0000   10.8658   88.7908
  19.9891 27003.6181  228.3056 -999.9000    0.0000    0.0000   10.9365   88.8671
  19.5243 27160.4975  227.4097 -999.9000    0.0000    0.0000   10.4710   88.8331
  19.0752 27317.3769  227.8628 -999.9000    0.0000    0.0000    9.5415   88.6652
  18.6391 27474.2563  229.0842 -999.9000    0.0000    0.0000    8.5427   88.4541
  18.2135 27631.1357  230.4939 -999.9000    0.0000    0.0000    7.8692   88.2905
  17.7959 27788.0151  231.5206 -999.9000    0.0000    0.0000    7.8928   88.2601
  17.3864 27944.8945  231.8172 -999.9000    0.0000    0.0000    8.4346   88.3267
  16.9866 28101.7739  231.4098 -999.9000    0.0000    0.0000    9.0137   88.3867
  16.5963 28258.6533  230.5952 -999.9000    0.0000    0.0000    9.5954   88.4341
  16.2153 28415.5327  229.6973 -999.9000    0.0000    0.0000   10.1944   88.4734
  15.8432 28572.4121  229.0397 -999.9000    0.0000    0.0000   10.8255   88.5095
  15.4798 28729.2915  228.9404 -999.9000    0.0000    0.0000   11.5012   88.5468
  15.1246 28886.1709  229.3606 -999.9000    0.0000    0.0000   12.1194   88.5881
  14.7769 29043.0503  229.7435 -999.9000    0.0000    0.0000   12.4166   88.6333
  14.4368 29199.9296  229.9251 -999.9000    0.0000    0.0000   12.3280   88.6841
  14.1043 29356.8090  230.0429 -999.9000    0.0000    0.0000   11.9352   88.7433
  13.7798 29513.6884  230.2404 -999.9000    0.0000    0.0000   11.3229   88.8140
  13.4633 29670.5678  230.6610 -999.9000    0.0000    0.0000   10.5755   88.8992
  13.1552 29827.4472  231.4481 -999.9000    0.0000    0.0000    9.7776   89.0018
  12.8555 29984.3266  232.6883 -999.9000    0.0000    0.0000    9.0117   89.1215
  12.5638 30141.2060  234.0691 -999.9000    0.0000    0.0000    8.3460   89.2343
  12.2794 30298.0854  235.1087 -999.9000    0.0000    0.0000    7.8427   89.3059
  12.0018 30454.9648  235.3245 -999.9000    0.0000    0.0000    7.5641   89.3022
  11.7304 30611.8442  234.4886 -999.9000    0.0000    0.0000    7.5313   89.2026
  11.4650 30768.7236  233.4126 -999.9000    0.0000    0.0000    7.5992   89.0420
  11.2056 30925.6030  233.1730 -999.9000    0.0000    0.0000    7.5803   88.8691
  10.9522 31082.4824  234.4218 -999.9000    0.0000    0.0000    7.3545   88.7216
  10.7056 31239.3618  235.9987 -999.9000    0.0000    0.0000    7.0913   88.5894
  10.4661 31396.2412  236.5856 -999.9000    0.0000    0.0000    6.9877   88.4534
  10.2318 31553.1206  236.2626 -999.9000    0.0000    0.0000    7.0295   88.3118
  10.0000 31710.0000  235.4845 -999.9000    0.0000    0.0000    7.1459   88.1674
