# 06610 LSMP Payerne Observations at 12Z 30 Jul 2008
# Radiosonde file generated by raso.rb
#
  P [hPa],     Z [m],    T [K],   Td [K],   RH [%], r [g/kg], WS [m/s], WD [deg]
 962.0000   491.0000  298.2312 -999.9000   66.2274   13.6900    1.8885   93.0543
 944.6891   647.8794  296.2688 -999.9000   67.7840   12.6302    4.3956   92.6754
 927.6873   804.7588  294.9682 -999.9000   79.5242   13.9071    2.0710   92.9144
 911.0964   961.6382  293.7584 -999.9000   79.9794   14.4362    0.3377   92.0428
 894.7070  1118.5176  292.8956 -999.9000   79.9753   14.3064    1.3257   90.9797
 878.5406  1275.3970  292.6646 -999.9000   80.0368   13.3485    2.3394   90.6229
 862.6769  1432.2764  291.3412 -999.9000   80.9446   13.5129    2.5993   90.4248
 846.9845  1589.1558  290.1448 -999.9000   80.2593   13.9027    4.2331   90.3491
 831.5533  1746.0352  289.8341 -999.9000   80.7307   13.2228    5.1437   90.3950
 816.3570  1902.9146  288.5478 -999.9000   80.6125   11.9693    6.2749   90.4496
 801.3249  2059.7940  286.9776 -999.9000   80.3258   11.5640    6.9221   90.4939
 786.5365  2216.6734  285.6362 -999.9000   80.1641   10.4184    7.6919   90.5367
 771.9169  2373.5528  284.4112 -999.9000   80.5435    8.7627    8.9027   90.5644
 757.5041  2530.4322  283.3559 -999.9000   80.4025    8.5006    9.4509   90.6155
 743.3854  2687.3116  282.7802 -999.9000   77.7524    7.5803    8.3552   90.6080
 729.2940  2844.1910  281.7019 -999.9000   60.3635    5.5688    8.1215   90.6173
 715.5826  3001.0704  280.6475 -999.9000   50.1035    4.3807    9.7077   90.6971
 702.0616  3157.9497  279.4541 -999.9000   51.5805    4.2344   10.9922   90.7782
 688.7126  3314.8291  277.9643 -999.9000   58.8923    4.4448   11.0807   90.8007
 675.5482  3471.7085  276.3227 -999.9000   68.1770    4.6752   11.3261   90.8205
 662.5494  3628.5879  274.8297 -999.9000   74.1111    4.6607   11.9251   90.8487
 649.7305  3785.4673  273.8016 -999.9000   67.2384    4.0055   12.2101   90.8627
 637.1240  3942.3467  272.9278 -999.9000   55.1130    3.1437   11.5183   90.9118
 624.7467  4099.2261  271.8905 -999.9000   50.1394    2.7055    9.9576   91.0167
 612.5275  4256.1055  270.8061 -999.9000   50.0712    2.5464    9.5106   91.0465
 600.5160  4412.9849  270.1727 -999.9000   38.1916    1.8919    9.7752   91.0390
 588.7253  4569.8643  269.5508 -999.9000   22.7519    1.0986    9.9428   91.0433
 577.1128  4726.7437  268.2302 -999.9000   18.1591    0.8108    9.9762   91.0483
 565.6299  4883.6231  267.3667 -999.9000   17.0283    0.7276    9.9211   91.0538
 554.4053  5040.5025  266.7775 -999.9000   13.4947    0.5634    9.2142   91.1400
 543.3471  5197.3819  266.0752 -999.9000   12.8361    0.5190    8.4176   91.2153
 532.4739  5354.2613  265.0234 -999.9000   22.1983    0.8459    8.8049   91.2112
 521.8251  5511.1407  263.9500 -999.9000   24.0462    0.8613    9.5419   91.1806
 511.3144  5668.0201  263.1343 -999.9000   14.0996    0.4842   10.2040   91.1583
 500.9731  5824.8995  261.7685 -999.9000   12.9851    0.4090   10.8871   91.1344
 490.8286  5981.7789  260.1329 -999.9000   18.4192    0.5200   11.0232   91.1143
 480.7236  6138.6583  258.9957 -999.9000   29.2619    0.7703   11.3384   91.0832
 470.8214  6295.5377  257.6847 -999.9000   31.5310    0.7621   11.4172   91.0728
 461.0900  6452.4171  256.2346 -999.9000   30.8669    0.6762   11.1199   90.9894
 451.4963  6609.2965  254.9112 -999.9000   32.0448    0.6422   10.0927   90.8335
 442.0676  6766.1759  253.8132 -999.9000   32.6226    0.6091    9.1832   90.7116
 432.8253  6923.0553  252.8255 -999.9000   32.3414    0.5674   10.0741   90.6964
 423.7241  7079.9347  251.3930 -999.9000   36.0518    0.5712   10.9367   90.7318
 414.7432  7236.8141  249.6621 -999.9000   41.2827    0.5742   10.7164   90.7585
 405.9174  7393.6935  248.6411 -999.9000   31.8631    0.4138   10.9263   90.7794
 397.1974  7550.5729  247.3283 -999.9000   27.2750    0.3219   11.1749   90.7881
 388.6475  7707.4523  245.9097 -999.9000   31.2025    0.3308   11.2998   90.8405
 380.2876  7864.3317  244.8686 -999.9000   34.8561    0.3433   11.5147   90.9010
 372.0784  8021.2111  244.0268 -999.9000   39.1300    0.3645   11.6450   90.8924
 363.9826  8178.0905  243.2098 -999.9000   45.2609    0.3994   11.5366   90.7526
 356.0087  8334.9698  242.3338 -999.9000   54.5076    0.4529   11.5004   90.7678
 348.2042  8491.8492  241.4176 -999.9000   60.6374    0.5188   12.0834   91.3797
 340.5609  8648.7286  240.5443 -999.9000   65.0325    0.5272   12.2985   91.7004
 333.0575  8805.6080  239.6635 -999.9000   65.6416    0.4852   12.2236   91.6152
 325.6771  8962.4874  238.6749 -999.9000   65.0681    0.4338   12.5048   91.4555
 318.4095  9119.3668  237.4625 -999.9000   65.8593    0.3977   13.4108   91.4682
 311.2701  9276.2462  235.8164 -999.9000   60.7526    0.3338   13.5559   91.4746
 304.2599  9433.1256  234.2387 -999.9000   55.5681    0.2938   13.7674   91.4194
 297.3812  9590.0050  233.1510 -999.9000   50.7221    0.2688   14.2371   91.3896
 290.6045  9746.8844  231.9043 -999.9000   45.5115    0.2331   14.5536   91.3805
 283.9369  9903.7638  230.5107 -999.9000   45.8103    0.2031   14.9196   91.3479
 277.3870 10060.6432  229.0160 -999.9000   45.6613    0.1789   15.2975   91.3074
 270.9631 10217.5226  227.4600 -999.9000   45.5988    0.1538   15.5549   91.2950
 264.6694 10374.4020  225.9172 -999.9000   45.7088    0.1244   15.6018   91.3378
 258.4744 10531.2814  224.6945 -999.9000   45.2170    0.1097   15.7389   91.3756
 252.3757 10688.1608  223.6739 -999.9000   45.5332    0.1034   15.9952   91.3933
 246.3812 10845.0402  222.6267 -999.9000   40.2514    0.0916   16.2888   91.3978
 240.4896 11001.9196  221.4455 -999.9000   35.6927    0.0742   16.5667   91.3965
 234.6950 11158.7990  220.1255 -999.9000   35.9460    0.0604   16.7993   91.3968
 229.0082 11315.6784  218.7628 -999.9000   35.4889    0.0528   16.9809   91.3986
 223.4492 11472.5578  217.5052 -999.9000   34.9608    0.0500   17.1182   91.3982
 218.0236 11629.4372  216.3285 -999.9000   30.1154    0.0480   16.9294   91.4126
 212.6609 11786.3166  214.6837 -999.9000   25.5977    0.0350   15.2644   91.5070
 207.3913 11943.1960  213.8818 -999.9000   23.7640    0.0295   14.1030   91.4951
 202.2510 12100.0754  214.6170 -999.9000   18.0003    0.0410   13.8169   91.5711
 197.2536 12256.9548  216.0476 -999.9000    9.0953    0.0304   11.8367   92.1270
 192.4469 12413.8342  218.4717 -999.9000    2.6446    0.0062   12.3073   91.9985
 187.8076 12570.7136  218.3183 -999.9000    0.2369    0.0003   12.5703   91.9213
 183.2603 12727.5930  217.1116 -999.9000    0.2955    0.0003   12.2981   91.8946
 178.8033 12884.4724  216.7258 -999.9000    0.0000    0.0000   12.0845   91.8603
 174.4458 13041.3518  217.1546 -999.9000    0.0133    0.0000   12.2364   91.7991
 170.1876 13198.2312  217.4035 -999.9000    0.0000    0.0000   12.7798   91.6668
 166.0391 13355.1106  217.5927 -999.9000    0.0000    0.0000   13.4170   91.5392
 162.0101 13511.9899  217.2349 -999.9000    0.0002    0.0000   13.7327   91.4198
 158.0706 13668.8693  216.2658 -999.9000    0.0000    0.0000   13.3655   91.3880
 154.1974 13825.7487  215.4045 -999.9000    0.0000    0.0000   12.2194   91.4693
 150.4126 13982.6281  215.3464 -999.9000    0.0000    0.0000   10.3197   91.5650
 146.7292 14139.5075  216.2804 -999.9000    0.0000    0.0000   10.2547   91.5673
 143.1108 14296.3869  214.5048 -999.9000    0.0000    0.0000   10.1853   91.5696
 139.5597 14453.2663  216.9215 -999.9000    0.0000    0.0000   10.1633   91.5684
 136.1266 14610.1457  214.5819 -999.9000    0.0000    0.0000   10.1637   91.5540
 132.7619 14767.0251  213.7068 -999.9000    0.0000    0.0000   10.1680   91.5347
 129.4754 14923.9045  214.6995 -999.9000    0.0000    0.0000   10.1703   91.5197
 126.2897 15080.7839  215.8026 -999.9000    0.0000    0.0000   10.1620   91.5108
 123.1790 15237.6633  217.0282 -999.9000    0.0000    0.0000   10.1811   91.4644
 120.1481 15394.5427  217.5002 -999.9000    0.0000    0.0000   10.0415   91.3748
 117.2138 15551.4221  216.8554 -999.9000    0.0000    0.0000    9.6834   91.2661
 114.3435 15708.3015  216.7607 -999.9000    0.0000    0.0000    9.3644   91.1464
 111.5416 15865.1809  216.5171 -999.9000    0.0000    0.0000    8.7868   91.1933
 108.8149 16022.0603  217.8299 -999.9000    0.0000    0.0000    7.9766   91.4869
 106.1648 16178.9397  217.8830 -999.9000    0.0000    0.0000    7.5202   91.3484
 103.5767 16335.8191  217.5145 -999.9000    0.0000    0.0000    6.0957   91.9971
 101.0524 16492.6985  219.5564 -999.9000    0.0000    0.0000    1.6251   90.4089
  98.6148 16649.5779  218.1599 -999.9000    0.0000    0.0000    0.8579   90.4014
  96.2203 16806.4573  217.4137 -999.9000    0.0000    0.0000    0.0403   90.4014
  93.8688 16963.3367  216.6904 -999.9000    0.0000    0.0000    1.1324   90.4014
  91.5836 17120.2161  216.5610 -999.9000    0.0000    0.0000    2.0109   90.4014
  89.3567 17277.0955  216.5292 -999.9000    0.0000    0.0000    2.6564   90.4014
  87.1784 17433.9749  216.0468 -999.9000    0.0000    0.0000    3.3658   90.3927
  85.0453 17590.8543  215.2261 -999.9000    0.0000    0.0000    4.3058   90.0754
  82.9608 17747.7337  214.8908 -999.9000    0.0000    0.0000    5.5030   90.9865
  80.9282 17904.6131  215.5243 -999.9000    0.0000    0.0000    6.6741   90.6807
  78.9484 18061.4925  216.1572 -999.9000    0.0000    0.0000    6.5903   90.4907
  77.0217 18218.3719  216.8195 -999.9000    0.0000    0.0000    5.6551   90.6714
  75.1483 18375.2513  217.8686 -999.9000    0.0000    0.0000    4.7229   90.9237
  73.3271 18532.1307  218.9626 -999.9000    0.0000    0.0000    4.1239   91.0464
  71.5556 18689.0101  219.0815 -999.9000    0.0000    0.0000    3.6802   90.9336
  69.8260 18845.8894  217.9606 -999.9000    0.0000    0.0000    3.0852   91.0562
  68.1227 19002.7688  217.6661 -999.9000    0.0000    0.0000    1.9720   91.7656
  66.4601 19159.6482  218.0131 -999.9000    0.0000    0.0000    0.9713   89.5288
  64.8418 19316.5276  218.4950 -999.9000    0.0000    0.0000    0.6930   87.4851
  63.2670 19473.4070  218.8979 -999.9000    0.0000    0.0000    1.2672   87.9468
  61.7318 19630.2864  219.4599 -999.9000    0.0000    0.0000    1.8851   88.3028
  60.2355 19787.1658  219.6746 -999.9000    0.0000    0.0000    2.6598   88.5476
  58.7762 19944.0452  219.3816 -999.9000    0.0000    0.0000    3.5315   88.9105
  57.3501 20100.9246  219.0071 -999.9000    0.0000    0.0000    3.9955   89.0671
  55.9562 20257.8040  218.7451 -999.9000    0.0000    0.0000    3.9544   88.9446
  54.5968 20414.6834  218.5159 -999.9000    0.0000    0.0000    3.7734   88.7725
  53.2731 20571.5628  218.4713 -999.9000    0.0000    0.0000    3.6154   88.6461
  51.9860 20728.4422  218.9220 -999.9000    0.0000    0.0000    3.4971   88.5640
  50.7361 20885.3216  220.1814 -999.9000    0.0000    0.0000    3.4329   88.5228
  49.5229 21042.2010  221.9607 -999.9000    0.0000    0.0000    3.4060   88.5126
  48.3394 21199.0804  221.3500 -999.9000    0.0000    0.0000    3.7658   88.5757
  47.1874 21355.9598  221.4249 -999.9000    0.0000    0.0000    4.9108   88.7747
  46.0647 21512.8392  221.8235 -999.9000    0.0000    0.0000    5.9562   88.9472
  44.9691 21669.7186  222.0668 -999.9000    0.0000    0.0000    6.1694   88.9570
  43.8989 21826.5980  222.0917 -999.9000    0.0000    0.0000    5.7834   88.8369
  42.8525 21983.4774  221.9588 -999.9000    0.0000    0.0000    5.3144   88.6697
  41.8295 22140.3568  221.7162 -999.9000    0.0000    0.0000    5.0518   88.5214
  40.8309 22297.2362  221.3923 -999.9000    0.0000    0.0000    4.9333   88.4316
  39.8584 22454.1156  221.0163 -999.9000    0.0000    0.0000    4.8674   88.4374
  38.9104 22610.9950  221.4149 -999.9000    0.0000    0.0000    5.0020   88.5046
  37.9838 22767.8744  222.6813 -999.9000    0.0000    0.0000    5.3936   88.5579
  37.0791 22924.7538  223.3794 -999.9000    0.0000    0.0000    5.7109   88.6106
  36.1962 23081.6332  223.4781 -999.9000    0.0000    0.0000    5.9381   88.6649
  35.3349 23238.5126  223.1953 -999.9000    0.0000    0.0000    6.1149   88.7211
  34.4951 23395.3920  222.7484 -999.9000    0.0000    0.0000    6.2813   88.7793
  33.6765 23552.2714  222.3554 -999.9000    0.0000    0.0000    6.4769   88.8396
  32.8792 23709.1508  222.2336 -999.9000    0.0000    0.0000    6.7420   88.9021
  32.1025 23866.0302  222.5254 -999.9000    0.0000    0.0000    7.0889   88.9664
  31.3447 24022.9095  223.0929 -999.9000    0.0000    0.0000    7.4297   89.0294
  30.6036 24179.7889  223.7344 -999.9000    0.0000    0.0000    7.6534   89.0878
  29.8779 24336.6683  224.2222 -999.9000    0.0000    0.0000    7.6684   89.1301
  29.1715 24493.5477  224.2671 -999.9000    0.0000    0.0000    7.5794   89.0898
  28.4842 24650.4271  224.1170 -999.9000    0.0000    0.0000    7.4393   88.9796
  27.8138 24807.3065  224.1406 -999.9000    0.0000    0.0000    7.2625   88.8366
  27.1583 24964.1859  224.7050 -999.9000    0.0000    0.0000    7.0629   88.6979
  26.5173 25121.0653  225.8712 -999.9000    0.0000    0.0000    6.8610   88.5852
  25.8939 25277.9447  227.0513 -999.9000    0.0000    0.0000    6.6914   88.4883
  25.2914 25434.8241  227.5746 -999.9000    0.0000    0.0000    6.5908   88.3927
  24.7096 25591.7035  227.0749 -999.9000    0.0000    0.0000    6.6403   88.3136
  24.1354 25748.5829  226.5375 -999.9000    0.0000    0.0000    7.0006   88.3442
  23.5706 25905.4623  226.2954 -999.9000    0.0000    0.0000    7.5739   88.4419
  23.0189 26062.3417  226.5578 -999.9000    0.0000    0.0000    8.2351   88.5480
  22.4826 26219.2211  227.3902 -999.9000    0.0000    0.0000    8.8835   88.6216
  21.9608 26376.1005  228.4866 -999.9000    0.0000    0.0000    9.4804   88.6692
  21.4521 26532.9799  229.4822 -999.9000    0.0000    0.0000    9.9975   88.7041
  20.9548 26689.8593  230.0122 -999.9000    0.0000    0.0000   10.4060   88.7401
  20.4676 26846.7387  229.7117 -999.9000    0.0000    0.0000   10.6776   88.7908
  19.9891 27003.6181  228.2512 -999.9000    0.0000    0.0000   10.7767   88.8671
  19.5243 27160.4975  227.3520 -999.9000    0.0000    0.0000   10.3413   88.8331
  19.0752 27317.3769  227.8017 -999.9000    0.0000    0.0000    9.4434   88.6652
  18.6391 27474.2563  229.0199 -999.9000    0.0000    0.0000    8.4773   88.4541
  18.2135 27631.1357  230.4262 -999.9000    0.0000    0.0000    7.8373   88.2905
  17.7959 27788.0151  231.4496 -999.9000    0.0000    0.0000    7.8948   88.2601
  17.3864 27944.8945  231.7429 -999.9000    0.0000    0.0000    8.4708   88.3267
  16.9866 28101.7739  231.3323 -999.9000    0.0000    0.0000    9.0839   88.3867
  16.5963 28258.6533  230.5146 -999.9000    0.0000    0.0000    9.6992   88.4341
  16.2153 28415.5327  229.6138 -999.9000    0.0000    0.0000   10.3311   88.4734
  15.8432 28572.4121  228.9535 -999.9000    0.0000    0.0000   10.9940   88.5095
  15.4798 28729.2915  228.8517 -999.9000    0.0000    0.0000   11.7001   88.5468
  15.1246 28886.1709  229.2696 -999.9000    0.0000    0.0000   12.3471   88.5881
  14.7769 29043.0503  229.6505 -999.9000    0.0000    0.0000   12.6711   88.6333
  14.4368 29199.9296  229.8304 -999.9000    0.0000    0.0000   12.6070   88.6841
  14.1043 29356.8090  229.9469 -999.9000    0.0000    0.0000   12.2360   88.7433
  13.7798 29513.6884  230.1434 -999.9000    0.0000    0.0000   11.6426   88.8140
  13.4633 29670.5678  230.5634 -999.9000    0.0000    0.0000   10.9109   88.8992
  13.1552 29827.4472  231.3503 -999.9000    0.0000    0.0000   10.1252   89.0018
  12.8555 29984.3266  232.5909 -999.9000    0.0000    0.0000    9.3677   89.1215
  12.5638 30141.2060  233.9725 -999.9000    0.0000    0.0000    8.7062   89.2343
  12.2794 30298.0854  235.0135 -999.9000    0.0000    0.0000    8.2026   89.3059
  12.0018 30454.9648  235.2312 -999.9000    0.0000    0.0000    7.9189   89.3022
  11.7304 30611.8442  234.3978 -999.9000    0.0000    0.0000    7.8760   89.2026
  11.4650 30768.7236  233.3249 -999.9000    0.0000    0.0000    7.9283   89.0420
  11.2056 30925.6030  233.0892 -999.9000    0.0000    0.0000    7.8881   88.8691
  10.9522 31082.4824  234.3424 -999.9000    0.0000    0.0000    7.6351   88.7216
  10.7056 31239.3618  235.9246 -999.9000    0.0000    0.0000    7.3382   88.5894
  10.4661 31396.2412  236.5174 -999.9000    0.0000    0.0000    7.1944   88.4534
  10.2318 31553.1206  236.2012 -999.9000    0.0000    0.0000    7.1890   88.3118
  10.0000 31710.0000  235.4306 -999.9000    0.0000    0.0000    7.2509   88.1674
