# 06610 LSMP Payerne Observations at 12Z 30 Jul 2008
# Radiosonde file generated by raso.rb
#
  P [hPa],     Z [m],    T [K],   Td [K],   RH [%], r [g/kg], WS [m/s], WD [deg]
 962.0000   491.0000  298.0516 -999.9000   66.3025   13.6900    2.1767   93.0543
 944.6891   647.8794  296.0180 -999.9000   67.8805   12.6302    4.5524   92.6754
 927.6873   804.7588  294.6535 -999.9000   79.6585   13.9071    2.1069   92.9144
 911.0964   961.6382  293.3868 -999.9000   80.1335   14.4362    0.2629   92.0428
 894.7070  1118.5176  292.4739 -999.9000   80.1466   14.3064    1.1502   90.9797
 878.5406  1275.3970  292.1993 -999.9000   80.2235   13.3485    2.0728   90.6229
 862.6769  1432.2764  290.8385 -999.9000   81.1469   13.5129    2.2508   90.4248
 846.9845  1589.1558  289.6109 -999.9000   80.4716   13.9027    3.8117   90.3491
 831.5533  1746.0352  289.2747 -999.9000   80.9542   13.2228    4.6582   90.3950
 816.3570  1902.9146  287.9684 -999.9000   80.8438   11.9693    5.7335   90.4496
 801.3249  2059.7940  286.3836 -999.9000   80.5630   11.5640    6.3330   90.4939
 786.5365  2216.6734  285.0326 -999.9000   80.4059   10.4184    7.0629   90.5367
 771.9169  2373.5528  283.8027 -999.9000   80.7901    8.7627    8.2412   90.5644
 757.5041  2530.4322  282.7472 -999.9000   80.6508    8.5006    8.7641   90.6155
 743.3854  2687.3116  282.1756 -999.9000   77.9932    7.5803    7.6500   90.6080
 729.2940  2844.1910  281.1055 -999.9000   60.5501    5.5688    7.4043   90.6173
 715.5826  3001.0704  280.0631 -999.9000   50.2573    4.3807    8.9849   90.6971
 702.0616  3157.9497  278.8853 -999.9000   51.7369    4.2344   10.2695   90.7782
 688.7126  3314.8291  277.4144 -999.9000   59.0679    4.4448   10.3639   90.8007
 675.5482  3471.7085  275.7949 -999.9000   68.3760    4.6752   10.6205   90.8205
 662.5494  3628.5879  274.3268 -999.9000   74.3218    4.6607   11.2357   90.8487
 649.7305  3785.4673  273.3262 -999.9000   67.4236    4.0055   11.5415   90.8627
 637.1240  3942.3467  272.4823 -999.9000   55.2594    3.1437   10.8750   90.9118
 624.7467  4099.2261  271.4770 -999.9000   50.2671    2.7055    9.3436   91.0167
 612.5275  4256.1055  270.4265 -999.9000   50.1929    2.5464    8.9297   91.0465
 600.5160  4412.9849  269.8287 -999.9000   38.2795    1.8919    9.2309   91.0390
 588.7253  4569.8643  269.2436 -999.9000   22.8013    1.0986    9.4383   91.0433
 577.1128  4726.7437  267.9612 -999.9000   18.1959    0.8108    9.5143   91.0483
 565.6299  4883.6231  267.1366 -999.9000   17.0603    0.7276    9.5044   91.0538
 554.4053  5040.5025  266.5871 -999.9000   13.5180    0.5634    8.8450   91.1400
 543.3471  5197.3819  265.9249 -999.9000   12.8562    0.5190    8.0977   91.2153
 532.4739  5354.2613  264.9133 -999.9000   22.2295    0.8459    8.5360   91.2112
 521.8251  5511.1407  263.8800 -999.9000   24.0761    0.8613    9.3254   91.1806
 511.3144  5668.0201  263.1041 -999.9000   14.1148    0.4842   10.0409   91.1583
 500.9731  5824.8995  261.7776 -999.9000   12.9968    0.4090   10.7780   91.1344
 490.8286  5981.7789  260.1805 -999.9000   18.4327    0.5200   10.9686   91.1143
 480.7236  6138.6583  259.0807 -999.9000   29.2785    0.7703   11.3384   91.0832
 470.8214  6295.5377  257.8058 -999.9000   31.5435    0.7621   11.4715   91.0728
 461.0900  6452.4171  256.3903 -999.9000   30.8740    0.6762   11.2281   90.9894
 451.4963  6609.2965  255.0997 -999.9000   32.0468    0.6422   10.2539   90.8335
 442.0676  6766.1759  254.0325 -999.9000   32.6193    0.6091    9.3963   90.7116
 432.8253  6923.0553  253.0732 -999.9000   32.3330    0.5674   10.3377   90.6964
 423.7241  7079.9347  251.6668 -999.9000   36.0368    0.5712   11.2490   90.7318
 414.7432  7236.8141  249.9591 -999.9000   41.2594    0.5742   11.0754   90.7585
 405.9174  7393.6935  248.9583 -999.9000   31.8405    0.4138   11.3296   90.7794
 397.1974  7550.5729  247.6626 -999.9000   27.2520    0.3219   11.6198   90.7881
 388.6475  7707.4523  246.2578 -999.9000   31.1721    0.3308   11.7837   90.8405
 380.2876  7864.3317  245.2273 -999.9000   34.8180    0.3433   12.0348   90.9010
 372.0784  8021.2111  244.3930 -999.9000   39.0828    0.3645   12.1987   90.8924
 363.9826  8178.0905  243.5807 -999.9000   45.2016    0.3994   12.1211   90.7526
 356.0087  8334.9698  242.7065 -999.9000   54.4310    0.4529   12.1130   90.7678
 348.2042  8491.8492  241.7894 -999.9000   60.5472    0.5188   12.7215   91.3797
 340.5609  8648.7286  240.9124 -999.9000   64.9311    0.5272   12.9594   91.7004
 333.0575  8805.6080  240.0254 -999.9000   65.5353    0.4852   12.9046   91.6152
 325.6771  8962.4874  239.0282 -999.9000   64.9596    0.4338   13.2031   91.4555
 318.4095  9119.3668  237.8047 -999.9000   65.7471    0.3977   14.1239   91.4682
 311.2701  9276.2462  236.1454 -999.9000   60.6479    0.3338   14.2811   91.4746
 304.2599  9433.1256  234.5521 -999.9000   55.4720    0.2938   14.5020   91.4194
 297.3812  9590.0050  233.4468 -999.9000   50.6347    0.2688   14.9785   91.3896
 290.6045  9746.8844  232.1804 -999.9000   45.4342    0.2331   15.2991   91.3805
 283.9369  9903.7638  230.7652 -999.9000   45.7343    0.2031   15.6667   91.3479
 277.3870 10060.6432  229.2472 -999.9000   45.5881    0.1789   16.0435   91.3074
 270.9631 10217.5226  227.6661 -999.9000   45.5290    0.1538   16.2973   91.2950
 264.6694 10374.4020  226.0966 -999.9000   45.6430    0.1244   16.3378   91.3378
 258.4744 10531.2814  224.8456 -999.9000   45.1569    0.1097   16.4660   91.3756
 252.3757 10688.1608  223.7954 -999.9000   45.4786    0.1034   16.7108   91.3933
 246.3812 10845.0402  222.7171 -999.9000   40.2091    0.0916   16.9903   91.3978
 240.4896 11001.9196  221.5036 -999.9000   35.6612    0.0742   17.2515   91.3965
 234.6950 11158.7990  220.1502 -999.9000   35.9211    0.0604   17.4650   91.3968
 229.0082 11315.6784  218.7534 -999.9000   35.4716    0.0528   17.6254   91.3986
 223.4492 11472.5578  217.4611 -999.9000   34.9514    0.0500   17.7394   91.3982
 218.0236 11629.4372  216.2494 -999.9000   30.1143    0.0480   17.5257   91.4126
 212.6609 11786.3166  214.5695 -999.9000   25.6029    0.0350   15.8343   91.5070
 207.3913 11943.1960  213.7327 -999.9000   23.7746    0.0295   14.6453   91.4951
 202.2510 12100.0754  214.4335 -999.9000   18.0129    0.0410   14.3305   91.5711
 197.2536 12256.9548  215.8303 -999.9000    9.1040    0.0304   12.3209   92.1270
 192.4469 12413.8342  218.2217 -999.9000    2.6478    0.0062   12.7616   91.9985
 187.8076 12570.7136  218.0367 -999.9000    0.2373    0.0003   12.9944   91.9213
 183.2603 12727.5930  216.7997 -999.9000    0.2960    0.0003   12.6919   91.8946
 178.8033 12884.4724  216.3855 -999.9000    0.0000    0.0000   12.4482   91.8603
 174.4458 13041.3518  216.7878 -999.9000    0.0133    0.0000   12.5705   91.7991
 170.1876 13198.2312  217.0123 -999.9000    0.0000    0.0000   13.0849   91.6668
 166.0391 13355.1106  217.1797 -999.9000    0.0000    0.0000   13.6940   91.5392
 162.0101 13511.9899  216.8027 -999.9000    0.0002    0.0000   13.9828   91.4198
 158.0706 13668.8693  215.8173 -999.9000    0.0000    0.0000   13.5900   91.3880
 154.1974 13825.7487  214.9430 -999.9000    0.0000    0.0000   12.4199   91.4693
 150.4126 13982.6281  214.8752 -999.9000    0.0000    0.0000   10.4981   91.5650
 146.7292 14139.5075  215.8033 -999.9000    0.0000    0.0000   10.4131   91.5673
 143.1108 14296.3869  214.0257 -999.9000    0.0000    0.0000   10.3260   91.5696
 139.5597 14453.2663  216.4446 -999.9000    0.0000    0.0000   10.2888   91.5684
 136.1266 14610.1457  214.1113 -999.9000    0.0000    0.0000   10.2766   91.5540
 132.7619 14767.0251  213.2462 -999.9000    0.0000    0.0000   10.2707   91.5347
 129.4754 14923.9045  214.2523 -999.9000    0.0000    0.0000   10.2651   91.5197
 126.2897 15080.7839  215.3718 -999.9000    0.0000    0.0000   10.2509   91.5108
 123.1790 15237.6633  216.6166 -999.9000    0.0000    0.0000   10.2661   91.4644
 120.1481 15394.5427  217.1099 -999.9000    0.0000    0.0000   10.1243   91.3748
 117.2138 15551.4221  216.4884 -999.9000    0.0000    0.0000    9.7656   91.2661
 114.3435 15708.3015  216.4186 -999.9000    0.0000    0.0000    9.4474   91.1464
 111.5416 15865.1809  216.2012 -999.9000    0.0000    0.0000    8.8719   91.1933
 108.8149 16022.0603  217.5410 -999.9000    0.0000    0.0000    8.0649   91.4869
 106.1648 16178.9397  217.6216 -999.9000    0.0000    0.0000    7.6126   91.3484
 103.5767 16335.8191  217.2806 -999.9000    0.0000    0.0000    6.1930   91.9971
 101.0524 16492.6985  219.3499 -999.9000    0.0000    0.0000    1.7279   90.4089
  98.6148 16649.5779  217.9803 -999.9000    0.0000    0.0000    0.9667   90.4014
  96.2203 16806.4573  217.2599 -999.9000    0.0000    0.0000    0.1553   90.4014
  93.8688 16963.3367  216.5610 -999.9000    0.0000    0.0000    1.2537   90.4014
  91.5836 17120.2161  216.4546 -999.9000    0.0000    0.0000    2.1384   90.4014
  89.3567 17277.0955  216.4436 -999.9000    0.0000    0.0000    2.7900   90.4014
  87.1784 17433.9749  215.9796 -999.9000    0.0000    0.0000    3.5051   90.3927
  85.0453 17590.8543  215.1747 -999.9000    0.0000    0.0000    4.4502   90.0754
  82.9608 17747.7337  214.8519 -999.9000    0.0000    0.0000    5.6519   90.9865
  80.9282 17904.6131  215.4946 -999.9000    0.0000    0.0000    6.8265   90.6807
  78.9484 18061.4925  216.1330 -999.9000    0.0000    0.0000    6.7454   90.4907
  77.0217 18218.3719  216.7977 -999.9000    0.0000    0.0000    5.8121   90.6714
  75.1483 18375.2513  217.8461 -999.9000    0.0000    0.0000    4.8809   90.9237
  73.3271 18532.1307  218.9367 -999.9000    0.0000    0.0000    4.2824   91.0464
  71.5556 18689.0101  219.0498 -999.9000    0.0000    0.0000    3.8386   90.9336
  69.8260 18845.8894  217.9209 -999.9000    0.0000    0.0000    3.2430   91.0562
  68.1227 19002.7688  217.6166 -999.9000    0.0000    0.0000    2.1289   91.7656
  66.4601 19159.6482  217.9521 -999.9000    0.0000    0.0000    1.1271   89.5288
  64.8418 19316.5276  218.4212 -999.9000    0.0000    0.0000    0.8474   87.4851
  63.2670 19473.4070  218.8104 -999.9000    0.0000    0.0000    1.4202   87.9468
  61.7318 19630.2864  219.3578 -999.9000    0.0000    0.0000    2.0367   88.3028
  60.2355 19787.1658  219.5575 -999.9000    0.0000    0.0000    2.8101   88.5476
  58.7762 19944.0452  219.2493 -999.9000    0.0000    0.0000    3.6807   88.9105
  57.3501 20100.9246  218.8596 -999.9000    0.0000    0.0000    4.1439   89.0671
  55.9562 20257.8040  218.5828 -999.9000    0.0000    0.0000    4.1024   88.9446
  54.5968 20414.6834  218.3394 -999.9000    0.0000    0.0000    3.9214   88.7725
  53.2731 20571.5628  218.2816 -999.9000    0.0000    0.0000    3.7640   88.6461
  51.9860 20728.4422  218.7202 -999.9000    0.0000    0.0000    3.6471   88.5640
  50.7361 20885.3216  219.9690 -999.9000    0.0000    0.0000    3.5849   88.5228
  49.5229 21042.2010  221.7394 -999.9000    0.0000    0.0000    3.5610   88.5126
  48.3394 21199.0804  221.1219 -999.9000    0.0000    0.0000    3.9246   88.5757
  47.1874 21355.9598  221.1924 -999.9000    0.0000    0.0000    5.0745   88.7747
  46.0647 21512.8392  221.5889 -999.9000    0.0000    0.0000    6.1258   88.9472
  44.9691 21669.7186  221.8324 -999.9000    0.0000    0.0000    6.3459   88.9570
  43.8989 21826.5980  221.8596 -999.9000    0.0000    0.0000    5.9673   88.8369
  42.8525 21983.4774  221.7311 -999.9000    0.0000    0.0000    5.5063   88.6697
  41.8295 22140.3568  221.4947 -999.9000    0.0000    0.0000    5.2519   88.5214
  40.8309 22297.2362  221.1787 -999.9000    0.0000    0.0000    5.1419   88.4316
  39.8584 22454.1156  220.8122 -999.9000    0.0000    0.0000    5.0842   88.4374
  38.9104 22610.9950  221.2216 -999.9000    0.0000    0.0000    5.2268   88.5046
  37.9838 22767.8744  222.5002 -999.9000    0.0000    0.0000    5.6261   88.5579
  37.0791 22924.7538  223.2116 -999.9000    0.0000    0.0000    5.9504   88.6106
  36.1962 23081.6332  223.3245 -999.9000    0.0000    0.0000    6.1839   88.6649
  35.3349 23238.5126  223.0567 -999.9000    0.0000    0.0000    6.3659   88.7211
  34.4951 23395.3920  222.6255 -999.9000    0.0000    0.0000    6.5363   88.7793
  33.6765 23552.2714  222.2486 -999.9000    0.0000    0.0000    6.7346   88.8396
  32.8792 23709.1508  222.1434 -999.9000    0.0000    0.0000    7.0007   88.9021
  32.1025 23866.0302  222.4520 -999.9000    0.0000    0.0000    7.3470   88.9664
  31.3447 24022.9095  223.0364 -999.9000    0.0000    0.0000    7.6853   89.0294
  30.6036 24179.7889  223.6946 -999.9000    0.0000    0.0000    7.9044   89.0878
  29.8779 24336.6683  224.1989 -999.9000    0.0000    0.0000    7.9125   89.1301
  29.1715 24493.5477  224.2600 -999.9000    0.0000    0.0000    7.8141   89.0898
  28.4842 24650.4271  224.1255 -999.9000    0.0000    0.0000    7.6620   88.9796
  27.8138 24807.3065  224.1641 -999.9000    0.0000    0.0000    7.4704   88.8366
  27.1583 24964.1859  224.7427 -999.9000    0.0000    0.0000    7.2530   88.6979
  26.5173 25121.0653  225.9223 -999.9000    0.0000    0.0000    7.0307   88.5852
  25.8939 25277.9447  227.1150 -999.9000    0.0000    0.0000    6.8383   88.4883
  25.2914 25434.8241  227.6502 -999.9000    0.0000    0.0000    6.7127   88.3927
  24.7096 25591.7035  227.1616 -999.9000    0.0000    0.0000    6.7352   88.3136
  24.1354 25748.5829  226.6345 -999.9000    0.0000    0.0000    7.0669   88.3442
  23.5706 25905.4623  226.4021 -999.9000    0.0000    0.0000    7.6101   88.4419
  23.0189 26062.3417  226.6734 -999.9000    0.0000    0.0000    8.2401   88.5480
  22.4826 26219.2211  227.5139 -999.9000    0.0000    0.0000    8.8563   88.6216
  21.9608 26376.1005  228.6177 -999.9000    0.0000    0.0000    9.4204   88.6692
  21.4521 26532.9799  229.6200 -999.9000    0.0000    0.0000    9.9042   88.7041
  20.9548 26689.8593  230.1560 -999.9000    0.0000    0.0000   10.2793   88.7401
  20.4676 26846.7387  229.8608 -999.9000    0.0000    0.0000   10.5174   88.7908
  19.9891 27003.6181  228.4048 -999.9000    0.0000    0.0000   10.5834   88.8671
  19.5243 27160.4975  227.5096 -999.9000    0.0000    0.0000   10.1155   88.8331
  19.0752 27317.3769  227.9625 -999.9000    0.0000    0.0000    9.1860   88.6652
  18.6391 27474.2563  229.1832 -999.9000    0.0000    0.0000    8.1892   88.4541
  18.2135 27631.1357  230.5914 -999.9000    0.0000    0.0000    7.5199   88.2905
  17.7959 27788.0151  231.6160 -999.9000    0.0000    0.0000    7.5496   88.2601
  17.3864 27944.8945  231.9098 -999.9000    0.0000    0.0000    8.0997   88.3267
  16.9866 28101.7739  231.4992 -999.9000    0.0000    0.0000    8.6889   88.3867
  16.5963 28258.6533  230.6807 -999.9000    0.0000    0.0000    9.2827   88.4341
  16.2153 28415.5327  229.7785 -999.9000    0.0000    0.0000    9.8955   88.4734
  15.8432 28572.4121  229.1162 -999.9000    0.0000    0.0000   10.5422   88.5095
  15.4798 28729.2915  229.0118 -999.9000    0.0000    0.0000   11.2353   88.5468
  15.1246 28886.1709  229.4265 -999.9000    0.0000    0.0000   11.8724   88.5881
  14.7769 29043.0503  229.8036 -999.9000    0.0000    0.0000   12.1901   88.6333
  14.4368 29199.9296  229.9790 -999.9000    0.0000    0.0000   12.1236   88.6841
  14.1043 29356.8090  230.0905 -999.9000    0.0000    0.0000   11.7542   88.7433
  13.7798 29513.6884  230.2814 -999.9000    0.0000    0.0000   11.1668   88.8140
  13.4633 29670.5678  230.6953 -999.9000    0.0000    0.0000   10.4456   88.8992
  13.1552 29827.4472  231.4755 -999.9000    0.0000    0.0000    9.6751   89.0018
  12.8555 29984.3266  232.7087 -999.9000    0.0000    0.0000    8.9379   89.1215
  12.5638 30141.2060  234.0825 -999.9000    0.0000    0.0000    8.3021   89.2343
  12.2794 30298.0854  235.1150 -999.9000    0.0000    0.0000    7.8297   89.3059
  12.0018 30454.9648  235.3238 -999.9000    0.0000    0.0000    7.5830   89.3022
  11.7304 30611.8442  234.4809 -999.9000    0.0000    0.0000    7.5831   89.2026
  11.4650 30768.7236  233.3980 -999.9000    0.0000    0.0000    7.6848   89.0420
  11.2056 30925.6030  233.1517 -999.9000    0.0000    0.0000    7.7005   88.8691
  10.9522 31082.4824  234.3939 -999.9000    0.0000    0.0000    7.5102   88.7216
  10.7056 31239.3618  235.9645 -999.9000    0.0000    0.0000    7.2831   88.5894
  10.4661 31396.2412  236.5453 -999.9000    0.0000    0.0000    7.2164   88.4534
  10.2318 31553.1206  236.2164 -999.9000    0.0000    0.0000    7.2956   88.3118
  10.0000 31710.0000  235.4328 -999.9000    0.0000    0.0000    7.4500   88.1674
