# 06610 LSMP Payerne Observations at 12Z 30 Jul 2008
# Radiosonde file generated by raso.rb
#
  P [hPa],     Z [m],    T [K],   Td [K],   RH [%], r [g/kg], WS [m/s], WD [deg]
 962.0000   491.0000  298.2060 -999.9000   66.2646   13.6900    2.0514   93.0543
 944.6891   647.8794  296.1858 -999.9000   67.8181   12.6302    4.5538   92.6754
 927.6873   804.7588  294.8329 -999.9000   79.5603   13.9071    2.2240   92.9144
 911.0964   961.6382  293.5762 -999.9000   80.0122   14.4362    0.4849   92.0428
 894.7070  1118.5176  292.6716 -999.9000   80.0051   14.3064    1.4670   90.9797
 878.5406  1275.3970  292.4037 -999.9000   80.0641   13.3485    2.4744   90.6229
 862.6769  1432.2764  291.0482 -999.9000   80.9702   13.5129    2.7276   90.4248
 846.9845  1589.1558  289.8245 -999.9000   80.2831   13.9027    4.3546   90.3491
 831.5533  1746.0352  289.4908 -999.9000   80.7534   13.2228    5.2582   90.3950
 816.3570  1902.9146  288.1858 -999.9000   80.6343   11.9693    6.3823   90.4496
 801.3249  2059.7940  286.6010 -999.9000   80.3471   11.5640    7.0224   90.4939
 786.5365  2216.6734  285.2490 -999.9000   80.1853   10.4184    7.7851   90.5367
 771.9169  2373.5528  284.0170 -999.9000   80.5650    8.7627    8.9889   90.5644
 757.5041  2530.4322  282.9584 -999.9000   80.4245    8.5006    9.5301   90.6155
 743.3854  2687.3116  282.3827 -999.9000   77.7744    7.5803    8.4277   90.6080
 729.2940  2844.1910  281.3076 -999.9000   60.3814    5.5688    8.1875   90.6173
 715.5826  3001.0704  280.2595 -999.9000   50.1191    4.3807    9.7675   90.6971
 702.0616  3157.9497  279.0753 -999.9000   51.5974    4.2344   11.0460   90.7782
 688.7126  3314.8291  277.5973 -999.9000   58.9127    4.4448   11.1290   90.8007
 675.5482  3471.7085  275.9702 -999.9000   68.2021    4.6752   11.3694   90.8205
 662.5494  3628.5879  274.4938 -999.9000   74.1401    4.6607   11.9639   90.8487
 649.7305  3785.4673  273.4846 -999.9000   67.2662    4.0055   12.2448   90.8627
 637.1240  3942.3467  272.6317 -999.9000   55.1371    3.1437   11.5497   90.9118
 624.7467  4099.2261  271.6171 -999.9000   50.1626    2.7055    9.9862   91.0167
 612.5275  4256.1055  270.5570 -999.9000   50.0956    2.5464    9.5372   91.0465
 600.5160  4412.9849  269.9493 -999.9000   38.2111    1.8919    9.8006   91.0390
 588.7253  4569.8643  269.3545 -999.9000   22.7641    1.0986    9.9679   91.0433
 577.1128  4726.7437  268.0621 -999.9000   18.1693    0.8108   10.0017   91.0483
 565.6299  4883.6231  267.2277 -999.9000   17.0382    0.7276    9.9481   91.0538
 554.4053  5040.5025  266.6684 -999.9000   13.5029    0.5634    9.2437   91.1400
 543.3471  5197.3819  265.9965 -999.9000   12.8441    0.5190    8.4505   91.2153
 532.4739  5354.2613  264.9755 -999.9000   22.2125    0.8459    8.8424   91.2112
 521.8251  5511.1407  263.9332 -999.9000   24.0619    0.8613    9.5852   91.1806
 511.3144  5668.0201  263.1486 -999.9000   14.1090    0.4842   10.2543   91.1583
 500.9731  5824.8995  261.8139 -999.9000   12.9938    0.4090   10.9457   91.1344
 490.8286  5981.7789  260.2090 -999.9000   18.4317    0.5200   11.0914   91.1143
 480.7236  6138.6583  259.1020 -999.9000   29.2819    0.7703   11.4175   91.0832
 470.8214  6295.5377  257.8206 -999.9000   31.5524    0.7621   11.5087   91.0728
 461.0900  6452.4171  256.3993 -999.9000   30.8877    0.6762   11.2254   90.9894
 451.4963  6609.2965  255.1037 -999.9000   32.0660    0.6422   10.2136   90.8335
 442.0676  6766.1759  254.0323 -999.9000   32.6437    0.6091    9.3211   90.7116
 432.8253  6923.0553  253.0698 -999.9000   32.3617    0.5674   10.2307   90.6964
 423.7241  7079.9347  251.6611 -999.9000   36.0734    0.5712   11.1137   90.7318
 414.7432  7236.8141  249.9522 -999.9000   41.3062    0.5742   10.9156   90.7585
 405.9174  7393.6935  248.9513 -999.9000   31.8800    0.4138   11.1495   90.7794
 397.1974  7550.5729  247.6567 -999.9000   27.2883    0.3219   11.4239   90.7881
 388.6475  7707.4523  246.2540 -999.9000   31.2161    0.3308   11.5763   90.8405
 380.2876  7864.3317  245.2268 -999.9000   34.8694    0.3433   11.8200   90.9010
 372.0784  8021.2111  244.3966 -999.9000   39.1426    0.3645   11.9802   90.8924
 363.9826  8178.0905  243.5890 -999.9000   45.2727    0.3994   11.9025   90.7526
 356.0087  8334.9698  242.7202 -999.9000   54.5182    0.4529   11.8974   90.7678
 348.2042  8491.8492  241.8090 -999.9000   60.6452    0.5188   12.5116   91.3797
 340.5609  8648.7286  240.9383 -999.9000   65.0366    0.5272   12.7578   91.7004
 333.0575  8805.6080  240.0578 -999.9000   65.6414    0.4852   12.7135   91.6152
 325.6771  8962.4874  239.0672 -999.9000   65.0637    0.4338   13.0245   91.4555
 318.4095  9119.3668  237.8503 -999.9000   65.8506    0.3977   13.9593   91.4682
 311.2701  9276.2462  236.1975 -999.9000   60.7410    0.3338   14.1318   91.4746
 304.2599  9433.1256  234.6104 -999.9000   55.5544    0.2938   14.3690   91.4194
 297.3812  9590.0050  233.5110 -999.9000   50.7069    0.2688   14.8624   91.3896
 290.6045  9746.8844  232.2499 -999.9000   45.4959    0.2331   15.2004   91.3805
 283.9369  9903.7638  230.8394 -999.9000   45.7928    0.2031   15.5853   91.3479
 277.3870 10060.6432  229.3253 -999.9000   45.6424    0.1789   15.9792   91.3074
 270.9631 10217.5226  227.7474 -999.9000   45.5788    0.1538   16.2495   91.2950
 264.6694 10374.4020  226.1799 -999.9000   45.6881    0.1244   16.3057   91.3378
 258.4744 10531.2814  224.9298 -999.9000   45.1964    0.1097   16.4484   91.3756
 252.3757 10688.1608  223.8792 -999.9000   45.5128    0.1034   16.7061   91.3933
 246.3812 10845.0402  222.7993 -999.9000   40.2341    0.0916   16.9968   91.3978
 240.4896 11001.9196  221.5826 -999.9000   35.6784    0.0742   17.2670   91.3965
 234.6950 11158.7990  220.2245 -999.9000   35.9332    0.0604   17.4875   91.3968
 229.0082 11315.6784  218.8217 -999.9000   35.4782    0.0528   17.6530   91.3986
 223.4492 11472.5578  217.5219 -999.9000   34.9524    0.0500   17.7704   91.3982
 218.0236 11629.4372  216.3017 -999.9000   30.1104    0.0480   17.5585   91.4126
 212.6609 11786.3166  214.6121 -999.9000   25.5953    0.0350   15.8675   91.5070
 207.3913 11943.1960  213.7646 -999.9000   23.7637    0.0295   14.6778   91.4951
 202.2510 12100.0754  214.4539 -999.9000   18.0017    0.0410   14.3614   91.5711
 197.2536 12256.9548  215.8382 -999.9000    9.0968    0.0304   12.3493   92.1270
 192.4469 12413.8342  218.2164 -999.9000    2.6453    0.0062   12.7869   91.9985
 187.8076 12570.7136  218.0176 -999.9000    0.2370    0.0003   13.0162   91.9213
 183.2603 12727.5930  216.7663 -999.9000    0.2956    0.0003   12.7100   91.8946
 178.8033 12884.4724  216.3373 -999.9000    0.0000    0.0000   12.4625   91.8603
 174.4458 13041.3518  216.7244 -999.9000    0.0133    0.0000   12.5811   91.7991
 170.1876 13198.2312  216.9335 -999.9000    0.0000    0.0000   13.0922   91.6668
 166.0391 13355.1106  217.0853 -999.9000    0.0000    0.0000   13.6985   91.5392
 162.0101 13511.9899  216.6926 -999.9000    0.0002    0.0000   13.9852   91.4198
 158.0706 13668.8693  215.6916 -999.9000    0.0000    0.0000   13.5911   91.3880
 154.1974 13825.7487  214.8018 -999.9000    0.0000    0.0000   12.4208   91.4693
 150.4126 13982.6281  214.7187 -999.9000    0.0000    0.0000   10.5001   91.5650
 146.7292 14139.5075  215.6317 -999.9000    0.0000    0.0000   10.4175   91.5673
 143.1108 14296.3869  213.8395 -999.9000    0.0000    0.0000   10.3346   91.5696
 139.5597 14453.2663  216.2442 -999.9000    0.0000    0.0000   10.3033   91.5684
 136.1266 14610.1457  213.8973 -999.9000    0.0000    0.0000   10.2987   91.5540
 132.7619 14767.0251  213.0193 -999.9000    0.0000    0.0000   10.3018   91.5347
 129.4754 14923.9045  214.0131 -999.9000    0.0000    0.0000   10.3065   91.5197
 126.2897 15080.7839  215.1211 -999.9000    0.0000    0.0000   10.3032   91.5108
 123.1790 15237.6633  216.3552 -999.9000    0.0000    0.0000   10.3300   91.4644
 120.1481 15394.5427  216.8387 -999.9000    0.0000    0.0000   10.2000   91.3748
 117.2138 15551.4221  216.2083 -999.9000    0.0000    0.0000    9.8530   91.2661
 114.3435 15708.3015  216.1306 -999.9000    0.0000    0.0000    9.5462   91.1464
 111.5416 15865.1809  215.9064 -999.9000    0.0000    0.0000    8.9814   91.1933
 108.8149 16022.0603  217.2405 -999.9000    0.0000    0.0000    8.1842   91.4869
 106.1648 16178.9397  217.3166 -999.9000    0.0000    0.0000    7.7405   91.3484
 103.5767 16335.8191  216.9724 -999.9000    0.0000    0.0000    6.3279   91.9971
 101.0524 16492.6985  219.0398 -999.9000    0.0000    0.0000    1.8680   90.4089
  98.6148 16649.5779  217.6696 -999.9000    0.0000    0.0000    1.1098   90.4014
  96.2203 16806.4573  216.9502 -999.9000    0.0000    0.0000    0.2990   90.4014
  93.8688 16963.3367  216.2538 -999.9000    0.0000    0.0000    1.3953   90.4014
  91.5836 17120.2161  216.1513 -999.9000    0.0000    0.0000    2.2749   90.4014
  89.3567 17277.0955  216.1459 -999.9000    0.0000    0.0000    2.9180   90.4014
  87.1784 17433.9749  215.6893 -999.9000    0.0000    0.0000    3.6210   90.3927
  85.0453 17590.8543  214.8934 -999.9000    0.0000    0.0000    4.5502   90.0754
  82.9608 17747.7337  214.5816 -999.9000    0.0000    0.0000    5.7316   90.9865
  80.9282 17904.6131  215.2371 -999.9000    0.0000    0.0000    6.8816   90.6807
  78.9484 18061.4925  215.8901 -999.9000    0.0000    0.0000    6.7714   90.4907
  77.0217 18218.3719  216.5711 -999.9000    0.0000    0.0000    5.8048   90.6714
  75.1483 18375.2513  217.6372 -999.9000    0.0000    0.0000    4.8369   90.9237
  73.3271 18532.1307  218.7467 -999.9000    0.0000    0.0000    4.1985   91.0464
  71.5556 18689.0101  218.8797 -999.9000    0.0000    0.0000    3.7120   90.9336
  69.8260 18845.8894  217.7717 -999.9000    0.0000    0.0000    3.0716   91.0562
  68.1227 19002.7688  217.4888 -999.9000    0.0000    0.0000    1.9108   91.7656
  66.4601 19159.6482  217.8462 -999.9000    0.0000    0.0000    0.8608   89.5288
  64.8418 19316.5276  218.3375 -999.9000    0.0000    0.0000    0.5321   87.4851
  63.2670 19473.4070  218.7488 -999.9000    0.0000    0.0000    1.0553   87.9468
  61.7318 19630.2864  219.3182 -999.9000    0.0000    0.0000    1.6222   88.3028
  60.2355 19787.1658  219.5396 -999.9000    0.0000    0.0000    2.3464   88.5476
  58.7762 19944.0452  219.2525 -999.9000    0.0000    0.0000    3.1685   88.9105
  57.3501 20100.9246  218.8832 -999.9000    0.0000    0.0000    3.5846   89.0671
  55.9562 20257.8040  218.6258 -999.9000    0.0000    0.0000    3.4976   88.9446
  54.5968 20414.6834  218.4007 -999.9000    0.0000    0.0000    3.2733   88.7725
  53.2731 20571.5628  218.3598 -999.9000    0.0000    0.0000    3.0752   88.6461
  51.9860 20728.4422  218.8138 -999.9000    0.0000    0.0000    2.9206   88.5640
  50.7361 20885.3216  220.0763 -999.9000    0.0000    0.0000    2.8242   88.5228
  49.5229 21042.2010  221.8584 -999.9000    0.0000    0.0000    2.7699   88.5126
  48.3394 21199.0804  221.2504 -999.9000    0.0000    0.0000    3.1076   88.5757
  47.1874 21355.9598  221.3281 -999.9000    0.0000    0.0000    4.2363   88.7747
  46.0647 21512.8392  221.7295 -999.9000    0.0000    0.0000    5.2713   88.9472
  44.9691 21669.7186  221.9756 -999.9000    0.0000    0.0000    5.4800   88.9570
  43.8989 21826.5980  222.0033 -999.9000    0.0000    0.0000    5.0945   88.8369
  42.8525 21983.4774  221.8734 -999.9000    0.0000    0.0000    4.6311   88.6697
  41.8295 22140.3568  221.6338 -999.9000    0.0000    0.0000    4.3784   88.5214
  40.8309 22297.2362  221.3131 -999.9000    0.0000    0.0000    4.2739   88.4316
  39.8584 22454.1156  220.9404 -999.9000    0.0000    0.0000    4.2257   88.4374
  38.9104 22610.9950  221.3425 -999.9000    0.0000    0.0000    4.3811   88.5046
  37.9838 22767.8744  222.6126 -999.9000    0.0000    0.0000    4.7965   88.5579
  37.0791 22924.7538  223.3147 -999.9000    0.0000    0.0000    5.1401   88.6106
  36.1962 23081.6332  223.4175 -999.9000    0.0000    0.0000    5.3956   88.6649
  35.3349 23238.5126  223.1391 -999.9000    0.0000    0.0000    5.6023   88.7211
  34.4951 23395.3920  222.6968 -999.9000    0.0000    0.0000    5.7999   88.7793
  33.6765 23552.2714  222.3087 -999.9000    0.0000    0.0000    6.0276   88.8396
  32.8792 23709.1508  222.1922 -999.9000    0.0000    0.0000    6.3252   88.9021
  32.1025 23866.0302  222.4895 -999.9000    0.0000    0.0000    6.7047   88.9664
  31.3447 24022.9095  223.0630 -999.9000    0.0000    0.0000    7.0778   89.0294
  30.6036 24179.7889  223.7107 -999.9000    0.0000    0.0000    7.3330   89.0878
  29.8779 24336.6683  224.2052 -999.9000    0.0000    0.0000    7.3784   89.1301
  29.1715 24493.5477  224.2572 -999.9000    0.0000    0.0000    7.3183   89.0898
  28.4842 24650.4271  224.1146 -999.9000    0.0000    0.0000    7.2051   88.9796
  27.8138 24807.3065  224.1462 -999.9000    0.0000    0.0000    7.0529   88.8366
  27.1583 24964.1859  224.7189 -999.9000    0.0000    0.0000    6.8753   88.6979
  26.5173 25121.0653  225.8939 -999.9000    0.0000    0.0000    6.6929   88.5852
  25.8939 25277.9447  227.0832 -999.9000    0.0000    0.0000    6.5405   88.4883
  25.2914 25434.8241  227.6159 -999.9000    0.0000    0.0000    6.4546   88.3927
  24.7096 25591.7035  227.1258 -999.9000    0.0000    0.0000    6.5167   88.3136
  24.1354 25748.5829  226.5982 -999.9000    0.0000    0.0000    6.8875   88.3442
  23.5706 25905.4623  226.3661 -999.9000    0.0000    0.0000    7.4694   88.4419
  23.0189 26062.3417  226.6385 -999.9000    0.0000    0.0000    8.1372   88.5480
  22.4826 26219.2211  227.4810 -999.9000    0.0000    0.0000    8.7905   88.6216
  21.9608 26376.1005  228.5873 -999.9000    0.0000    0.0000    9.3906   88.6692
  21.4521 26532.9799  229.5929 -999.9000    0.0000    0.0000    9.9093   88.7041
  20.9548 26689.8593  230.1327 -999.9000    0.0000    0.0000   10.3180   88.7401
  20.4676 26846.7387  229.8418 -999.9000    0.0000    0.0000   10.5884   88.7908
  19.9891 27003.6181  228.3905 -999.9000    0.0000    0.0000   10.6851   88.8671
  19.5243 27160.4975  227.5004 -999.9000    0.0000    0.0000   10.2461   88.8331
  19.0752 27317.3769  227.9588 -999.9000    0.0000    0.0000    9.3437   88.6652
  18.6391 27474.2563  229.1852 -999.9000    0.0000    0.0000    8.3720   88.4541
  18.2135 27631.1357  230.5994 -999.9000    0.0000    0.0000    7.7257   88.2905
  17.7959 27788.0151  231.6300 -999.9000    0.0000    0.0000    7.7762   88.2601
  17.3864 27944.8945  231.9299 -999.9000    0.0000    0.0000    8.3446   88.3267
  16.9866 28101.7739  231.5255 -999.9000    0.0000    0.0000    8.9495   88.3867
  16.5963 28258.6533  230.7132 -999.9000    0.0000    0.0000    9.5563   88.4341
  16.2153 28415.5327  229.8170 -999.9000    0.0000    0.0000   10.1793   88.4734
  15.8432 28572.4121  229.1605 -999.9000    0.0000    0.0000   10.8332   88.5095
  15.4798 28729.2915  229.0617 -999.9000    0.0000    0.0000   11.5303   88.5468
  15.1246 28886.1709  229.4818 -999.9000    0.0000    0.0000   12.1682   88.5881
  14.7769 29043.0503  229.8638 -999.9000    0.0000    0.0000   12.4832   88.6333
  14.4368 29199.9296  230.0439 -999.9000    0.0000    0.0000   12.4104   88.6841
  14.1043 29356.8090  230.1595 -999.9000    0.0000    0.0000   12.0311   88.7433
  13.7798 29513.6884  230.3540 -999.9000    0.0000    0.0000   11.4298   88.8140
  13.4633 29670.5678  230.7708 -999.9000    0.0000    0.0000   10.6908   88.8992
  13.1552 29827.4472  231.5534 -999.9000    0.0000    0.0000    9.8984   89.0018
  12.8555 29984.3266  232.7882 -999.9000    0.0000    0.0000    9.1349   89.1215
  12.5638 30141.2060  234.1629 -999.9000    0.0000    0.0000    8.4684   89.2343
  12.2794 30298.0854  235.1955 -999.9000    0.0000    0.0000    7.9608   89.3059
  12.0018 30454.9648  235.4034 -999.9000    0.0000    0.0000    7.6741   89.3022
  11.7304 30611.8442  234.5587 -999.9000    0.0000    0.0000    7.6294   89.2026
  11.4650 30768.7236  233.4730 -999.9000    0.0000    0.0000    7.6812   89.0420
  11.2056 30925.6030  233.2228 -999.9000    0.0000    0.0000    7.6419   88.8691
  10.9522 31082.4824  234.4599 -999.9000    0.0000    0.0000    7.3913   88.7216
  10.7056 31239.3618  236.0243 -999.9000    0.0000    0.0000    7.0986   88.5894
  10.4661 31396.2412  236.5976 -999.9000    0.0000    0.0000    6.9605   88.4534
  10.2318 31553.1206  236.2599 -999.9000    0.0000    0.0000    6.9627   88.3118
  10.0000 31710.0000  235.4661 -999.9000    0.0000    0.0000    7.0342   88.1674
