# 06610 LSMP Payerne Observations at 12Z 30 Jul 2008
# Radiosonde file generated by raso.rb
#
  P [hPa],     Z [m],    T [K],   Td [K],   RH [%], r [g/kg], WS [m/s], WD [deg]
 962.0000   491.0000  298.3325 -999.9000   66.1985   13.6900    2.3170   93.0543
 944.6891   647.8794  296.3149 -999.9000   67.7568   12.6302    4.7201   92.6754
 927.6873   804.7588  294.9641 -999.9000   79.4948   13.9071    2.3003   92.9144
 911.0964   961.6382  293.7091 -999.9000   79.9518   14.4362    0.4803   92.0428
 894.7070  1118.5176  292.8058 -999.9000   79.9493   14.3064    1.3899   90.9797
 878.5406  1275.3970  292.5388 -999.9000   80.0120   13.3485    2.3331   90.6229
 862.6769  1432.2764  291.1839 -999.9000   80.9203   13.5129    2.5301   90.4248
 846.9845  1589.1558  289.9603 -999.9000   80.2357   13.9027    4.1084   90.3491
 831.5533  1746.0352  289.6264 -999.9000   80.7072   13.2228    4.9706   90.3950
 816.3570  1902.9146  288.3208 -999.9000   80.5888   11.9693    6.0603   90.4496
 801.3249  2059.7940  286.7350 -999.9000   80.3018   11.5640    6.6724   90.4939
 786.5365  2216.6734  285.3816 -999.9000   80.1395   10.4184    7.4135   90.5367
 771.9169  2373.5528  284.1480 -999.9000   80.5179    8.7627    8.6015   90.5644
 757.5041  2530.4322  283.0874 -999.9000   80.3759    8.5006    9.1326   90.6155
 743.3854  2687.3116  282.5094 -999.9000   77.7254    7.5803    8.0252   90.6080
 729.2940  2844.1910  281.4317 -999.9000   60.3415    5.5688    7.7849   90.6173
 715.5826  3001.0704  280.3807 -999.9000   50.0842    4.3807    9.3693   90.6971
 702.0616  3157.9497  279.1932 -999.9000   51.5595    4.2344   10.6566   90.7782
 688.7126  3314.8291  277.7117 -999.9000   58.8670    4.4448   10.7521   90.8007
 675.5482  3471.7085  276.0808 -999.9000   68.1462    4.6752   11.0086   90.8205
 662.5494  3628.5879  274.6003 -999.9000   74.0759    4.6607   11.6224   90.8487
 649.7305  3785.4673  273.5868 -999.9000   67.2048    4.0055   11.9255   90.8627
 637.1240  3942.3467  272.7292 -999.9000   55.0841    3.1437   11.2550   90.9118
 624.7467  4099.2261  271.7098 -999.9000   50.1120    2.7055    9.7184   91.0167
 612.5275  4256.1055  270.6446 -999.9000   50.0427    2.5464    9.2981   91.0465
 600.5160  4412.9849  270.0317 -999.9000   38.1690    1.8919    9.5917   91.0390
 588.7253  4569.8643  269.4313 -999.9000   22.7380    1.0986    9.7903   91.0433
 577.1128  4726.7437  268.1332 -999.9000   18.1477    0.8108    9.8564   91.0483
 565.6299  4883.6231  267.2928 -999.9000   17.0172    0.7276    9.8355   91.0538
 554.4053  5040.5025  266.7273 -999.9000   13.4858    0.5634    9.1639   91.1400
 543.3471  5197.3819  266.0491 -999.9000   12.8274    0.5190    8.4034   91.2153
 532.4739  5354.2613  265.0216 -999.9000   22.1831    0.8459    8.8275   91.2112
 521.8251  5511.1407  263.9726 -999.9000   24.0295    0.8613    9.6016   91.1806
 511.3144  5668.0201  263.1812 -999.9000   14.0898    0.4842   10.3008   91.1583
 500.9731  5824.8995  261.8394 -999.9000   12.9760    0.4090   11.0207   91.1344
 490.8286  5981.7789  260.2274 -999.9000   18.4064    0.5200   11.1931   91.1143
 480.7236  6138.6583  259.1132 -999.9000   29.2418    0.7703   11.5438   91.0832
 470.8214  6295.5377  257.8243 -999.9000   31.5097    0.7621   11.6569   91.0728
 461.0900  6452.4171  256.3955 -999.9000   30.8466    0.6762   11.3926   90.9894
 451.4963  6609.2965  255.0923 -999.9000   32.0244    0.6422   10.3966   90.8335
 442.0676  6766.1759  254.0131 -999.9000   32.6027    0.6091    9.5164   90.7116
 432.8253  6923.0553  253.0428 -999.9000   32.3227    0.5674   10.4344   90.6964
 423.7241  7079.9347  251.6262 -999.9000   36.0324    0.5712   11.3215   90.7318
 414.7432  7236.8141  249.9093 -999.9000   41.2623    0.5742   11.1229   90.7585
 405.9174  7393.6935  248.9004 -999.9000   31.8490    0.4138   11.3515   90.7794
 397.1974  7550.5729  247.5976 -999.9000   27.2645    0.3219   11.6153   90.7881
 388.6475  7707.4523  246.1868 -999.9000   31.1925    0.3308   11.7523   90.8405
 380.2876  7864.3317  245.1514 -999.9000   34.8474    0.3433   11.9762   90.9010
 372.0784  8021.2111  244.3131 -999.9000   39.1232    0.3645   12.1128   90.8924
 363.9826  8178.0905  243.4976 -999.9000   45.2567    0.3994   12.0082   90.7526
 356.0087  8334.9698  242.6209 -999.9000   54.5072    0.4529   11.9736   90.7678
 348.2042  8491.8492  241.7021 -999.9000   60.6425    0.5188   12.5562   91.3797
 340.5609  8648.7286  240.8239 -999.9000   65.0442    0.5272   12.7692   91.7004
 333.0575  8805.6080  239.9361 -999.9000   65.6598    0.4852   12.6907   91.6152
 325.6771  8962.4874  238.9386 -999.9000   65.0927    0.4338   12.9670   91.4555
 318.4095  9119.3668  237.7151 -999.9000   65.8911    0.3977   13.8673   91.4682
 311.2701  9276.2462  236.0560 -999.9000   60.7884    0.3338   14.0058   91.4746
 304.2599  9433.1256  234.4631 -999.9000   55.6070    0.2938   14.2103   91.4194
 297.3812  9590.0050  233.3582 -999.9000   50.7631    0.2688   14.6727   91.3896
 290.6045  9746.8844  232.0922 -999.9000   45.5534    0.2331   14.9820   91.3805
 283.9369  9903.7638  230.6773 -999.9000   45.8576    0.2031   15.3411   91.3479
 277.3870 10060.6432  229.1594 -999.9000   45.7136    0.1789   15.7127   91.3074
 270.9631 10217.5226  227.5782 -999.9000   45.6561    0.1538   15.9645   91.2950
 264.6694 10374.4020  226.0081 -999.9000   45.7713    0.1244   16.0068   91.3378
 258.4744 10531.2814  224.7561 -999.9000   45.2839    0.1097   16.1407   91.3756
 252.3757 10688.1608  223.7044 -999.9000   45.6056    0.1034   16.3953   91.3933
 246.3812 10845.0402  222.6239 -999.9000   40.3197    0.0916   16.6890   91.3978
 240.4896 11001.9196  221.4076 -999.9000   35.7570    0.0742   16.9690   91.3965
 234.6950 11158.7990  220.0507 -999.9000   36.0145    0.0604   17.2057   91.3968
 229.0082 11315.6784  218.6499 -999.9000   35.5601    0.0528   17.3932   91.3986
 223.4492 11472.5578  217.3531 -999.9000   35.0343    0.0500   17.5379   91.3982
 218.0236 11629.4372  216.1366 -999.9000   30.1816    0.0480   17.3580   91.4126
 212.6609 11786.3166  214.4518 -999.9000   25.6562    0.0350   15.7028   91.5070
 207.3913 11943.1960  213.6099 -999.9000   23.8202    0.0295   14.5523   91.4951
 202.2510 12100.0754  214.3057 -999.9000   18.0444    0.0410   14.2777   91.5711
 197.2536 12256.9548  215.6976 -999.9000    9.1183    0.0304   12.3095   92.1270
 192.4469 12413.8342  218.0844 -999.9000    2.6515    0.0062   12.7925   91.9985
 187.8076 12570.7136  217.8951 -999.9000    0.2376    0.0003   13.0677   91.9213
 183.2603 12727.5930  216.6545 -999.9000    0.2963    0.0003   12.8077   91.8946
 178.8033 12884.4724  216.2371 -999.9000    0.0000    0.0000   12.6059   91.8603
 174.4458 13041.3518  216.6369 -999.9000    0.0133    0.0000   12.7690   91.7991
 170.1876 13198.2312  216.8599 -999.9000    0.0000    0.0000   13.3228   91.6668
 166.0391 13355.1106  217.0267 -999.9000    0.0000    0.0000   13.9694   91.5392
 162.0101 13511.9899  216.6501 -999.9000    0.0002    0.0000   14.2933   91.4198
 158.0706 13668.8693  215.6664 -999.9000    0.0000    0.0000   13.9328   91.3880
 154.1974 13825.7487  214.7950 -999.9000    0.0000    0.0000   12.7917   91.4693
 150.4126 13982.6281  214.7316 -999.9000    0.0000    0.0000   10.8951   91.5650
 146.7292 14139.5075  215.6656 -999.9000    0.0000    0.0000   10.8311   91.5673
 143.1108 14296.3869  213.8956 -999.9000    0.0000    0.0000   10.7605   91.5696
 139.5597 14453.2663  216.3237 -999.9000    0.0000    0.0000   10.7347   91.5684
 136.1266 14610.1457  214.0014 -999.9000    0.0000    0.0000   10.7287   91.5540
 132.7619 14767.0251  213.1487 -999.9000    0.0000    0.0000   10.7240   91.5347
 129.4754 14923.9045  214.1686 -999.9000    0.0000    0.0000   10.7150   91.5197
 126.2897 15080.7839  215.3029 -999.9000    0.0000    0.0000   10.6928   91.5108
 123.1790 15237.6633  216.5633 -999.9000    0.0000    0.0000   10.6957   91.4644
 120.1481 15394.5427  217.0729 -999.9000    0.0000    0.0000   10.5375   91.3748
 117.2138 15551.4221  216.4681 -999.9000    0.0000    0.0000   10.1585   91.2661
 114.3435 15708.3015  216.4152 -999.9000    0.0000    0.0000    9.8165   91.1464
 111.5416 15865.1809  216.2147 -999.9000    0.0000    0.0000    9.2137   91.1933
 108.8149 16022.0603  217.5712 -999.9000    0.0000    0.0000    8.3761   91.4869
 106.1648 16178.9397  217.6680 -999.9000    0.0000    0.0000    7.8903   91.3484
 103.5767 16335.8191  217.3427 -999.9000    0.0000    0.0000    6.4344   91.9971
 101.0524 16492.6985  219.4268 -999.9000    0.0000    0.0000    1.9305   90.4089
  98.6148 16649.5779  218.0709 -999.9000    0.0000    0.0000    1.1280   90.4014
  96.2203 16806.4573  217.3631 -999.9000    0.0000    0.0000    0.2732   90.4014
  93.8688 16963.3367  216.6752 -999.9000    0.0000    0.0000    1.3264   90.4014
  91.5836 17120.2161  216.5781 -999.9000    0.0000    0.0000    2.1642   90.4014
  89.3567 17277.0955  216.5745 -999.9000    0.0000    0.0000    2.7673   90.4014
  87.1784 17433.9749  216.1158 -999.9000    0.0000    0.0000    3.4327   90.3927
  85.0453 17590.8543  215.3138 -999.9000    0.0000    0.0000    4.3272   90.0754
  82.9608 17747.7337  214.9915 -999.9000    0.0000    0.0000    5.4773   90.9865
  80.9282 17904.6131  215.6319 -999.9000    0.0000    0.0000    6.5998   90.6807
  78.9484 18061.4925  216.2653 -999.9000    0.0000    0.0000    6.4662   90.4907
  77.0217 18218.3719  216.9226 -999.9000    0.0000    0.0000    5.4801   90.6714
  75.1483 18375.2513  217.9616 -999.9000    0.0000    0.0000    4.4963   90.9237
  73.3271 18532.1307  219.0411 -999.9000    0.0000    0.0000    3.8456   91.0464
  71.5556 18689.0101  219.1417 -999.9000    0.0000    0.0000    3.3501   90.9336
  69.8260 18845.8894  217.9995 -999.9000    0.0000    0.0000    2.7036   91.0562
  68.1227 19002.7688  217.6810 -999.9000    0.0000    0.0000    1.5397   91.7656
  66.4601 19159.6482  218.0022 -999.9000    0.0000    0.0000    0.4892   89.5288
  64.8418 19316.5276  218.4569 -999.9000    0.0000    0.0000    0.1625   87.4851
  63.2670 19473.4070  218.8321 -999.9000    0.0000    0.0000    0.6900   87.9468
  61.7318 19630.2864  219.3662 -999.9000    0.0000    0.0000    1.2631   88.3028
  60.2355 19787.1658  219.5536 -999.9000    0.0000    0.0000    1.9954   88.5476
  58.7762 19944.0452  219.2346 -999.9000    0.0000    0.0000    2.8273   88.9105
  57.3501 20100.9246  218.8359 -999.9000    0.0000    0.0000    3.2545   89.0671
  55.9562 20257.8040  218.5521 -999.9000    0.0000    0.0000    3.1799   88.9446
  54.5968 20414.6834  218.3041 -999.9000    0.0000    0.0000    2.9690   88.7725
  53.2731 20571.5628  218.2445 -999.9000    0.0000    0.0000    2.7851   88.6461
  51.9860 20728.4422  218.6845 -999.9000    0.0000    0.0000    2.6453   88.5640
  50.7361 20885.3216  219.9380 -999.9000    0.0000    0.0000    2.5642   88.5228
  49.5229 21042.2010  221.7171 -999.9000    0.0000    0.0000    2.5253   88.5126
  48.3394 21199.0804  221.1123 -999.9000    0.0000    0.0000    2.8784   88.5757
  47.1874 21355.9598  221.2000 -999.9000    0.0000    0.0000    4.0224   88.7747
  46.0647 21512.8392  221.6183 -999.9000    0.0000    0.0000    5.0723   88.9472
  44.9691 21669.7186  221.8876 -999.9000    0.0000    0.0000    5.2954   88.9570
  43.8989 21826.5980  221.9444 -999.9000    0.0000    0.0000    4.9239   88.8369
  42.8525 21983.4774  221.8486 -999.9000    0.0000    0.0000    4.4738   88.6697
  41.8295 22140.3568  221.6477 -999.9000    0.0000    0.0000    4.2339   88.5214
  40.8309 22297.2362  221.3695 -999.9000    0.0000    0.0000    4.1415   88.4316
  39.8584 22454.1156  221.0426 -999.9000    0.0000    0.0000    4.1046   88.4374
  38.9104 22610.9950  221.4930 -999.9000    0.0000    0.0000    4.2706   88.5046
  37.9838 22767.8744  222.8135 -999.9000    0.0000    0.0000    4.6956   88.5579
  37.0791 22924.7538  223.5674 -999.9000    0.0000    0.0000    5.0480   88.6106
  36.1962 23081.6332  223.7227 -999.9000    0.0000    0.0000    5.3112   88.6649
  35.3349 23238.5126  223.4969 -999.9000    0.0000    0.0000    5.5247   88.7211
  34.4951 23395.3920  223.1069 -999.9000    0.0000    0.0000    5.7279   88.7793
  33.6765 23552.2714  222.7698 -999.9000    0.0000    0.0000    5.9600   88.8396
  32.8792 23709.1508  222.7027 -999.9000    0.0000    0.0000    6.2608   88.9021
  32.1025 23866.0302  223.0470 -999.9000    0.0000    0.0000    6.6422   88.9664
  31.3447 24022.9095  223.6645 -999.9000    0.0000    0.0000    7.0157   89.0294
  30.6036 24179.7889  224.3526 -999.9000    0.0000    0.0000    7.2701   89.0878
  29.8779 24336.6683  224.8833 -999.9000    0.0000    0.0000    7.3131   89.1301
  29.1715 24493.5477  224.9667 -999.9000    0.0000    0.0000    7.2490   89.0898
  28.4842 24650.4271  224.8499 -999.9000    0.0000    0.0000    7.1303   88.9796
  27.8138 24807.3065  224.9013 -999.9000    0.0000    0.0000    6.9709   88.8366
  27.1583 24964.1859  225.4875 -999.9000    0.0000    0.0000    6.7844   88.6979
  26.5173 25121.0653  226.6697 -999.9000    0.0000    0.0000    6.5916   88.5852
  25.8939 25277.9447  227.8602 -999.9000    0.0000    0.0000    6.4274   88.4883
  25.2914 25434.8241  228.3887 -999.9000    0.0000    0.0000    6.3287   88.3927
  24.7096 25591.7035  227.8891 -999.9000    0.0000    0.0000    6.3768   88.3136
  24.1354 25748.5829  227.3471 -999.9000    0.0000    0.0000    6.7328   88.3442
  23.5706 25905.4623  227.0958 -999.9000    0.0000    0.0000    7.2992   88.4419
  23.0189 26062.3417  227.3448 -999.9000    0.0000    0.0000    7.9511   88.5480
  22.4826 26219.2211  228.1598 -999.9000    0.0000    0.0000    8.5880   88.6216
  21.9608 26376.1005  229.2350 -999.9000    0.0000    0.0000    9.1716   88.6692
  21.4521 26532.9799  230.2061 -999.9000    0.0000    0.0000    9.6738   88.7041
  20.9548 26689.8593  230.7082 -999.9000    0.0000    0.0000   10.0663   88.7401
  20.4676 26846.7387  230.3768 -999.9000    0.0000    0.0000   10.3206   88.7908
  19.9891 27003.6181  228.8827 -999.9000    0.0000    0.0000   10.4018   88.8671
  19.5243 27160.4975  227.9475 -999.9000    0.0000    0.0000    9.9481   88.8331
  19.0752 27317.3769  228.3590 -999.9000    0.0000    0.0000    9.0316   88.6652
  18.6391 27474.2563  229.5369 -999.9000    0.0000    0.0000    8.0469   88.4541
  18.2135 27631.1357  230.9014 -999.9000    0.0000    0.0000    7.3888   88.2905
  17.7959 27788.0151  231.8814 -999.9000    0.0000    0.0000    7.4288   88.2601
  17.3864 27944.8945  232.1302 -999.9000    0.0000    0.0000    7.9881   88.3267
  16.9866 28101.7739  231.6743 -999.9000    0.0000    0.0000    8.5858   88.3867
  16.5963 28258.6533  230.8104 -999.9000    0.0000    0.0000    9.1871   88.4341
  16.2153 28415.5327  229.8631 -999.9000    0.0000    0.0000    9.8066   88.4734
  15.8432 28572.4121  229.1561 -999.9000    0.0000    0.0000   10.4592   88.5095
  15.4798 28729.2915  229.0077 -999.9000    0.0000    0.0000   11.1573   88.5468
  15.1246 28886.1709  229.3794 -999.9000    0.0000    0.0000   11.7987   88.5881
  14.7769 29043.0503  229.7147 -999.9000    0.0000    0.0000   12.1200   88.6333
  14.4368 29199.9296  229.8499 -999.9000    0.0000    0.0000   12.0563   88.6841
  14.1043 29356.8090  229.9227 -999.9000    0.0000    0.0000   11.6890   88.7433
  13.7798 29513.6884  230.0770 -999.9000    0.0000    0.0000   11.1030   88.8140
  13.4633 29670.5678  230.4564 -999.9000    0.0000    0.0000   10.3826   88.8992
  13.1552 29827.4472  231.2047 -999.9000    0.0000    0.0000    9.6124   89.0018
  12.8555 29984.3266  232.4087 -999.9000    0.0000    0.0000    8.8747   89.1215
  12.5638 30141.2060  233.7562 -999.9000    0.0000    0.0000    8.2378   89.2343
  12.2794 30298.0854  234.7656 -999.9000    0.0000    0.0000    7.7639   89.3059
  12.0018 30454.9648  234.9548 -999.9000    0.0000    0.0000    7.5151   89.3022
  11.7304 30611.8442  234.0960 -999.9000    0.0000    0.0000    7.5126   89.2026
  11.4650 30768.7236  233.0012 -999.9000    0.0000    0.0000    7.6112   89.0420
  11.2056 30925.6030  232.7472 -999.9000    0.0000    0.0000    7.6234   88.8691
  10.9522 31082.4824  233.9861 -999.9000    0.0000    0.0000    7.4291   88.7216
  10.7056 31239.3618  235.5581 -999.9000    0.0000    0.0000    7.1976   88.5894
  10.4661 31396.2412  236.1453 -999.9000    0.0000    0.0000    7.1261   88.4534
  10.2318 31553.1206  235.8280 -999.9000    0.0000    0.0000    7.2002   88.3118
  10.0000 31710.0000  235.0615 -999.9000    0.0000    0.0000    7.3491   88.1674
