# 06610 LSMP Payerne Observations at 12Z 30 Jul 2008
# Radiosonde file generated by raso.rb
#
  P [hPa],     Z [m],    T [K],   Td [K],   RH [%], r [g/kg], WS [m/s], WD [deg]
 962.0000   491.0000  298.2089 -999.9000   66.1999   13.6900    2.1301   93.0543
 944.6891   647.8794  296.1915 -999.9000   67.7562   12.6302    4.6056   92.6754
 927.6873   804.7588  294.8401 -999.9000   79.4925   13.9071    2.2509   92.9144
 911.0964   961.6382  293.5838 -999.9000   79.9487   14.4362    0.4889   92.0428
 894.7070  1118.5176  292.6786 -999.9000   79.9461   14.3064    1.4500   90.9797
 878.5406  1275.3970  292.4090 -999.9000   80.0094   13.3485    2.4382   90.6229
 862.6769  1432.2764  291.0510 -999.9000   80.9190   13.5129    2.6741   90.4248
 846.9845  1589.1558  289.8237 -999.9000   80.2364   13.9027    4.2855   90.3491
 831.5533  1746.0352  289.4856 -999.9000   80.7103   13.2228    5.1752   90.3950
 816.3570  1902.9146  288.1754 -999.9000   80.5950   11.9693    6.2870   90.4496
 801.3249  2059.7940  286.5847 -999.9000   80.3116   11.5640    6.9164   90.4939
 786.5365  2216.6734  285.2259 -999.9000   80.1533   10.4184    7.6700   90.5367
 771.9169  2373.5528  283.9866 -999.9000   80.5363    8.7627    8.8661   90.5644
 757.5041  2530.4322  282.9201 -999.9000   80.3991    8.5006    9.4011   90.6155
 743.3854  2687.3116  282.3359 -999.9000   77.7528    7.5803    8.2937   90.6080
 729.2940  2844.1910  281.2519 -999.9000   60.3669    5.5688    8.0499   90.6173
 715.5826  3001.0704  280.1944 -999.9000   50.1090    4.3807    9.6275   90.6971
 702.0616  3157.9497  279.0004 -999.9000   51.5889    4.2344   10.9049   90.7782
 688.7126  3314.8291  277.5124 -999.9000   58.9051    4.4448   10.9878   90.8007
 675.5482  3471.7085  275.8748 -999.9000   68.1958    4.6752   11.2292   90.8205
 662.5494  3628.5879  274.3878 -999.9000   74.1357    4.6607   11.8257   90.8487
 649.7305  3785.4673  273.3678 -999.9000   67.2646    4.0055   12.1097   90.8627
 637.1240  3942.3467  272.5039 -999.9000   55.1377    3.1437   11.4185   90.9118
 624.7467  4099.2261  271.4784 -999.9000   50.1649    2.7055    9.8598   91.0167
 612.5275  4256.1055  270.4073 -999.9000   50.0996    2.5464    9.4164   91.0465
 600.5160  4412.9849  269.7887 -999.9000   38.2155    1.8919    9.6861   91.0390
 588.7253  4569.8643  269.1829 -999.9000   22.7675    1.0986    9.8604   91.0433
 577.1128  4726.7437  267.8799 -999.9000   18.1726    0.8108    9.9019   91.0483
 565.6299  4883.6231  267.0349 -999.9000   17.0419    0.7276    9.8565   91.0538
 554.4053  5040.5025  266.4653 -999.9000   13.5063    0.5634    9.1608   91.1400
 543.3471  5197.3819  265.7835 -999.9000   12.8478    0.5190    8.3769   91.2153
 532.4739  5354.2613  264.7529 -999.9000   22.2198    0.8459    8.7784   91.2112
 521.8251  5511.1407  263.7013 -999.9000   24.0708    0.8613    9.5311   91.1806
 511.3144  5668.0201  262.9080 -999.9000   14.1148    0.4842   10.2105   91.1583
 500.9731  5824.8995  261.5650 -999.9000   12.9997    0.4090   10.9124   91.1344
 490.8286  5981.7789  259.9525 -999.9000   18.4408    0.5200   11.0687   91.1143
 480.7236  6138.6583  258.8384 -999.9000   29.2976    0.7703   11.4057   91.0832
 470.8214  6295.5377  257.5506 -999.9000   31.5708    0.7621   11.5078   91.0728
 461.0900  6452.4171  256.1237 -999.9000   30.9072    0.6762   11.2353   90.9894
 451.4963  6609.2965  254.8232 -999.9000   32.0878    0.6422   10.2345   90.8335
 442.0676  6766.1759  253.7478 -999.9000   32.6675    0.6091    9.3527   90.7116
 432.8253  6923.0553  252.7821 -999.9000   32.3870    0.5674   10.2730   90.6964
 423.7241  7079.9347  251.3712 -999.9000   36.1036    0.5712   11.1664   90.7318
 414.7432  7236.8141  249.6612 -999.9000   41.3431    0.5742   10.9784   90.7585
 405.9174  7393.6935  248.6601 -999.9000   31.9104    0.4138   11.2221   90.7794
 397.1974  7550.5729  247.3664 -999.9000   27.3160    0.3219   11.5060   90.7881
 388.6475  7707.4523  245.9658 -999.9000   31.2498    0.3308   11.6674   90.8405
 380.2876  7864.3317  244.9418 -999.9000   34.9094    0.3433   11.9197   90.9010
 372.0784  8021.2111  244.1159 -999.9000   39.1901    0.3645   12.0881   90.8924
 363.9826  8178.0905  243.3140 -999.9000   45.3307    0.3994   12.0180   90.7526
 356.0087  8334.9698  242.4521 -999.9000   54.5919    0.4529   12.0200   90.7678
 348.2042  8491.8492  241.5491 -999.9000   60.7313    0.5188   12.6407   91.3797
 340.5609  8648.7286  240.6878 -999.9000   65.1334    0.5272   12.8929   91.7004
 333.0575  8805.6080  239.8181 -999.9000   65.7436    0.4852   12.8540   91.6152
 325.6771  8962.4874  238.8396 -999.9000   65.1693    0.4338   13.1696   91.4555
 318.4095  9119.3668  237.6363 -999.9000   65.9619    0.3977   14.1085   91.4682
 311.2701  9276.2462  235.9984 -999.9000   60.8475    0.3338   14.2842   91.4746
 304.2599  9433.1256  234.4277 -999.9000   55.6553    0.2938   14.5241   91.4194
 297.3812  9590.0050  233.3461 -999.9000   50.8019    0.2688   15.0193   91.3896
 290.6045  9746.8844  232.1044 -999.9000   45.5836    0.2331   15.3583   91.3805
 283.9369  9903.7638  230.7149 -999.9000   45.8835    0.2031   15.7434   91.3479
 277.3870 10060.6432  229.2232 -999.9000   45.7350    0.1789   16.1366   91.3074
 270.9631 10217.5226  227.6693 -999.9000   45.6733    0.1538   16.4054   91.2950
 264.6694 10374.4020  226.1275 -999.9000   45.7846    0.1244   16.4591   91.3378
 258.4744 10531.2814  224.9047 -999.9000   45.2933    0.1097   16.5984   91.3756
 252.3757 10688.1608  223.8832 -999.9000   45.6117    0.1034   16.8518   91.3933
 246.3812 10845.0402  222.8339 -999.9000   40.3224    0.0916   17.1371   91.3978
 240.4896 11001.9196  221.6496 -999.9000   35.7573    0.0742   17.4009   91.3965
 234.6950 11158.7990  220.3255 -999.9000   36.0130    0.0604   17.6140   91.3968
 229.0082 11315.6784  218.9580 -999.9000   35.5571    0.0528   17.7712   91.3986
 223.4492 11472.5578  217.6948 -999.9000   35.0301    0.0500   17.8795   91.3982
 218.0236 11629.4372  216.5118 -999.9000   30.1770    0.0480   17.6577   91.4126
 212.6609 11786.3166  214.8602 -999.9000   25.6517    0.0350   15.9562   91.5070
 207.3913 11943.1960  214.0510 -999.9000   23.8156    0.0295   14.7554   91.4951
 202.2510 12100.0754  214.7787 -999.9000   18.0406    0.0410   14.4273   91.5711
 197.2536 12256.9548  216.2015 -999.9000    9.1163    0.0304   12.4031   92.1270
 192.4469 12413.8342  218.6177 -999.9000    2.6509    0.0062   12.8283   91.9985
 187.8076 12570.7136  218.4564 -999.9000    0.2375    0.0003   13.0448   91.9213
 183.2603 12727.5930  217.2419 -999.9000    0.2962    0.0003   12.7257   91.8946
 178.8033 12884.4724  216.8485 -999.9000    0.0000    0.0000   12.4652   91.8603
 174.4458 13041.3518  217.2700 -999.9000    0.0133    0.0000   12.5708   91.7991
 170.1876 13198.2312  217.5119 -999.9000    0.0000    0.0000   13.0688   91.6668
 166.0391 13355.1106  217.6948 -999.9000    0.0000    0.0000   13.6622   91.5392
 162.0101 13511.9899  217.3313 -999.9000    0.0002    0.0000   13.9361   91.4198
 158.0706 13668.8693  216.3571 -999.9000    0.0000    0.0000   13.5296   91.3880
 154.1974 13825.7487  215.4917 -999.9000    0.0000    0.0000   12.3472   91.4693
 150.4126 13982.6281  215.4303 -999.9000    0.0000    0.0000   10.4147   91.5650
 146.7292 14139.5075  216.3621 -999.9000    0.0000    0.0000   10.3210   91.5673
 143.1108 14296.3869  214.5854 -999.9000    0.0000    0.0000   10.2275   91.5696
 139.5597 14453.2663  217.0022 -999.9000    0.0000    0.0000   10.1863   91.5684
 136.1266 14610.1457  214.6640 -999.9000    0.0000    0.0000   10.1725   91.5540
 132.7619 14767.0251  213.7913 -999.9000    0.0000    0.0000   10.1672   91.5347
 129.4754 14923.9045  214.7872 -999.9000    0.0000    0.0000   10.1641   91.5197
 126.2897 15080.7839  215.8941 -999.9000    0.0000    0.0000   10.1540   91.5108
 123.1790 15237.6633  217.1242 -999.9000    0.0000    0.0000   10.1747   91.4644
 120.1481 15394.5427  217.6007 -999.9000    0.0000    0.0000   10.0394   91.3748
 117.2138 15551.4221  216.9607 -999.9000    0.0000    0.0000    9.6881   91.2661
 114.3435 15708.3015  216.8706 -999.9000    0.0000    0.0000    9.3777   91.1464
 111.5416 15865.1809  216.6315 -999.9000    0.0000    0.0000    8.8104   91.1933
 108.8149 16022.0603  217.9483 -999.9000    0.0000    0.0000    8.0115   91.4869
 106.1648 16178.9397  218.0047 -999.9000    0.0000    0.0000    7.5670   91.3484
 103.5767 16335.8191  217.6387 -999.9000    0.0000    0.0000    6.1546   91.9971
 101.0524 16492.6985  219.6822 -999.9000    0.0000    0.0000    1.6960   90.4089
  98.6148 16649.5779  218.2862 -999.9000    0.0000    0.0000    0.9401   90.4014
  96.2203 16806.4573  217.5390 -999.9000    0.0000    0.0000    0.1326   90.4014
  93.8688 16963.3367  216.8132 -999.9000    0.0000    0.0000    1.2333   90.4014
  91.5836 17120.2161  216.6797 -999.9000    0.0000    0.0000    2.1184   90.4014
  89.3567 17277.0955  216.6418 -999.9000    0.0000    0.0000    2.7681   90.4014
  87.1784 17433.9749  216.1512 -999.9000    0.0000    0.0000    3.4789   90.3927
  85.0453 17590.8543  215.3202 -999.9000    0.0000    0.0000    4.4169   90.0754
  82.9608 17747.7337  214.9720 -999.9000    0.0000    0.0000    5.6085   90.9865
  80.9282 17904.6131  215.5901 -999.9000    0.0000    0.0000    6.7698   90.6807
  78.9484 18061.4925  216.2049 -999.9000    0.0000    0.0000    6.6720   90.4907
  77.0217 18218.3719  216.8469 -999.9000    0.0000    0.0000    5.7190   90.6714
  75.1483 18375.2513  217.8735 -999.9000    0.0000    0.0000    4.7654   90.9237
  73.3271 18532.1307  218.9430 -999.9000    0.0000    0.0000    4.1421   91.0464
  71.5556 18689.0101  219.0360 -999.9000    0.0000    0.0000    3.6714   90.9336
  69.8260 18845.8894  217.8877 -999.9000    0.0000    0.0000    3.0471   91.0562
  68.1227 19002.7688  217.5647 -999.9000    0.0000    0.0000    1.9028   91.7656
  66.4601 19159.6482  217.8823 -999.9000    0.0000    0.0000    0.8694   89.5288
  64.8418 19316.5276  218.3342 -999.9000    0.0000    0.0000    0.5574   87.4851
  63.2670 19473.4070  218.7068 -999.9000    0.0000    0.0000    1.0972   87.9468
  61.7318 19630.2864  219.2382 -999.9000    0.0000    0.0000    1.6804   88.3028
  60.2355 19787.1658  219.4226 -999.9000    0.0000    0.0000    2.4205   88.5476
  58.7762 19944.0452  219.0996 -999.9000    0.0000    0.0000    3.2580   88.9105
  57.3501 20100.9246  218.6957 -999.9000    0.0000    0.0000    3.6887   89.0671
  55.9562 20257.8040  218.4051 -999.9000    0.0000    0.0000    3.6156   88.9446
  54.5968 20414.6834  218.1485 -999.9000    0.0000    0.0000    3.4042   88.7725
  53.2731 20571.5628  218.0778 -999.9000    0.0000    0.0000    3.2179   88.6461
  51.9860 20728.4422  218.5040 -999.9000    0.0000    0.0000    3.0738   88.5640
  50.7361 20885.3216  219.7407 -999.9000    0.0000    0.0000    2.9866   88.5228
  49.5229 21042.2010  221.4994 -999.9000    0.0000    0.0000    2.9399   88.5126
  48.3394 21199.0804  220.8705 -999.9000    0.0000    0.0000    3.2836   88.5757
  47.1874 21355.9598  220.9299 -999.9000    0.0000    0.0000    4.4164   88.7747
  46.0647 21512.8392  221.3156 -999.9000    0.0000    0.0000    5.4538   88.9472
  44.9691 21669.7186  221.5486 -999.9000    0.0000    0.0000    5.6629   88.9570
  43.8989 21826.5980  221.5659 -999.9000    0.0000    0.0000    5.2763   88.8369
  42.8525 21983.4774  221.4281 -999.9000    0.0000    0.0000    4.8101   88.6697
  41.8295 22140.3568  221.1830 -999.9000    0.0000    0.0000    4.5532   88.5214
  40.8309 22297.2362  220.8591 -999.9000    0.0000    0.0000    4.4431   88.4316
  39.8584 22454.1156  220.4856 -999.9000    0.0000    0.0000    4.3880   88.4374
  38.9104 22610.9950  220.8890 -999.9000    0.0000    0.0000    4.5354   88.5046
  37.9838 22767.8744  222.1626 -999.9000    0.0000    0.0000    4.9416   88.5579
  37.0791 22924.7538  222.8702 -999.9000    0.0000    0.0000    5.2751   88.6106
  36.1962 23081.6332  222.9805 -999.9000    0.0000    0.0000    5.5196   88.6649
  35.3349 23238.5126  222.7116 -999.9000    0.0000    0.0000    5.7146   88.7211
  34.4951 23395.3920  222.2807 -999.9000    0.0000    0.0000    5.8997   88.7793
  33.6765 23552.2714  221.9057 -999.9000    0.0000    0.0000    6.1143   88.8396
  32.8792 23709.1508  221.8040 -999.9000    0.0000    0.0000    6.3984   88.9021
  32.1025 23866.0302  222.1178 -999.9000    0.0000    0.0000    6.7640   88.9664
  31.3447 24022.9095  222.7093 -999.9000    0.0000    0.0000    7.1228   89.0294
  30.6036 24179.7889  223.3765 -999.9000    0.0000    0.0000    7.3636   89.0878
  29.8779 24336.6683  223.8920 -999.9000    0.0000    0.0000    7.3945   89.1301
  29.1715 24493.5477  223.9663 -999.9000    0.0000    0.0000    7.3199   89.0898
  28.4842 24650.4271  223.8473 -999.9000    0.0000    0.0000    7.1924   88.9796
  27.8138 24807.3065  223.9037 -999.9000    0.0000    0.0000    7.0261   88.8366
  27.1583 24964.1859  224.5024 -999.9000    0.0000    0.0000    6.8346   88.6979
  26.5173 25121.0653  225.7043 -999.9000    0.0000    0.0000    6.6388   88.5852
  25.8939 25277.9447  226.9212 -999.9000    0.0000    0.0000    6.4733   88.4883
  25.2914 25434.8241  227.4822 -999.9000    0.0000    0.0000    6.3749   88.3927
  24.7096 25591.7035  227.0207 -999.9000    0.0000    0.0000    6.4249   88.3136
  24.1354 25748.5829  226.5220 -999.9000    0.0000    0.0000    6.7843   88.3442
  23.5706 25905.4623  226.3189 -999.9000    0.0000    0.0000    7.3554   88.4419
  23.0189 26062.3417  226.6202 -999.9000    0.0000    0.0000    8.0133   88.5480
  22.4826 26219.2211  227.4911 -999.9000    0.0000    0.0000    8.6574   88.6216
  21.9608 26376.1005  228.6256 -999.9000    0.0000    0.0000    9.2491   88.6692
  21.4521 26532.9799  229.6586 -999.9000    0.0000    0.0000    9.7604   88.7041
  20.9548 26689.8593  230.2250 -999.9000    0.0000    0.0000   10.1628   88.7401
  20.4676 26846.7387  229.9596 -999.9000    0.0000    0.0000   10.4277   88.7908
  19.9891 27003.6181  228.5328 -999.9000    0.0000    0.0000   10.5202   88.8671
  19.5243 27160.4975  227.6658 -999.9000    0.0000    0.0000   10.0782   88.8331
  19.0752 27317.3769  228.1457 -999.9000    0.0000    0.0000    9.1739   88.6652
  18.6391 27474.2563  229.3919 -999.9000    0.0000    0.0000    8.2016   88.4541
  18.2135 27631.1357  230.8241 -999.9000    0.0000    0.0000    7.5561   88.2905
  17.7959 27788.0151  231.8706 -999.9000    0.0000    0.0000    7.6089   88.2601
  17.3864 27944.8945  232.1842 -999.9000    0.0000    0.0000    8.1809   88.3267
  16.9866 28101.7739  231.7910 -999.9000    0.0000    0.0000    8.7911   88.3867
  16.5963 28258.6533  230.9873 -999.9000    0.0000    0.0000    9.4048   88.4341
  16.2153 28415.5327  230.0970 -999.9000    0.0000    0.0000   10.0363   88.4734
  15.8432 28572.4121  229.4435 -999.9000    0.0000    0.0000   10.7005   88.5095
  15.4798 28729.2915  229.3445 -999.9000    0.0000    0.0000   11.4096   88.5468
  15.1246 28886.1709  229.7611 -999.9000    0.0000    0.0000   12.0614   88.5881
  14.7769 29043.0503  230.1362 -999.9000    0.0000    0.0000   12.3923   88.6333
  14.4368 29199.9296  230.3056 -999.9000    0.0000    0.0000   12.3373   88.6841
  14.1043 29356.8090  230.4068 -999.9000    0.0000    0.0000   11.9778   88.7433
  13.7798 29513.6884  230.5829 -999.9000    0.0000    0.0000   11.3986   88.8140
  13.4633 29670.5678  230.9771 -999.9000    0.0000    0.0000   10.6836   88.8992
  13.1552 29827.4472  231.7327 -999.9000    0.0000    0.0000    9.9176   89.0018
  12.8555 29984.3266  232.9361 -999.9000    0.0000    0.0000    9.1828   89.1215
  12.5638 30141.2060  234.2745 -999.9000    0.0000    0.0000    8.5473   89.2343
  12.2794 30298.0854  235.2660 -999.9000    0.0000    0.0000    8.0731   89.3059
  12.0018 30454.9648  235.4277 -999.9000    0.0000    0.0000    7.8224   89.3022
  11.7304 30611.8442  234.5316 -999.9000    0.0000    0.0000    7.8161   89.2026
  11.4650 30768.7236  233.3891 -999.9000    0.0000    0.0000    7.9090   89.0420
  11.2056 30925.6030  233.0764 -999.9000    0.0000    0.0000    7.9134   88.8691
  10.9522 31082.4824  234.2454 -999.9000    0.0000    0.0000    7.7092   88.7216
  10.7056 31239.3618  235.7356 -999.9000    0.0000    0.0000    7.4657   88.5894
  10.4661 31396.2412  236.2286 -999.9000    0.0000    0.0000    7.3797   88.4534
  10.2318 31553.1206  235.8044 -999.9000    0.0000    0.0000    7.4369   88.3118
  10.0000 31710.0000  234.9175 -999.9000    0.0000    0.0000    7.5663   88.1674
