# 06610 LSMP Payerne Observations at 12Z 30 Jul 2008
# Radiosonde file generated by raso.rb
#
  P [hPa],     Z [m],    T [K],   Td [K],   RH [%], r [g/kg], WS [m/s], WD [deg]
 962.0000   491.0000  297.4150 -999.9000   66.2088   13.6900    1.9932   93.0543
 944.6891   647.8794  295.4695 -999.9000   67.7705   12.6302    4.4181   92.6754
 927.6873   804.7588  294.1857 -999.9000   79.5146   13.9071    2.0177   92.9144
 911.0964   961.6382  292.9927 -999.9000   79.9754   14.4362    0.2148   92.0428
 894.7070  1118.5176  292.1467 -999.9000   79.9765   14.3064    1.1396   90.9797
 878.5406  1275.3970  291.9323 -999.9000   80.0426   13.3485    2.0959   90.6229
 862.6769  1432.2764  290.6256 -999.9000   80.9548   13.5129    2.3041   90.4248
 846.9845  1589.1558  289.4459 -999.9000   80.2732   13.9027    3.8918   90.3491
 831.5533  1746.0352  289.1517 -999.9000   80.7481   13.2228    4.7617   90.3950
 816.3570  1902.9146  287.8820 -999.9000   80.6327   11.9693    5.8574   90.4496
 801.3249  2059.7940  286.3283 -999.9000   80.3484   11.5640    6.4742   90.4939
 786.5365  2216.6734  285.0034 -999.9000   80.1887   10.4184    7.2185   90.5367
 771.9169  2373.5528  283.7947 -999.9000   80.5699    8.7627    8.4084   90.5644
 757.5041  2530.4322  282.7558 -999.9000   80.4301    8.5006    8.9402   90.6155
 743.3854  2687.3116  282.1964 -999.9000   77.7798    7.5803    7.8324   90.6080
 729.2940  2844.1910  281.1344 -999.9000   60.3852    5.5688    7.5908   90.6173
 715.5826  3001.0704  280.0962 -999.9000   50.1215    4.3807    9.1730   90.6971
 702.0616  3157.9497  278.9190 -999.9000   51.5989    4.2344   10.4572   90.7782
 688.7126  3314.8291  277.4453 -999.9000   58.9127    4.4448   10.5490   90.8007
 675.5482  3471.7085  275.8198 -999.9000   68.1999    4.6752   10.8012   90.8205
 662.5494  3628.5879  274.3428 -999.9000   74.1347    4.6607   11.4102   90.8487
 649.7305  3785.4673  273.3307 -999.9000   67.2584    4.0055   11.7083   90.8627
 637.1240  3942.3467  272.4728 -999.9000   55.1280    3.1437   11.0324   90.9118
 624.7467  4099.2261  271.4515 -999.9000   50.1517    2.7055    9.4902   91.0167
 612.5275  4256.1055  270.3829 -999.9000   50.0819    2.5464    9.0642   91.0465
 600.5160  4412.9849  269.7653 -999.9000   38.1983    1.8919    9.3523   91.0390
 588.7253  4569.8643  269.1591 -999.9000   22.7550    1.0986    9.5454   91.0433
 577.1128  4726.7437  267.8543 -999.9000   18.1609    0.8108    9.6063   91.0483
 565.6299  4883.6231  267.0064 -999.9000   17.0291    0.7276    9.5805   91.0538
 554.4053  5040.5025  266.4328 -999.9000   13.4947    0.5634    8.9045   91.1400
 543.3471  5197.3819  265.7461 -999.9000   12.8354    0.5190    8.1401   91.2153
 532.4739  5354.2613  264.7098 -999.9000   22.1960    0.8459    8.5609   91.2112
 521.8251  5511.1407  263.6518 -999.9000   24.0423    0.8613    9.3325   91.1806
 511.3144  5668.0201  262.8515 -999.9000   14.0965    0.4842   10.0301   91.1583
 500.9731  5824.8995  261.5010 -999.9000   12.9814    0.4090   10.7493   91.1344
 490.8286  5981.7789  259.8807 -999.9000   18.4128    0.5200   10.9220   91.1143
 480.7236  6138.6583  258.7588 -999.9000   29.2498    0.7703   11.2742   91.0832
 470.8214  6295.5377  257.4629 -999.9000   31.5157    0.7621   11.3901   91.0728
 461.0900  6452.4171  256.0280 -999.9000   30.8498    0.6762   11.1300   90.9894
 451.4963  6609.2965  254.7197 -999.9000   32.0246    0.6422   10.1396   90.8335
 442.0676  6766.1759  253.6367 -999.9000   32.5996    0.6091    9.2665   90.7116
 432.8253  6923.0553  252.6639 -999.9000   32.3162    0.5674   10.1934   90.6964
 423.7241  7079.9347  251.2464 -999.9000   36.0209    0.5712   11.0911   90.7318
 414.7432  7236.8141  249.5304 -999.9000   41.2440    0.5742   10.9050   90.7585
 405.9174  7393.6935  248.5241 -999.9000   31.8307    0.4138   11.1480   90.7794
 397.1974  7550.5729  247.2261 -999.9000   27.2450    0.3219   11.4283   90.7881
 388.6475  7707.4523  245.8222 -999.9000   31.1656    0.3308   11.5837   90.8405
 380.2876  7864.3317  244.7955 -999.9000   34.8122    0.3433   11.8274   90.9010
 372.0784  8021.2111  243.9679 -999.9000   39.0776    0.3645   11.9850   90.8924
 363.9826  8178.0905  243.1649 -999.9000   45.1967    0.3994   11.9023   90.7526
 356.0087  8334.9698  242.3026 -999.9000   54.4261    0.4529   11.8901   90.7678
 348.2042  8491.8492  241.3997 -999.9000   60.5425    0.5188   12.4951   91.3797
 340.5609  8648.7286  240.5392 -999.9000   64.9264    0.5272   12.7305   91.7004
 333.0575  8805.6080  239.6707 -999.9000   65.5306    0.4852   12.6738   91.6152
 325.6771  8962.4874  238.6939 -999.9000   64.9545    0.4338   12.9711   91.4555
 318.4095  9119.3668  237.4926 -999.9000   65.7411    0.3977   13.8912   91.4682
 311.2701  9276.2462  235.8570 -999.9000   60.6412    0.3338   14.0480   91.4746
 304.2599  9433.1256  234.2890 -999.9000   55.4647    0.2938   14.2690   91.4194
 297.3812  9590.0050  233.2102 -999.9000   50.6266    0.2688   14.7457   91.3896
 290.6045  9746.8844  231.9715 -999.9000   45.4255    0.2331   15.0667   91.3805
 283.9369  9903.7638  230.5850 -999.9000   45.7239    0.2031   15.4347   91.3479
 277.3870 10060.6432  229.0965 -999.9000   45.5758    0.1789   15.8120   91.3074
 270.9631 10217.5226  227.5458 -999.9000   45.5147    0.1538   16.0660   91.2950
 264.6694 10374.4020  226.0070 -999.9000   45.6264    0.1244   16.1067   91.3378
 258.4744 10531.2814  224.7872 -999.9000   45.1381    0.1097   16.2347   91.3756
 252.3757 10688.1608  223.7684 -999.9000   45.4572    0.1034   16.4789   91.3933
 246.3812 10845.0402  222.7216 -999.9000   40.1879    0.0916   16.7574   91.3978
 240.4896 11001.9196  221.5396 -999.9000   35.6402    0.0742   17.0170   91.3965
 234.6950 11158.7990  220.2174 -999.9000   35.8976    0.0604   17.2283   91.3968
 229.0082 11315.6784  218.8514 -999.9000   35.4461    0.0528   17.3862   91.3986
 223.4492 11472.5578  217.5892 -999.9000   34.9239    0.0500   17.4974   91.3982
 218.0236 11629.4372  216.4069 -999.9000   30.0886    0.0480   17.2807   91.4126
 212.6609 11786.3166  214.7555 -999.9000   25.5793    0.0350   15.5863   91.5070
 207.3913 11943.1960  213.9459 -999.9000   23.7512    0.0295   14.3943   91.4951
 202.2510 12100.0754  214.6726 -999.9000   17.9939    0.0410   14.0768   91.5711
 197.2536 12256.9548  216.0938 -999.9000    9.0938    0.0304   12.0647   92.1270
 192.4469 12413.8342  218.5078 -999.9000    2.6447    0.0062   12.5034   91.9985
 187.8076 12570.7136  218.3436 -999.9000    0.2370    0.0003   12.7346   91.9213
 183.2603 12727.5930  217.1253 -999.9000    0.2956    0.0003   12.4313   91.8946
 178.8033 12884.4724  216.7275 -999.9000    0.0000    0.0000   12.1875   91.8603
 174.4458 13041.3518  217.1437 -999.9000    0.0133    0.0000   12.3106   91.7991
 170.1876 13198.2312  217.3795 -999.9000    0.0000    0.0000   12.8267   91.6668
 166.0391 13355.1106  217.5554 -999.9000    0.0000    0.0000   13.4388   91.5392
 162.0101 13511.9899  217.1839 -999.9000    0.0002    0.0000   13.7317   91.4198
 158.0706 13668.8693  216.2008 -999.9000    0.0000    0.0000   13.3445   91.3880
 154.1974 13825.7487  215.3254 -999.9000    0.0000    0.0000   12.1813   91.4693
 150.4126 13982.6281  215.2529 -999.9000    0.0000    0.0000   10.2681   91.5650
 146.7292 14139.5075  216.1726 -999.9000    0.0000    0.0000   10.1933   91.5673
 143.1108 14296.3869  214.3826 -999.9000    0.0000    0.0000   10.1183   91.5696
 139.5597 14453.2663  216.7850 -999.9000    0.0000    0.0000   10.0952   91.5684
 136.1266 14610.1457  214.4313 -999.9000    0.0000    0.0000   10.0988   91.5540
 132.7619 14767.0251  213.5424 -999.9000    0.0000    0.0000   10.1102   91.5347
 129.4754 14923.9045  214.5217 -999.9000    0.0000    0.0000   10.1232   91.5197
 126.2897 15080.7839  215.6119 -999.9000    0.0000    0.0000   10.1284   91.5108
 123.1790 15237.6633  216.8253 -999.9000    0.0000    0.0000   10.1636   91.4644
 120.1481 15394.5427  217.2858 -999.9000    0.0000    0.0000   10.0421   91.3748
 117.2138 15551.4221  216.6304 -999.9000    0.0000    0.0000    9.7037   91.2661
 114.3435 15708.3015  216.5261 -999.9000    0.0000    0.0000    9.4054   91.1464
 111.5416 15865.1809  216.2741 -999.9000    0.0000    0.0000    8.8492   91.1933
 108.8149 16022.0603  217.5797 -999.9000    0.0000    0.0000    8.0605   91.4869
 106.1648 16178.9397  217.6269 -999.9000    0.0000    0.0000    7.6252   91.3484
 103.5767 16335.8191  217.2540 -999.9000    0.0000    0.0000    6.2210   91.9971
 101.0524 16492.6985  219.2931 -999.9000    0.0000    0.0000    1.7695   90.4089
  98.6148 16649.5779  217.8956 -999.9000    0.0000    0.0000    1.0195   90.4014
  96.2203 16806.4573  217.1502 -999.9000    0.0000    0.0000    0.2169   90.4014
  93.8688 16963.3367  216.4296 -999.9000    0.0000    0.0000    1.3214   90.4014
  91.5836 17120.2161  216.3051 -999.9000    0.0000    0.0000    2.2090   90.4014
  89.3567 17277.0955  216.2802 -999.9000    0.0000    0.0000    2.8600   90.4014
  87.1784 17433.9749  215.8071 -999.9000    0.0000    0.0000    3.5707   90.3927
  85.0453 17590.8543  214.9983 -999.9000    0.0000    0.0000    4.5075   90.0754
  82.9608 17747.7337  214.6773 -999.9000    0.0000    0.0000    5.6964   90.9865
  80.9282 17904.6131  215.3278 -999.9000    0.0000    0.0000    6.8536   90.6807
  78.9484 18061.4925  215.9803 -999.9000    0.0000    0.0000    6.7505   90.4907
  77.0217 18218.3719  216.6647 -999.9000    0.0000    0.0000    5.7910   90.6714
  75.1483 18375.2513  217.7381 -999.9000    0.0000    0.0000    4.8300   90.9237
  73.3271 18532.1307  218.8584 -999.9000    0.0000    0.0000    4.1985   91.0464
  71.5556 18689.0101  219.0056 -999.9000    0.0000    0.0000    3.7190   90.9336
  69.8260 18845.8894  217.9145 -999.9000    0.0000    0.0000    3.0855   91.0562
  68.1227 19002.7688  217.6512 -999.9000    0.0000    0.0000    1.9318   91.7656
  66.4601 19159.6482  218.0307 -999.9000    0.0000    0.0000    0.8891   89.5288
  64.8418 19316.5276  218.5460 -999.9000    0.0000    0.0000    0.5678   87.4851
  63.2670 19473.4070  218.9832 -999.9000    0.0000    0.0000    1.0987   87.9468
  61.7318 19630.2864  219.5800 -999.9000    0.0000    0.0000    1.6735   88.3028
  60.2355 19787.1658  219.8300 -999.9000    0.0000    0.0000    2.4060   88.5476
  58.7762 19944.0452  219.5725 -999.9000    0.0000    0.0000    3.2368   88.9105
  57.3501 20100.9246  219.2335 -999.9000    0.0000    0.0000    3.6619   89.0671
  55.9562 20257.8040  219.0067 -999.9000    0.0000    0.0000    3.5845   88.9446
  54.5968 20414.6834  218.8123 -999.9000    0.0000    0.0000    3.3702   88.7725
  53.2731 20571.5628  218.8018 -999.9000    0.0000    0.0000    3.1827   88.6461
  51.9860 20728.4422  219.2858 -999.9000    0.0000    0.0000    3.0393   88.5640
  50.7361 20885.3216  220.5775 -999.9000    0.0000    0.0000    2.9547   88.5228
  49.5229 21042.2010  222.3878 -999.9000    0.0000    0.0000    2.9129   88.5126
  48.3394 21199.0804  221.8067 -999.9000    0.0000    0.0000    3.2638   88.5757
  47.1874 21355.9598  221.9096 -999.9000    0.0000    0.0000    4.4066   88.7747
  46.0647 21512.8392  222.3343 -999.9000    0.0000    0.0000    5.4564   88.9472
  44.9691 21669.7186  222.6019 -999.9000    0.0000    0.0000    5.6805   88.9570
  43.8989 21826.5980  222.6493 -999.9000    0.0000    0.0000    5.3110   88.8369
  42.8525 21983.4774  222.5370 -999.9000    0.0000    0.0000    4.8639   88.6697
  41.8295 22140.3568  222.3131 -999.9000    0.0000    0.0000    4.6279   88.5214
  40.8309 22297.2362  222.0060 -999.9000    0.0000    0.0000    4.5404   88.4316
  39.8584 22454.1156  221.6448 -999.9000    0.0000    0.0000    4.5091   88.4374
  38.9104 22610.9950  222.0563 -999.9000    0.0000    0.0000    4.6816   88.5046
  37.9838 22767.8744  223.3336 -999.9000    0.0000    0.0000    5.1138   88.5579
  37.0791 22924.7538  224.0407 -999.9000    0.0000    0.0000    5.4740   88.6106
  36.1962 23081.6332  224.1463 -999.9000    0.0000    0.0000    5.7458   88.6649
  35.3349 23238.5126  223.8683 -999.9000    0.0000    0.0000    5.9683   88.7211
  34.4951 23395.3920  223.4242 -999.9000    0.0000    0.0000    6.1811   88.7793
  33.6765 23552.2714  223.0318 -999.9000    0.0000    0.0000    6.4233   88.8396
  32.8792 23709.1508  222.9086 -999.9000    0.0000    0.0000    6.7346   88.9021
  32.1025 23866.0302  223.1968 -999.9000    0.0000    0.0000    7.1269   88.9664
  31.3447 24022.9095  223.7586 -999.9000    0.0000    0.0000    7.5118   89.0294
  30.6036 24179.7889  224.3921 -999.9000    0.0000    0.0000    7.7776   89.0878
  29.8779 24336.6683  224.8698 -999.9000    0.0000    0.0000    7.8324   89.1301
  29.1715 24493.5477  224.9023 -999.9000    0.0000    0.0000    7.7803   89.0898
  28.4842 24650.4271  224.7375 -999.9000    0.0000    0.0000    7.6737   88.9796
  27.8138 24807.3065  224.7443 -999.9000    0.0000    0.0000    7.5264   88.8366
  27.1583 24964.1859  225.2895 -999.9000    0.0000    0.0000    7.3522   88.6979
  26.5173 25121.0653  226.4345 -999.9000    0.0000    0.0000    7.1716   88.5852
  25.8939 25277.9447  227.5915 -999.9000    0.0000    0.0000    7.0194   88.4883
  25.2914 25434.8241  228.0900 -999.9000    0.0000    0.0000    6.9325   88.3927
  24.7096 25591.7035  227.5640 -999.9000    0.0000    0.0000    6.9922   88.3136
  24.1354 25748.5829  226.9989 -999.9000    0.0000    0.0000    7.3594   88.3442
  23.5706 25905.4623  226.7281 -999.9000    0.0000    0.0000    7.9365   88.4419
  23.0189 26062.3417  226.9607 -999.9000    0.0000    0.0000    8.5986   88.5480
  22.4826 26219.2211  227.7625 -999.9000    0.0000    0.0000    9.2451   88.6216
  21.9608 26376.1005  228.8277 -999.9000    0.0000    0.0000    9.8377   88.6692
  21.4521 26532.9799  229.7918 -999.9000    0.0000    0.0000   10.3481   88.7041
  20.9548 26689.8593  230.2900 -999.9000    0.0000    0.0000   10.7478   88.7401
  20.4676 26846.7387  229.9576 -999.9000    0.0000    0.0000   11.0086   88.7908
  19.9891 27003.6181  228.4653 -999.9000    0.0000    0.0000   11.0952   88.8671
  19.5243 27160.4975  227.5347 -999.9000    0.0000    0.0000   10.6457   88.8331
  19.0752 27317.3769  227.9535 -999.9000    0.0000    0.0000    9.7325   88.6652
  18.6391 27474.2563  229.1413 -999.9000    0.0000    0.0000    8.7497   88.4541
  18.2135 27631.1357  230.5183 -999.9000    0.0000    0.0000    8.0922   88.2905
  17.7959 27788.0151  231.5133 -999.9000    0.0000    0.0000    8.1314   88.2601
  17.3864 27944.8945  231.7795 -999.9000    0.0000    0.0000    8.6886   88.3267
  16.9866 28101.7739  231.3432 -999.9000    0.0000    0.0000    9.2824   88.3867
  16.5963 28258.6533  230.5014 -999.9000    0.0000    0.0000    9.8783   88.4341
  16.2153 28415.5327  229.5782 -999.9000    0.0000    0.0000   10.4907   88.4734
  15.8432 28572.4121  228.8975 -999.9000    0.0000    0.0000   11.1343   88.5095
  15.4798 28729.2915  228.7775 -999.9000    0.0000    0.0000   11.8216   88.5468
  15.1246 28886.1709  229.1795 -999.9000    0.0000    0.0000   12.4503   88.5881
  14.7769 29043.0503  229.5470 -999.9000    0.0000    0.0000   12.7568   88.6333
  14.4368 29199.9296  229.7161 -999.9000    0.0000    0.0000   12.6762   88.6841
  14.1043 29356.8090  229.8248 -999.9000    0.0000    0.0000   12.2899   88.7433
  13.7798 29513.6884  230.0165 -999.9000    0.0000    0.0000   11.6826   88.8140
  13.4633 29670.5678  230.4350 -999.9000    0.0000    0.0000   10.9385   88.8992
  13.1552 29827.4472  231.2239 -999.9000    0.0000    0.0000   10.1422   89.0018
  12.8555 29984.3266  232.4699 -999.9000    0.0000    0.0000    9.3759   89.1215
  12.5638 30141.2060  233.8609 -999.9000    0.0000    0.0000    8.7079   89.2343
  12.2794 30298.0854  234.9151 -999.9000    0.0000    0.0000    8.2001   89.3059
  12.0018 30454.9648  235.1503 -999.9000    0.0000    0.0000    7.9148   89.3022
  11.7304 30611.8442  234.3386 -999.9000    0.0000    0.0000    7.8729   89.2026
  11.4650 30768.7236  233.2921 -999.9000    0.0000    0.0000    7.9292   89.0420
  11.2056 30925.6030  233.0873 -999.9000    0.0000    0.0000    7.8961   88.8691
  10.9522 31082.4824  234.3765 -999.9000    0.0000    0.0000    7.6535   88.7216
  10.7056 31239.3618  235.9996 -999.9000    0.0000    0.0000    7.3705   88.5894
  10.4661 31396.2412  236.6387 -999.9000    0.0000    0.0000    7.2444   88.4534
  10.2318 31553.1206  236.3741 -999.9000    0.0000    0.0000    7.2605   88.3118
  10.0000 31710.0000  235.6608 -999.9000    0.0000    0.0000    7.3480   88.1674
