# 06610 LSMP Payerne Observations at 12Z 30 Jul 2008
# Radiosonde file generated by raso.rb
#
  P [hPa],     Z [m],    T [K],   Td [K],   RH [%], r [g/kg], WS [m/s], WD [deg]
 962.0000   491.0000  297.9625 -999.9000   66.2535   13.6900    2.0389   93.0543
 944.6891   647.8794  295.9197 -999.9000   67.8027   12.6302    4.5201   92.6754
 927.6873   804.7588  294.5468 -999.9000   79.5377   13.9071    2.1716   92.9144
 911.0964   961.6382  293.2727 -999.9000   79.9852   14.4362    0.4164   92.0428
 894.7070  1118.5176  292.3533 -999.9000   79.9742   14.3064    1.3847   90.9797
 878.5406  1275.3970  292.0728 -999.9000   80.0295   13.3485    2.3805   90.6229
 862.6769  1432.2764  290.7072 -999.9000   80.9316   13.5129    2.6243   90.4248
 846.9845  1589.1558  289.4754 -999.9000   80.2416   13.9027    4.2439   90.3491
 831.5533  1746.0352  289.1356 -999.9000   80.7087   13.2228    5.1421   90.3950
 816.3570  1902.9146  287.8266 -999.9000   80.5870   11.9693    6.2625   90.4496
 801.3249  2059.7940  286.2396 -999.9000   80.2974   11.5640    6.9005   90.4939
 786.5365  2216.6734  284.8871 -999.9000   80.1335   10.4184    7.6628   90.5367
 771.9169  2373.5528  283.6562 -999.9000   80.5109    8.7627    8.8675   90.5644
 757.5041  2530.4322  282.6003 -999.9000   80.3687    8.5006    9.4112   90.6155
 743.3854  2687.3116  282.0288 -999.9000   77.7189    7.5803    8.3123   90.6080
 729.2940  2844.1910  280.9591 -999.9000   60.3373    5.5688    8.0768   90.6173
 715.5826  3001.0704  279.9176 -999.9000   50.0818    4.3807    9.6624   90.6971
 702.0616  3157.9497  278.7412 -999.9000   51.5585    4.2344   10.9476   90.7782
 688.7126  3314.8291  277.2719 -999.9000   58.8677    4.4448   11.0379   90.8007
 675.5482  3471.7085  275.6544 -999.9000   68.1497    4.6752   11.2862   90.8205
 662.5494  3628.5879  274.1885 -999.9000   74.0828    4.6607   11.8893   90.8487
 649.7305  3785.4673  273.1904 -999.9000   67.2142    4.0055   12.1792   90.8627
 637.1240  3942.3467  272.3491 -999.9000   55.0946    3.1437   11.4934   90.9118
 624.7467  4099.2261  271.3466 -999.9000   50.1242    2.7055    9.9394   91.0167
 612.5275  4256.1055  270.2990 -999.9000   50.0576    2.5464    9.5000   91.0465
 600.5160  4412.9849  269.7042 -999.9000   38.1824    1.8919    9.7729   91.0390
 588.7253  4569.8643  269.1222 -999.9000   22.7473    1.0986    9.9496   91.0433
 577.1128  4726.7437  267.8428 -999.9000   18.1561    0.8108    9.9926   91.0483
 565.6299  4883.6231  267.0212 -999.9000   17.0261    0.7276    9.9478   91.0538
 554.4053  5040.5025  266.4746 -999.9000   13.4935    0.5634    9.2517   91.1400
 543.3471  5197.3819  265.8152 -999.9000   12.8355    0.5190    8.4663   91.2153
 532.4739  5354.2613  264.8063 -999.9000   22.1981    0.8459    8.8652   91.2112
 521.8251  5511.1407  263.7756 -999.9000   24.0469    0.8613    9.6142   91.1806
 511.3144  5668.0201  263.0020 -999.9000   14.1006    0.4842   10.2886   91.1583
 500.9731  5824.8995  261.6775 -999.9000   12.9864    0.4090   10.9842   91.1344
 490.8286  5981.7789  260.0821 -999.9000   18.4218    0.5200   11.1329   91.1143
 480.7236  6138.6583  258.9837 -999.9000   29.2671    0.7703   11.4609   91.0832
 470.8214  6295.5377  257.7099 -999.9000   31.5376    0.7621   11.5524   91.0728
 461.0900  6452.4171  256.2950 -999.9000   30.8744    0.6762   11.2680   90.9894
 451.4963  6609.2965  255.0046 -999.9000   32.0534    0.6422   10.2536   90.8335
 442.0676  6766.1759  253.9371 -999.9000   32.6321    0.6091    9.3566   90.7116
 432.8253  6923.0553  252.9770 -999.9000   32.3515    0.5674   10.2599   90.6964
 423.7241  7079.9347  251.5692 -999.9000   36.0637    0.5712   11.1347   90.7318
 414.7432  7236.8141  249.8596 -999.9000   41.2969    0.5742   10.9263   90.7585
 405.9174  7393.6935  248.8562 -999.9000   31.8743    0.4138   11.1477   90.7794
 397.1974  7550.5729  247.5572 -999.9000   27.2847    0.3219   11.4073   90.7881
 388.6475  7707.4523  246.1485 -999.9000   31.2135    0.3308   11.5428   90.8405
 380.2876  7864.3317  245.1136 -999.9000   34.8684    0.3433   11.7678   90.9010
 372.0784  8021.2111  244.2743 -999.9000   39.1435    0.3645   11.9075   90.8924
 363.9826  8178.0905  243.4566 -999.9000   45.2761    0.3994   11.8080   90.7526
 356.0087  8334.9698  242.5766 -999.9000   54.5255    0.4529   11.7799   90.7678
 348.2042  8491.8492  241.6534 -999.9000   60.6567    0.5188   12.3702   91.3797
 340.5609  8648.7286  240.7701 -999.9000   65.0528    0.5272   12.5918   91.7004
 333.0575  8805.6080  239.8766 -999.9000   65.6617    0.4852   12.5226   91.6152
 325.6771  8962.4874  238.8727 -999.9000   65.0878    0.4338   12.8084   91.4555
 318.4095  9119.3668  237.6425 -999.9000   65.8792    0.3977   13.7181   91.4682
 311.2701  9276.2462  235.9764 -999.9000   60.7712    0.3338   13.8658   91.4746
 304.2599  9433.1256  234.3765 -999.9000   55.5858    0.2938   14.0788   91.4194
 297.3812  9590.0050  233.2646 -999.9000   50.7390    0.2688   14.5487   91.3896
 290.6045  9746.8844  231.9919 -999.9000   45.5277    0.2331   14.8643   91.3805
 283.9369  9903.7638  230.5706 -999.9000   45.8281    0.2031   15.2281   91.3479
 277.3870 10060.6432  229.0468 -999.9000   45.6808    0.1789   15.6024   91.3074
 270.9631 10217.5226  227.4603 -999.9000   45.6205    0.1538   15.8549   91.2950
 264.6694 10374.4020  225.8858 -999.9000   45.7333    0.1244   15.8953   91.3378
 258.4744 10531.2814  224.6303 -999.9000   45.2445    0.1097   16.0244   91.3756
 252.3757 10688.1608  223.5762 -999.9000   45.5648    0.1034   16.2711   91.3933
 246.3812 10845.0402  222.4946 -999.9000   40.2832    0.0916   16.5535   91.3978
 240.4896 11001.9196  221.2786 -999.9000   35.7248    0.0742   16.8185   91.3965
 234.6950 11158.7990  219.9232 -999.9000   35.9828    0.0604   17.0366   91.3968
 229.0082 11315.6784  218.5253 -999.9000   35.5301    0.0528   17.2025   91.3986
 223.4492 11472.5578  217.2324 -999.9000   35.0063    0.0500   17.3230   91.3982
 218.0236 11629.4372  216.0208 -999.9000   30.1592    0.0480   17.1167   91.4126
 212.6609 11786.3166  214.3416 -999.9000   25.6389    0.0350   15.4335   91.5070
 207.3913 11943.1960  213.5061 -999.9000   23.8059    0.0295   14.2538   91.4951
 202.2510 12100.0754  214.2089 -999.9000   18.0349    0.0410   13.9494   91.5711
 197.2536 12256.9548  215.6083 -999.9000    9.1143    0.0304   11.9510   92.1270
 192.4469 12413.8342  218.0028 -999.9000    2.6505    0.0062   12.4040   91.9985
 187.8076 12570.7136  217.8215 -999.9000    0.2375    0.0003   12.6501   91.9213
 183.2603 12727.5930  216.5887 -999.9000    0.2962    0.0003   12.3621   91.8946
 178.8033 12884.4724  216.1793 -999.9000    0.0000    0.0000   12.1340   91.8603
 174.4458 13041.3518  216.5867 -999.9000    0.0133    0.0000   12.2729   91.7991
 170.1876 13198.2312  216.8170 -999.9000    0.0000    0.0000   12.8050   91.6668
 166.0391 13355.1106  216.9906 -999.9000    0.0000    0.0000   13.4330   91.5392
 162.0101 13511.9899  216.6203 -999.9000    0.0002    0.0000   13.7419   91.4198
 158.0706 13668.8693  215.6420 -999.9000    0.0000    0.0000   13.3703   91.3880
 154.1974 13825.7487  214.7753 -999.9000    0.0000    0.0000   12.2227   91.4693
 150.4126 13982.6281  214.7155 -999.9000    0.0000    0.0000   10.3245   91.5650
 146.7292 14139.5075  215.6519 -999.9000    0.0000    0.0000   10.2644   91.5673
 143.1108 14296.3869  213.8831 -999.9000    0.0000    0.0000   10.2035   91.5696
 139.5597 14453.2663  216.3110 -999.9000    0.0000    0.0000   10.1938   91.5684
 136.1266 14610.1457  213.9871 -999.9000    0.0000    0.0000   10.2102   91.5540
 132.7619 14767.0251  213.1318 -999.9000    0.0000    0.0000   10.2338   91.5347
 129.4754 14923.9045  214.1478 -999.9000    0.0000    0.0000   10.2583   91.5197
 126.2897 15080.7839  215.2774 -999.9000    0.0000    0.0000   10.2745   91.5108
 123.1790 15237.6633  216.5324 -999.9000    0.0000    0.0000   10.3202   91.4644
 120.1481 15394.5427  217.0360 -999.9000    0.0000    0.0000   10.2087   91.3748
 117.2138 15551.4221  216.4248 -999.9000    0.0000    0.0000    9.8799   91.2661
 114.3435 15708.3015  216.3651 -999.9000    0.0000    0.0000    9.5909   91.1464
 111.5416 15865.1809  216.1578 -999.9000    0.0000    0.0000    9.0435   91.1933
 108.8149 16022.0603  217.5076 -999.9000    0.0000    0.0000    8.2635   91.4869
 106.1648 16178.9397  217.5979 -999.9000    0.0000    0.0000    7.8366   91.3484
 103.5767 16335.8191  217.2664 -999.9000    0.0000    0.0000    6.4405   91.9971
 101.0524 16492.6985  219.3449 -999.9000    0.0000    0.0000    1.9971   90.4089
  98.6148 16649.5779  217.9840 -999.9000    0.0000    0.0000    1.2550   90.4014
  96.2203 16806.4573  217.2720 -999.9000    0.0000    0.0000    0.4603   90.4014
  93.8688 16963.3367  216.5811 -999.9000    0.0000    0.0000    1.5725   90.4014
  91.5836 17120.2161  216.4820 -999.9000    0.0000    0.0000    2.4679   90.4014
  89.3567 17277.0955  216.4777 -999.9000    0.0000    0.0000    3.1268   90.4014
  87.1784 17433.9749  216.0199 -999.9000    0.0000    0.0000    3.8456   90.3927
  85.0453 17590.8543  215.2204 -999.9000    0.0000    0.0000    4.7905   90.0754
  82.9608 17747.7337  214.9024 -999.9000    0.0000    0.0000    5.9877   90.9865
  80.9282 17904.6131  215.5489 -999.9000    0.0000    0.0000    7.1534   90.6807
  78.9484 18061.4925  216.1904 -999.9000    0.0000    0.0000    7.0591   90.4907
  77.0217 18218.3719  216.8575 -999.9000    0.0000    0.0000    6.1083   90.6714
  75.1483 18375.2513  217.9076 -999.9000    0.0000    0.0000    5.1559   90.9237
  73.3271 18532.1307  218.9994 -999.9000    0.0000    0.0000    4.5328   91.0464
  71.5556 18689.0101  219.1131 -999.9000    0.0000    0.0000    4.0613   90.9336
  69.8260 18845.8894  217.9845 -999.9000    0.0000    0.0000    3.4354   91.0562
  68.1227 19002.7688  217.6800 -999.9000    0.0000    0.0000    2.2885   91.7656
  66.4601 19159.6482  218.0152 -999.9000    0.0000    0.0000    1.2517   89.5288
  64.8418 19316.5276  218.4837 -999.9000    0.0000    0.0000    0.9355   87.4851
  63.2670 19473.4070  218.8722 -999.9000    0.0000    0.0000    1.4703   87.9468
  61.7318 19630.2864  219.4188 -999.9000    0.0000    0.0000    2.0478   88.3028
  60.2355 19787.1658  219.6178 -999.9000    0.0000    0.0000    2.7815   88.5476
  58.7762 19944.0452  219.3089 -999.9000    0.0000    0.0000    3.6120   88.9105
  57.3501 20100.9246  218.9189 -999.9000    0.0000    0.0000    4.0351   89.0671
  55.9562 20257.8040  218.6419 -999.9000    0.0000    0.0000    3.9539   88.9446
  54.5968 20414.6834  218.3986 -999.9000    0.0000    0.0000    3.7338   88.7725
  53.2731 20571.5628  218.3413 -999.9000    0.0000    0.0000    3.5383   88.6461
  51.9860 20728.4422  218.7810 -999.9000    0.0000    0.0000    3.3846   88.5640
  50.7361 20885.3216  220.0313 -999.9000    0.0000    0.0000    3.2874   88.5228
  49.5229 21042.2010  221.8040 -999.9000    0.0000    0.0000    3.2305   88.5126
  48.3394 21199.0804  221.1893 -999.9000    0.0000    0.0000    3.5635   88.5757
  47.1874 21355.9598  221.2635 -999.9000    0.0000    0.0000    4.6854   88.7747
  46.0647 21512.8392  221.6645 -999.9000    0.0000    0.0000    5.7117   88.9472
  44.9691 21669.7186  221.9132 -999.9000    0.0000    0.0000    5.9097   88.9570
  43.8989 21826.5980  221.9462 -999.9000    0.0000    0.0000    5.5118   88.8369
  42.8525 21983.4774  221.8240 -999.9000    0.0000    0.0000    5.0345   88.6697
  41.8295 22140.3568  221.5943 -999.9000    0.0000    0.0000    4.7668   88.5214
  40.8309 22297.2362  221.2853 -999.9000    0.0000    0.0000    4.6461   88.4316
  39.8584 22454.1156  220.9260 -999.9000    0.0000    0.0000    4.5808   88.4374
  38.9104 22610.9950  221.3428 -999.9000    0.0000    0.0000    4.7186   88.5046
  37.9838 22767.8744  222.6288 -999.9000    0.0000    0.0000    5.1158   88.5579
  37.0791 22924.7538  223.3475 -999.9000    0.0000    0.0000    5.4410   88.6106
  36.1962 23081.6332  223.4675 -999.9000    0.0000    0.0000    5.6781   88.6649
  35.3349 23238.5126  223.2066 -999.9000    0.0000    0.0000    5.8665   88.7211
  34.4951 23395.3920  222.7819 -999.9000    0.0000    0.0000    6.0461   88.7793
  33.6765 23552.2714  222.4111 -999.9000    0.0000    0.0000    6.2564   88.8396
  32.8792 23709.1508  222.3115 -999.9000    0.0000    0.0000    6.5373   88.9021
  32.1025 23866.0302  222.6249 -999.9000    0.0000    0.0000    6.9011   88.9664
  31.3447 24022.9095  223.2134 -999.9000    0.0000    0.0000    7.2597   89.0294
  30.6036 24179.7889  223.8749 -999.9000    0.0000    0.0000    7.5017   89.0878
  29.8779 24336.6683  224.3816 -999.9000    0.0000    0.0000    7.5355   89.1301
  29.1715 24493.5477  224.4440 -999.9000    0.0000    0.0000    7.4655   89.0898
  28.4842 24650.4271  224.3097 -999.9000    0.0000    0.0000    7.3445   88.9796
  27.8138 24807.3065  224.3473 -999.9000    0.0000    0.0000    7.1866   88.8366
  27.1583 24964.1859  224.9235 -999.9000    0.0000    0.0000    7.0056   88.6979
  26.5173 25121.0653  226.0996 -999.9000    0.0000    0.0000    6.8220   88.5852
  25.8939 25277.9447  227.2877 -999.9000    0.0000    0.0000    6.6702   88.4883
  25.2914 25434.8241  227.8171 -999.9000    0.0000    0.0000    6.5870   88.3927
  24.7096 25591.7035  227.3217 -999.9000    0.0000    0.0000    6.6534   88.3136
  24.1354 25748.5829  226.7870 -999.9000    0.0000    0.0000    7.0301   88.3442
  23.5706 25905.4623  226.5459 -999.9000    0.0000    0.0000    7.6191   88.4419
  23.0189 26062.3417  226.8079 -999.9000    0.0000    0.0000    8.2955   88.5480
  22.4826 26219.2211  227.6384 -999.9000    0.0000    0.0000    8.9584   88.6216
  21.9608 26376.1005  228.7314 -999.9000    0.0000    0.0000    9.5692   88.6692
  21.4521 26532.9799  229.7225 -999.9000    0.0000    0.0000   10.0993   88.7041
  20.9548 26689.8593  230.2466 -999.9000    0.0000    0.0000   10.5202   88.7401
  20.4676 26846.7387  229.9392 -999.9000    0.0000    0.0000   10.8031   88.7908
  19.9891 27003.6181  228.4706 -999.9000    0.0000    0.0000   10.9129   88.8671
  19.5243 27160.4975  227.5624 -999.9000    0.0000    0.0000   10.4872   88.8331
  19.0752 27317.3769  228.0022 -999.9000    0.0000    0.0000    9.5981   88.6652
  18.6391 27474.2563  229.2095 -999.9000    0.0000    0.0000    8.6397   88.4541
  18.2135 27631.1357  230.6043 -999.9000    0.0000    0.0000    8.0064   88.2905
  17.7959 27788.0151  231.6155 -999.9000    0.0000    0.0000    8.0696   88.2601
  17.3864 27944.8945  231.8959 -999.9000    0.0000    0.0000    8.6501   88.3267
  16.9866 28101.7739  231.4721 -999.9000    0.0000    0.0000    9.2666   88.3867
  16.5963 28258.6533  230.6405 -999.9000    0.0000    0.0000    9.8841   88.4341
  16.2153 28415.5327  229.7255 -999.9000    0.0000    0.0000   10.5169   88.4734
  15.8432 28572.4121  229.0507 -999.9000    0.0000    0.0000   11.1794   88.5095
  15.4798 28729.2915  228.9343 -999.9000    0.0000    0.0000   11.8839   88.5468
  15.1246 28886.1709  229.3373 -999.9000    0.0000    0.0000   12.5278   88.5881
  14.7769 29043.0503  229.7034 -999.9000    0.0000    0.0000   12.8473   88.6333
  14.4368 29199.9296  229.8683 -999.9000    0.0000    0.0000   12.7773   88.6841
  14.1043 29356.8090  229.9701 -999.9000    0.0000    0.0000   12.3989   88.7433
  13.7798 29513.6884  230.1519 -999.9000    0.0000    0.0000   11.7966   88.8140
  13.4633 29670.5678  230.5576 -999.9000    0.0000    0.0000   11.0544   88.8992
  13.1552 29827.4472  231.3305 -999.9000    0.0000    0.0000   10.2565   89.0018
  12.8555 29984.3266  232.5574 -999.9000    0.0000    0.0000    9.4852   89.1215
  12.5638 30141.2060  233.9259 -999.9000    0.0000    0.0000    8.8082   89.2343
  12.2794 30298.0854  234.9542 -999.9000    0.0000    0.0000    8.2874   89.3059
  12.0018 30454.9648  235.1600 -999.9000    0.0000    0.0000    7.9846   89.3022
  11.7304 30611.8442  234.3153 -999.9000    0.0000    0.0000    7.9208   89.2026
  11.4650 30768.7236  233.2319 -999.9000    0.0000    0.0000    7.9504   89.0420
  11.2056 30925.6030  232.9866 -999.9000    0.0000    0.0000    7.8855   88.8691
  10.9522 31082.4824  234.2312 -999.9000    0.0000    0.0000    7.6059   88.7216
  10.7056 31239.3618  235.8056 -999.9000    0.0000    0.0000    7.2805   88.5894
  10.4661 31396.2412  236.3919 -999.9000    0.0000    0.0000    7.1060   88.4534
  10.2318 31553.1206  236.0703 -999.9000    0.0000    0.0000    7.0679   88.3118
  10.0000 31710.0000  235.2955 -999.9000    0.0000    0.0000    7.0950   88.1674
