# 06610 LSMP Payerne Observations at 12Z 30 Jul 2008
# Radiosonde file generated by raso.rb
#
  P [hPa],     Z [m],    T [K],   Td [K],   RH [%], r [g/kg], WS [m/s], WD [deg]
 962.0000   491.0000  298.3759 -999.9000   66.2016   13.6900    1.9399   93.0543
 944.6891   647.8794  296.3478 -999.9000   67.7557   12.6302    4.4097   92.6754
 927.6873   804.7588  294.9845 -999.9000   79.4892   13.9071    2.0503   92.9144
 911.0964   961.6382  293.7152 -999.9000   79.9427   14.4362    0.2846   92.0428
 894.7070  1118.5176  292.7958 -999.9000   79.9375   14.3064    1.2428   90.9797
 878.5406  1275.3970  292.5110 -999.9000   79.9981   13.3485    2.2289   90.6229
 862.6769  1432.2764  291.1369 -999.9000   80.9050   13.5129    2.4634   90.4248
 846.9845  1589.1558  289.8927 -999.9000   80.2198   13.9027    4.0741   90.3491
 831.5533  1746.0352  289.5369 -999.9000   80.6910   13.2228    4.9638   90.3950
 816.3570  1902.9146  288.2085 -999.9000   80.5731   11.9693    6.0762   90.4496
 801.3249  2059.7940  286.5989 -999.9000   80.2871   11.5640    6.7066   90.4939
 786.5365  2216.6734  285.2209 -999.9000   80.1261   10.4184    7.4616   90.5367
 771.9169  2373.5528  283.9620 -999.9000   80.5062    8.7627    8.6595   90.5644
 757.5041  2530.4322  282.8756 -999.9000   80.3663    8.5006    9.1967   90.6155
 743.3854  2687.3116  282.2714 -999.9000   77.7184    7.5803    8.0918   90.6080
 729.2940  2844.1910  281.1673 -999.9000   60.3380    5.5688    7.8506   90.6173
 715.5826  3001.0704  280.0897 -999.9000   50.0831    4.3807    9.4309   90.6971
 702.0616  3157.9497  278.8757 -999.9000   51.5603    4.2344   10.7112   90.7782
 688.7126  3314.8291  277.3679 -999.9000   58.8702    4.4448   10.7970   90.8007
 675.5482  3471.7085  275.7108 -999.9000   68.1526    4.6752   11.0412   90.8205
 662.5494  3628.5879  274.2048 -999.9000   74.0857    4.6607   11.6405   90.8487
 649.7305  3785.4673  273.1662 -999.9000   67.2164    4.0055   11.9271   90.8627
 637.1240  3942.3467  272.2842 -999.9000   55.0957    3.1437   11.2382   90.9118
 624.7467  4099.2261  271.2413 -999.9000   50.1244    2.7055    9.6816   91.0167
 612.5275  4256.1055  270.1536 -999.9000   50.0568    2.5464    9.2399   91.0465
 600.5160  4412.9849  269.5192 -999.9000   38.1809    1.8919    9.5110   91.0390
 588.7253  4569.8643  268.8986 -999.9000   22.7458    1.0986    9.6862   91.0433
 577.1128  4726.7437  267.5818 -999.9000   18.1543    0.8108    9.7281   91.0483
 565.6299  4883.6231  266.7242 -999.9000   17.0238    0.7276    9.6824   91.0538
 554.4053  5040.5025  266.1431 -999.9000   13.4912    0.5634    8.9859   91.1400
 543.3471  5197.3819  265.4511 -999.9000   12.8327    0.5190    8.2004   91.2153
 532.4739  5354.2613  264.4118 -999.9000   22.1922    0.8459    8.5996   91.2112
 521.8251  5511.1407  263.3531 -999.9000   24.0393    0.8613    9.3493   91.1806
 511.3144  5668.0201  262.5541 -999.9000   14.0954    0.4842   10.0247   91.1583
 500.9731  5824.8995  261.2071 -999.9000   12.9809    0.4090   10.7216   91.1344
 490.8286  5981.7789  259.5924 -999.9000   18.4129    0.5200   10.8720   91.1143
 480.7236  6138.6583  258.4781 -999.9000   29.2510    0.7703   11.2020   91.0832
 470.8214  6295.5377  257.1919 -999.9000   31.5181    0.7621   11.2960   91.0728
 461.0900  6452.4171  255.7687 -999.9000   30.8531    0.6762   11.0142   90.9894
 451.4963  6609.2965  254.4741 -999.9000   32.0289    0.6422   10.0028   90.8335
 442.0676  6766.1759  253.4067 -999.9000   32.6047    0.6091    9.1092   90.7116
 432.8253  6923.0553  252.4515 -999.9000   32.3218    0.5674   10.0163   90.6964
 423.7241  7079.9347  251.0534 -999.9000   36.0276    0.5712   10.8951   90.7318
 414.7432  7236.8141  249.3587 -999.9000   41.2520    0.5742   10.6911   90.7585
 405.9174  7393.6935  248.3756 -999.9000   31.8368    0.4138   10.9172   90.7794
 397.1974  7550.5729  247.1025 -999.9000   27.2501    0.3219   11.1819   90.7881
 388.6475  7707.4523  245.7249 -999.9000   31.1710    0.3308   11.3228   90.8405
 380.2876  7864.3317  244.7259 -999.9000   34.8176    0.3433   11.5535   90.9010
 372.0784  8021.2111  243.9267 -999.9000   39.0827    0.3645   11.6995   90.8924
 363.9826  8178.0905  243.1525 -999.9000   45.2013    0.3994   11.6066   90.7526
 356.0087  8334.9698  242.3191 -999.9000   54.4299    0.4529   11.5856   90.7678
 348.2042  8491.8492  241.4449 -999.9000   60.5444    0.5188   12.1836   91.3797
 340.5609  8648.7286  240.6124 -999.9000   64.9258    0.5272   12.4135   91.7004
 333.0575  8805.6080  239.7709 -999.9000   65.5270    0.4852   12.3531   91.6152
 325.6771  8962.4874  238.8199 -999.9000   64.9479    0.4338   12.6484   91.4555
 318.4095  9119.3668  237.6426 -999.9000   65.7313    0.3977   13.5683   91.4682
 311.2701  9276.2462  236.0290 -999.9000   60.6291    0.3338   13.7268   91.4746
 304.2599  9433.1256  234.4805 -999.9000   55.4507    0.2938   13.9514   91.4194
 297.3812  9590.0050  233.4186 -999.9000   50.6111    0.2688   14.4338   91.3896
 290.6045  9746.8844  232.1936 -999.9000   45.4092    0.2331   14.7625   91.3805
 283.9369  9903.7638  230.8173 -999.9000   45.7050    0.2031   15.1404   91.3479
 277.3870 10060.6432  229.3352 -999.9000   45.5546    0.1789   15.5297   91.3074
 270.9631 10217.5226  227.7866 -999.9000   45.4911    0.1538   15.7980   91.2950
 264.6694 10374.4020  226.2455 -999.9000   45.6005    0.1244   15.8553   91.3378
 258.4744 10531.2814  225.0184 -999.9000   45.1103    0.1097   16.0022   91.3756
 252.3757 10688.1608  223.9870 -999.9000   45.4271    0.1034   16.2678   91.3933
 246.3812 10845.0402  222.9221 -999.9000   40.1595    0.0916   16.5702   91.3978
 240.4896 11001.9196  221.7161 -999.9000   35.6135    0.0742   16.8561   91.3965
 234.6950 11158.7990  220.3642 -999.9000   35.8694    0.0604   17.0962   91.3968
 229.0082 11315.6784  218.9636 -999.9000   35.4171    0.0528   17.2848   91.3986
 223.4492 11472.5578  217.6626 -999.9000   34.8943    0.0500   17.4284   91.3982
 218.0236 11629.4372  216.4379 -999.9000   30.0622    0.0480   17.2454   91.4126
 212.6609 11786.3166  214.7413 -999.9000   25.5562    0.0350   15.5856   91.5070
 207.3913 11943.1960  213.8844 -999.9000   23.7291    0.0295   14.4289   91.4951
 202.2510 12100.0754  214.5624 -999.9000   17.9768    0.0410   14.1469   91.5711
 197.2536 12256.9548  215.9342 -999.9000    9.0850    0.0304   12.1703   92.1270
 192.4469 12413.8342  218.2987 -999.9000    2.6421    0.0062   12.6440   91.9985
 187.8076 12570.7136  218.0857 -999.9000    0.2367    0.0003   12.9095   91.9213
 183.2603 12727.5930  216.8200 -999.9000    0.2953    0.0003   12.6393   91.8946
 178.8033 12884.4724  216.3769 -999.9000    0.0000    0.0000   12.4273   91.8603
 174.4458 13041.3518  216.7505 -999.9000    0.0133    0.0000   12.5803   91.7991
 170.1876 13198.2312  216.9473 -999.9000    0.0000    0.0000   13.1243   91.6668
 166.0391 13355.1106  217.0883 -999.9000    0.0000    0.0000   13.7617   91.5392
 162.0101 13511.9899  216.6868 -999.9000    0.0002    0.0000   14.0771   91.4198
 158.0706 13668.8693  215.6793 -999.9000    0.0000    0.0000   13.7092   91.3880
 154.1974 13825.7487  214.7858 -999.9000    0.0000    0.0000   12.5618   91.4693
 150.4126 13982.6281  214.7022 -999.9000    0.0000    0.0000   10.6605   91.5650
 146.7292 14139.5075  215.6184 -999.9000    0.0000    0.0000   10.5935   91.5673
 143.1108 14296.3869  213.8334 -999.9000    0.0000    0.0000   10.5217   91.5696
 139.5597 14453.2663  216.2498 -999.9000    0.0000    0.0000   10.4968   91.5684
 136.1266 14610.1457  213.9190 -999.9000    0.0000    0.0000   10.4940   91.5540
 132.7619 14767.0251  213.0609 -999.9000    0.0000    0.0000   10.4945   91.5347
 129.4754 14923.9045  214.0781 -999.9000    0.0000    0.0000   10.4926   91.5197
 126.2897 15080.7839  215.2124 -999.9000    0.0000    0.0000   10.4793   91.5108
 123.1790 15237.6633  216.4751 -999.9000    0.0000    0.0000   10.4929   91.4644
 120.1481 15394.5427  216.9892 -999.9000    0.0000    0.0000   10.3469   91.3748
 117.2138 15551.4221  216.3909 -999.9000    0.0000    0.0000    9.9817   91.2661
 114.3435 15708.3015  216.3462 -999.9000    0.0000    0.0000    9.6547   91.1464
 111.5416 15865.1809  216.1553 -999.9000    0.0000    0.0000    9.0683   91.1933
 108.8149 16022.0603  217.5228 -999.9000    0.0000    0.0000    8.2482   91.4869
 106.1648 16178.9397  217.6317 -999.9000    0.0000    0.0000    7.7808   91.3484
 103.5767 16335.8191  217.3193 -999.9000    0.0000    0.0000    6.3443   91.9971
 101.0524 16492.6985  219.4169 -999.9000    0.0000    0.0000    1.8605   90.4089
  98.6148 16649.5779  218.0749 -999.9000    0.0000    0.0000    1.0789   90.4014
  96.2203 16806.4573  217.3811 -999.9000    0.0000    0.0000    0.2455   90.4014
  93.8688 16963.3367  216.7073 -999.9000    0.0000    0.0000    1.3205   90.4014
  91.5836 17120.2161  216.6239 -999.9000    0.0000    0.0000    2.1804   90.4014
  89.3567 17277.0955  216.6336 -999.9000    0.0000    0.0000    2.8059   90.4014
  87.1784 17433.9749  216.1875 -999.9000    0.0000    0.0000    3.4937   90.3927
  85.0453 17590.8543  215.3973 -999.9000    0.0000    0.0000    4.4105   90.0754
  82.9608 17747.7337  215.0855 -999.9000    0.0000    0.0000    5.5829   90.9865
  80.9282 17904.6131  215.7351 -999.9000    0.0000    0.0000    6.7274   90.6807
  78.9484 18061.4925  216.3762 -999.9000    0.0000    0.0000    6.6155   90.4907
  77.0217 18218.3719  217.0398 -999.9000    0.0000    0.0000    5.6508   90.6714
  75.1483 18375.2513  218.0836 -999.9000    0.0000    0.0000    4.6881   90.9237
  73.3271 18532.1307  219.1664 -999.9000    0.0000    0.0000    4.0582   91.0464
  71.5556 18689.0101  219.2690 -999.9000    0.0000    0.0000    3.5831   90.9336
  69.8260 18845.8894  218.1273 -999.9000    0.0000    0.0000    2.9569   91.0562
  68.1227 19002.7688  217.8079 -999.9000    0.0000    0.0000    1.8129   91.7656
  66.4601 19159.6482  218.1267 -999.9000    0.0000    0.0000    0.7821   89.5288
  64.8418 19316.5276  218.5778 -999.9000    0.0000    0.0000    0.4748   87.4851
  63.2670 19473.4070  218.9478 -999.9000    0.0000    0.0000    1.0214   87.9468
  61.7318 19630.2864  219.4755 -999.9000    0.0000    0.0000    1.6135   88.3028
  60.2355 19787.1658  219.6551 -999.9000    0.0000    0.0000    2.3644   88.5476
  58.7762 19944.0452  219.3269 -999.9000    0.0000    0.0000    3.2148   88.9105
  57.3501 20100.9246  218.9177 -999.9000    0.0000    0.0000    3.6602   89.0671
  55.9562 20257.8040  218.6220 -999.9000    0.0000    0.0000    3.6036   88.9446
  54.5968 20414.6834  218.3609 -999.9000    0.0000    0.0000    3.4105   88.7725
  53.2731 20571.5628  218.2868 -999.9000    0.0000    0.0000    3.2442   88.6461
  51.9860 20728.4422  218.7110 -999.9000    0.0000    0.0000    3.1218   88.5640
  50.7361 20885.3216  219.9475 -999.9000    0.0000    0.0000    3.0579   88.5228
  49.5229 21042.2010  221.7082 -999.9000    0.0000    0.0000    3.0361   88.5126
  48.3394 21199.0804  221.0838 -999.9000    0.0000    0.0000    3.4061   88.5757
  47.1874 21355.9598  221.1506 -999.9000    0.0000    0.0000    4.5667   88.7747
  46.0647 21512.8392  221.5468 -999.9000    0.0000    0.0000    5.6332   88.9472
  44.9691 21669.7186  221.7930 -999.9000    0.0000    0.0000    5.8724   88.9570
  43.8989 21826.5980  221.8256 -999.9000    0.0000    0.0000    5.5167   88.8369
  42.8525 21983.4774  221.7049 -999.9000    0.0000    0.0000    5.0819   88.6697
  41.8295 22140.3568  221.4785 -999.9000    0.0000    0.0000    4.8566   88.5214
  40.8309 22297.2362  221.1741 -999.9000    0.0000    0.0000    4.7782   88.4316
  39.8584 22454.1156  220.8207 -999.9000    0.0000    0.0000    4.7543   88.4374
  38.9104 22610.9950  221.2444 -999.9000    0.0000    0.0000    4.9324   88.5046
  37.9838 22767.8744  222.5380 -999.9000    0.0000    0.0000    5.3684   88.5579
  37.0791 22924.7538  223.2649 -999.9000    0.0000    0.0000    5.7306   88.6106
  36.1962 23081.6332  223.3935 -999.9000    0.0000    0.0000    6.0025   88.6649
  35.3349 23238.5126  223.1413 -999.9000    0.0000    0.0000    6.2231   88.7211
  34.4951 23395.3920  222.7252 -999.9000    0.0000    0.0000    6.4319   88.7793
  33.6765 23552.2714  222.3626 -999.9000    0.0000    0.0000    6.6681   88.8396
  32.8792 23709.1508  222.2706 -999.9000    0.0000    0.0000    6.9712   88.9021
  32.1025 23866.0302  222.5909 -999.9000    0.0000    0.0000    7.3530   88.9664
  31.3447 24022.9095  223.1853 -999.9000    0.0000    0.0000    7.7252   89.0294
  30.6036 24179.7889  223.8515 -999.9000    0.0000    0.0000    7.9760   89.0878
  29.8779 24336.6683  224.3614 -999.9000    0.0000    0.0000    8.0133   89.1301
  29.1715 24493.5477  224.4253 -999.9000    0.0000    0.0000    7.9413   89.0898
  28.4842 24650.4271  224.2907 -999.9000    0.0000    0.0000    7.8122   88.9796
  27.8138 24807.3065  224.3258 -999.9000    0.0000    0.0000    7.6400   88.8366
  27.1583 24964.1859  224.8974 -999.9000    0.0000    0.0000    7.4382   88.6979
  26.5173 25121.0653  226.0668 -999.9000    0.0000    0.0000    7.2278   88.5852
  25.8939 25277.9447  227.2463 -999.9000    0.0000    0.0000    7.0437   88.4883
  25.2914 25434.8241  227.7656 -999.9000    0.0000    0.0000    6.9231   88.3927
  24.7096 25591.7035  227.2585 -999.9000    0.0000    0.0000    6.9476   88.3136
  24.1354 25748.5829  226.7109 -999.9000    0.0000    0.0000    7.2783   88.3442
  23.5706 25905.4623  226.4560 -999.9000    0.0000    0.0000    7.8179   88.4419
  23.0189 26062.3417  226.7031 -999.9000    0.0000    0.0000    8.4417   88.5480
  22.4826 26219.2211  227.5182 -999.9000    0.0000    0.0000    9.0495   88.6216
  21.9608 26376.1005  228.5953 -999.9000    0.0000    0.0000    9.6030   88.6692
  21.4521 26532.9799  229.5703 -999.9000    0.0000    0.0000   10.0744   88.7041
  20.9548 26689.8593  230.0782 -999.9000    0.0000    0.0000   10.4354   88.7401
  20.4676 26846.7387  229.7547 -999.9000    0.0000    0.0000   10.6579   88.7908
  19.9891 27003.6181  228.2704 -999.9000    0.0000    0.0000   10.7071   88.8671
  19.5243 27160.4975  227.3470 -999.9000    0.0000    0.0000   10.2213   88.8331
  19.0752 27317.3769  227.7724 -999.9000    0.0000    0.0000    9.2729   88.6652
  18.6391 27474.2563  228.9662 -999.9000    0.0000    0.0000    8.2567   88.4541
  18.2135 27631.1357  230.3487 -999.9000    0.0000    0.0000    7.5675   88.2905
  17.7959 27788.0151  231.3488 -999.9000    0.0000    0.0000    7.5771   88.2601
  17.3864 27944.8945  231.6198 -999.9000    0.0000    0.0000    8.1069   88.3267
  16.9866 28101.7739  231.1881 -999.9000    0.0000    0.0000    8.6760   88.3867
  16.5963 28258.6533  230.3508 -999.9000    0.0000    0.0000    9.2500   88.4341
  16.2153 28415.5327  229.4321 -999.9000    0.0000    0.0000    9.8436   88.4734
  15.8432 28572.4121  228.7560 -999.9000    0.0000    0.0000   10.4718   88.5095
  15.4798 28729.2915  228.6407 -999.9000    0.0000    0.0000   11.1474   88.5468
  15.1246 28886.1709  229.0476 -999.9000    0.0000    0.0000   11.7682   88.5881
  14.7769 29043.0503  229.4205 -999.9000    0.0000    0.0000   12.0709   88.6333
  14.4368 29199.9296  229.5954 -999.9000    0.0000    0.0000   11.9909   88.6841
  14.1043 29356.8090  229.7104 -999.9000    0.0000    0.0000   11.6098   88.7433
  13.7798 29513.6884  229.9091 -999.9000    0.0000    0.0000   11.0127   88.8140
  13.4633 29670.5678  230.3353 -999.9000    0.0000    0.0000   10.2839   88.8992
  13.1552 29827.4472  231.1326 -999.9000    0.0000    0.0000    9.5083   89.0018
  12.8555 29984.3266  232.3881 -999.9000    0.0000    0.0000    8.7685   89.1215
  12.5638 30141.2060  233.7894 -999.9000    0.0000    0.0000    8.1329   89.2343
  12.2794 30298.0854  234.8552 -999.9000    0.0000    0.0000    7.6637   89.3059
  12.0018 30454.9648  235.1030 -999.9000    0.0000    0.0000    7.4234   89.3022
  11.7304 30611.8442  234.3054 -999.9000    0.0000    0.0000    7.4332   89.2026
  11.4650 30768.7236  233.2742 -999.9000    0.0000    0.0000    7.5482   89.0420
  11.2056 30925.6030  233.0863 -999.9000    0.0000    0.0000    7.5810   88.8691
  10.9522 31082.4824  234.3938 -999.9000    0.0000    0.0000    7.4118   88.7216
  10.7056 31239.3618  236.0370 -999.9000    0.0000    0.0000    7.2100   88.5894
  10.4661 31396.2412  236.6979 -999.9000    0.0000    0.0000    7.1730   88.4534
  10.2318 31553.1206  236.4569 -999.9000    0.0000    0.0000    7.2865   88.3118
  10.0000 31710.0000  235.7692 -999.9000    0.0000    0.0000    7.4800   88.1674
