# 06610 LSMP Payerne Observations at 12Z 30 Jul 2008
# Radiosonde file generated by raso.rb
#
  P [hPa],     Z [m],    T [K],   Td [K],   RH [%], r [g/kg], WS [m/s], WD [deg]
 962.0000   491.0000  298.4428 -999.9000   66.2585   13.6900    2.2083   93.0543
 944.6891   647.8794  296.3802 -999.9000   67.8445   12.6302    4.6212   92.6754
 927.6873   804.7588  294.9883 -999.9000   79.6261   13.9071    2.2098   92.9144
 911.0964   961.6382  293.6959 -999.9000   80.1102   14.4362    0.3967   92.0428
 894.7070  1118.5176  292.7589 -999.9000   80.1318   14.3064    1.3120   90.9797
 878.5406  1275.3970  292.4616 -999.9000   80.2165   13.3485    2.2596   90.6229
 862.6769  1432.2764  291.0798 -999.9000   81.1473   13.5129    2.4599   90.4248
 846.9845  1589.1558  289.8325 -999.9000   80.4787   13.9027    4.0404   90.3491
 831.5533  1746.0352  289.4781 -999.9000   80.9675   13.2228    4.9037   90.3950
 816.3570  1902.9146  288.1551 -999.9000   80.8629   11.9693    5.9934   90.4496
 801.3249  2059.7940  286.5549 -999.9000   80.5870   11.5640    6.6047   90.4939
 786.5365  2216.6734  285.1899 -999.9000   80.4345   10.4184    7.3440   90.5367
 771.9169  2373.5528  283.9474 -999.9000   80.8229    8.7627    8.5293   90.5644
 757.5041  2530.4322  282.8805 -999.9000   80.6873    8.5006    9.0570   90.6155
 743.3854  2687.3116  282.2988 -999.9000   78.0317    7.5803    7.9455   90.6080
 729.2940  2844.1910  281.2197 -999.9000   60.5821    5.5688    7.7004   90.6173
 715.5826  3001.0704  280.1696 -999.9000   50.2854    4.3807    9.2795   90.6971
 702.0616  3157.9497  278.9852 -999.9000   51.7673    4.2344   10.5607   90.7782
 688.7126  3314.8291  277.5089 -999.9000   59.1038    4.4448   10.6499   90.8007
 675.5482  3471.7085  275.8851 -999.9000   68.4189    4.6752   10.8994   90.8205
 662.5494  3628.5879  274.4137 -999.9000   74.3695    4.6607   11.5060   90.8487
 649.7305  3785.4673  273.4108 -999.9000   67.4677    4.0055   11.8016   90.8627
 637.1240  3942.3467  272.5656 -999.9000   55.2960    3.1437   11.1233   90.9118
 624.7467  4099.2261  271.5600 -999.9000   50.3008    2.7055    9.5786   91.0167
 612.5275  4256.1055  270.5101 -999.9000   50.2267    2.5464    9.1502   91.0465
 600.5160  4412.9849  269.9137 -999.9000   38.3054    1.8919    9.4355   91.0390
 588.7253  4569.8643  269.3310 -999.9000   22.8167    1.0986    9.6259   91.0433
 577.1128  4726.7437  268.0518 -999.9000   18.2082    0.8108    9.6837   91.0483
 565.6299  4883.6231  267.2312 -999.9000   17.0718    0.7276    9.6546   91.0538
 554.4053  5040.5025  266.6864 -999.9000   13.5271    0.5634    8.9750   91.1400
 543.3471  5197.3819  266.0296 -999.9000   12.8648    0.5190    8.2067   91.2153
 532.4739  5354.2613  265.0241 -999.9000   22.2443    0.8459    8.6232   91.2112
 521.8251  5511.1407  263.9977 -999.9000   24.0919    0.8613    9.3901   91.1806
 511.3144  5668.0201  263.2292 -999.9000   14.1240    0.4842   10.0824   91.1583
 500.9731  5824.8995  261.9108 -999.9000   13.0053    0.4090   10.7959   91.1344
 490.8286  5981.7789  260.3222 -999.9000   18.4448    0.5200   10.9623   91.1143
 480.7236  6138.6583  259.2315 -999.9000   29.2976    0.7703   11.3076   91.0832
 470.8214  6295.5377  257.9663 -999.9000   31.5641    0.7621   11.4159   91.0728
 461.0900  6452.4171  256.5609 -999.9000   30.8942    0.6762   11.1475   90.9894
 451.4963  6609.2965  255.2808 -999.9000   32.0680    0.6422   10.1482   90.8335
 442.0676  6766.1759  254.2245 -999.9000   32.6411    0.6091    9.2653   90.7116
 432.8253  6923.0553  253.2765 -999.9000   32.3550    0.5674   10.1815   90.6964
 423.7241  7079.9347  251.8817 -999.9000   36.0618    0.5712   11.0677   90.7318
 414.7432  7236.8141  250.1859 -999.9000   41.2887    0.5742   10.8692   90.7585
 405.9174  7393.6935  249.1973 -999.9000   31.8639    0.4138   11.0988   90.7794
 397.1974  7550.5729  247.9140 -999.9000   27.2726    0.3219   11.3648   90.7881
 388.6475  7707.4523  246.5217 -999.9000   31.1966    0.3308   11.5048   90.8405
 380.2876  7864.3317  245.5038 -999.9000   34.8464    0.3433   11.7326   90.9010
 372.0784  8021.2111  244.6820 -999.9000   39.1160    0.3645   11.8737   90.8924
 363.9826  8178.0905  243.8820 -999.9000   45.2415    0.3994   11.7742   90.7526
 356.0087  8334.9698  243.0198 -999.9000   54.4809    0.4529   11.7449   90.7678
 348.2042  8491.8492  242.1143 -999.9000   60.6047    0.5188   12.3329   91.3797
 340.5609  8648.7286  241.2485 -999.9000   64.9949    0.5272   12.5514   91.7004
 333.0575  8805.6080  240.3720 -999.9000   65.6016    0.4852   12.4782   91.6152
 325.6771  8962.4874  239.3845 -999.9000   65.0270    0.4338   12.7596   91.4555
 318.4095  9119.3668  238.1699 -999.9000   65.8169    0.3977   13.6643   91.4682
 311.2701  9276.2462  236.5186 -999.9000   60.7133    0.3338   13.8067   91.4746
 304.2599  9433.1256  234.9323 -999.9000   55.5326    0.2938   14.0143   91.4194
 297.3812  9590.0050  233.8327 -999.9000   50.6903    0.2688   14.4789   91.3896
 290.6045  9746.8844  232.5708 -999.9000   45.4841    0.2331   14.7892   91.3805
 283.9369  9903.7638  231.1588 -999.9000   45.7841    0.2031   15.1480   91.3479
 277.3870 10060.6432  229.6424 -999.9000   45.6370    0.1789   15.5179   91.3074
 270.9631 10217.5226  228.0614 -999.9000   45.5766    0.1538   15.7665   91.2950
 264.6694 10374.4020  226.4902 -999.9000   45.6891    0.1244   15.8038   91.3378
 258.4744 10531.2814  225.2357 -999.9000   45.2003    0.1097   15.9308   91.3756
 252.3757 10688.1608  224.1801 -999.9000   45.5196    0.1034   16.1763   91.3933
 246.3812 10845.0402  223.0944 -999.9000   40.2425    0.0916   16.4588   91.3978
 240.4896 11001.9196  221.8714 -999.9000   35.6877    0.0742   16.7252   91.3965
 234.6950 11158.7990  220.5064 -999.9000   35.9443    0.0604   16.9460   91.3968
 229.0082 11315.6784  219.0962 -999.9000   35.4906    0.0528   17.1157   91.3986
 223.4492 11472.5578  217.7886 -999.9000   34.9659    0.0500   17.2408   91.3982
 218.0236 11629.4372  216.5602 -999.9000   30.1229    0.0480   17.0398   91.4126
 212.6609 11786.3166  214.8622 -999.9000   25.6066    0.0350   15.3625   91.5070
 207.3913 11943.1960  214.0061 -999.9000   23.7747    0.0295   14.1888   91.4951
 202.2510 12100.0754  214.6866 -999.9000   18.0103    0.0410   13.8905   91.5711
 197.2536 12256.9548  216.0622 -999.9000    9.1013    0.0304   11.8981   92.1270
 192.4469 12413.8342  218.4317 -999.9000    2.6466    0.0062   12.3568   91.9985
 187.8076 12570.7136  218.2243 -999.9000    0.2371    0.0003   12.6080   91.9213
 183.2603 12727.5930  216.9647 -999.9000    0.2957    0.0003   12.3243   91.8946
 178.8033 12884.4724  216.5276 -999.9000    0.0000    0.0000   12.0995   91.8603
 174.4458 13041.3518  216.9069 -999.9000    0.0133    0.0000   12.2407   91.7991
 170.1876 13198.2312  217.1088 -999.9000    0.0000    0.0000   12.7737   91.6668
 166.0391 13355.1106  217.2538 -999.9000    0.0000    0.0000   13.4011   91.5392
 162.0101 13511.9899  216.8550 -999.9000    0.0002    0.0000   13.7075   91.4198
 158.0706 13668.8693  215.8484 -999.9000    0.0000    0.0000   13.3315   91.3880
 154.1974 13825.7487  214.9539 -999.9000    0.0000    0.0000   12.1773   91.4693
 150.4126 13982.6281  214.8668 -999.9000    0.0000    0.0000   10.2702   91.5650
 146.7292 14139.5075  215.7769 -999.9000    0.0000    0.0000   10.1986   91.5673
 143.1108 14296.3869  213.9827 -999.9000    0.0000    0.0000   10.1234   91.5696
 139.5597 14453.2663  216.3864 -999.9000    0.0000    0.0000   10.0965   91.5684
 136.1266 14610.1457  214.0396 -999.9000    0.0000    0.0000   10.0927   91.5540
 132.7619 14767.0251  213.1627 -999.9000    0.0000    0.0000   10.0936   91.5347
 129.4754 14923.9045  214.1586 -999.9000    0.0000    0.0000   10.0931   91.5197
 126.2897 15080.7839  215.2695 -999.9000    0.0000    0.0000   10.0823   91.5108
 123.1790 15237.6633  216.5074 -999.9000    0.0000    0.0000   10.0994   91.4644
 120.1481 15394.5427  216.9954 -999.9000    0.0000    0.0000    9.9579   91.3748
 117.2138 15551.4221  216.3703 -999.9000    0.0000    0.0000    9.5981   91.2661
 114.3435 15708.3015  216.2986 -999.9000    0.0000    0.0000    9.2773   91.1464
 111.5416 15865.1809  216.0808 -999.9000    0.0000    0.0000    8.6978   91.1933
 108.8149 16022.0603  217.4220 -999.9000    0.0000    0.0000    7.8854   91.4869
 106.1648 16178.9397  217.5057 -999.9000    0.0000    0.0000    7.4264   91.3484
 103.5767 16335.8191  217.1695 -999.9000    0.0000    0.0000    5.9987   91.9971
 101.0524 16492.6985  219.2452 -999.9000    0.0000    0.0000    1.5244   90.4089
  98.6148 16649.5779  217.8837 -999.9000    0.0000    0.0000    0.7527   90.4014
  96.2203 16806.4573  217.1731 -999.9000    0.0000    0.0000    0.0703   87.2598
  93.8688 16963.3367  216.4858 -999.9000    0.0000    0.0000    1.0154   90.4014
  91.5836 17120.2161  216.3925 -999.9000    0.0000    0.0000    1.8864   90.4014
  89.3567 17277.0955  216.3964 -999.9000    0.0000    0.0000    2.5231   90.4014
  87.1784 17433.9749  215.9491 -999.9000    0.0000    0.0000    3.2224   90.3927
  85.0453 17590.8543  215.1625 -999.9000    0.0000    0.0000    4.1508   90.0754
  82.9608 17747.7337  214.8598 -999.9000    0.0000    0.0000    5.3348   90.9865
  80.9282 17904.6131  215.5242 -999.9000    0.0000    0.0000    6.4909   90.6807
  78.9484 18061.4925  216.1860 -999.9000    0.0000    0.0000    6.3905   90.4907
  77.0217 18218.3719  216.8756 -999.9000    0.0000    0.0000    5.4372   90.6714
  75.1483 18375.2513  217.9500 -999.9000    0.0000    0.0000    4.4854   90.9237
  73.3271 18532.1307  219.0675 -999.9000    0.0000    0.0000    3.8660   91.0464
  71.5556 18689.0101  219.2083 -999.9000    0.0000    0.0000    3.4008   90.9336
  69.8260 18845.8894  218.1077 -999.9000    0.0000    0.0000    2.7837   91.0562
  68.1227 19002.7688  217.8319 -999.9000    0.0000    0.0000    1.6479   91.7656
  66.4601 19159.6482  218.1961 -999.9000    0.0000    0.0000    0.6244   89.5288
  64.8418 19316.5276  218.6938 -999.9000    0.0000    0.0000    0.3232   87.4851
  63.2670 19473.4070  219.1111 -999.9000    0.0000    0.0000    0.8746   87.9468
  61.7318 19630.2864  219.6861 -999.9000    0.0000    0.0000    1.4701   88.3028
  60.2355 19787.1658  219.9126 -999.9000    0.0000    0.0000    2.2230   88.5476
  58.7762 19944.0452  219.6303 -999.9000    0.0000    0.0000    3.0735   88.9105
  57.3501 20100.9246  219.2652 -999.9000    0.0000    0.0000    3.5174   89.0671
  55.9562 20257.8040  219.0116 -999.9000    0.0000    0.0000    3.4573   88.9446
  54.5968 20414.6834  218.7897 -999.9000    0.0000    0.0000    3.2587   88.7725
  53.2731 20571.5628  218.7514 -999.9000    0.0000    0.0000    3.0847   88.6461
  51.9860 20728.4422  219.2075 -999.9000    0.0000    0.0000    2.9522   88.5640
  50.7361 20885.3216  220.4715 -999.9000    0.0000    0.0000    2.8757   88.5228
  49.5229 21042.2010  222.2546 -999.9000    0.0000    0.0000    2.8388   88.5126
  48.3394 21199.0804  221.6469 -999.9000    0.0000    0.0000    3.1910   88.5757
  47.1874 21355.9598  221.7243 -999.9000    0.0000    0.0000    4.3309   88.7747
  46.0647 21512.8392  222.1246 -999.9000    0.0000    0.0000    5.3740   88.9472
  44.9691 21669.7186  222.3690 -999.9000    0.0000    0.0000    5.5875   88.9570
  43.8989 21826.5980  222.3944 -999.9000    0.0000    0.0000    5.2040   88.8369
  42.8525 21983.4774  222.2615 -999.9000    0.0000    0.0000    4.7400   88.6697
  41.8295 22140.3568  222.0182 -999.9000    0.0000    0.0000    4.4846   88.5214
  40.8309 22297.2362  221.6930 -999.9000    0.0000    0.0000    4.3753   88.4316
  39.8584 22454.1156  221.3152 -999.9000    0.0000    0.0000    4.3204   88.4374
  38.9104 22610.9950  221.7114 -999.9000    0.0000    0.0000    4.4678   88.5046
  37.9838 22767.8744  222.9749 -999.9000    0.0000    0.0000    4.8739   88.5579
  37.0791 22924.7538  223.6695 -999.9000    0.0000    0.0000    5.2072   88.6106
  36.1962 23081.6332  223.7642 -999.9000    0.0000    0.0000    5.4518   88.6649
  35.3349 23238.5126  223.4769 -999.9000    0.0000    0.0000    5.6472   88.7211
  34.4951 23395.3920  223.0250 -999.9000    0.0000    0.0000    5.8333   88.7793
  33.6765 23552.2714  222.6264 -999.9000    0.0000    0.0000    6.0496   88.8396
  32.8792 23709.1508  222.4986 -999.9000    0.0000    0.0000    6.3361   88.9021
  32.1025 23866.0302  222.7838 -999.9000    0.0000    0.0000    6.7052   88.9664
  31.3447 24022.9095  223.3444 -999.9000    0.0000    0.0000    7.0688   89.0294
  30.6036 24179.7889  223.9783 -999.9000    0.0000    0.0000    7.3158   89.0878
  29.8779 24336.6683  224.4582 -999.9000    0.0000    0.0000    7.3543   89.1301
  29.1715 24493.5477  224.4948 -999.9000    0.0000    0.0000    7.2890   89.0898
  28.4842 24650.4271  224.3359 -999.9000    0.0000    0.0000    7.1727   88.9796
  27.8138 24807.3065  224.3503 -999.9000    0.0000    0.0000    7.0195   88.8366
  27.1583 24964.1859  224.9050 -999.9000    0.0000    0.0000    6.8434   88.6979
  26.5173 25121.0653  226.0612 -999.9000    0.0000    0.0000    6.6648   88.5852
  25.8939 25277.9447  227.2309 -999.9000    0.0000    0.0000    6.5182   88.4883
  25.2914 25434.8241  227.7434 -999.9000    0.0000    0.0000    6.4403   88.3927
  24.7096 25591.7035  227.2326 -999.9000    0.0000    0.0000    6.5121   88.3136
  24.1354 25748.5829  226.6837 -999.9000    0.0000    0.0000    6.8943   88.3442
  23.5706 25905.4623  226.4299 -999.9000    0.0000    0.0000    7.4892   88.4419
  23.0189 26062.3417  226.6803 -999.9000    0.0000    0.0000    8.1715   88.5480
  22.4826 26219.2211  227.5003 -999.9000    0.0000    0.0000    8.8406   88.6216
  21.9608 26376.1005  228.5841 -999.9000    0.0000    0.0000    9.4576   88.6692
  21.4521 26532.9799  229.5669 -999.9000    0.0000    0.0000    9.9943   88.7041
  20.9548 26689.8593  230.0838 -999.9000    0.0000    0.0000   10.4219   88.7401
  20.4676 26846.7387  229.7700 -999.9000    0.0000    0.0000   10.7119   88.7908
  19.9891 27003.6181  228.2960 -999.9000    0.0000    0.0000   10.8288   88.8671
  19.5243 27160.4975  227.3832 -999.9000    0.0000    0.0000   10.4105   88.8331
  19.0752 27317.3769  227.8191 -999.9000    0.0000    0.0000    9.5291   88.6652
  18.6391 27474.2563  229.0232 -999.9000    0.0000    0.0000    8.5786   88.4541
  18.2135 27631.1357  230.4155 -999.9000    0.0000    0.0000    7.9536   88.2905
  17.7959 27788.0151  231.4246 -999.9000    0.0000    0.0000    8.0252   88.2601
  17.3864 27944.8945  231.7036 -999.9000    0.0000    0.0000    8.6145   88.3267
  16.9866 28101.7739  231.2787 -999.9000    0.0000    0.0000    9.2400   88.3867
  16.5963 28258.6533  230.4465 -999.9000    0.0000    0.0000    9.8668   88.4341
  16.2153 28415.5327  229.5311 -999.9000    0.0000    0.0000   10.5092   88.4734
  15.8432 28572.4121  228.8563 -999.9000    0.0000    0.0000   11.1817   88.5095
  15.4798 28729.2915  228.7400 -999.9000    0.0000    0.0000   11.8964   88.5468
  15.1246 28886.1709  229.1433 -999.9000    0.0000    0.0000   12.5509   88.5881
  14.7769 29043.0503  229.5097 -999.9000    0.0000    0.0000   12.8814   88.6333
  14.4368 29199.9296  229.6751 -999.9000    0.0000    0.0000   12.8226   88.6841
  14.1043 29356.8090  229.7772 -999.9000    0.0000    0.0000   12.4559   88.7433
  13.7798 29513.6884  229.9593 -999.9000    0.0000    0.0000   11.8655   88.8140
  13.4633 29670.5678  230.3650 -999.9000    0.0000    0.0000   11.1357   88.8992
  13.1552 29827.4472  231.1378 -999.9000    0.0000    0.0000   10.3506   89.0018
  12.8555 29984.3266  232.3643 -999.9000    0.0000    0.0000    9.5923   89.1215
  12.5638 30141.2060  233.7321 -999.9000    0.0000    0.0000    8.9288   89.2343
  12.2794 30298.0854  234.7592 -999.9000    0.0000    0.0000    8.4220   89.3059
  12.0018 30454.9648  234.9634 -999.9000    0.0000    0.0000    8.1336   89.3022
  11.7304 30611.8442  234.1166 -999.9000    0.0000    0.0000    8.0845   89.2026
  11.4650 30768.7236  233.0305 -999.9000    0.0000    0.0000    8.1292   89.0420
  11.2056 30925.6030  232.7818 -999.9000    0.0000    0.0000    8.0800   88.8691
  10.9522 31082.4824  234.0223 -999.9000    0.0000    0.0000    7.8164   88.7216
  10.7056 31239.3618  235.5920 -999.9000    0.0000    0.0000    7.5075   88.5894
  10.4661 31396.2412  236.1726 -999.9000    0.0000    0.0000    7.3501   88.4534
  10.2318 31553.1206  235.8444 -999.9000    0.0000    0.0000    7.3294   88.3118
  10.0000 31710.0000  235.0622 -999.9000    0.0000    0.0000    7.3744   88.1674
