# 06610 LSMP Payerne Observations at 12Z 30 Jul 2008
# Radiosonde file generated by raso.rb
#
  P [hPa],     Z [m],    T [K],   Td [K],   RH [%], r [g/kg], WS [m/s], WD [deg]
 962.0000   491.0000  298.3267 -999.9000   66.2125   13.6900    2.1178   93.0543
 944.6891   647.8794  296.2626 -999.9000   67.7936   12.6302    4.5973   92.6754
 927.6873   804.7588  294.8686 -999.9000   79.5619   13.9071    2.2469   92.9144
 911.0964   961.6382  293.5735 -999.9000   80.0412   14.4362    0.4896   92.0428
 894.7070  1118.5176  292.6332 -999.9000   80.0586   14.3064    1.4555   90.9797
 878.5406  1275.3970  292.3321 -999.9000   80.1392   13.3485    2.4487   90.6229
 862.6769  1432.2764  290.9460 -999.9000   81.0651   13.5129    2.6897   90.4248
 846.9845  1589.1558  289.6939 -999.9000   80.3933   13.9027    4.3063   90.3491
 831.5533  1746.0352  289.3343 -999.9000   80.8778   13.2228    5.2012   90.3950
 816.3570  1902.9146  288.0056 -999.9000   80.7696   11.9693    6.3182   90.4496
 801.3249  2059.7940  286.3993 -999.9000   80.4907   11.5640    6.9525   90.4939
 786.5365  2216.6734  285.0278 -999.9000   80.3350   10.4184    7.7109   90.5367
 771.9169  2373.5528  283.7784 -999.9000   80.7198    8.7627    8.9115   90.5644
 757.5041  2530.4322  282.7044 -999.9000   80.5813    8.5006    9.4508   90.6155
 743.3854  2687.3116  282.1151 -999.9000   77.9264    7.5803    8.3473   90.6080
 729.2940  2844.1910  281.0282 -999.9000   60.4983    5.5688    8.1069   90.6173
 715.5826  3001.0704  279.9700 -999.9000   50.2143    4.3807    9.6876   90.6971
 702.0616  3157.9497  278.7773 -999.9000   51.6925    4.2344   10.9674   90.7782
 688.7126  3314.8291  277.2925 -999.9000   59.0168    4.4448   11.0522   90.8007
 675.5482  3471.7085  275.6599 -999.9000   68.3164    4.6752   11.2948   90.8205
 662.5494  3628.5879  274.1795 -999.9000   74.2564    4.6607   11.8918   90.8487
 649.7305  3785.4673  273.1676 -999.9000   67.3637    4.0055   12.1756   90.8627
 637.1240  3942.3467  272.3132 -999.9000   55.2097    3.1437   11.4832   90.9118
 624.7467  4099.2261  271.2983 -999.9000   50.2215    2.7055    9.9226   91.0167
 612.5275  4256.1055  270.2390 -999.9000   50.1468    2.5464    9.4762   91.0465
 600.5160  4412.9849  269.6331 -999.9000   38.2440    1.8919    9.7420   91.0390
 588.7253  4569.8643  269.0410 -999.9000   22.7799    1.0986    9.9112   91.0433
 577.1128  4726.7437  267.7522 -999.9000   18.1788    0.8108    9.9466   91.0483
 565.6299  4883.6231  266.9221 -999.9000   17.0441    0.7276    9.8939   91.0538
 554.4053  5040.5025  266.3679 -999.9000   13.5052    0.5634    9.1896   91.1400
 543.3471  5197.3819  265.7017 -999.9000   12.8440    0.5190    8.3958   91.2153
 532.4739  5354.2613  264.6870 -999.9000   22.2084    0.8459    8.7861   91.2112
 521.8251  5511.1407  263.6513 -999.9000   24.0532    0.8613    9.5262   91.1806
 511.3144  5668.0201  262.8738 -999.9000   14.1015    0.4842   10.1914   91.1583
 500.9731  5824.8995  261.5465 -999.9000   12.9847    0.4090   10.8776   91.1344
 490.8286  5981.7789  259.9492 -999.9000   18.4159    0.5200   11.0167   91.1143
 480.7236  6138.6583  258.8500 -999.9000   29.2523    0.7703   11.3348   91.0832
 470.8214  6295.5377  257.5765 -999.9000   31.5160    0.7621   11.4162   91.0728
 461.0900  6452.4171  256.1631 -999.9000   30.8480    0.6762   11.1214   90.9894
 451.4963  6609.2965  254.8752 -999.9000   32.0209    0.6422   10.0962   90.8335
 442.0676  6766.1759  253.8115 -999.9000   32.5943    0.6091    9.1884   90.7116
 432.8253  6923.0553  252.8564 -999.9000   32.3097    0.5674   10.0806   90.6964
 423.7241  7079.9347  251.4547 -999.9000   36.0128    0.5712   10.9439   90.7318
 414.7432  7236.8141  249.7526 -999.9000   41.2344    0.5742   10.7237   90.7585
 405.9174  7393.6935  248.7579 -999.9000   31.8234    0.4138   10.9332   90.7794
 397.1974  7550.5729  247.4690 -999.9000   27.2393    0.3219   11.1806   90.7881
 388.6475  7707.4523  246.0716 -999.9000   31.1601    0.3308   11.3038   90.8405
 380.2876  7864.3317  245.0491 -999.9000   34.8076    0.3433   11.5163   90.9010
 372.0784  8021.2111  244.2235 -999.9000   39.0747    0.3645   11.6438   90.8924
 363.9826  8178.0905  243.4202 -999.9000   45.1965    0.3994   11.5323   90.7526
 356.0087  8334.9698  242.5557 -999.9000   54.4301    0.4529   11.4926   90.7678
 348.2042  8491.8492  241.6487 -999.9000   60.5519    0.5188   12.0718   91.3797
 340.5609  8648.7286  240.7822 -999.9000   64.9424    0.5272   12.2831   91.7004
 333.0575  8805.6080  239.9061 -999.9000   65.5528    0.4852   12.2042   91.6152
 325.6771  8962.4874  238.9202 -999.9000   64.9827    0.4338   12.4814   91.4555
 318.4095  9119.3668  237.7084 -999.9000   65.7761    0.3977   13.3835   91.4682
 311.2701  9276.2462  236.0611 -999.9000   60.6793    0.3338   13.5249   91.4746
 304.2599  9433.1256  234.4801 -999.9000   55.5048    0.2938   13.7329   91.4194
 297.3812  9590.0050  233.3873 -999.9000   50.6678    0.2688   14.1994   91.3896
 290.6045  9746.8844  232.1337 -999.9000   45.4663    0.2331   14.5131   91.3805
 283.9369  9903.7638  230.7314 -999.9000   45.7686    0.2031   14.8768   91.3479
 277.3870 10060.6432  229.2265 -999.9000   45.6237    0.1789   15.2530   91.3074
 270.9631 10217.5226  227.6587 -999.9000   45.5653    0.1538   15.5094   91.2950
 264.6694 10374.4020  226.1026 -999.9000   45.6795    0.1244   15.5559   91.3378
 258.4744 10531.2814  224.8650 -999.9000   45.1924    0.1097   15.6935   91.3756
 252.3757 10688.1608  223.8282 -999.9000   45.5130    0.1034   15.9510   91.3933
 246.3812 10845.0402  222.7634 -999.9000   40.2376    0.0916   16.2469   91.3978
 240.4896 11001.9196  221.5634 -999.9000   35.6840    0.0742   16.5281   91.3965
 234.6950 11158.7990  220.2233 -999.9000   35.9409    0.0604   16.7649   91.3968
 229.0082 11315.6784  218.8398 -999.9000   35.4874    0.0528   16.9519   91.3986
 223.4492 11472.5578  217.5604 -999.9000   34.9627    0.0500   17.0952   91.3982
 218.0236 11629.4372  216.3613 -999.9000   30.1200    0.0480   16.9133   91.4126
 212.6609 11786.3166  214.6937 -999.9000   25.6040    0.0350   15.2559   91.5070
 207.3913 11943.1960  213.8686 -999.9000   23.7719    0.0295   14.1027   91.4951
 202.2510 12100.0754  214.5807 -999.9000   18.0078    0.0410   13.8254   91.5711
 197.2536 12256.9548  215.9881 -999.9000    9.0998    0.0304   11.8544   92.1270
 192.4469 12413.8342  218.3893 -999.9000    2.6461    0.0062   12.3346   91.9985
 187.8076 12570.7136  218.2133 -999.9000    0.2371    0.0003   12.6075   91.9213
 183.2603 12727.5930  216.9846 -999.9000    0.2957    0.0003   12.3455   91.8946
 178.8033 12884.4724  216.5776 -999.9000    0.0000    0.0000   12.1422   91.8603
 174.4458 13041.3518  216.9860 -999.9000    0.0133    0.0000   12.3045   91.7991
 170.1876 13198.2312  217.2156 -999.9000    0.0000    0.0000   12.8583   91.6668
 166.0391 13355.1106  217.3869 -999.9000    0.0000    0.0000   13.5059   91.5392
 162.0101 13511.9899  217.0125 -999.9000    0.0002    0.0000   13.8318   91.4198
 158.0706 13668.8693  216.0284 -999.9000    0.0000    0.0000   13.4745   91.3880
 154.1974 13825.7487  215.1539 -999.9000    0.0000    0.0000   12.3380   91.4693
 150.4126 13982.6281  215.0845 -999.9000    0.0000    0.0000   10.4476   91.5650
 146.7292 14139.5075  216.0093 -999.9000    0.0000    0.0000   10.3913   91.5673
 143.1108 14296.3869  214.2268 -999.9000    0.0000    0.0000   10.3302   91.5696
 139.5597 14453.2663  216.6390 -999.9000    0.0000    0.0000   10.3159   91.5684
 136.1266 14610.1457  214.2973 -999.9000    0.0000    0.0000   10.3232   91.5540
 132.7619 14767.0251  213.4224 -999.9000    0.0000    0.0000   10.3337   91.5347
 129.4754 14923.9045  214.4173 -999.9000    0.0000    0.0000   10.3415   91.5197
 126.2897 15080.7839  215.5245 -999.9000    0.0000    0.0000   10.3378   91.5108
 123.1790 15237.6633  216.7560 -999.9000    0.0000    0.0000   10.3607   91.4644
 120.1481 15394.5427  217.2354 -999.9000    0.0000    0.0000   10.2239   91.3748
 117.2138 15551.4221  216.5993 -999.9000    0.0000    0.0000    9.8677   91.2661
 114.3435 15708.3015  216.5145 -999.9000    0.0000    0.0000    9.5496   91.1464
 111.5416 15865.1809  216.2818 -999.9000    0.0000    0.0000    8.9719   91.1933
 108.8149 16022.0603  217.6064 -999.9000    0.0000    0.0000    8.1604   91.4869
 106.1648 16178.9397  217.6719 -999.9000    0.0000    0.0000    7.7016   91.3484
 103.5767 16335.8191  217.3162 -999.9000    0.0000    0.0000    6.2735   91.9971
 101.0524 16492.6985  219.3713 -999.9000    0.0000    0.0000    1.7981   90.4089
  98.6148 16649.5779  217.9881 -999.9000    0.0000    0.0000    1.0247   90.4014
  96.2203 16806.4573  217.2551 -999.9000    0.0000    0.0000    0.1997   90.4014
  93.8688 16963.3367  216.5447 -999.9000    0.0000    0.0000    1.2829   90.4014
  91.5836 17120.2161  216.4279 -999.9000    0.0000    0.0000    2.1511   90.4014
  89.3567 17277.0955  216.4080 -999.9000    0.0000    0.0000    2.7848   90.4014
  87.1784 17433.9749  215.9368 -999.9000    0.0000    0.0000    3.4810   90.3927
  85.0453 17590.8543  215.1264 -999.9000    0.0000    0.0000    4.4062   90.0754
  82.9608 17747.7337  214.8002 -999.9000    0.0000    0.0000    5.5870   90.9865
  80.9282 17904.6131  215.4415 -999.9000    0.0000    0.0000    6.7399   90.6807
  78.9484 18061.4925  216.0808 -999.9000    0.0000    0.0000    6.6365   90.4907
  77.0217 18218.3719  216.7485 -999.9000    0.0000    0.0000    5.6801   90.6714
  75.1483 18375.2513  217.8017 -999.9000    0.0000    0.0000    4.7253   90.9237
  73.3271 18532.1307  218.8989 -999.9000    0.0000    0.0000    4.1028   91.0464
  71.5556 18689.0101  219.0202 -999.9000    0.0000    0.0000    3.6344   90.9336
  69.8260 18845.8894  217.9011 -999.9000    0.0000    0.0000    3.0140   91.0562
  68.1227 19002.7688  217.6078 -999.9000    0.0000    0.0000    1.8747   91.7656
  66.4601 19159.6482  217.9555 -999.9000    0.0000    0.0000    0.8473   89.5288
  64.8418 19316.5276  218.4378 -999.9000    0.0000    0.0000    0.5421   87.4851
  63.2670 19473.4070  218.8410 -999.9000    0.0000    0.0000    1.0890   87.9468
  61.7318 19630.2864  219.4032 -999.9000    0.0000    0.0000    1.6797   88.3028
  60.2355 19787.1658  219.6183 -999.9000    0.0000    0.0000    2.4273   88.5476
  58.7762 19944.0452  219.3259 -999.9000    0.0000    0.0000    3.2720   88.9105
  57.3501 20100.9246  218.9524 -999.9000    0.0000    0.0000    3.7096   89.0671
  55.9562 20257.8040  218.6918 -999.9000    0.0000    0.0000    3.6426   88.9446
  54.5968 20414.6834  218.4647 -999.9000    0.0000    0.0000    3.4364   88.7725
  53.2731 20571.5628  218.4229 -999.9000    0.0000    0.0000    3.2542   88.6461
  51.9860 20728.4422  218.8772 -999.9000    0.0000    0.0000    3.1128   88.5640
  50.7361 20885.3216  220.1413 -999.9000    0.0000    0.0000    3.0266   88.5228
  49.5229 21042.2010  221.9265 -999.9000    0.0000    0.0000    2.9791   88.5126
  48.3394 21199.0804  221.3229 -999.9000    0.0000    0.0000    3.3197   88.5757
  47.1874 21355.9598  221.4064 -999.9000    0.0000    0.0000    4.4473   88.7747
  46.0647 21512.8392  221.8150 -999.9000    0.0000    0.0000    5.4770   88.9472
  44.9691 21669.7186  222.0696 -999.9000    0.0000    0.0000    5.6765   88.9570
  43.8989 21826.5980  222.1068 -999.9000    0.0000    0.0000    5.2783   88.8369
  42.8525 21983.4774  221.9874 -999.9000    0.0000    0.0000    4.7990   88.6697
  41.8295 22140.3568  221.7591 -999.9000    0.0000    0.0000    4.5279   88.5214
  40.8309 22297.2362  221.4501 -999.9000    0.0000    0.0000    4.4027   88.4316
  39.8584 22454.1156  221.0896 -999.9000    0.0000    0.0000    4.3318   88.4374
  38.9104 22610.9950  221.5040 -999.9000    0.0000    0.0000    4.4632   88.5046
  37.9838 22767.8744  222.7866 -999.9000    0.0000    0.0000    4.8534   88.5579
  37.0791 22924.7538  223.5010 -999.9000    0.0000    0.0000    5.1711   88.6106
  36.1962 23081.6332  223.6158 -999.9000    0.0000    0.0000    5.4005   88.6649
  35.3349 23238.5126  223.3490 -999.9000    0.0000    0.0000    5.5812   88.7211
  34.4951 23395.3920  222.9177 -999.9000    0.0000    0.0000    5.7533   88.7793
  33.6765 23552.2714  222.5398 -999.9000    0.0000    0.0000    5.9564   88.8396
  32.8792 23709.1508  222.4325 -999.9000    0.0000    0.0000    6.2307   88.9021
  32.1025 23866.0302  222.7378 -999.9000    0.0000    0.0000    6.5886   88.9664
  31.3447 24022.9095  223.3181 -999.9000    0.0000    0.0000    6.9422   89.0294
  30.6036 24179.7889  223.9710 -999.9000    0.0000    0.0000    7.1805   89.0878
  29.8779 24336.6683  224.4692 -999.9000    0.0000    0.0000    7.2118   89.1301
  29.1715 24493.5477  224.5230 -999.9000    0.0000    0.0000    7.1410   89.0898
  28.4842 24650.4271  224.3802 -999.9000    0.0000    0.0000    7.0208   88.9796
  27.8138 24807.3065  224.4094 -999.9000    0.0000    0.0000    6.8656   88.8366
  27.1583 24964.1859  224.9776 -999.9000    0.0000    0.0000    6.6894   88.6979
  26.5173 25121.0653  226.1459 -999.9000    0.0000    0.0000    6.5125   88.5852
  25.8939 25277.9447  227.3265 -999.9000    0.0000    0.0000    6.3692   88.4883
  25.2914 25434.8241  227.8487 -999.9000    0.0000    0.0000    6.2960   88.3927
  24.7096 25591.7035  227.3465 -999.9000    0.0000    0.0000    6.3740   88.3136
  24.1354 25748.5829  226.8053 -999.9000    0.0000    0.0000    6.7636   88.3442
  23.5706 25905.4623  226.5581 -999.9000    0.0000    0.0000    7.3667   88.4419
  23.0189 26062.3417  226.8143 -999.9000    0.0000    0.0000    8.0583   88.5480
  22.4826 26219.2211  227.6393 -999.9000    0.0000    0.0000    8.7373   88.6216
  21.9608 26376.1005  228.7273 -999.9000    0.0000    0.0000    9.3648   88.6692
  21.4521 26532.9799  229.7138 -999.9000    0.0000    0.0000    9.9124   88.7041
  20.9548 26689.8593  230.2338 -999.9000    0.0000    0.0000   10.3512   88.7401
  20.4676 26846.7387  229.9226 -999.9000    0.0000    0.0000   10.6525   88.7908
  19.9891 27003.6181  228.4507 -999.9000    0.0000    0.0000   10.7807   88.8671
  19.5243 27160.4975  227.5398 -999.9000    0.0000    0.0000   10.3736   88.8331
  19.0752 27317.3769  227.9773 -999.9000    0.0000    0.0000    9.5029   88.6652
  18.6391 27474.2563  229.1828 -999.9000    0.0000    0.0000    8.5628   88.4541
  18.2135 27631.1357  230.5764 -999.9000    0.0000    0.0000    7.9474   88.2905
  17.7959 27788.0151  231.5867 -999.9000    0.0000    0.0000    8.0279   88.2601
  17.3864 27944.8945  231.8670 -999.9000    0.0000    0.0000    8.6252   88.3267
  16.9866 28101.7739  231.4435 -999.9000    0.0000    0.0000    9.2576   88.3867
  16.5963 28258.6533  230.6129 -999.9000    0.0000    0.0000    9.8900   88.4341
  16.2153 28415.5327  229.6994 -999.9000    0.0000    0.0000   10.5367   88.4734
  15.8432 28572.4121  229.0268 -999.9000    0.0000    0.0000   11.2119   88.5095
  15.4798 28729.2915  228.9131 -999.9000    0.0000    0.0000   11.9277   88.5468
  15.1246 28886.1709  229.3196 -999.9000    0.0000    0.0000   12.5814   88.5881
  14.7769 29043.0503  229.6896 -999.9000    0.0000    0.0000   12.9090   88.6333
  14.4368 29199.9296  229.8593 -999.9000    0.0000    0.0000   12.8454   88.6841
  14.1043 29356.8090  229.9665 -999.9000    0.0000    0.0000   12.4714   88.7433
  13.7798 29513.6884  230.1545 -999.9000    0.0000    0.0000   11.8715   88.8140
  13.4633 29670.5678  230.5669 -999.9000    0.0000    0.0000   11.1293   88.8992
  13.1552 29827.4472  231.3474 -999.9000    0.0000    0.0000   10.3292   89.0018
  12.8555 29984.3266  232.5825 -999.9000    0.0000    0.0000    9.5531   89.1215
  12.5638 30141.2060  233.9601 -999.9000    0.0000    0.0000    8.8687   89.2343
  12.2794 30298.0854  234.9982 -999.9000    0.0000    0.0000    8.3378   89.3059
  12.0018 30454.9648  235.2146 -999.9000    0.0000    0.0000    8.0219   89.3022
  11.7304 30611.8442  234.3813 -999.9000    0.0000    0.0000    7.9419   89.2026
  11.4650 30768.7236  233.3102 -999.9000    0.0000    0.0000    7.9521   89.0420
  11.2056 30925.6030  233.0779 -999.9000    0.0000    0.0000    7.8644   88.8691
  10.9522 31082.4824  234.3364 -999.9000    0.0000    0.0000    7.5585   88.7216
  10.7056 31239.3618  235.9256 -999.9000    0.0000    0.0000    7.2032   88.5894
  10.4661 31396.2412  236.5275 -999.9000    0.0000    0.0000    6.9950   88.4534
  10.2318 31553.1206  236.2224 -999.9000    0.0000    0.0000    6.9193   88.3118
  10.0000 31710.0000  235.4651 -999.9000    0.0000    0.0000    6.9046   88.1674
