# 06610 LSMP Payerne Observations at 12Z 30 Jul 2008
# Radiosonde file generated by raso.rb
#
  P [hPa],     Z [m],    T [K],   Td [K],   RH [%], r [g/kg], WS [m/s], WD [deg]
 962.0000   491.0000  297.9148 -999.9000   66.1289   13.6900    1.9127   93.0543
 944.6891   647.8794  295.8833 -999.9000   67.6897   12.6302    4.3819   92.6754
 927.6873   804.7588  294.5208 -999.9000   79.4211   13.9071    2.0221   92.9144
 911.0964   961.6382  293.2561 -999.9000   79.8831   14.4362    0.2562   92.0428
 894.7070  1118.5176  292.3453 -999.9000   79.8863   14.3064    1.2143   90.9797
 878.5406  1275.3970  292.0726 -999.9000   79.9549   13.3485    2.2006   90.6229
 862.6769  1432.2764  290.7139 -999.9000   80.8690   13.5129    2.4355   90.4248
 846.9845  1589.1558  289.4884 -999.9000   80.1913   13.9027    4.0468   90.3491
 831.5533  1746.0352  289.1542 -999.9000   80.6691   13.2228    4.9372   90.3950
 816.3570  1902.9146  287.8501 -999.9000   80.5577   11.9693    6.0504   90.4496
 801.3249  2059.7940  286.2674 -999.9000   80.2777   11.5640    6.6818   90.4939
 786.5365  2216.6734  284.9187 -999.9000   80.1225   10.4184    7.4380   90.5367
 771.9169  2373.5528  283.6911 -999.9000   80.5080    8.7627    8.6372   90.5644
 757.5041  2530.4322  282.6379 -999.9000   80.3731    8.5006    9.1759   90.6155
 743.3854  2687.3116  282.0687 -999.9000   77.7296    7.5803    8.0726   90.6080
 729.2940  2844.1910  281.0010 -999.9000   60.3502    5.5688    7.8331   90.6173
 715.5826  3001.0704  279.9612 -999.9000   50.0959    4.3807    9.4154   90.6971
 702.0616  3157.9497  278.7860 -999.9000   51.5761    4.2344   10.6976   90.7782
 688.7126  3314.8291  277.3179 -999.9000   58.8910    4.4448   10.7855   90.8007
 675.5482  3471.7085  275.7012 -999.9000   68.1798    4.6752   11.0320   90.8205
 662.5494  3628.5879  274.2360 -999.9000   74.1186    4.6607   11.6336   90.8487
 649.7305  3785.4673  273.2385 -999.9000   67.2491    4.0055   11.9227   90.8627
 637.1240  3942.3467  272.3977 -999.9000   55.1247    3.1437   11.2363   90.9118
 624.7467  4099.2261  271.3957 -999.9000   50.1527    2.7055    9.6824   91.0167
 612.5275  4256.1055  270.3486 -999.9000   50.0870    2.5464    9.2434   91.0465
 600.5160  4412.9849  269.7542 -999.9000   38.2054    1.8919    9.5173   91.0390
 588.7253  4569.8643  269.1729 -999.9000   22.7612    1.0986    9.6954   91.0433
 577.1128  4726.7437  267.8943 -999.9000   18.1673    0.8108    9.7403   91.0483
 565.6299  4883.6231  267.0737 -999.9000   17.0366    0.7276    9.6977   91.0538
 554.4053  5040.5025  266.5283 -999.9000   13.5018    0.5634    9.0043   91.1400
 543.3471  5197.3819  265.8704 -999.9000   12.8433    0.5190    8.2220   91.2153
 532.4739  5354.2613  264.8632 -999.9000   22.2113    0.8459    8.6244   91.2112
 521.8251  5511.1407  263.8346 -999.9000   24.0610    0.8613    9.3773   91.1806
 511.3144  5668.0201  263.0636 -999.9000   14.1086    0.4842   10.0560   91.1583
 500.9731  5824.8995  261.7421 -999.9000   12.9936    0.4090   10.7563   91.1344
 490.8286  5981.7789  260.1502 -999.9000   18.4317    0.5200   10.9101   91.1143
 480.7236  6138.6583  259.0558 -999.9000   29.2822    0.7703   11.2436   91.0832
 470.8214  6295.5377  257.7866 -999.9000   31.5532    0.7621   11.3409   91.0728
 461.0900  6452.4171  256.3770 -999.9000   30.8889    0.6762   11.0627   90.9894
 451.4963  6609.2965  255.0925 -999.9000   32.0678    0.6422   10.0548   90.8335
 442.0676  6766.1759  254.0315 -999.9000   32.6460    0.6091    9.1647   90.7116
 432.8253  6923.0553  253.0788 -999.9000   32.3646    0.5674   10.0753   90.6964
 423.7241  7079.9347  251.6792 -999.9000   36.0774    0.5712   10.9575   90.7318
 414.7432  7236.8141  249.9786 -999.9000   41.3117    0.5742   10.7570   90.7585
 405.9174  7393.6935  248.9850 -999.9000   31.8851    0.4138   10.9866   90.7794
 397.1974  7550.5729  247.6968 -999.9000   27.2934    0.3219   11.2547   90.7881
 388.6475  7707.4523  246.2997 -999.9000   31.2228    0.3308   11.3990   90.8405
 380.2876  7864.3317  245.2771 -999.9000   34.8781    0.3433   11.6329   90.9010
 372.0784  8021.2111  244.4506 -999.9000   39.1538    0.3645   11.7818   90.8924
 363.9826  8178.0905  243.6459 -999.9000   45.2871    0.3994   11.6916   90.7526
 356.0087  8334.9698  242.7792 -999.9000   54.5377    0.4529   11.6729   90.7678
 348.2042  8491.8492  241.8692 -999.9000   60.6691    0.5188   12.2726   91.3797
 340.5609  8648.7286  240.9990 -999.9000   65.0648    0.5272   12.5037   91.7004
 333.0575  8805.6080  240.1181 -999.9000   65.6723    0.4852   12.4438   91.6152
 325.6771  8962.4874  239.1265 -999.9000   65.0967    0.4338   12.7389   91.4555
 318.4095  9119.3668  237.9078 -999.9000   65.8865    0.3977   13.6578   91.4682
 311.2701  9276.2462  236.2525 -999.9000   60.7763    0.3338   13.8144   91.4746
 304.2599  9433.1256  234.6623 -999.9000   55.5886    0.2938   14.0361   91.4194
 297.3812  9590.0050  233.5590 -999.9000   50.7398    0.2688   14.5145   91.3896
 290.6045  9746.8844  232.2935 -999.9000   45.5267    0.2331   14.8382   91.3805
 283.9369  9903.7638  230.8780 -999.9000   45.8252    0.2031   15.2098   91.3479
 277.3870 10060.6432  229.3583 -999.9000   45.6758    0.1789   15.5915   91.3074
 270.9631 10217.5226  227.7742 -999.9000   45.6132    0.1538   15.8508   91.2950
 264.6694 10374.4020  226.2001 -999.9000   45.7234    0.1244   15.8976   91.3378
 258.4744 10531.2814  224.9428 -999.9000   45.2319    0.1097   16.0326   91.3756
 252.3757 10688.1608  223.8846 -999.9000   45.5490    0.1034   16.2846   91.3933
 246.3812 10845.0402  222.7965 -999.9000   40.2663    0.0916   16.5716   91.3978
 240.4896 11001.9196  221.5713 -999.9000   35.7070    0.0742   16.8404   91.3965
 234.6950 11158.7990  220.2043 -999.9000   35.9618    0.0604   17.0618   91.3968
 229.0082 11315.6784  218.7925 -999.9000   35.5061    0.0528   17.2301   91.3986
 223.4492 11472.5578  217.4838 -999.9000   34.9794    0.0500   17.3522   91.3982
 218.0236 11629.4372  216.2547 -999.9000   30.1331    0.0480   17.1465   91.4126
 212.6609 11786.3166  214.5567 -999.9000   25.6141    0.0350   15.4631   91.5070
 207.3913 11943.1960  213.7012 -999.9000   23.7805    0.0295   14.2822   91.4951
 202.2510 12100.0754  214.3832 -999.9000   18.0138    0.0410   13.9755   91.5711
 197.2536 12256.9548  215.7612 -999.9000    9.1026    0.0304   11.9739   92.1270
 192.4469 12413.8342  218.1340 -999.9000    2.6469    0.0062   12.4225   91.9985
 187.8076 12570.7136  217.9310 -999.9000    0.2371    0.0003   12.6630   91.9213
 183.2603 12727.5930  216.6769 -999.9000    0.2958    0.0003   12.3681   91.8946
 178.8033 12884.4724  216.2466 -999.9000    0.0000    0.0000   12.1319   91.8603
 174.4458 13041.3518  216.6341 -999.9000    0.0133    0.0000   12.2614   91.7991
 170.1876 13198.2312  216.8454 -999.9000    0.0000    0.0000   12.7827   91.6668
 166.0391 13355.1106  217.0015 -999.9000    0.0000    0.0000   13.3986   91.5392
 162.0101 13511.9899  216.6153 -999.9000    0.0002    0.0000   13.6938   91.4198
 158.0706 13668.8693  215.6230 -999.9000    0.0000    0.0000   13.3071   91.3880
 154.1974 13825.7487  214.7445 -999.9000    0.0000    0.0000   12.1427   91.4693
 150.4126 13982.6281  214.6755 -999.9000    0.0000    0.0000   10.2263   91.5650
 146.7292 14139.5075  215.6054 -999.9000    0.0000    0.0000   10.1461   91.5673
 143.1108 14296.3869  213.8331 -999.9000    0.0000    0.0000   10.0636   91.5696
 139.5597 14453.2663  216.2609 -999.9000    0.0000    0.0000   10.0305   91.5684
 136.1266 14610.1457  213.9401 -999.9000    0.0000    0.0000   10.0218   91.5540
 132.7619 14767.0251  213.0908 -999.9000    0.0000    0.0000   10.0190   91.5347
 129.4754 14923.9045  214.1157 -999.9000    0.0000    0.0000   10.0161   91.5197
 126.2897 15080.7839  215.2566 -999.9000    0.0000    0.0000   10.0040   91.5108
 123.1790 15237.6633  216.5251 -999.9000    0.0000    0.0000   10.0210   91.4644
 120.1481 15394.5427  217.0441 -999.9000    0.0000    0.0000    9.8805   91.3748
 117.2138 15551.4221  216.4500 -999.9000    0.0000    0.0000    9.5227   91.2661
 114.3435 15708.3015  216.4088 -999.9000    0.0000    0.0000    9.2050   91.1464
 111.5416 15865.1809  216.2209 -999.9000    0.0000    0.0000    8.6297   91.1933
 108.8149 16022.0603  217.5910 -999.9000    0.0000    0.0000    7.8224   91.4869
 106.1648 16178.9397  217.7022 -999.9000    0.0000    0.0000    7.3695   91.3484
 103.5767 16335.8191  217.3919 -999.9000    0.0000    0.0000    5.9488   91.9971
 101.0524 16492.6985  219.4915 -999.9000    0.0000    0.0000    1.4824   90.4089
  98.6148 16649.5779  218.1514 -999.9000    0.0000    0.0000    0.7195   90.4014
  96.2203 16806.4573  217.4597 -999.9000    0.0000    0.0000    0.0940   87.2598
  93.8688 16963.3367  216.7882 -999.9000    0.0000    0.0000    1.0021   90.4014
  91.5836 17120.2161  216.7074 -999.9000    0.0000    0.0000    1.8842   90.4014
  89.3567 17277.0955  216.7201 -999.9000    0.0000    0.0000    2.5328   90.4014
  87.1784 17433.9749  216.2776 -999.9000    0.0000    0.0000    3.2446   90.3927
  85.0453 17590.8543  215.4915 -999.9000    0.0000    0.0000    4.1863   90.0754
  82.9608 17747.7337  215.1845 -999.9000    0.0000    0.0000    5.3841   90.9865
  80.9282 17904.6131  215.8398 -999.9000    0.0000    0.0000    6.5547   90.6807
  78.9484 18061.4925  216.4874 -999.9000    0.0000    0.0000    6.4693   90.4907
  77.0217 18218.3719  217.1581 -999.9000    0.0000    0.0000    5.5314   90.6714
  75.1483 18375.2513  218.2096 -999.9000    0.0000    0.0000    4.5956   90.9237
  73.3271 18532.1307  219.3005 -999.9000    0.0000    0.0000    3.9923   91.0464
  71.5556 18689.0101  219.4114 -999.9000    0.0000    0.0000    3.5435   90.9336
  69.8260 18845.8894  218.2780 -999.9000    0.0000    0.0000    2.9429   91.0562
  68.1227 19002.7688  217.9670 -999.9000    0.0000    0.0000    1.8238   91.7656
  66.4601 19159.6482  218.2939 -999.9000    0.0000    0.0000    0.8168   89.5288
  64.8418 19316.5276  218.7527 -999.9000    0.0000    0.0000    0.5321   87.4851
  63.2670 19473.4070  219.1300 -999.9000    0.0000    0.0000    1.0998   87.9468
  61.7318 19630.2864  219.6642 -999.9000    0.0000    0.0000    1.7113   88.3028
  60.2355 19787.1658  219.8496 -999.9000    0.0000    0.0000    2.4799   88.5476
  58.7762 19944.0452  219.5262 -999.9000    0.0000    0.0000    3.3457   88.9105
  57.3501 20100.9246  219.1207 -999.9000    0.0000    0.0000    3.8044   89.0671
  55.9562 20257.8040  218.8276 -999.9000    0.0000    0.0000    3.7585   88.9446
  54.5968 20414.6834  218.5676 -999.9000    0.0000    0.0000    3.5734   88.7725
  53.2731 20571.5628  218.4931 -999.9000    0.0000    0.0000    3.4121   88.6461
  51.9860 20728.4422  218.9151 -999.9000    0.0000    0.0000    3.2916   88.5640
  50.7361 20885.3216  220.1477 -999.9000    0.0000    0.0000    3.2262   88.5228
  49.5229 21042.2010  221.9025 -999.9000    0.0000    0.0000    3.1993   88.5126
  48.3394 21199.0804  221.2701 -999.9000    0.0000    0.0000    3.5605   88.5757
  47.1874 21355.9598  221.3266 -999.9000    0.0000    0.0000    4.7083   88.7747
  46.0647 21512.8392  221.7103 -999.9000    0.0000    0.0000    5.7580   88.9472
  44.9691 21669.7186  221.9421 -999.9000    0.0000    0.0000    5.9769   88.9570
  43.8989 21826.5980  221.9588 -999.9000    0.0000    0.0000    5.5977   88.8369
  42.8525 21983.4774  221.8209 -999.9000    0.0000    0.0000    5.1366   88.6697
  41.8295 22140.3568  221.5763 -999.9000    0.0000    0.0000    4.8828   88.5214
  40.8309 22297.2362  221.2533 -999.9000    0.0000    0.0000    4.7739   88.4316
  39.8584 22454.1156  220.8811 -999.9000    0.0000    0.0000    4.7182   88.4374
  38.9104 22610.9950  221.2861 -999.9000    0.0000    0.0000    4.8634   88.5046
  37.9838 22767.8744  222.5616 -999.9000    0.0000    0.0000    5.2659   88.5579
  37.0791 22924.7538  223.2711 -999.9000    0.0000    0.0000    5.5944   88.6106
  36.1962 23081.6332  223.3836 -999.9000    0.0000    0.0000    5.8328   88.6649
  35.3349 23238.5126  223.1167 -999.9000    0.0000    0.0000    6.0206   88.7211
  34.4951 23395.3920  222.6878 -999.9000    0.0000    0.0000    6.1977   88.7793
  33.6765 23552.2714  222.3146 -999.9000    0.0000    0.0000    6.4037   88.8396
  32.8792 23709.1508  222.2146 -999.9000    0.0000    0.0000    6.6785   88.9021
  32.1025 23866.0302  222.5297 -999.9000    0.0000    0.0000    7.0345   88.9664
  31.3447 24022.9095  223.1222 -999.9000    0.0000    0.0000    7.3835   89.0294
  30.6036 24179.7889  223.7900 -999.9000    0.0000    0.0000    7.6144   89.0878
  29.8779 24336.6683  224.3055 -999.9000    0.0000    0.0000    7.6354   89.1301
  29.1715 24493.5477  224.3793 -999.9000    0.0000    0.0000    7.5511   89.0898
  28.4842 24650.4271  224.2591 -999.9000    0.0000    0.0000    7.4143   88.9796
  27.8138 24807.3065  224.3136 -999.9000    0.0000    0.0000    7.2392   88.8366
  27.1583 24964.1859  224.9096 -999.9000    0.0000    0.0000    7.0397   88.6979
  26.5173 25121.0653  226.1080 -999.9000    0.0000    0.0000    6.8363   88.5852
  25.8939 25277.9447  227.3209 -999.9000    0.0000    0.0000    6.6637   88.4883
  25.2914 25434.8241  227.8772 -999.9000    0.0000    0.0000    6.5588   88.3927
  24.7096 25591.7035  227.4106 -999.9000    0.0000    0.0000    6.6027   88.3136
  24.1354 25748.5829  226.9063 -999.9000    0.0000    0.0000    6.9564   88.3442
  23.5706 25905.4623  226.6971 -999.9000    0.0000    0.0000    7.5220   88.4419
  23.0189 26062.3417  226.9920 -999.9000    0.0000    0.0000    8.1746   88.5480
  22.4826 26219.2211  227.8564 -999.9000    0.0000    0.0000    8.8136   88.6216
  21.9608 26376.1005  228.9839 -999.9000    0.0000    0.0000    9.4005   88.6692
  21.4521 26532.9799  230.0100 -999.9000    0.0000    0.0000    9.9070   88.7041
  20.9548 26689.8593  230.5693 -999.9000    0.0000    0.0000   10.3046   88.7401
  20.4676 26846.7387  230.2968 -999.9000    0.0000    0.0000   10.5648   88.7908
  19.9891 27003.6181  228.8629 -999.9000    0.0000    0.0000   10.6523   88.8671
  19.5243 27160.4975  227.9889 -999.9000    0.0000    0.0000   10.2054   88.8331
  19.0752 27317.3769  228.4620 -999.9000    0.0000    0.0000    9.2959   88.6652
  18.6391 27474.2563  229.7016 -999.9000    0.0000    0.0000    8.3182   88.4541
  18.2135 27631.1357  231.1275 -999.9000    0.0000    0.0000    7.6670   88.2905
  17.7959 27788.0151  232.1680 -999.9000    0.0000    0.0000    7.7136   88.2601
  17.3864 27944.8945  232.4761 -999.9000    0.0000    0.0000    8.2792   88.3267
  16.9866 28101.7739  232.0778 -999.9000    0.0000    0.0000    8.8825   88.3867
  16.5963 28258.6533  231.2696 -999.9000    0.0000    0.0000    9.4887   88.4341
  16.2153 28415.5327  230.3753 -999.9000    0.0000    0.0000   10.1122   88.4734
  15.8432 28572.4121  229.7185 -999.9000    0.0000    0.0000   10.7676   88.5095
  15.4798 28729.2915  229.6170 -999.9000    0.0000    0.0000   11.4674   88.5468
  15.1246 28886.1709  230.0318 -999.9000    0.0000    0.0000   12.1092   88.5881
  14.7769 29043.0503  230.4060 -999.9000    0.0000    0.0000   12.4292   88.6333
  14.4368 29199.9296  230.5754 -999.9000    0.0000    0.0000   12.3625   88.6841
  14.1043 29356.8090  230.6776 -999.9000    0.0000    0.0000   11.9904   88.7433
  13.7798 29513.6884  230.8556 -999.9000    0.0000    0.0000   11.3976   88.8140
  13.4633 29670.5678  231.2529 -999.9000    0.0000    0.0000   10.6681   88.8992
  13.1552 29827.4472  232.0128 -999.9000    0.0000    0.0000    9.8864   89.0018
  12.8555 29984.3266  233.2216 -999.9000    0.0000    0.0000    9.1348   89.1215
  12.5638 30141.2060  234.5668 -999.9000    0.0000    0.0000    8.4814   89.2343
  12.2794 30298.0854  235.5663 -999.9000    0.0000    0.0000    7.9880   89.3059
  12.0018 30454.9648  235.7376 -999.9000    0.0000    0.0000    7.7168   89.3022
  11.7304 30611.8442  234.8525 -999.9000    0.0000    0.0000    7.6888   89.2026
  11.4650 30768.7236  233.7224 -999.9000    0.0000    0.0000    7.7585   89.0420
  11.2056 30925.6030  233.4239 -999.9000    0.0000    0.0000    7.7383   88.8691
  10.9522 31082.4824  234.6086 -999.9000    0.0000    0.0000    7.5080   88.7216
  10.7056 31239.3618  236.1163 -999.9000    0.0000    0.0000    7.2368   88.5894
  10.4661 31396.2412  236.6286 -999.9000    0.0000    0.0000    7.1215   88.4534
  10.2318 31553.1206  236.2255 -999.9000    0.0000    0.0000    7.1478   88.3118
  10.0000 31710.0000  235.3616 -999.9000    0.0000    0.0000    7.2445   88.1674
