# 06610 LSMP Payerne Observations at 12Z 30 Jul 2008
# Radiosonde file generated by raso.rb
#
  P [hPa],     Z [m],    T [K],   Td [K],   RH [%], r [g/kg], WS [m/s], WD [deg]
 962.0000   491.0000  298.0258 -999.9000   66.2493   13.6900    2.7315   93.0543
 944.6891   647.8794  295.9475 -999.9000   67.8058   12.6302    5.1650   92.6754
 927.6873   804.7588  294.5424 -999.9000   79.5486   13.9071    2.7706   92.9144
 911.0964   961.6382  293.2393 -999.9000   80.0022   14.4362    0.9712   92.0428
 894.7070  1118.5176  292.2938 -999.9000   79.9960   14.3064    1.8968   90.9797
 878.5406  1275.3970  291.9903 -999.9000   80.0548   13.3485    2.8517   90.6229
 862.6769  1432.2764  290.6043 -999.9000   80.9598   13.5129    3.0561   90.4248
 846.9845  1589.1558  289.3548 -999.9000   80.2710   13.9027    4.6379   90.3491
 831.5533  1746.0352  289.0000 -999.9000   80.7388   13.2228    5.4998   90.3950
 816.3570  1902.9146  287.6782 -999.9000   80.6165   11.9693    6.5855   90.4496
 801.3249  2059.7940  286.0808 -999.9000   80.3255   11.5640    7.1903   90.4939
 786.5365  2216.6734  284.7200 -999.9000   80.1593   10.4184    7.9207   90.5367
 771.9169  2373.5528  283.4829 -999.9000   80.5340    8.7627    9.0950   90.5644
 757.5041  2530.4322  282.4226 -999.9000   80.3882    8.5006    9.6096   90.6155
 743.3854  2687.3116  281.8484 -999.9000   77.7337    7.5803    8.4832   90.6080
 729.2940  2844.1910  280.7779 -999.9000   60.3452    5.5688    8.2213   90.6173
 715.5826  3001.0704  279.7370 -999.9000   50.0851    4.3807    9.7819   90.6971
 702.0616  3157.9497  278.5625 -999.9000   51.5583    4.2344   11.0433   90.7782
 688.7126  3314.8291  277.0965 -999.9000   58.8631    4.4448   11.1110   90.8007
 675.5482  3471.7085  275.4834 -999.9000   68.1390    4.6752   11.3381   90.8205
 662.5494  3628.5879  274.0229 -999.9000   74.0652    4.6607   11.9210   90.8487
 649.7305  3785.4673  273.0312 -999.9000   67.1927    4.0055   12.1920   90.8627
 637.1240  3942.3467  272.1970 -999.9000   55.0723    3.1437   11.4883   90.9118
 624.7467  4099.2261  271.2023 -999.9000   50.0996    2.7055    9.9175   91.0167
 612.5275  4256.1055  270.1630 -999.9000   50.0288    2.5464    9.4624   91.0465
 600.5160  4412.9849  269.5768 -999.9000   38.1573    1.8919    9.7207   91.0390
 588.7253  4569.8643  269.0038 -999.9000   22.7305    1.0986    9.8837   91.0433
 577.1128  4726.7437  267.7335 -999.9000   18.1412    0.8108    9.9140   91.0483
 565.6299  4883.6231  266.9210 -999.9000   17.0109    0.7276    9.8575   91.0538
 554.4053  5040.5025  266.3834 -999.9000   13.4805    0.5634    9.1505   91.1400
 543.3471  5197.3819  265.7328 -999.9000   12.8222    0.5190    8.3552   91.2153
 532.4739  5354.2613  264.7323 -999.9000   22.1738    0.8459    8.7450   91.2112
 521.8251  5511.1407  263.7095 -999.9000   24.0193    0.8613    9.4857   91.1806
 511.3144  5668.0201  262.9432 -999.9000   14.0838    0.4842   10.1526   91.1583
 500.9731  5824.8995  261.6254 -999.9000   12.9704    0.4090   10.8415   91.1344
 490.8286  5981.7789  260.0357 -999.9000   18.3986    0.5200   10.9843   91.1143
 480.7236  6138.6583  258.9420 -999.9000   29.2296    0.7703   11.3070   91.0832
 470.8214  6295.5377  257.6718 -999.9000   31.4969    0.7621   11.3940   91.0728
 461.0900  6452.4171  256.2594 -999.9000   30.8345    0.6762   11.1056   90.9894
 451.4963  6609.2965  254.9700 -999.9000   32.0125    0.6422   10.0878   90.8335
 442.0676  6766.1759  253.9021 -999.9000   32.5914    0.6091    9.1881   90.7116
 432.8253  6923.0553  252.9399 -999.9000   32.3125    0.5674   10.0893   90.6964
 423.7241  7079.9347  251.5283 -999.9000   36.0221    0.5712   10.9624   90.7318
 414.7432  7236.8141  249.8130 -999.9000   41.2522    0.5742   10.7528   90.7585
 405.9174  7393.6935  248.8020 -999.9000   31.8426    0.4138   10.9735   90.7794
 397.1974  7550.5729  247.4932 -999.9000   27.2603    0.3219   11.2329   90.7881
 388.6475  7707.4523  246.0728 -999.9000   31.1894    0.3308   11.3686   90.8405
 380.2876  7864.3317  245.0243 -999.9000   34.8460    0.3433   11.5942   90.9010
 372.0784  8021.2111  244.1699 -999.9000   39.1239    0.3645   11.7351   90.8924
 363.9826  8178.0905  243.3355 -999.9000   45.2603    0.3994   11.6371   90.7526
 356.0087  8334.9698  242.4377 -999.9000   54.5150    0.4529   11.6111   90.7678
 348.2042  8491.8492  241.4957 -999.9000   60.6550    0.5188   12.2041   91.3797
 340.5609  8648.7286  240.5926 -999.9000   65.0616    0.5272   12.4288   91.7004
 333.0575  8805.6080  239.6786 -999.9000   65.6815    0.4852   12.3633   91.6152
 325.6771  8962.4874  238.6538 -999.9000   65.1180    0.4338   12.6533   91.4555
 318.4095  9119.3668  237.4024 -999.9000   65.9203    0.3977   13.5678   91.4682
 311.2701  9276.2462  235.7150 -999.9000   60.8184    0.3338   13.7209   91.4746
 304.2599  9433.1256  234.0939 -999.9000   55.6370    0.2938   13.9398   91.4194
 297.3812  9590.0050  232.9610 -999.9000   50.7925    0.2688   14.4164   91.3896
 290.6045  9746.8844  231.6678 -999.9000   45.5813    0.2331   14.7391   91.3805
 283.9369  9903.7638  230.2267 -999.9000   45.8869    0.2031   15.1107   91.3479
 277.3870 10060.6432  228.6838 -999.9000   45.7435    0.1789   15.4936   91.3074
 270.9631 10217.5226  227.0794 -999.9000   45.6863    0.1538   15.7551   91.2950
 264.6694 10374.4020  225.4881 -999.9000   45.8015    0.1244   15.8054   91.3378
 258.4744 10531.2814  224.2173 -999.9000   45.3131    0.1097   15.9450   91.3756
 252.3757 10688.1608  223.1494 -999.9000   45.6338    0.1034   16.2029   91.3933
 246.3812 10845.0402  222.0558 -999.9000   40.3431    0.0916   16.4973   91.3978
 240.4896 11001.9196  220.8297 -999.9000   35.7758    0.0742   16.7748   91.3965
 234.6950 11158.7990  219.4664 -999.9000   36.0310    0.0604   17.0061   91.3968
 229.0082 11315.6784  218.0624 -999.9000   35.5736    0.0528   17.1856   91.3986
 223.4492 11472.5578  216.7654 -999.9000   35.0445    0.0500   17.3197   91.3982
 218.0236 11629.4372  215.5516 -999.9000   30.1874    0.0480   17.1267   91.4126
 212.6609 11786.3166  213.8722 -999.9000   25.6584    0.0350   15.4565   91.5070
 207.3913 11943.1960  213.0383 -999.9000   23.8195    0.0295   14.2890   91.4951
 202.2510 12100.0754  213.7445 -999.9000   18.0417    0.0410   13.9958   91.5711
 197.2536 12256.9548  215.1490 -999.9000    9.1158    0.0304   12.0075   92.1270
 192.4469 12413.8342  217.5504 -999.9000    2.6504    0.0062   12.4691   91.9985
 187.8076 12570.7136  217.3778 -999.9000    0.2374    0.0003   12.7221   91.9213
 183.2603 12727.5930  216.1554 -999.9000    0.2961    0.0003   12.4389   91.8946
 178.8033 12884.4724  215.7579 -999.9000    0.0000    0.0000   12.2135   91.8603
 174.4458 13041.3518  216.1790 -999.9000    0.0133    0.0000   12.3525   91.7991
 170.1876 13198.2312  216.4246 -999.9000    0.0000    0.0000   12.8821   91.6668
 166.0391 13355.1106  216.6149 -999.9000    0.0000    0.0000   13.5046   91.5392
 162.0101 13511.9899  216.2629 -999.9000    0.0002    0.0000   13.8047   91.4198
 158.0706 13668.8693  215.3045 -999.9000    0.0000    0.0000   13.4209   91.3880
 154.1974 13825.7487  214.4590 -999.9000    0.0000    0.0000   12.2572   91.4693
 150.4126 13982.6281  214.4219 -999.9000    0.0000    0.0000   10.3390   91.5650
 146.7292 14139.5075  215.3825 -999.9000    0.0000    0.0000   10.2546   91.5673
 143.1108 14296.3869  213.6391 -999.9000    0.0000    0.0000   10.1649   91.5696
 139.5597 14453.2663  216.0939 -999.9000    0.0000    0.0000   10.1217   91.5684
 136.1266 14610.1457  213.7980 -999.9000    0.0000    0.0000   10.1000   91.5540
 132.7619 14767.0251  212.9715 -999.9000    0.0000    0.0000   10.0815   91.5347
 129.4754 14923.9045  214.0171 -999.9000    0.0000    0.0000   10.0605   91.5197
 126.2897 15080.7839  215.1767 -999.9000    0.0000    0.0000   10.0283   91.5108
 123.1790 15237.6633  216.4618 -999.9000    0.0000    0.0000   10.0234   91.4644
 120.1481 15394.5427  216.9954 -999.9000    0.0000    0.0000    9.8595   91.3748
 117.2138 15551.4221  216.4138 -999.9000    0.0000    0.0000    9.4772   91.2661
 114.3435 15708.3015  216.3832 -999.9000    0.0000    0.0000    9.1341   91.1464
 111.5416 15865.1809  216.2040 -999.9000    0.0000    0.0000    8.5327   91.1933
 108.8149 16022.0603  217.5808 -999.9000    0.0000    0.0000    7.6991   91.4869
 106.1648 16178.9397  217.6967 -999.9000    0.0000    0.0000    7.2197   91.3484
 103.5767 16335.8191  217.3892 -999.9000    0.0000    0.0000    5.7730   91.9971
 101.0524 16492.6985  219.4897 -999.9000    0.0000    0.0000    1.2811   90.4089
  98.6148 16649.5779  218.1487 -999.9000    0.0000    0.0000    0.4935   90.4014
  96.2203 16806.4573  217.4541 -999.9000    0.0000    0.0000    0.3435   87.2598
  93.8688 16963.3367  216.7779 -999.9000    0.0000    0.0000    0.7306   90.4014
  91.5836 17120.2161  216.6907 -999.9000    0.0000    0.0000    1.5923   90.4014
  89.3567 17277.0955  216.6950 -999.9000    0.0000    0.0000    2.2226   90.4014
  87.1784 17433.9749  216.2424 -999.9000    0.0000    0.0000    2.9185   90.3927
  85.0453 17590.8543  215.4443 -999.9000    0.0000    0.0000    3.8468   90.0754
  82.9608 17747.7337  215.1237 -999.9000    0.0000    0.0000    5.0342   90.9865
  80.9282 17904.6131  215.7636 -999.9000    0.0000    0.0000    6.1975   90.6807
  78.9484 18061.4925  216.3942 -999.9000    0.0000    0.0000    6.1082   90.4907
  77.0217 18218.3719  217.0467 -999.9000    0.0000    0.0000    5.1694   90.6714
  75.1483 18375.2513  218.0790 -999.9000    0.0000    0.0000    4.2355   90.9237
  73.3271 18532.1307  219.1502 -999.9000    0.0000    0.0000    3.6368   91.0464
  71.5556 18689.0101  219.2412 -999.9000    0.0000    0.0000    3.1952   90.9336
  69.8260 18845.8894  218.0879 -999.9000    0.0000    0.0000    2.6040   91.0562
  68.1227 19002.7688  217.7575 -999.9000    0.0000    0.0000    1.4963   91.7656
  66.4601 19159.6482  218.0658 -999.9000    0.0000    0.0000    0.5027   89.5288
  64.8418 19316.5276  218.5071 -999.9000    0.0000    0.0000    0.2331   87.4851
  63.2670 19473.4070  218.8684 -999.9000    0.0000    0.0000    0.8173   87.9468
  61.7318 19630.2864  219.3884 -999.9000    0.0000    0.0000    1.4466   88.3028
  60.2355 19787.1658  219.5618 -999.9000    0.0000    0.0000    2.2341   88.5476
  58.7762 19944.0452  219.2289 -999.9000    0.0000    0.0000    3.1197   88.9105
  57.3501 20100.9246  218.8167 -999.9000    0.0000    0.0000    3.5988   89.0671
  55.9562 20257.8040  218.5200 -999.9000    0.0000    0.0000    3.5739   88.9446
  54.5968 20414.6834  218.2599 -999.9000    0.0000    0.0000    3.4100   88.7725
  53.2731 20571.5628  218.1892 -999.9000    0.0000    0.0000    3.2700   88.6461
  51.9860 20728.4422  218.6192 -999.9000    0.0000    0.0000    3.1707   88.5640
  50.7361 20885.3216  219.8643 -999.9000    0.0000    0.0000    3.1262   88.5228
  49.5229 21042.2010  221.6364 -999.9000    0.0000    0.0000    3.1197   88.5126
  48.3394 21199.0804  221.0265 -999.9000    0.0000    0.0000    3.5005   88.5757
  47.1874 21355.9598  221.1112 -999.9000    0.0000    0.0000    4.6671   88.7747
  46.0647 21512.8392  221.5285 -999.9000    0.0000    0.0000    5.7345   88.9472
  44.9691 21669.7186  221.7988 -999.9000    0.0000    0.0000    5.9701   88.9570
  43.8989 21826.5980  221.8583 -999.9000    0.0000    0.0000    5.6065   88.8369
  42.8525 21983.4774  221.7668 -999.9000    0.0000    0.0000    5.1600   88.6697
  41.8295 22140.3568  221.5717 -999.9000    0.0000    0.0000    4.9198   88.5214
  40.8309 22297.2362  221.3005 -999.9000    0.0000    0.0000    4.8234   88.4316
  39.8584 22454.1156  220.9818 -999.9000    0.0000    0.0000    4.7792   88.4374
  38.9104 22610.9950  221.4414 -999.9000    0.0000    0.0000    4.9348   88.5046
  37.9838 22767.8744  222.7718 -999.9000    0.0000    0.0000    5.3468   88.5579
  37.0791 22924.7538  223.5362 -999.9000    0.0000    0.0000    5.6838   88.6106
  36.1962 23081.6332  223.7026 -999.9000    0.0000    0.0000    5.9295   88.6649
  35.3349 23238.5126  223.4883 -999.9000    0.0000    0.0000    6.1238   88.7211
  34.4951 23395.3920  223.1098 -999.9000    0.0000    0.0000    6.3063   88.7793
  33.6765 23552.2714  222.7842 -999.9000    0.0000    0.0000    6.5166   88.8396
  32.8792 23709.1508  222.7284 -999.9000    0.0000    0.0000    6.7948   88.9021
  32.1025 23866.0302  223.0837 -999.9000    0.0000    0.0000    7.1531   88.9664
  31.3447 24022.9095  223.7118 -999.9000    0.0000    0.0000    7.5034   89.0294
  30.6036 24179.7889  224.4098 -999.9000    0.0000    0.0000    7.7347   89.0878
  29.8779 24336.6683  224.9495 -999.9000    0.0000    0.0000    7.7550   89.1301
  29.1715 24493.5477  225.0409 -999.9000    0.0000    0.0000    7.6691   89.0898
  28.4842 24650.4271  224.9312 -999.9000    0.0000    0.0000    7.5297   88.9796
  27.8138 24807.3065  224.9882 -999.9000    0.0000    0.0000    7.3509   88.8366
  27.1583 24964.1859  225.5786 -999.9000    0.0000    0.0000    7.1467   88.6979
  26.5173 25121.0653  226.7637 -999.9000    0.0000    0.0000    6.9379   88.5852
  25.8939 25277.9447  227.9560 -999.9000    0.0000    0.0000    6.7590   88.4883
  25.2914 25434.8241  228.4850 -999.9000    0.0000    0.0000    6.6470   88.3927
  24.7096 25591.7035  227.9849 -999.9000    0.0000    0.0000    6.6833   88.3136
  24.1354 25748.5829  227.4415 -999.9000    0.0000    0.0000    7.0287   88.3442
  23.5706 25905.4623  227.1880 -999.9000    0.0000    0.0000    7.5856   88.4419
  23.0189 26062.3417  227.4340 -999.9000    0.0000    0.0000    8.2292   88.5480
  22.4826 26219.2211  228.2453 -999.9000    0.0000    0.0000    8.8589   88.6216
  21.9608 26376.1005  229.3163 -999.9000    0.0000    0.0000    9.4361   88.6692
  21.4521 26532.9799  230.2826 -999.9000    0.0000    0.0000    9.9329   88.7041
  20.9548 26689.8593  230.7796 -999.9000    0.0000    0.0000   10.3207   88.7401
  20.4676 26846.7387  230.4429 -999.9000    0.0000    0.0000   10.5711   88.7908
  19.9891 27003.6181  228.9432 -999.9000    0.0000    0.0000   10.6490   88.8671
  19.5243 27160.4975  228.0023 -999.9000    0.0000    0.0000   10.1926   88.8331
  19.0752 27317.3769  228.4081 -999.9000    0.0000    0.0000    9.2739   88.6652
  18.6391 27474.2563  229.5804 -999.9000    0.0000    0.0000    8.2874   88.4541
  18.2135 27631.1357  230.9395 -999.9000    0.0000    0.0000    7.6279   88.2905
  17.7959 27788.0151  231.9144 -999.9000    0.0000    0.0000    7.6667   88.2601
  17.3864 27944.8945  232.1583 -999.9000    0.0000    0.0000    8.2250   88.3267
  16.9866 28101.7739  231.6981 -999.9000    0.0000    0.0000    8.8218   88.3867
  16.5963 28258.6533  230.8305 -999.9000    0.0000    0.0000    9.4222   88.4341
  16.2153 28415.5327  229.8799 -999.9000    0.0000    0.0000   10.0409   88.4734
  15.8432 28572.4121  229.1706 -999.9000    0.0000    0.0000   10.6924   88.5095
  15.4798 28729.2915  229.0207 -999.9000    0.0000    0.0000   11.3893   88.5468
  15.1246 28886.1709  229.3917 -999.9000    0.0000    0.0000   12.0293   88.5881
  14.7769 29043.0503  229.7274 -999.9000    0.0000    0.0000   12.3488   88.6333
  14.4368 29199.9296  229.8640 -999.9000    0.0000    0.0000   12.2828   88.6841
  14.1043 29356.8090  229.9396 -999.9000    0.0000    0.0000   11.9128   88.7433
  13.7798 29513.6884  230.0979 -999.9000    0.0000    0.0000   11.3235   88.8140
  13.4633 29670.5678  230.4826 -999.9000    0.0000    0.0000   10.5990   88.8992
  13.1552 29827.4472  231.2378 -999.9000    0.0000    0.0000    9.8241   89.0018
  12.8555 29984.3266  232.4502 -999.9000    0.0000    0.0000    9.0809   89.1215
  12.5638 30141.2060  233.8078 -999.9000    0.0000    0.0000    8.4376   89.2343
  12.2794 30298.0854  234.8292 -999.9000    0.0000    0.0000    7.9563   89.3059
  12.0018 30454.9648  235.0321 -999.9000    0.0000    0.0000    7.6991   89.3022
  11.7304 30611.8442  234.1890 -999.9000    0.0000    0.0000    7.6870   89.2026
  11.4650 30768.7236  233.1119 -999.9000    0.0000    0.0000    7.7749   89.0420
  11.2056 30925.6030  232.8778 -999.9000    0.0000    0.0000    7.7751   88.8691
  10.9522 31082.4824  234.1388 -999.9000    0.0000    0.0000    7.5674   88.7216
  10.7056 31239.3618  235.7353 -999.9000    0.0000    0.0000    7.3212   88.5894
  10.4661 31396.2412  236.3493 -999.9000    0.0000    0.0000    7.2334   88.4534
  10.2318 31553.1206  236.0614 -999.9000    0.0000    0.0000    7.2896   88.3118
  10.0000 31710.0000  235.3268 -999.9000    0.0000    0.0000    7.4190   88.1674
