# 06610 LSMP Payerne Observations at 12Z 30 Jul 2008
# Radiosonde file generated by raso.rb
#
  P [hPa],     Z [m],    T [K],   Td [K],   RH [%], r [g/kg], WS [m/s], WD [deg]
 962.0000   491.0000  298.3183 -999.9000   66.1782   13.6900    2.0149   93.0543
 944.6891   647.8794  296.2988 -999.9000   67.7447   12.6302    4.5152   92.6754
 927.6873   804.7588  294.9452 -999.9000   79.4900   13.9071    2.1836   92.9144
 911.0964   961.6382  293.6864 -999.9000   79.9558   14.4362    0.4431   92.0428
 894.7070  1118.5176  292.7784 -999.9000   79.9615   14.3064    1.4241   90.9797
 878.5406  1275.3970  292.5058 -999.9000   80.0316   13.3485    2.4306   90.6229
 862.6769  1432.2764  291.1445 -999.9000   80.9472   13.5129    2.6832   90.4248
 846.9845  1589.1558  289.9138 -999.9000   80.2687   13.9027    4.3097   90.3491
 831.5533  1746.0352  289.5720 -999.9000   80.7461   13.2228    5.2131   90.3950
 816.3570  1902.9146  288.2580 -999.9000   80.6328   11.9693    6.3370   90.4496
 801.3249  2059.7940  286.6633 -999.9000   80.3502   11.5640    6.9771   90.4939
 786.5365  2216.6734  285.3005 -999.9000   80.1919   10.4184    7.7398   90.5367
 771.9169  2373.5528  284.0570 -999.9000   80.5741    8.7627    8.9435   90.5644
 757.5041  2530.4322  282.9861 -999.9000   80.4349    8.5006    9.4847   90.6155
 743.3854  2687.3116  282.3975 -999.9000   77.7849    7.5803    8.3822   90.6080
 729.2940  2844.1910  281.3090 -999.9000   60.3892    5.5688    8.1417   90.6173
 715.5826  3001.0704  280.2470 -999.9000   50.1249    4.3807    9.7213   90.6971
 702.0616  3157.9497  279.0483 -999.9000   51.6021    4.2344   10.9994   90.7782
 688.7126  3314.8291  277.5557 -999.9000   58.9161    4.4448   11.0816   90.8007
 675.5482  3471.7085  275.9134 -999.9000   68.2034    4.6752   11.3209   90.8205
 662.5494  3628.5879  274.4219 -999.9000   74.1379    4.6607   11.9141   90.8487
 649.7305  3785.4673  273.3972 -999.9000   67.2607    4.0055   12.1935   90.8627
 637.1240  3942.3467  272.5288 -999.9000   55.1294    3.1437   11.4964   90.9118
 624.7467  4099.2261  271.4987 -999.9000   50.1525    2.7055    9.9305   91.0167
 612.5275  4256.1055  270.4231 -999.9000   50.0823    2.5464    9.4787   91.0465
 600.5160  4412.9849  269.8002 -999.9000   38.1983    1.8919    9.7388   91.0390
 588.7253  4569.8643  269.1901 -999.9000   22.7549    1.0986    9.9022   91.0433
 577.1128  4726.7437  267.8829 -999.9000   18.1606    0.8108    9.9317   91.0483
 565.6299  4883.6231  267.0339 -999.9000   17.0288    0.7276    9.8731   91.0538
 554.4053  5040.5025  266.4605 -999.9000   13.4945    0.5634    9.1631   91.1400
 543.3471  5197.3819  265.7749 -999.9000   12.8352    0.5190    8.3638   91.2153
 532.4739  5354.2613  264.7408 -999.9000   22.1957    0.8459    8.7487   91.2112
 521.8251  5511.1407  263.6860 -999.9000   24.0422    0.8613    9.4839   91.1806
 511.3144  5668.0201  262.8895 -999.9000   14.0966    0.4842   10.1445   91.1583
 500.9731  5824.8995  261.5436 -999.9000   12.9816    0.4090   10.8266   91.1344
 490.8286  5981.7789  259.9285 -999.9000   18.4135    0.5200   10.9622   91.1143
 480.7236  6138.6583  258.8121 -999.9000   29.2517    0.7703   11.2774   91.0832
 470.8214  6295.5377  257.5222 -999.9000   31.5188    0.7621   11.3567   91.0728
 461.0900  6452.4171  256.0935 -999.9000   30.8539    0.6762   11.0605   90.9894
 451.4963  6609.2965  254.7915 -999.9000   32.0303    0.6422   10.0349   90.8335
 442.0676  6766.1759  253.7149 -999.9000   32.6069    0.6091    9.1274   90.7116
 432.8253  6923.0553  252.7484 -999.9000   32.3252    0.5674   10.0211   90.6964
 423.7241  7079.9347  251.3370 -999.9000   36.0332    0.5712   10.8870   90.7318
 414.7432  7236.8141  249.6269 -999.9000   41.2611    0.5742   10.6707   90.7585
 405.9174  7393.6935  248.6261 -999.9000   31.8464    0.4138   10.8852   90.7794
 397.1974  7550.5729  247.3331 -999.9000   27.2608    0.3219   11.1390   90.7881
 388.6475  7707.4523  245.9336 -999.9000   31.1866    0.3308   11.2698   90.8405
 380.2876  7864.3317  244.9110 -999.9000   34.8391    0.3433   11.4910   90.9010
 372.0784  8021.2111  244.0869 -999.9000   39.1119    0.3645   11.6280   90.8924
 363.9826  8178.0905  243.2869 -999.9000   45.2414    0.3994   11.5268   90.7526
 356.0087  8334.9698  242.4272 -999.9000   54.4862    0.4529   11.4979   90.7678
 348.2042  8491.8492  241.5265 -999.9000   60.6162    0.5188   12.0884   91.3797
 340.5609  8648.7286  240.6677 -999.9000   65.0131    0.5272   12.3110   91.7004
 333.0575  8805.6080  239.8005 -999.9000   65.6255    0.4852   12.2437   91.6152
 325.6771  8962.4874  238.8247 -999.9000   65.0560    0.4338   12.5323   91.4555
 318.4095  9119.3668  237.6239 -999.9000   65.8512    0.3977   13.4456   91.4682
 311.2701  9276.2462  235.9886 -999.9000   60.7493    0.3338   13.5976   91.4746
 304.2599  9433.1256  234.4205 -999.9000   55.5692    0.2938   13.8157   91.4194
 297.3812  9590.0050  233.3412 -999.9000   50.7268    0.2688   14.2914   91.3896
 290.6045  9746.8844  232.1018 -999.9000   45.5194    0.2331   14.6135   91.3805
 283.9369  9903.7638  230.7142 -999.9000   45.8221    0.2031   14.9844   91.3479
 277.3870 10060.6432  229.2243 -999.9000   45.6769    0.1789   15.3666   91.3074
 270.9631 10217.5226  227.6719 -999.9000   45.6183    0.1538   15.6275   91.2950
 264.6694 10374.4020  226.1313 -999.9000   45.7325    0.1244   15.6768   91.3378
 258.4744 10531.2814  224.9093 -999.9000   45.2447    0.1097   15.8155   91.3756
 252.3757 10688.1608  223.8881 -999.9000   45.5654    0.1034   16.0723   91.3933
 246.3812 10845.0402  222.8387 -999.9000   40.2837    0.0916   16.3652   91.3978
 240.4896 11001.9196  221.6539 -999.9000   35.7248    0.0742   16.6411   91.3965
 234.6950 11158.7990  220.3287 -999.9000   35.9818    0.0604   16.8706   91.3968
 229.0082 11315.6784  218.9596 -999.9000   35.5277    0.0528   17.0483   91.3986
 223.4492 11472.5578  217.6942 -999.9000   35.0024    0.0500   17.1807   91.3982
 218.0236 11629.4372  216.5086 -999.9000   30.1542    0.0480   16.9864   91.4126
 212.6609 11786.3166  214.8537 -999.9000   25.6330    0.0350   15.3155   91.5070
 207.3913 11943.1960  214.0407 -999.9000   23.7989    0.0295   14.1480   91.4951
 202.2510 12100.0754  214.7640 -999.9000   18.0284    0.0410   13.8556   91.5711
 197.2536 12256.9548  216.1818 -999.9000    9.1103    0.0304   11.8692   92.1270
 192.4469 12413.8342  218.5925 -999.9000    2.6492    0.0062   12.3340   91.9985
 187.8076 12570.7136  218.4250 -999.9000    0.2374    0.0003   12.5915   91.9213
 183.2603 12727.5930  217.2036 -999.9000    0.2960    0.0003   12.3145   91.8946
 178.8033 12884.4724  216.8028 -999.9000    0.0000    0.0000   12.0969   91.8603
 174.4458 13041.3518  217.2162 -999.9000    0.0133    0.0000   12.2458   91.7991
 170.1876 13198.2312  217.4495 -999.9000    0.0000    0.0000   12.7873   91.6668
 166.0391 13355.1106  217.6230 -999.9000    0.0000    0.0000   13.4241   91.5392
 162.0101 13511.9899  217.2494 -999.9000    0.0002    0.0000   13.7408   91.4198
 158.0706 13668.8693  216.2645 -999.9000    0.0000    0.0000   13.3763   91.3880
 154.1974 13825.7487  215.3876 -999.9000    0.0000    0.0000   12.2348   91.4693
 150.4126 13982.6281  215.3141 -999.9000    0.0000    0.0000   10.3417   91.5650
 146.7292 14139.5075  216.2331 -999.9000    0.0000    0.0000   10.2856   91.5673
 143.1108 14296.3869  214.4428 -999.9000    0.0000    0.0000   10.2276   91.5696
 139.5597 14453.2663  216.8454 -999.9000    0.0000    0.0000   10.2194   91.5684
 136.1266 14610.1457  214.4922 -999.9000    0.0000    0.0000   10.2361   91.5540
 132.7619 14767.0251  213.6041 -999.9000    0.0000    0.0000   10.2589   91.5347
 129.4754 14923.9045  214.5843 -999.9000    0.0000    0.0000   10.2814   91.5197
 126.2897 15080.7839  215.6755 -999.9000    0.0000    0.0000   10.2945   91.5108
 123.1790 15237.6633  216.8897 -999.9000    0.0000    0.0000   10.3361   91.4644
 120.1481 15394.5427  217.3508 -999.9000    0.0000    0.0000   10.2195   91.3748
 117.2138 15551.4221  216.6956 -999.9000    0.0000    0.0000    9.8847   91.2661
 114.3435 15708.3015  216.5909 -999.9000    0.0000    0.0000    9.5888   91.1464
 111.5416 15865.1809  216.3380 -999.9000    0.0000    0.0000    9.0338   91.1933
 108.8149 16022.0603  217.6419 -999.9000    0.0000    0.0000    8.2454   91.4869
 106.1648 16178.9397  217.6866 -999.9000    0.0000    0.0000    7.8094   91.3484
 103.5767 16335.8191  217.3100 -999.9000    0.0000    0.0000    6.4037   91.9971
 101.0524 16492.6985  219.3445 -999.9000    0.0000    0.0000    1.9499   90.4089
  98.6148 16649.5779  217.9410 -999.9000    0.0000    0.0000    1.1971   90.4014
  96.2203 16806.4573  217.1882 -999.9000    0.0000    0.0000    0.3911   90.4014
  93.8688 16963.3367  216.4586 -999.9000    0.0000    0.0000    1.4917   90.4014
  91.5836 17120.2161  216.3236 -999.9000    0.0000    0.0000    2.3751   90.4014
  89.3567 17277.0955  216.2864 -999.9000    0.0000    0.0000    3.0217   90.4014
  87.1784 17433.9749  215.7991 -999.9000    0.0000    0.0000    3.7280   90.3927
  85.0453 17590.8543  214.9740 -999.9000    0.0000    0.0000    4.6602   90.0754
  82.9608 17747.7337  214.6345 -999.9000    0.0000    0.0000    5.8446   90.9865
  80.9282 17904.6131  215.2644 -999.9000    0.0000    0.0000    6.9975   90.6807
  78.9484 18061.4925  215.8939 -999.9000    0.0000    0.0000    6.8903   90.4907
  77.0217 18218.3719  216.5535 -999.9000    0.0000    0.0000    5.9267   90.6714
  75.1483 18375.2513  217.6004 -999.9000    0.0000    0.0000    4.9617   90.9237
  73.3271 18532.1307  218.6929 -999.9000    0.0000    0.0000    4.3263   91.0464
  71.5556 18689.0101  218.8110 -999.9000    0.0000    0.0000    3.8427   90.9336
  69.8260 18845.8894  217.6902 -999.9000    0.0000    0.0000    3.2050   91.0562
  68.1227 19002.7688  217.3967 -999.9000    0.0000    0.0000    2.0468   91.7656
  66.4601 19159.6482  217.7457 -999.9000    0.0000    0.0000    0.9993   89.5288
  64.8418 19316.5276  218.2306 -999.9000    0.0000    0.0000    0.6729   87.4851
  63.2670 19473.4070  218.6378 -999.9000    0.0000    0.0000    1.1982   87.9468
  61.7318 19630.2864  219.2053 -999.9000    0.0000    0.0000    1.7669   88.3028
  60.2355 19787.1658  219.4268 -999.9000    0.0000    0.0000    2.4927   88.5476
  58.7762 19944.0452  219.1421 -999.9000    0.0000    0.0000    3.3161   88.9105
  57.3501 20100.9246  218.7773 -999.9000    0.0000    0.0000    3.7331   89.0671
  55.9562 20257.8040  218.5266 -999.9000    0.0000    0.0000    3.6468   88.9446
  54.5968 20414.6834  218.3104 -999.9000    0.0000    0.0000    3.4227   88.7725
  53.2731 20571.5628  218.2805 -999.9000    0.0000    0.0000    3.2244   88.6461
  51.9860 20728.4422  218.7477 -999.9000    0.0000    0.0000    3.0692   88.5640
  50.7361 20885.3216  220.0255 -999.9000    0.0000    0.0000    2.9718   88.5228
  49.5229 21042.2010  221.8253 -999.9000    0.0000    0.0000    2.9159   88.5126
  48.3394 21199.0804  221.2370 -999.9000    0.0000    0.0000    3.2516   88.5757
  47.1874 21355.9598  221.3367 -999.9000    0.0000    0.0000    4.3777   88.7747
  46.0647 21512.8392  221.7620 -999.9000    0.0000    0.0000    5.4097   88.9472
  44.9691 21669.7186  222.0339 -999.9000    0.0000    0.0000    5.6148   88.9570
  43.8989 21826.5980  222.0889 -999.9000    0.0000    0.0000    5.2253   88.8369
  42.8525 21983.4774  221.9875 -999.9000    0.0000    0.0000    4.7574   88.6697
  41.8295 22140.3568  221.7773 -999.9000    0.0000    0.0000    4.5000   88.5214
  40.8309 22297.2362  221.4865 -999.9000    0.0000    0.0000    4.3905   88.4316
  39.8584 22454.1156  221.1441 -999.9000    0.0000    0.0000    4.3369   88.4374
  38.9104 22610.9950  221.5763 -999.9000    0.0000    0.0000    4.4869   88.5046
  37.9838 22767.8744  222.8763 -999.9000    0.0000    0.0000    4.8967   88.5579
  37.0791 22924.7538  223.6076 -999.9000    0.0000    0.0000    5.2346   88.6106
  36.1962 23081.6332  223.7388 -999.9000    0.0000    0.0000    5.4844   88.6649
  35.3349 23238.5126  223.4875 -999.9000    0.0000    0.0000    5.6854   88.7211
  34.4951 23395.3920  223.0708 -999.9000    0.0000    0.0000    5.8773   88.7793
  33.6765 23552.2714  222.7065 -999.9000    0.0000    0.0000    6.0995   88.8396
  32.8792 23709.1508  222.6116 -999.9000    0.0000    0.0000    6.3917   88.9021
  32.1025 23866.0302  222.9281 -999.9000    0.0000    0.0000    6.7661   88.9664
  31.3447 24022.9095  223.5181 -999.9000    0.0000    0.0000    7.1343   89.0294
  30.6036 24179.7889  224.1793 -999.9000    0.0000    0.0000    7.3849   89.0878
  29.8779 24336.6683  224.6839 -999.9000    0.0000    0.0000    7.4261   89.1301
  29.1715 24493.5477  224.7424 -999.9000    0.0000    0.0000    7.3622   89.0898
  28.4842 24650.4271  224.6024 -999.9000    0.0000    0.0000    7.2457   88.9796
  27.8138 24807.3065  224.6323 -999.9000    0.0000    0.0000    7.0907   88.8366
  27.1583 24964.1859  225.1991 -999.9000    0.0000    0.0000    6.9108   88.6979
  26.5173 25121.0653  226.3639 -999.9000    0.0000    0.0000    6.7267   88.5852
  25.8939 25277.9447  227.5391 -999.9000    0.0000    0.0000    6.5731   88.4883
  25.2914 25434.8241  228.0541 -999.9000    0.0000    0.0000    6.4865   88.3927
  24.7096 25591.7035  227.5429 -999.9000    0.0000    0.0000    6.5483   88.3136
  24.1354 25748.5829  226.9911 -999.9000    0.0000    0.0000    6.9193   88.3442
  23.5706 25905.4623  226.7318 -999.9000    0.0000    0.0000    7.5017   88.4419
  23.0189 26062.3417  226.9745 -999.9000    0.0000    0.0000    8.1705   88.5480
  22.4826 26219.2211  227.7848 -999.9000    0.0000    0.0000    8.8251   88.6216
  21.9608 26376.1005  228.8569 -999.9000    0.0000    0.0000    9.4269   88.6692
  21.4521 26532.9799  229.8264 -999.9000    0.0000    0.0000    9.9476   88.7041
  20.9548 26689.8593  230.3284 -999.9000    0.0000    0.0000   10.3587   88.7401
  20.4676 26846.7387  229.9983 -999.9000    0.0000    0.0000   10.6317   88.7908
  19.9891 27003.6181  228.5069 -999.9000    0.0000    0.0000   10.7312   88.8671
  19.5243 27160.4975  227.5757 -999.9000    0.0000    0.0000   10.2955   88.8331
  19.0752 27317.3769  227.9924 -999.9000    0.0000    0.0000    9.3963   88.6652
  18.6391 27474.2563  229.1767 -999.9000    0.0000    0.0000    8.4282   88.4541
  18.2135 27631.1357  230.5487 -999.9000    0.0000    0.0000    7.7856   88.2905
  17.7959 27788.0151  231.5374 -999.9000    0.0000    0.0000    7.8400   88.2601
  17.3864 27944.8945  231.7958 -999.9000    0.0000    0.0000    8.4123   88.3267
  16.9866 28101.7739  231.3504 -999.9000    0.0000    0.0000    9.0213   88.3867
  16.5963 28258.6533  230.4981 -999.9000    0.0000    0.0000    9.6323   88.4341
  16.2153 28415.5327  229.5631 -999.9000    0.0000    0.0000   10.2596   88.4734
  15.8432 28572.4121  228.8692 -999.9000    0.0000    0.0000   10.9177   88.5095
  15.4798 28729.2915  228.7348 -999.9000    0.0000    0.0000   11.6191   88.5468
  15.1246 28886.1709  229.1210 -999.9000    0.0000    0.0000   12.2613   88.5881
  14.7769 29043.0503  229.4715 -999.9000    0.0000    0.0000   12.5806   88.6333
  14.4368 29199.9296  229.6224 -999.9000    0.0000    0.0000   12.5120   88.6841
  14.1043 29356.8090  229.7115 -999.9000    0.0000    0.0000   12.1368   88.7433
  13.7798 29513.6884  229.8825 -999.9000    0.0000    0.0000   11.5396   88.8140
  13.4633 29670.5678  230.2790 -999.9000    0.0000    0.0000   10.8045   88.8992
  13.1552 29827.4472  231.0447 -999.9000    0.0000    0.0000   10.0159   89.0018
  12.8555 29984.3266  232.2664 -999.9000    0.0000    0.0000    9.2561   89.1215
  12.5638 30141.2060  233.6319 -999.9000    0.0000    0.0000    8.5930   89.2343
  12.2794 30298.0854  234.6595 -999.9000    0.0000    0.0000    8.0886   89.3059
  12.0018 30454.9648  234.8669 -999.9000    0.0000    0.0000    7.8050   89.3022
  11.7304 30611.8442  234.0264 -999.9000    0.0000    0.0000    7.7630   89.2026
  11.4650 30768.7236  232.9499 -999.9000    0.0000    0.0000    7.8174   89.0420
  11.2056 30925.6030  232.7141 -999.9000    0.0000    0.0000    7.7803   88.8691
  10.9522 31082.4824  233.9711 -999.9000    0.0000    0.0000    7.5316   88.7216
  10.7056 31239.3618  235.5611 -999.9000    0.0000    0.0000    7.2404   88.5894
  10.4661 31396.2412  236.1660 -999.9000    0.0000    0.0000    7.1035   88.4534
  10.2318 31553.1206  235.8662 -999.9000    0.0000    0.0000    7.1066   88.3118
  10.0000 31710.0000  235.1167 -999.9000    0.0000    0.0000    7.1784   88.1674
