# 06610 LSMP Payerne Observations at 12Z 30 Jul 2008
# Radiosonde file generated by raso.rb
#
  P [hPa],     Z [m],    T [K],   Td [K],   RH [%], r [g/kg], WS [m/s], WD [deg]
 962.0000   491.0000  298.3755 -999.9000   66.2005   13.6900    1.6692   93.0543
 944.6891   647.8794  296.3300 -999.9000   67.7839   12.6302    4.0888   92.6754
 927.6873   804.7588  294.9530 -999.9000   79.5536   13.9071    1.6851   92.9144
 911.0964   961.6382  293.6734 -999.9000   80.0359   14.4362    0.1192   88.9012
 894.7070  1118.5176  292.7471 -999.9000   80.0562   14.3064    0.8058   90.9797
 878.5406  1275.3970  292.4586 -999.9000   80.1396   13.3485    1.7641   90.6229
 862.6769  1432.2764  291.0837 -999.9000   81.0683   13.5129    1.9758   90.4248
 846.9845  1589.1558  289.8416 -999.9000   80.3992   13.9027    3.5686   90.3491
 831.5533  1746.0352  289.4906 -999.9000   80.8864   13.2228    4.4449   90.3950
 816.3570  1902.9146  288.1693 -999.9000   80.7809   11.9693    5.5484   90.4496
 801.3249  2059.7940  286.5693 -999.9000   80.5044   11.5640    6.1741   90.4939
 786.5365  2216.6734  285.2030 -999.9000   80.3511   10.4184    6.9285   90.5367
 771.9169  2373.5528  283.9577 -999.9000   80.7384    8.7627    8.1295   90.5644
 757.5041  2530.4322  282.8867 -999.9000   80.6023    8.5006    8.6733   90.6155
 743.3854  2687.3116  282.2995 -999.9000   77.9489    7.5803    7.5785   90.6080
 729.2940  2844.1910  281.2138 -999.9000   60.5175    5.5688    7.3505   90.6173
 715.5826  3001.0704  280.1560 -999.9000   50.2316    4.3807    8.9471   90.6971
 702.0616  3157.9497  278.9628 -999.9000   51.7117    4.2344   10.2462   90.7782
 688.7126  3314.8291  277.4767 -999.9000   59.0403    4.4448   10.3535   90.8007
 675.5482  3471.7085  275.8422 -999.9000   68.3454    4.6752   10.6215   90.8205
 662.5494  3628.5879  274.3592 -999.9000   74.2898    4.6607   11.2467   90.8487
 649.7305  3785.4673  273.3441 -999.9000   67.3957    4.0055   11.5611   90.8627
 637.1240  3942.3467  272.4859 -999.9000   55.2373    3.1437   10.9017   90.9118
 624.7467  4099.2261  271.4668 -999.9000   50.2478    2.7055    9.3760   91.0167
 612.5275  4256.1055  270.4028 -999.9000   50.1743    2.5464    8.9666   91.0465
 600.5160  4412.9849  269.7918 -999.9000   38.2659    1.8919    9.2709   91.0390
 588.7253  4569.8643  269.1942 -999.9000   22.7935    1.0986    9.4802   91.0433
 577.1128  4726.7437  267.8997 -999.9000   18.1901    0.8108    9.5569   91.0483
 565.6299  4883.6231  267.0637 -999.9000   17.0551    0.7276    9.5464   91.0538
 554.4053  5040.5025  266.5032 -999.9000   13.5142    0.5634    8.8853   91.1400
 543.3471  5197.3819  265.8307 -999.9000   12.8528    0.5190    8.1352   91.2153
 532.4739  5354.2613  264.8096 -999.9000   22.2242    0.8459    8.5696   91.2112
 521.8251  5511.1407  263.7675 -999.9000   24.0709    0.8613    9.3540   91.1806
 511.3144  5668.0201  262.9835 -999.9000   14.1122    0.4842   10.0636   91.1583
 500.9731  5824.8995  261.6497 -999.9000   12.9949    0.4090   10.7938   91.1344
 490.8286  5981.7789  260.0462 -999.9000   18.4306    0.5200   10.9765   91.1143
 480.7236  6138.6583  258.9409 -999.9000   29.2764    0.7703   11.3375   91.0832
 470.8214  6295.5377  257.6615 -999.9000   31.5427    0.7621   11.4609   91.0728
 461.0900  6452.4171  256.2424 -999.9000   30.8748    0.6762   11.2071   90.9894
 451.4963  6609.2965  254.9493 -999.9000   32.0495    0.6422   10.2216   90.8335
 442.0676  6766.1759  253.8806 -999.9000   32.6241    0.6091    9.3519   90.7116
 432.8253  6923.0553  252.9209 -999.9000   32.3400    0.5674   10.2805   90.6964
 423.7241  7079.9347  251.5152 -999.9000   36.0474    0.5712   11.1783   90.7318
 414.7432  7236.8141  249.8096 -999.9000   41.2750    0.5742   10.9905   90.7585
 405.9174  7393.6935  248.8119 -999.9000   31.8555    0.4138   11.2300   90.7794
 397.1974  7550.5729  247.5206 -999.9000   27.2674    0.3219   11.5049   90.7881
 388.6475  7707.4523  246.1214 -999.9000   31.1931    0.3308   11.6529   90.8405
 380.2876  7864.3317  245.0975 -999.9000   34.8453    0.3433   11.8877   90.9010
 372.0784  8021.2111  244.2707 -999.9000   39.1179    0.3645   12.0351   90.8924
 363.9826  8178.0905  243.4664 -999.9000   45.2475    0.3994   11.9408   90.7526
 356.0087  8334.9698  242.6008 -999.9000   54.4928    0.4529   11.9160   90.7678
 348.2042  8491.8492  241.6925 -999.9000   60.6230    0.5188   12.5078   91.3797
 340.5609  8648.7286  240.8246 -999.9000   65.0199    0.5272   12.7292   91.7004
 333.0575  8805.6080  239.9466 -999.9000   65.6323    0.4852   12.6581   91.6152
 325.6771  8962.4874  238.9581 -999.9000   65.0627    0.4338   12.9409   91.4555
 318.4095  9119.3668  237.7431 -999.9000   65.8581    0.3977   13.8464   91.4682
 311.2701  9276.2462  236.0917 -999.9000   60.7558    0.3338   13.9888   91.4746
 304.2599  9433.1256  234.5057 -999.9000   55.5754    0.2938   14.1958   91.4194
 297.3812  9590.0050  233.4067 -999.9000   50.7327    0.2688   14.6591   91.3896
 290.6045  9746.8844  232.1457 -999.9000   45.5249    0.2331   14.9676   91.3805
 283.9369  9903.7638  230.7347 -999.9000   45.8278    0.2031   15.3240   91.3479
 277.3870 10060.6432  229.2195 -999.9000   45.6827    0.1789   15.6909   91.3074
 270.9631 10217.5226  227.6397 -999.9000   45.6241    0.1538   15.9360   91.2950
 264.6694 10374.4020  226.0698 -999.9000   45.7382    0.1244   15.9693   91.3378
 258.4744 10531.2814  224.8166 -999.9000   45.2500    0.1097   16.0918   91.3756
 252.3757 10688.1608  223.7620 -999.9000   45.5704    0.1034   16.3324   91.3933
 246.3812 10845.0402  222.6772 -999.9000   40.2876    0.0916   16.6095   91.3978
 240.4896 11001.9196  221.4550 -999.9000   35.7276    0.0742   16.8701   91.3965
 234.6950 11158.7990  220.0905 -999.9000   35.9838    0.0604   17.0849   91.3968
 229.0082 11315.6784  218.6806 -999.9000   35.5288    0.0528   17.2482   91.3986
 223.4492 11472.5578  217.3735 -999.9000   35.0024    0.0500   17.3669   91.3982
 218.0236 11629.4372  216.1457 -999.9000   30.1531    0.0480   17.1593   91.4126
 212.6609 11786.3166  214.4484 -999.9000   25.6311    0.0350   15.4753   91.5070
 207.3913 11943.1960  213.5933 -999.9000   23.7962    0.0295   14.2952   91.4951
 202.2510 12100.0754  214.2752 -999.9000   18.0255    0.0410   13.9905   91.5711
 197.2536 12256.9548  215.6527 -999.9000    9.1084    0.0304   11.9920   92.1270
 192.4469 12413.8342  218.0246 -999.9000    2.6485    0.0062   12.4450   91.9985
 187.8076 12570.7136  217.8203 -999.9000    0.2373    0.0003   12.6909   91.9213
 183.2603 12727.5930  216.5645 -999.9000    0.2959    0.0003   12.4024   91.8946
 178.8033 12884.4724  216.1321 -999.9000    0.0000    0.0000   12.1734   91.8603
 174.4458 13041.3518  216.5172 -999.9000    0.0133    0.0000   12.3110   91.7991
 170.1876 13198.2312  216.7257 -999.9000    0.0000    0.0000   12.8412   91.6668
 166.0391 13355.1106  216.8786 -999.9000    0.0000    0.0000   13.4667   91.5392
 162.0101 13511.9899  216.4888 -999.9000    0.0002    0.0000   13.7721   91.4198
 158.0706 13668.8693  215.4926 -999.9000    0.0000    0.0000   13.3962   91.3880
 154.1974 13825.7487  214.6098 -999.9000    0.0000    0.0000   12.2430   91.4693
 150.4126 13982.6281  214.5361 -999.9000    0.0000    0.0000   10.3382   91.5650
 146.7292 14139.5075  215.4611 -999.9000    0.0000    0.0000   10.2702   91.5673
 143.1108 14296.3869  213.6835 -999.9000    0.0000    0.0000   10.1999   91.5696
 139.5597 14453.2663  216.1056 -999.9000    0.0000    0.0000   10.1793   91.5684
 136.1266 14610.1457  213.7789 -999.9000    0.0000    0.0000   10.1832   91.5540
 132.7619 14767.0251  212.9234 -999.9000    0.0000    0.0000   10.1930   91.5347
 129.4754 14923.9045  213.9420 -999.9000    0.0000    0.0000   10.2024   91.5197
 126.2897 15080.7839  215.0764 -999.9000    0.0000    0.0000   10.2024   91.5108
 123.1790 15237.6633  216.3383 -999.9000    0.0000    0.0000   10.2309   91.4644
 120.1481 15394.5427  216.8508 -999.9000    0.0000    0.0000   10.1014   91.3748
 117.2138 15551.4221  216.2501 -999.9000    0.0000    0.0000    9.7538   91.2661
 114.3435 15708.3015  216.2025 -999.9000    0.0000    0.0000    9.4454   91.1464
 111.5416 15865.1809  216.0085 -999.9000    0.0000    0.0000    8.8782   91.1933
 108.8149 16022.0603  217.3726 -999.9000    0.0000    0.0000    8.0779   91.4869
 106.1648 16178.9397  217.4781 -999.9000    0.0000    0.0000    7.6306   91.3484
 103.5767 16335.8191  217.1625 -999.9000    0.0000    0.0000    6.2141   91.9971
 101.0524 16492.6985  219.2572 -999.9000    0.0000    0.0000    1.7502   90.4089
  98.6148 16649.5779  217.9127 -999.9000    0.0000    0.0000    0.9880   90.4014
  96.2203 16806.4573  217.2171 -999.9000    0.0000    0.0000    0.1733   90.4014
  93.8688 16963.3367  216.5423 -999.9000    0.0000    0.0000    1.2662   90.4014
  91.5836 17120.2161  216.4589 -999.9000    0.0000    0.0000    2.1427   90.4014
  89.3567 17277.0955  216.4696 -999.9000    0.0000    0.0000    2.7835   90.4014
  87.1784 17433.9749  216.0259 -999.9000    0.0000    0.0000    3.4850   90.3927
  85.0453 17590.8543  215.2395 -999.9000    0.0000    0.0000    4.4136   90.0754
  82.9608 17747.7337  214.9331 -999.9000    0.0000    0.0000    5.5956   90.9865
  80.9282 17904.6131  215.5899 -999.9000    0.0000    0.0000    6.7474   90.6807
  78.9484 18061.4925  216.2400 -999.9000    0.0000    0.0000    6.6405   90.4907
  77.0217 18218.3719  216.9141 -999.9000    0.0000    0.0000    5.6785   90.6714
  75.1483 18375.2513  217.9700 -999.9000    0.0000    0.0000    4.7163   90.9237
  73.3271 18532.1307  219.0660 -999.9000    0.0000    0.0000    4.0849   91.0464
  71.5556 18689.0101  219.1830 -999.9000    0.0000    0.0000    3.6066   90.9336
  69.8260 18845.8894  218.0564 -999.9000    0.0000    0.0000    2.9754   91.0562
  68.1227 19002.7688  217.7530 -999.9000    0.0000    0.0000    1.8248   91.7656
  66.4601 19159.6482  218.0883 -999.9000    0.0000    0.0000    0.7860   89.5288
  64.8418 19316.5276  218.5561 -999.9000    0.0000    0.0000    0.4695   87.4851
  63.2670 19473.4070  218.9432 -999.9000    0.0000    0.0000    1.0056   87.9468
  61.7318 19630.2864  219.4878 -999.9000    0.0000    0.0000    1.5862   88.3028
  60.2355 19787.1658  219.6843 -999.9000    0.0000    0.0000    2.3249   88.5476
  58.7762 19944.0452  219.3725 -999.9000    0.0000    0.0000    3.1621   88.9105
  57.3501 20100.9246  218.9791 -999.9000    0.0000    0.0000    3.5939   89.0671
  55.9562 20257.8040  218.6987 -999.9000    0.0000    0.0000    3.5232   88.9446
  54.5968 20414.6834  218.4518 -999.9000    0.0000    0.0000    3.3157   88.7725
  53.2731 20571.5628  218.3909 -999.9000    0.0000    0.0000    3.1348   88.6461
  51.9860 20728.4422  218.8270 -999.9000    0.0000    0.0000    2.9978   88.5640
  50.7361 20885.3216  220.0740 -999.9000    0.0000    0.0000    2.9193   88.5228
  49.5229 21042.2010  221.8436 -999.9000    0.0000    0.0000    2.8832   88.5126
  48.3394 21199.0804  221.2263 -999.9000    0.0000    0.0000    3.2392   88.5757
  47.1874 21355.9598  221.2982 -999.9000    0.0000    0.0000    4.3865   88.7747
  46.0647 21512.8392  221.6976 -999.9000    0.0000    0.0000    5.4401   88.9472
  44.9691 21669.7186  221.9452 -999.9000    0.0000    0.0000    5.6672   88.9570
  43.8989 21826.5980  221.9777 -999.9000    0.0000    0.0000    5.2999   88.8369
  42.8525 21983.4774  221.8557 -999.9000    0.0000    0.0000    4.8541   88.6697
  41.8295 22140.3568  221.6270 -999.9000    0.0000    0.0000    4.6186   88.5214
  40.8309 22297.2362  221.3196 -999.9000    0.0000    0.0000    4.5304   88.4316
  39.8584 22454.1156  220.9628 -999.9000    0.0000    0.0000    4.4974   88.4374
  38.9104 22610.9950  221.3828 -999.9000    0.0000    0.0000    4.6671   88.5046
  37.9838 22767.8744  222.6728 -999.9000    0.0000    0.0000    5.0953   88.5579
  37.0791 22924.7538  223.3965 -999.9000    0.0000    0.0000    5.4503   88.6106
  36.1962 23081.6332  223.5224 -999.9000    0.0000    0.0000    5.7156   88.6649
  35.3349 23238.5126  223.2684 -999.9000    0.0000    0.0000    5.9303   88.7211
  34.4951 23395.3920  222.8516 -999.9000    0.0000    0.0000    6.1338   88.7793
  33.6765 23552.2714  222.4897 -999.9000    0.0000    0.0000    6.3654   88.8396
  32.8792 23709.1508  222.4000 -999.9000    0.0000    0.0000    6.6645   88.9021
  32.1025 23866.0302  222.7244 -999.9000    0.0000    0.0000    7.0430   88.9664
  31.3447 24022.9095  223.3252 -999.9000    0.0000    0.0000    7.4124   89.0294
  30.6036 24179.7889  224.0001 -999.9000    0.0000    0.0000    7.6612   89.0878
  29.8779 24336.6683  224.5214 -999.9000    0.0000    0.0000    7.6971   89.1301
  29.1715 24493.5477  224.5996 -999.9000    0.0000    0.0000    7.6244   89.0898
  28.4842 24650.4271  224.4825 -999.9000    0.0000    0.0000    7.4952   88.9796
  27.8138 24807.3065  224.5386 -999.9000    0.0000    0.0000    7.3236   88.8366
  27.1583 24964.1859  225.1346 -999.9000    0.0000    0.0000    7.1230   88.6979
  26.5173 25121.0653  226.3316 -999.9000    0.0000    0.0000    6.9144   88.5852
  25.8939 25277.9447  227.5415 -999.9000    0.0000    0.0000    6.7328   88.4883
  25.2914 25434.8241  228.0935 -999.9000    0.0000    0.0000    6.6151   88.3927
  24.7096 25591.7035  227.6212 -999.9000    0.0000    0.0000    6.6431   88.3136
  24.1354 25748.5829  227.1099 -999.9000    0.0000    0.0000    6.9778   88.3442
  23.5706 25905.4623  226.8925 -999.9000    0.0000    0.0000    7.5217   88.4419
  23.0189 26062.3417  227.1781 -999.9000    0.0000    0.0000    8.1504   88.5480
  22.4826 26219.2211  228.0319 -999.9000    0.0000    0.0000    8.7633   88.6216
  21.9608 26376.1005  229.1479 -999.9000    0.0000    0.0000    9.3224   88.6692
  21.4521 26532.9799  230.1614 -999.9000    0.0000    0.0000    9.7995   88.7041
  20.9548 26689.8593  230.7071 -999.9000    0.0000    0.0000   10.1666   88.7401
  20.4676 26846.7387  230.4202 -999.9000    0.0000    0.0000   10.3955   88.7908
  19.9891 27003.6181  228.9709 -999.9000    0.0000    0.0000   10.4511   88.8671
  19.5243 27160.4975  228.0808 -999.9000    0.0000    0.0000    9.9720   88.8331
  19.0752 27317.3769  228.5370 -999.9000    0.0000    0.0000    9.0304   88.6652
  18.6391 27474.2563  229.7590 -999.9000    0.0000    0.0000    8.0210   88.4541
  18.2135 27631.1357  231.1666 -999.9000    0.0000    0.0000    7.3387   88.2905
  17.7959 27788.0151  232.1883 -999.9000    0.0000    0.0000    7.3552   88.2601
  17.3864 27944.8945  232.4770 -999.9000    0.0000    0.0000    7.8919   88.3267
  16.9866 28101.7739  232.0588 -999.9000    0.0000    0.0000    8.4679   88.3867
  16.5963 28258.6533  231.2303 -999.9000    0.0000    0.0000    9.0487   88.4341
  16.2153 28415.5327  230.3154 -999.9000    0.0000    0.0000    9.6490   88.4734
  15.8432 28572.4121  229.6376 -999.9000    0.0000    0.0000   10.2837   88.5095
  15.4798 28729.2915  229.5148 -999.9000    0.0000    0.0000   10.9655   88.5468
  15.1246 28886.1709  229.9081 -999.9000    0.0000    0.0000   11.5923   88.5881
  14.7769 29043.0503  230.2606 -999.9000    0.0000    0.0000   11.9008   88.6333
  14.4368 29199.9296  230.4082 -999.9000    0.0000    0.0000   11.8263   88.6841
  14.1043 29356.8090  230.4885 -999.9000    0.0000    0.0000   11.4504   88.7433
  13.7798 29513.6884  230.6447 -999.9000    0.0000    0.0000   10.8581   88.8140
  13.4633 29670.5678  231.0203 -999.9000    0.0000    0.0000   10.1337   88.8992
  13.1552 29827.4472  231.7584 -999.9000    0.0000    0.0000    9.3620   89.0018
  12.8555 29984.3266  232.9457 -999.9000    0.0000    0.0000    8.6257   89.1215
  12.5638 30141.2060  234.2695 -999.9000    0.0000    0.0000    7.9929   89.2343
  12.2794 30298.0854  235.2480 -999.9000    0.0000    0.0000    7.5261   89.3059
  12.0018 30454.9648  235.3985 -999.9000    0.0000    0.0000    7.2876   89.3022
  11.7304 30611.8442  234.4930 -999.9000    0.0000    0.0000    7.2986   89.2026
  11.4650 30768.7236  233.3430 -999.9000    0.0000    0.0000    7.4142   89.0420
  11.2056 30925.6030  233.0250 -999.9000    0.0000    0.0000    7.4468   88.8691
  10.9522 31082.4824  234.1908 -999.9000    0.0000    0.0000    7.2767   88.7216
  10.7056 31239.3618  235.6801 -999.9000    0.0000    0.0000    7.0733   88.5894
  10.4661 31396.2412  236.1747 -999.9000    0.0000    0.0000    7.0339   88.4534
  10.2318 31553.1206  235.7545 -999.9000    0.0000    0.0000    7.1441   88.3118
  10.0000 31710.0000  234.8743 -999.9000    0.0000    0.0000    7.3334   88.1674
