# 06610 LSMP Payerne Observations at 12Z 30 Jul 2008
# Radiosonde file generated by raso.rb
#
  P [hPa],     Z [m],    T [K],   Td [K],   RH [%], r [g/kg], WS [m/s], WD [deg]
 962.0000   491.0000  298.2327 -999.9000   66.2851   13.6900    1.8226   93.0543
 944.6891   647.8794  296.1889 -999.9000   67.8243   12.6302    4.3333   92.6754
 927.6873   804.7588  294.8146 -999.9000   79.5511   13.9071    2.0106   92.9144
 911.0964   961.6382  293.5387 -999.9000   79.9875   14.4362    0.2774   92.0428
 894.7070  1118.5176  292.6170 -999.9000   79.9659   14.3064    1.2641   90.9797
 878.5406  1275.3970  292.3340 -999.9000   80.0112   13.3485    2.2751   90.6229
 862.6769  1432.2764  290.9655 -999.9000   80.9038   13.5129    2.5308   90.4248
 846.9845  1589.1558  289.7305 -999.9000   80.2055   13.9027    4.1592   90.3491
 831.5533  1746.0352  289.3873 -999.9000   80.6643   13.2228    5.0633   90.3950
 816.3570  1902.9146  288.0745 -999.9000   80.5351   11.9693    6.1868   90.4496
 801.3249  2059.7940  286.4836 -999.9000   80.2389   11.5640    6.8254   90.4939
 786.5365  2216.6734  285.1270 -999.9000   80.0688   10.4184    7.5858   90.5367
 771.9169  2373.5528  283.8918 -999.9000   80.4401    8.7627    8.7864   90.5644
 757.5041  2530.4322  282.8315 -999.9000   80.2927    8.5006    9.3237   90.6155
 743.3854  2687.3116  282.2554 -999.9000   77.6407    7.5803    8.2165   90.6080
 729.2940  2844.1910  281.1812 -999.9000   60.2733    5.5688    7.9708   90.6173
 715.5826  3001.0704  280.1351 -999.9000   50.0262    4.3807    9.5446   90.6971
 702.0616  3157.9497  278.9539 -999.9000   51.4990    4.2344   10.8164   90.7782
 688.7126  3314.8291  277.4800 -999.9000   58.7975    4.4448   10.8919   90.8007
 675.5482  3471.7085  275.8578 -999.9000   68.0660    4.6752   11.1243   90.8205
 662.5494  3628.5879  274.3873 -999.9000   73.9896    4.6607   11.7103   90.8487
 649.7305  3785.4673  273.3847 -999.9000   67.1279    4.0055   11.9823   90.8627
 637.1240  3942.3467  272.5390 -999.9000   55.0226    3.1437   11.2777   90.9118
 624.7467  4099.2261  271.5324 -999.9000   50.0576    2.7055    9.7044   91.0167
 612.5275  4256.1055  270.4807 -999.9000   49.9903    2.5464    9.2452   91.0465
 600.5160  4412.9849  269.8819 -999.9000   38.1306    1.8919    9.4981   91.0390
 588.7253  4569.8643  269.2963 -999.9000   22.7162    1.0986    9.6545   91.0433
 577.1128  4726.7437  268.0135 -999.9000   18.1311    0.8108    9.6773   91.0483
 565.6299  4883.6231  267.1889 -999.9000   17.0025    0.7276    9.6124   91.0538
 554.4053  5040.5025  266.6394 -999.9000   13.4748    0.5634    8.8966   91.1400
 543.3471  5197.3819  265.9776 -999.9000   12.8176    0.5190    8.0918   91.2153
 532.4739  5354.2613  264.9666 -999.9000   22.1671    0.8459    8.4721   91.2112
 521.8251  5511.1407  263.9341 -999.9000   24.0133    0.8613    9.2032   91.1806
 511.3144  5668.0201  263.1592 -999.9000   14.0809    0.4842    9.8606   91.1583
 500.9731  5824.8995  261.8339 -999.9000   12.9682    0.4090   10.5403   91.1344
 490.8286  5981.7789  260.2381 -999.9000   18.3960    0.5200   10.6743   91.1143
 480.7236  6138.6583  259.1398 -999.9000   29.2260    0.7703   10.9891   91.0832
 470.8214  6295.5377  257.8666 -999.9000   31.4932    0.7621   11.0689   91.0728
 461.0900  6452.4171  256.4530 -999.9000   30.8308    0.6762   10.7744   90.9894
 451.4963  6609.2965  255.1644 -999.9000   32.0080    0.6422    9.7517   90.8335
 442.0676  6766.1759  254.0992 -999.9000   32.5858    0.6091    8.8486   90.7116
 432.8253  6923.0553  253.1422 -999.9000   32.3054    0.5674    9.7479   90.6964
 423.7241  7079.9347  251.7381 -999.9000   36.0119    0.5712   10.6209   90.7318
 414.7432  7236.8141  250.0329 -999.9000   41.2370    0.5742   10.4132   90.7585
 405.9174  7393.6935  249.0346 -999.9000   31.8277    0.4138   10.6379   90.7794
 397.1974  7550.5729  247.7415 -999.9000   27.2443    0.3219   10.9036   90.7881
 388.6475  7707.4523  246.3394 -999.9000   31.1667    0.3308   11.0479   90.8405
 380.2876  7864.3317  245.3118 -999.9000   34.8153    0.3433   11.2841   90.9010
 372.0784  8021.2111  244.4806 -999.9000   39.0829    0.3645   11.4374   90.8924
 363.9826  8178.0905  243.6717 -999.9000   45.2049    0.3994   11.3535   90.7526
 356.0087  8334.9698  242.8012 -999.9000   54.4381    0.4529   11.3431   90.7678
 348.2042  8491.8492  241.8882 -999.9000   60.5578    0.5188   11.9529   91.3797
 340.5609  8648.7286  241.0157 -999.9000   64.9447    0.5272   12.1956   91.7004
 333.0575  8805.6080  240.1336 -999.9000   65.5506    0.4852   12.1489   91.6152
 325.6771  8962.4874  239.1419 -999.9000   64.9756    0.4338   12.4585   91.4555
 318.4095  9119.3668  237.9244 -999.9000   65.7636    0.3977   13.3931   91.4682
 311.2701  9276.2462  236.2718 -999.9000   60.6627    0.3338   13.5666   91.4746
 304.2599  9433.1256  234.6859 -999.9000   55.4848    0.2938   13.8063   91.4194
 297.3812  9590.0050  233.5886 -999.9000   50.6453    0.2688   14.3034   91.3896
 290.6045  9746.8844  232.3310 -999.9000   45.4424    0.2331   14.6465   91.3805
 283.9369  9903.7638  230.9255 -999.9000   45.7410    0.2031   15.0381   91.3479
 277.3870 10060.6432  229.4180 -999.9000   45.5928    0.1789   15.4404   91.3074
 270.9631 10217.5226  227.8484 -999.9000   45.5316    0.1538   15.7206   91.2950
 264.6694 10374.4020  226.2913 -999.9000   45.6432    0.1244   15.7885   91.3378
 258.4744 10531.2814  225.0537 -999.9000   45.1546    0.1097   15.9446   91.3756
 252.3757 10688.1608  224.0180 -999.9000   45.4735    0.1034   16.2177   91.3933
 246.3812 10845.0402  222.9553 -999.9000   40.2020    0.0916   16.5257   91.3978
 240.4896 11001.9196  221.7587 -999.9000   35.6525    0.0742   16.8152   91.3965
 234.6950 11158.7990  220.4230 -999.9000   35.9098    0.0604   17.0568   91.3968
 229.0082 11315.6784  219.0448 -999.9000   35.4579    0.0528   17.2451   91.3986
 223.4492 11472.5578  217.7715 -999.9000   34.9353    0.0500   17.3867   91.3982
 218.0236 11629.4372  216.5791 -999.9000   30.0982    0.0480   17.2001   91.4126
 212.6609 11786.3166  214.9185 -999.9000   25.5873    0.0350   15.5352   91.5070
 207.3913 11943.1960  214.1006 -999.9000   23.7583    0.0295   14.3724   91.4951
 202.2510 12100.0754  214.8199 -999.9000   17.9992    0.0410   14.0832   91.5711
 197.2536 12256.9548  216.2344 -999.9000    9.0964    0.0304   12.0985   92.1270
 192.4469 12413.8342  218.6423 -999.9000    2.6454    0.0062   12.5634   91.9985
 187.8076 12570.7136  218.4725 -999.9000    0.2370    0.0003   12.8196   91.9213
 183.2603 12727.5930  217.2492 -999.9000    0.2957    0.0003   12.5398   91.8946
 178.8033 12884.4724  216.8468 -999.9000    0.0000    0.0000   12.3179   91.8603
 174.4458 13041.3518  217.2588 -999.9000    0.0133    0.0000   12.4610   91.7991
 170.1876 13198.2312  217.4906 -999.9000    0.0000    0.0000   12.9952   91.6668
 166.0391 13355.1106  217.6627 -999.9000    0.0000    0.0000   13.6231   91.5392
 162.0101 13511.9899  217.2875 -999.9000    0.0002    0.0000   13.9295   91.4198
 158.0706 13668.8693  216.3008 -999.9000    0.0000    0.0000   13.5532   91.3880
 154.1974 13825.7487  215.4218 -999.9000    0.0000    0.0000   12.3984   91.4693
 150.4126 13982.6281  215.3456 -999.9000    0.0000    0.0000   10.4905   91.5650
 146.7292 14139.5075  216.2614 -999.9000    0.0000    0.0000   10.4180   91.5673
 143.1108 14296.3869  214.4672 -999.9000    0.0000    0.0000   10.3422   91.5696
 139.5597 14453.2663  216.8652 -999.9000    0.0000    0.0000   10.3147   91.5684
 136.1266 14610.1457  214.5066 -999.9000    0.0000    0.0000   10.3108   91.5540
 132.7619 14767.0251  213.6126 -999.9000    0.0000    0.0000   10.3118   91.5347
 129.4754 14923.9045  214.5866 -999.9000    0.0000    0.0000   10.3119   91.5197
 126.2897 15080.7839  215.6712 -999.9000    0.0000    0.0000   10.3022   91.5108
 123.1790 15237.6633  216.8789 -999.9000    0.0000    0.0000   10.3209   91.4644
 120.1481 15394.5427  217.3336 -999.9000    0.0000    0.0000   10.1816   91.3748
 117.2138 15551.4221  216.6724 -999.9000    0.0000    0.0000    9.8246   91.2661
 114.3435 15708.3015  216.5622 -999.9000    0.0000    0.0000    9.5073   91.1464
 111.5416 15865.1809  216.3044 -999.9000    0.0000    0.0000    8.9321   91.1933
 108.8149 16022.0603  217.6043 -999.9000    0.0000    0.0000    8.1248   91.4869
 106.1648 16178.9397  217.6459 -999.9000    0.0000    0.0000    7.6718   91.3484
 103.5767 16335.8191  217.2676 -999.9000    0.0000    0.0000    6.2510   91.9971
 101.0524 16492.6985  219.3016 -999.9000    0.0000    0.0000    1.7846   90.4089
  98.6148 16649.5779  217.8992 -999.9000    0.0000    0.0000    1.0218   90.4014
  96.2203 16806.4573  217.1492 -999.9000    0.0000    0.0000    0.2087   90.4014
  93.8688 16963.3367  216.4244 -999.9000    0.0000    0.0000    1.3056   90.4014
  91.5836 17120.2161  216.2961 -999.9000    0.0000    0.0000    2.1888   90.4014
  89.3567 17277.0955  216.2680 -999.9000    0.0000    0.0000    2.8392   90.4014
  87.1784 17433.9749  215.7922 -999.9000    0.0000    0.0000    3.5534   90.3927
  85.0453 17590.8543  214.9811 -999.9000    0.0000    0.0000    4.4980   90.0754
  82.9608 17747.7337  214.6585 -999.9000    0.0000    0.0000    5.6997   90.9865
  80.9282 17904.6131  215.3081 -999.9000    0.0000    0.0000    6.8750   90.6807
  78.9484 18061.4925  215.9603 -999.9000    0.0000    0.0000    6.7951   90.4907
  77.0217 18218.3719  216.6451 -999.9000    0.0000    0.0000    5.8634   90.6714
  75.1483 18375.2513  217.7194 -999.9000    0.0000    0.0000    4.9342   90.9237
  73.3271 18532.1307  218.8412 -999.9000    0.0000    0.0000    4.3378   91.0464
  71.5556 18689.0101  218.9903 -999.9000    0.0000    0.0000    3.8961   90.9336
  69.8260 18845.8894  217.9016 -999.9000    0.0000    0.0000    3.3024   91.0562
  68.1227 19002.7688  217.6411 -999.9000    0.0000    0.0000    2.1899   91.7656
  66.4601 19159.6482  218.0236 -999.9000    0.0000    0.0000    1.1890   89.5288
  64.8418 19316.5276  218.5424 -999.9000    0.0000    0.0000    0.9098   87.4851
  63.2670 19473.4070  218.9833 -999.9000    0.0000    0.0000    1.4821   87.9468
  61.7318 19630.2864  219.5840 -999.9000    0.0000    0.0000    2.0972   88.3028
  60.2355 19787.1658  219.8380 -999.9000    0.0000    0.0000    2.8681   88.5476
  58.7762 19944.0452  219.5847 -999.9000    0.0000    0.0000    3.7348   88.9105
  57.3501 20100.9246  219.2499 -999.9000    0.0000    0.0000    4.1927   89.0671
  55.9562 20257.8040  219.0274 -999.9000    0.0000    0.0000    4.1443   88.9446
  54.5968 20414.6834  218.8372 -999.9000    0.0000    0.0000    3.9546   88.7725
  53.2731 20571.5628  218.8310 -999.9000    0.0000    0.0000    3.7866   88.6461
  51.9860 20728.4422  219.3191 -999.9000    0.0000    0.0000    3.6570   88.5640
  50.7361 20885.3216  220.6147 -999.9000    0.0000    0.0000    3.5800   88.5228
  49.5229 21042.2010  222.4288 -999.9000    0.0000    0.0000    3.5387   88.5126
  48.3394 21199.0804  221.8512 -999.9000    0.0000    0.0000    3.8825   88.5757
  47.1874 21355.9598  221.9573 -999.9000    0.0000    0.0000    5.0098   88.7747
  46.0647 21512.8392  222.3850 -999.9000    0.0000    0.0000    6.0358   88.9472
  44.9691 21669.7186  222.6553 -999.9000    0.0000    0.0000    6.2283   88.9570
  43.8989 21826.5980  222.7053 -999.9000    0.0000    0.0000    5.8199   88.8369
  42.8525 21983.4774  222.5955 -999.9000    0.0000    0.0000    5.3275   88.6697
  41.8295 22140.3568  222.3742 -999.9000    0.0000    0.0000    5.0402   88.5214
  40.8309 22297.2362  222.0697 -999.9000    0.0000    0.0000    4.8962   88.4316
  39.8584 22454.1156  221.7115 -999.9000    0.0000    0.0000    4.8039   88.4374
  38.9104 22610.9950  222.1260 -999.9000    0.0000    0.0000    4.9113   88.5046
  37.9838 22767.8744  223.4068 -999.9000    0.0000    0.0000    5.2752   88.5579
  37.0791 22924.7538  224.1178 -999.9000    0.0000    0.0000    5.5645   88.6106
  36.1962 23081.6332  224.2277 -999.9000    0.0000    0.0000    5.7634   88.6649
  35.3349 23238.5126  223.9547 -999.9000    0.0000    0.0000    5.9117   88.7211
  34.4951 23395.3920  223.5162 -999.9000    0.0000    0.0000    6.0495   88.7793
  33.6765 23552.2714  223.1301 -999.9000    0.0000    0.0000    6.2168   88.8396
  32.8792 23709.1508  223.0141 -999.9000    0.0000    0.0000    6.4538   88.9021
  32.1025 23866.0302  223.3103 -999.9000    0.0000    0.0000    6.7731   88.9664
  31.3447 24022.9095  223.8811 -999.9000    0.0000    0.0000    7.0868   89.0294
  30.6036 24179.7889  224.5247 -999.9000    0.0000    0.0000    7.2841   89.0878
  29.8779 24336.6683  225.0136 -999.9000    0.0000    0.0000    7.2736   89.1301
  29.1715 24493.5477  225.0585 -999.9000    0.0000    0.0000    7.1600   89.0898
  28.4842 24650.4271  224.9075 -999.9000    0.0000    0.0000    6.9965   88.9796
  27.8138 24807.3065  224.9293 -999.9000    0.0000    0.0000    6.7975   88.8366
  27.1583 24964.1859  225.4910 -999.9000    0.0000    0.0000    6.5770   88.6979
  26.5173 25121.0653  226.6536 -999.9000    0.0000    0.0000    6.3557   88.5852
  25.8939 25277.9447  227.8293 -999.9000    0.0000    0.0000    6.1680   88.4883
  25.2914 25434.8241  228.3473 -999.9000    0.0000    0.0000    6.0506   88.3927
  24.7096 25591.7035  227.8415 -999.9000    0.0000    0.0000    6.0846   88.3136
  24.1354 25748.5829  227.2972 -999.9000    0.0000    0.0000    6.4308   88.3442
  23.5706 25905.4623  227.0475 -999.9000    0.0000    0.0000    6.9913   88.4419
  23.0189 26062.3417  227.3014 -999.9000    0.0000    0.0000    7.6409   88.5480
  22.4826 26219.2211  228.1245 -999.9000    0.0000    0.0000    8.2791   88.6216
  21.9608 26376.1005  229.2108 -999.9000    0.0000    0.0000    8.8671   88.6692
  21.4521 26532.9799  230.1957 -999.9000    0.0000    0.0000    9.3764   88.7041
  20.9548 26689.8593  230.7141 -999.9000    0.0000    0.0000    9.7786   88.7401
  20.4676 26846.7387  230.4012 -999.9000    0.0000    0.0000   10.0450   88.7908
  19.9891 27003.6181  228.9276 -999.9000    0.0000    0.0000   10.1402   88.8671
  19.5243 27160.4975  228.0147 -999.9000    0.0000    0.0000    9.7022   88.8331
  19.0752 27317.3769  228.4499 -999.9000    0.0000    0.0000    8.8029   88.6652
  18.6391 27474.2563  229.6528 -999.9000    0.0000    0.0000    7.8365   88.4541
  18.2135 27631.1357  231.0433 -999.9000    0.0000    0.0000    7.1975   88.2905
  17.7959 27788.0151  232.0501 -999.9000    0.0000    0.0000    7.2573   88.2601
  17.3864 27944.8945  232.3261 -999.9000    0.0000    0.0000    7.8367   88.3267
  16.9866 28101.7739  231.8976 -999.9000    0.0000    0.0000    8.4544   88.3867
  16.5963 28258.6533  231.0613 -999.9000    0.0000    0.0000    9.0756   88.4341
  16.2153 28415.5327  230.1412 -999.9000    0.0000    0.0000    9.7144   88.4734
  15.8432 28572.4121  229.4610 -999.9000    0.0000    0.0000   10.3854   88.5095
  15.4798 28729.2915  229.3387 -999.9000    0.0000    0.0000   11.1008   88.5468
  15.1246 28886.1709  229.7355 -999.9000    0.0000    0.0000   11.7582   88.5881
  14.7769 29043.0503  230.0946 -999.9000    0.0000    0.0000   12.0937   88.6333
  14.4368 29199.9296  230.2521 -999.9000    0.0000    0.0000   12.0423   88.6841
  14.1043 29356.8090  230.3457 -999.9000    0.0000    0.0000   11.6852   88.7433
  13.7798 29513.6884  230.5187 -999.9000    0.0000    0.0000   11.1067   88.8140
  13.4633 29670.5678  230.9146 -999.9000    0.0000    0.0000   10.3910   88.8992
  13.1552 29827.4472  231.6769 -999.9000    0.0000    0.0000    9.6224   89.0018
  12.8555 29984.3266  232.8922 -999.9000    0.0000    0.0000    8.8830   89.1215
  12.5638 30141.2060  234.2481 -999.9000    0.0000    0.0000    8.2408   89.2343
  12.2794 30298.0854  235.2628 -999.9000    0.0000    0.0000    7.7576   89.3059
  12.0018 30454.9648  235.4537 -999.9000    0.0000    0.0000    7.4953   89.3022
  11.7304 30611.8442  234.5930 -999.9000    0.0000    0.0000    7.4748   89.2026
  11.4650 30768.7236  233.4923 -999.9000    0.0000    0.0000    7.5506   89.0420
  11.2056 30925.6030  233.2283 -999.9000    0.0000    0.0000    7.5349   88.8691
  10.9522 31082.4824  234.4527 -999.9000    0.0000    0.0000    7.3074   88.7216
  10.7056 31239.3618  236.0056 -999.9000    0.0000    0.0000    7.0371   88.5894
  10.4661 31396.2412  236.5687 -999.9000    0.0000    0.0000    6.9208   88.4534
  10.2318 31553.1206  236.2223 -999.9000    0.0000    0.0000    6.9440   88.3118
  10.0000 31710.0000  235.4211 -999.9000    0.0000    0.0000    7.0354   88.1674
