# 06610 LSMP Payerne Observations at 12Z 30 Jul 2008
# Radiosonde file generated by raso.rb
#
  P [hPa],     Z [m],    T [K],   Td [K],   RH [%], r [g/kg], WS [m/s], WD [deg]
 962.0000   491.0000  298.0816 -999.9000   66.1886   13.6900    2.3077   93.0543
 944.6891   647.8794  296.1485 -999.9000   67.7648   12.6302    4.7356   92.6754
 927.6873   804.7588  294.8725 -999.9000   79.5236   13.9071    2.3368   92.9144
 911.0964   961.6382  293.6831 -999.9000   79.9987   14.4362    0.5342   92.0428
 894.7070  1118.5176  292.8366 -999.9000   80.0126   14.3064    1.4578   90.9797
 878.5406  1275.3970  292.6180 -999.9000   80.0902   13.3485    2.4118   90.6229
 862.6769  1432.2764  291.3033 -999.9000   81.0130   13.5129    2.6164   90.4248
 846.9845  1589.1558  290.1122 -999.9000   80.3396   13.9027    4.1994   90.3491
 831.5533  1746.0352  289.8035 -999.9000   80.8222   13.2228    5.0636   90.3950
 816.3570  1902.9146  288.5162 -999.9000   80.7130   11.9693    6.1524   90.4496
 801.3249  2059.7940  286.9422 -999.9000   80.4335   11.5640    6.7614   90.4939
 786.5365  2216.6734  285.5944 -999.9000   80.2777   10.4184    7.4968   90.5367
 771.9169  2373.5528  284.3605 -999.9000   80.6622    8.7627    8.6770   90.5644
 757.5041  2530.4322  283.2943 -999.9000   80.5243    8.5006    9.1983   90.6155
 743.3854  2687.3116  282.7056 -999.9000   77.8721    7.5803    8.0793   90.6080
 729.2940  2844.1910  281.6126 -999.9000   60.4571    5.5688    7.8256   90.6173
 715.5826  3001.0704  280.5420 -999.9000   50.1809    4.3807    9.3951   90.6971
 702.0616  3157.9497  279.3311 -999.9000   51.6593    4.2344   10.6660   90.7782
 688.7126  3314.8291  277.8226 -999.9000   58.9805    4.4448   10.7440   90.8007
 675.5482  3471.7085  276.1615 -999.9000   68.2764    4.6752   10.9817   90.8205
 662.5494  3628.5879  274.6483 -999.9000   74.2153    4.6607   11.5759   90.8487
 649.7305  3785.4673  273.5996 -999.9000   67.3288    4.0055   11.8587   90.8627
 637.1240  3942.3467  272.7048 -999.9000   55.1833    3.1437   11.1671   90.9118
 624.7467  4099.2261  271.6466 -999.9000   50.1995    2.7055    9.6090   91.0167
 612.5275  4256.1055  270.5414 -999.9000   50.1270    2.5464    9.1669   91.0465
 600.5160  4412.9849  269.8876 -999.9000   38.2307    1.8919    9.4385   91.0390
 588.7253  4569.8643  269.2460 -999.9000   22.7731    1.0986    9.6152   91.0433
 577.1128  4726.7437  267.9065 -999.9000   18.1742    0.8108    9.6595   91.0483
 565.6299  4883.6231  267.0251 -999.9000   17.0407    0.7276    9.6170   91.0538
 554.4053  5040.5025  266.4192 -999.9000   13.5032    0.5634    8.9244   91.1400
 543.3471  5197.3819  265.7018 -999.9000   12.8428    0.5190    8.1435   91.2153
 532.4739  5354.2613  264.6364 -999.9000   22.2075    0.8459    8.5478   91.2112
 521.8251  5511.1407  263.5514 -999.9000   24.0537    0.8613    9.3032   91.1806
 511.3144  5668.0201  262.7262 -999.9000   14.1026    0.4842    9.9847   91.1583
 500.9731  5824.8995  261.3532 -999.9000   12.9864    0.4090   10.6882   91.1344
 490.8286  5981.7789  259.7130 -999.9000   18.4193    0.5200   10.8455   91.1143
 480.7236  6138.6583  258.5739 -999.9000   29.2594    0.7703   11.1827   91.0832
 470.8214  6295.5377  257.2639 -999.9000   31.5255    0.7621   11.2840   91.0728
 461.0900  6452.4171  255.8181 -999.9000   30.8590    0.6762   11.0098   90.9894
 451.4963  6609.2965  254.5024 -999.9000   32.0342    0.6422   10.0060   90.8335
 442.0676  6766.1759  253.4156 -999.9000   32.6096    0.6091    9.1200   90.7116
 432.8253  6923.0553  252.4429 -999.9000   32.3266    0.5674   10.0345   90.6964
 423.7241  7079.9347  251.0296 -999.9000   36.0335    0.5712   10.9207   90.7318
 414.7432  7236.8141  249.3221 -999.9000   41.2602    0.5742   10.7238   90.7585
 405.9174  7393.6935  248.3288 -999.9000   31.8449    0.4138   10.9569   90.7794
 397.1974  7550.5729  247.0485 -999.9000   27.2590    0.3219   11.2281   90.7881
 388.6475  7707.4523  245.6666 -999.9000   31.1841    0.3308   11.3752   90.8405
 380.2876  7864.3317  244.6661 -999.9000   34.8359    0.3433   11.6116   90.9010
 372.0784  8021.2111  243.8680 -999.9000   39.1080    0.3645   11.7630   90.8924
 363.9826  8178.0905  243.0976 -999.9000   45.2366    0.3994   11.6749   90.7526
 356.0087  8334.9698  242.2703 -999.9000   54.4802    0.4529   11.6584   90.7678
 348.2042  8491.8492  241.4047 -999.9000   60.6094    0.5188   12.2602   91.3797
 340.5609  8648.7286  240.5830 -999.9000   65.0055    0.5272   12.4933   91.7004
 333.0575  8805.6080  239.7545 -999.9000   65.6177    0.4852   12.4356   91.6152
 325.6771  8962.4874  238.8184 -999.9000   65.0479    0.4338   12.7329   91.4555
 318.4095  9119.3668  237.6580 -999.9000   65.8425    0.3977   13.6542   91.4682
 311.2701  9276.2462  236.0632 -999.9000   60.7406    0.3338   13.8134   91.4746
 304.2599  9433.1256  234.5352 -999.9000   55.5605    0.2938   14.0380   91.4194
 297.3812  9590.0050  233.4952 -999.9000   50.7180    0.2688   14.5195   91.3896
 290.6045  9746.8844  232.2937 -999.9000   45.5104    0.2331   14.8466   91.3805
 283.9369  9903.7638  230.9424 -999.9000   45.8116    0.2031   15.2221   91.3479
 277.3870 10060.6432  229.4864 -999.9000   45.6648    0.1789   15.6081   91.3074
 270.9631 10217.5226  227.9652 -999.9000   45.6043    0.1538   15.8722   91.2950
 264.6694 10374.4020  226.4525 -999.9000   45.7161    0.1244   15.9244   91.3378
 258.4744 10531.2814  225.2548 -999.9000   45.2256    0.1097   16.0653   91.3756
 252.3757 10688.1608  224.2536 -999.9000   45.5430    0.1034   16.3238   91.3933
 246.3812 10845.0402  223.2197 -999.9000   40.2606    0.0916   16.6181   91.3978
 240.4896 11001.9196  222.0452 -999.9000   35.7010    0.0742   16.8949   91.3965
 234.6950 11158.7990  220.7252 -999.9000   35.9541    0.0604   17.1250   91.3968
 229.0082 11315.6784  219.3567 -999.9000   35.4965    0.0528   17.3028   91.3986
 223.4492 11472.5578  218.0875 -999.9000   34.9674    0.0500   17.4350   91.3982
 218.0236 11629.4372  216.8942 -999.9000   30.1203    0.0480   17.2402   91.4126
 212.6609 11786.3166  215.2280 -999.9000   25.6010    0.0350   15.5683   91.5070
 207.3913 11943.1960  214.4006 -999.9000   23.7661    0.0295   14.3994   91.4951
 202.2510 12100.0754  215.1066 -999.9000   18.0011    0.0410   14.1055   91.5711
 197.2536 12256.9548  216.5047 -999.9000    9.0954    0.0304   12.1171   92.1270
 192.4469 12413.8342  218.8935 -999.9000    2.6445    0.0062   12.5795   91.9985
 187.8076 12570.7136  218.7025 -999.9000    0.2369    0.0003   12.8344   91.9213
 183.2603 12727.5930  217.4563 -999.9000    0.2954    0.0003   12.5544   91.8946
 178.8033 12884.4724  217.0297 -999.9000    0.0000    0.0000   12.3336   91.8603
 174.4458 13041.3518  217.4166 -999.9000    0.0133    0.0000   12.4789   91.7991
 170.1876 13198.2312  217.6233 -999.9000    0.0000    0.0000   13.0166   91.6668
 166.0391 13355.1106  217.7703 -999.9000    0.0000    0.0000   13.6492   91.5392
 162.0101 13511.9899  217.3707 -999.9000    0.0002    0.0000   13.9615   91.4198
 158.0706 13668.8693  216.3608 -999.9000    0.0000    0.0000   13.5924   91.3880
 154.1974 13825.7487  215.4601 -999.9000    0.0000    0.0000   12.4458   91.4693
 150.4126 13982.6281  215.3644 -999.9000    0.0000    0.0000   10.5476   91.5650
 146.7292 14139.5075  216.2633 -999.9000    0.0000    0.0000   10.4860   91.5673
 143.1108 14296.3869  214.4553 -999.9000    0.0000    0.0000   10.4222   91.5696
 139.5597 14453.2663  216.8428 -999.9000    0.0000    0.0000   10.4081   91.5684
 136.1266 14610.1457  214.4775 -999.9000    0.0000    0.0000   10.4186   91.5540
 132.7619 14767.0251  213.5799 -999.9000    0.0000    0.0000   10.4350   91.5347
 129.4754 14923.9045  214.5533 -999.9000    0.0000    0.0000   10.4509   91.5197
 126.2897 15080.7839  215.6399 -999.9000    0.0000    0.0000   10.4573   91.5108
 123.1790 15237.6633  216.8520 -999.9000    0.0000    0.0000   10.4919   91.4644
 120.1481 15394.5427  217.3130 -999.9000    0.0000    0.0000   10.3683   91.3748
 117.2138 15551.4221  216.6597 -999.9000    0.0000    0.0000   10.0263   91.2661
 114.3435 15708.3015  216.5589 -999.9000    0.0000    0.0000    9.7230   91.1464
 111.5416 15865.1809  216.3115 -999.9000    0.0000    0.0000    9.1606   91.1933
 108.8149 16022.0603  217.6225 -999.9000    0.0000    0.0000    8.3646   91.4869
 106.1648 16178.9397  217.6758 -999.9000    0.0000    0.0000    7.9211   91.3484
 103.5767 16335.8191  217.3091 -999.9000    0.0000    0.0000    6.5077   91.9971
 101.0524 16492.6985  219.3546 -999.9000    0.0000    0.0000    2.0462   90.4089
  98.6148 16649.5779  217.9631 -999.9000    0.0000    0.0000    1.2857   90.4014
  96.2203 16806.4573  217.2232 -999.9000    0.0000    0.0000    0.4719   90.4014
  93.8688 16963.3367  216.5073 -999.9000    0.0000    0.0000    1.5648   90.4014
  91.5836 17120.2161  216.3865 -999.9000    0.0000    0.0000    2.4405   90.4014
  89.3567 17277.0955  216.3640 -999.9000    0.0000    0.0000    3.0794   90.4014
  87.1784 17433.9749  215.8917 -999.9000    0.0000    0.0000    3.7780   90.3927
  85.0453 17590.8543  215.0818 -999.9000    0.0000    0.0000    4.7026   90.0754
  82.9608 17747.7337  214.7576 -999.9000    0.0000    0.0000    5.8795   90.9865
  80.9282 17904.6131  215.4026 -999.9000    0.0000    0.0000    7.0249   90.6807
  78.9484 18061.4925  216.0470 -999.9000    0.0000    0.0000    6.9105   90.4907
  77.0217 18218.3719  216.7212 -999.9000    0.0000    0.0000    5.9398   90.6714
  75.1483 18375.2513  217.7823 -999.9000    0.0000    0.0000    4.9680   90.9237
  73.3271 18532.1307  218.8884 -999.9000    0.0000    0.0000    4.3261   91.0464
  71.5556 18689.0101  219.0196 -999.9000    0.0000    0.0000    3.8365   90.9336
  69.8260 18845.8894  217.9112 -999.9000    0.0000    0.0000    3.1933   91.0562
  68.1227 19002.7688  217.6293 -999.9000    0.0000    0.0000    2.0302   91.7656
  66.4601 19159.6482  217.9890 -999.9000    0.0000    0.0000    0.9785   89.5288
  64.8418 19316.5276  218.4837 -999.9000    0.0000    0.0000    0.6485   87.4851
  63.2670 19473.4070  218.8996 -999.9000    0.0000    0.0000    1.1711   87.9468
  61.7318 19630.2864  219.4746 -999.9000    0.0000    0.0000    1.7380   88.3028
  60.2355 19787.1658  219.7025 -999.9000    0.0000    0.0000    2.4629   88.5476
  58.7762 19944.0452  219.4227 -999.9000    0.0000    0.0000    3.2864   88.9105
  57.3501 20100.9246  219.0616 -999.9000    0.0000    0.0000    3.7047   89.0671
  55.9562 20257.8040  218.8129 -999.9000    0.0000    0.0000    3.6208   88.9446
  54.5968 20414.6834  218.5971 -999.9000    0.0000    0.0000    3.4004   88.7725
  53.2731 20571.5628  218.5660 -999.9000    0.0000    0.0000    3.2072   88.6461
  51.9860 20728.4422  219.0301 -999.9000    0.0000    0.0000    3.0584   88.5640
  50.7361 20885.3216  220.3030 -999.9000    0.0000    0.0000    2.9689   88.5228
  49.5229 21042.2010  222.0958 -999.9000    0.0000    0.0000    2.9225   88.5126
  48.3394 21199.0804  221.4986 -999.9000    0.0000    0.0000    3.2693   88.5757
  47.1874 21355.9598  221.5871 -999.9000    0.0000    0.0000    4.4082   88.7747
  46.0647 21512.8392  221.9991 -999.9000    0.0000    0.0000    5.4547   88.9472
  44.9691 21669.7186  222.2558 -999.9000    0.0000    0.0000    5.6757   88.9570
  43.8989 21826.5980  222.2939 -999.9000    0.0000    0.0000    5.3035   88.8369
  42.8525 21983.4774  222.1740 -999.9000    0.0000    0.0000    4.8540   88.6697
  41.8295 22140.3568  221.9441 -999.9000    0.0000    0.0000    4.6159   88.5214
  40.8309 22297.2362  221.6325 -999.9000    0.0000    0.0000    4.5263   88.4316
  39.8584 22454.1156  221.2685 -999.9000    0.0000    0.0000    4.4933   88.4374
  38.9104 22610.9950  221.6786 -999.9000    0.0000    0.0000    4.6640   88.5046
  37.9838 22767.8744  222.9560 -999.9000    0.0000    0.0000    5.0947   88.5579
  37.0791 22924.7538  223.6645 -999.9000    0.0000    0.0000    5.4533   88.6106
  36.1962 23081.6332  223.7730 -999.9000    0.0000    0.0000    5.7236   88.6649
  35.3349 23238.5126  223.4992 -999.9000    0.0000    0.0000    5.9446   88.7211
  34.4951 23395.3920  223.0606 -999.9000    0.0000    0.0000    6.1558   88.7793
  33.6765 23552.2714  222.6750 -999.9000    0.0000    0.0000    6.3964   88.8396
  32.8792 23709.1508  222.5598 -999.9000    0.0000    0.0000    6.7059   88.9021
  32.1025 23866.0302  222.8572 -999.9000    0.0000    0.0000    7.0963   88.9664
  31.3447 24022.9095  223.4293 -999.9000    0.0000    0.0000    7.4790   89.0294
  30.6036 24179.7889  224.0743 -999.9000    0.0000    0.0000    7.7426   89.0878
  29.8779 24336.6683  224.5645 -999.9000    0.0000    0.0000    7.7947   89.1301
  29.1715 24493.5477  224.6106 -999.9000    0.0000    0.0000    7.7396   89.0898
  28.4842 24650.4271  224.4605 -999.9000    0.0000    0.0000    7.6298   88.9796
  27.8138 24807.3065  224.4828 -999.9000    0.0000    0.0000    7.4789   88.8366
  27.1583 24964.1859  225.0444 -999.9000    0.0000    0.0000    7.3006   88.6979
  26.5173 25121.0653  226.2066 -999.9000    0.0000    0.0000    7.1155   88.5852
  25.8939 25277.9447  227.3815 -999.9000    0.0000    0.0000    6.9585   88.4883
  25.2914 25434.8241  227.8984 -999.9000    0.0000    0.0000    6.8663   88.3927
  24.7096 25591.7035  227.3912 -999.9000    0.0000    0.0000    6.9203   88.3136
  24.1354 25748.5829  226.8453 -999.9000    0.0000    0.0000    7.2814   88.3442
  23.5706 25905.4623  226.5938 -999.9000    0.0000    0.0000    7.8520   88.4419
  23.0189 26062.3417  226.8458 -999.9000    0.0000    0.0000    8.5072   88.5480
  22.4826 26219.2211  227.6670 -999.9000    0.0000    0.0000    9.1464   88.6216
  21.9608 26376.1005  228.7514 -999.9000    0.0000    0.0000    9.7312   88.6692
  21.4521 26532.9799  229.7344 -999.9000    0.0000    0.0000   10.2335   88.7041
  20.9548 26689.8593  230.2510 -999.9000    0.0000    0.0000   10.6247   88.7401
  20.4676 26846.7387  229.9366 -999.9000    0.0000    0.0000   10.8765   88.7908
  19.9891 27003.6181  228.4616 -999.9000    0.0000    0.0000   10.9538   88.8671
  19.5243 27160.4975  227.5475 -999.9000    0.0000    0.0000   10.4946   88.8331
  19.0752 27317.3769  227.9820 -999.9000    0.0000    0.0000    9.5712   88.6652
  18.6391 27474.2563  229.1844 -999.9000    0.0000    0.0000    8.5779   88.4541
  18.2135 27631.1357  230.5749 -999.9000    0.0000    0.0000    7.9094   88.2905
  17.7959 27788.0151  231.5822 -999.9000    0.0000    0.0000    7.9372   88.2601
  17.3864 27944.8945  231.8592 -999.9000    0.0000    0.0000    8.4826   88.3267
  16.9866 28101.7739  231.4324 -999.9000    0.0000    0.0000    9.0642   88.3867
  16.5963 28258.6533  230.5984 -999.9000    0.0000    0.0000    9.6475   88.4341
  16.2153 28415.5327  229.6813 -999.9000    0.0000    0.0000   10.2469   88.4734
  15.8432 28572.4121  229.0048 -999.9000    0.0000    0.0000   10.8771   88.5095
  15.4798 28729.2915  228.8871 -999.9000    0.0000    0.0000   11.5506   88.5468
  15.1246 28886.1709  229.2893 -999.9000    0.0000    0.0000   12.1651   88.5881
  14.7769 29043.0503  229.6548 -999.9000    0.0000    0.0000   12.4569   88.6333
  14.4368 29199.9296  229.8196 -999.9000    0.0000    0.0000   12.3612   88.6841
  14.1043 29356.8090  229.9215 -999.9000    0.0000    0.0000   11.9595   88.7433
  13.7798 29513.6884  230.1039 -999.9000    0.0000    0.0000   11.3363   88.8140
  13.4633 29670.5678  230.5103 -999.9000    0.0000    0.0000   10.5760   88.8992
  13.1552 29827.4472  231.2844 -999.9000    0.0000    0.0000    9.7630   89.0018
  12.8555 29984.3266  232.5127 -999.9000    0.0000    0.0000    8.9796   89.1215
  12.5638 30141.2060  233.8829 -999.9000    0.0000    0.0000    8.2941   89.2343
  12.2794 30298.0854  234.9132 -999.9000    0.0000    0.0000    7.7685   89.3059
  12.0018 30454.9648  235.1212 -999.9000    0.0000    0.0000    7.4648   89.3022
  11.7304 30611.8442  234.2790 -999.9000    0.0000    0.0000    7.4042   89.2026
  11.4650 30768.7236  233.1983 -999.9000    0.0000    0.0000    7.4414   89.0420
  11.2056 30925.6030  232.9559 -999.9000    0.0000    0.0000    7.3888   88.8691
  10.9522 31082.4824  234.2035 -999.9000    0.0000    0.0000    7.1262   88.7216
  10.7056 31239.3618  235.7812 -999.9000    0.0000    0.0000    6.8229   88.5894
  10.4661 31396.2412  236.3710 -999.9000    0.0000    0.0000    6.6760   88.4534
  10.2318 31553.1206  236.0529 -999.9000    0.0000    0.0000    6.6710   88.3118
  10.0000 31710.0000  235.2819 -999.9000    0.0000    0.0000    6.7369   88.1674
