# 06610 LSMP Payerne Observations at 12Z 30 Jul 2008
# Radiosonde file generated by raso.rb
#
  P [hPa],     Z [m],    T [K],   Td [K],   RH [%], r [g/kg], WS [m/s], WD [deg]
 962.0000   491.0000  298.1521 -999.9000   66.2826   13.6900    2.1786   93.0543
 944.6891   647.8794  296.1713 -999.9000   67.8394   12.6302    4.7373   92.6754
 927.6873   804.7588  294.8529 -999.9000   79.5881   13.9071    2.4570   92.9144
 911.0964   961.6382  293.6261 -999.9000   80.0426   14.4362    0.7609   92.0428
 894.7070  1118.5176  292.7468 -999.9000   80.0375   14.3064    1.7796   90.9797
 878.5406  1275.3970  292.5000 -999.9000   80.0980   13.3485    2.8175   90.6229
 862.6769  1432.2764  291.1616 -999.9000   81.0056   13.5129    3.0955   90.4248
 846.9845  1589.1558  289.9509 -999.9000   80.3189   13.9027    4.7417   90.3491
 831.5533  1746.0352  289.6266 -999.9000   80.7898   13.2228    5.6593   90.3950
 816.3570  1902.9146  288.3274 -999.9000   80.6708   11.9693    6.7923   90.4496
 801.3249  2059.7940  286.7452 -999.9000   80.3832   11.5640    7.4364   90.4939
 786.5365  2216.6734  285.3924 -999.9000   80.2208   10.4184    8.1987   90.5367
 771.9169  2373.5528  284.1568 -999.9000   80.5999    8.7627    9.3978   90.5644
 757.5041  2530.4322  283.0917 -999.9000   80.4583    8.5006    9.9304   90.6155
 743.3854  2687.3116  282.5070 -999.9000   77.8058    7.5803    8.8155   90.6080
 729.2940  2844.1910  281.4206 -999.9000   60.4047    5.5688    8.5593   90.6173
 715.5826  3001.0704  280.3588 -999.9000   50.1375    4.3807   10.1201   90.6971
 702.0616  3157.9497  279.1589 -999.9000   51.6153    4.2344   11.3765   90.7782
 688.7126  3314.8291  277.6634 -999.9000   58.9318    4.4448   11.4346   90.8007
 675.5482  3471.7085  276.0171 -999.9000   68.2226    4.6752   11.6476   90.8205
 662.5494  3628.5879  274.5201 -999.9000   74.1606    4.6607   12.2125   90.8487
 649.7305  3785.4673  273.4890 -999.9000   67.2832    4.0055   12.4620   90.8627
 637.1240  3942.3467  272.6131 -999.9000   55.1497    3.1437   11.7336   90.9118
 624.7467  4099.2261  271.5746 -999.9000   50.1729    2.7055   10.1355   91.0167
 612.5275  4256.1055  270.4899 -999.9000   50.1047    2.5464    9.6506   91.0465
 600.5160  4412.9849  269.8572 -999.9000   38.2172    1.8919    9.8772   91.0390
 588.7253  4569.8643  269.2368 -999.9000   22.7672    1.0986   10.0070   91.0433
 577.1128  4726.7437  267.9189 -999.9000   18.1714    0.8108   10.0030   91.0483
 565.6299  4883.6231  267.0589 -999.9000   17.0399    0.7276    9.9113   91.0538
 554.4053  5040.5025  266.4743 -999.9000   13.5040    0.5634    9.1689   91.1400
 543.3471  5197.3819  265.7775 -999.9000   12.8450    0.5190    8.3382   91.2153
 532.4739  5354.2613  264.7323 -999.9000   22.2138    0.8459    8.6931   91.2112
 521.8251  5511.1407  263.6664 -999.9000   24.0632    0.8613    9.3998   91.1806
 511.3144  5668.0201  262.8593 -999.9000   14.1097    0.4842   10.0339   91.1583
 500.9731  5824.8995  261.5032 -999.9000   12.9944    0.4090   10.6916   91.1344
 490.8286  5981.7789  259.8784 -999.9000   18.4327    0.5200   10.8053   91.1143
 480.7236  6138.6583  258.7530 -999.9000   29.2836    0.7703   11.1014   91.0832
 470.8214  6295.5377  257.4549 -999.9000   31.5547    0.7621   11.1646   91.0728
 461.0900  6452.4171  256.0189 -999.9000   30.8905    0.6762   10.8557   90.9894
 451.4963  6609.2965  254.7106 -999.9000   32.0696    0.6422    9.8211   90.8335
 442.0676  6766.1759  253.6289 -999.9000   32.6483    0.6091    8.9086   90.7116
 432.8253  6923.0553  252.6586 -999.9000   32.3673    0.5674    9.8014   90.6964
 423.7241  7079.9347  251.2447 -999.9000   36.0812    0.5712   10.6711   90.7318
 414.7432  7236.8141  249.5336 -999.9000   41.3170    0.5742   10.4632   90.7585
 405.9174  7393.6935  248.5334 -999.9000   31.8901    0.4138   10.6914   90.7794
 397.1974  7550.5729  247.2428 -999.9000   27.2985    0.3219   10.9642   90.7881
 388.6475  7707.4523  245.8473 -999.9000   31.2299    0.3308   11.1191   90.8405
 380.2876  7864.3317  244.8301 -999.9000   34.8875    0.3433   11.3690   90.9010
 372.0784  8021.2111  244.0127 -999.9000   39.1659    0.3645   11.5389   90.8924
 363.9826  8178.0905  243.2206 -999.9000   45.3032    0.3994   11.4740   90.7526
 356.0087  8334.9698  242.3696 -999.9000   54.5595    0.4529   11.4845   90.7678
 348.2042  8491.8492  241.4784 -999.9000   60.6962    0.5188   12.1171   91.3797
 340.5609  8648.7286  240.6297 -999.9000   65.0969    0.5272   12.3839   91.7004
 333.0575  8805.6080  239.7730 -999.9000   65.7077    0.4852   12.3622   91.6152
 325.6771  8962.4874  238.8079 -999.9000   65.1348    0.4338   12.6976   91.4555
 318.4095  9119.3668  237.6178 -999.9000   65.9279    0.3977   13.6582   91.4682
 311.2701  9276.2462  235.9931 -999.9000   60.8168    0.3338   13.8577   91.4746
 304.2599  9433.1256  234.4352 -999.9000   55.6278    0.2938   14.1228   91.4194
 297.3812  9590.0050  233.3658 -999.9000   50.7773    0.2688   14.6446   91.3896
 290.6045  9746.8844  232.1354 -999.9000   45.5617    0.2331   15.0114   91.3805
 283.9369  9903.7638  230.7561 -999.9000   45.8614    0.2031   15.4250   91.3479
 277.3870 10060.6432  229.2735 -999.9000   45.7128    0.1789   15.8474   91.3074
 270.9631 10217.5226  227.7271 -999.9000   45.6506    0.1538   16.1456   91.2950
 264.6694 10374.4020  226.1911 -999.9000   45.7612    0.1244   16.2289   91.3378
 258.4744 10531.2814  224.9723 -999.9000   45.2691    0.1097   16.3975   91.3756
 252.3757 10688.1608  223.9525 -999.9000   45.5860    0.1034   16.6798   91.3933
 246.3812 10845.0402  222.9026 -999.9000   40.2982    0.0916   16.9933   91.3978
 240.4896 11001.9196  221.7152 -999.9000   35.7342    0.0742   17.2844   91.3965
 234.6950 11158.7990  220.3854 -999.9000   35.9878    0.0604   17.5237   91.3968
 229.0082 11315.6784  219.0099 -999.9000   35.5301    0.0528   17.7061   91.3986
 223.4492 11472.5578  217.7363 -999.9000   35.0011    0.0500   17.8388   91.3982
 218.0236 11629.4372  216.5411 -999.9000   30.1499    0.0480   17.6406   91.4126
 212.6609 11786.3166  214.8753 -999.9000   25.6267    0.0350   15.9619   91.5070
 207.3913 11943.1960  214.0502 -999.9000   23.7905    0.0295   14.7831   91.4951
 202.2510 12100.0754  214.7605 -999.9000   18.0201    0.0410   14.4766   91.5711
 197.2536 12256.9548  216.1645 -999.9000    9.1051    0.0304   12.4733   92.1270
 192.4469 12413.8342  218.5607 -999.9000    2.6474    0.0062   12.9189   91.9985
 187.8076 12570.7136  218.3784 -999.9000    0.2372    0.0003   13.1553   91.9213
 183.2603 12727.5930  217.1418 -999.9000    0.2958    0.0003   12.8558   91.8946
 178.8033 12884.4724  216.7258 -999.9000    0.0000    0.0000   12.6146   91.8603
 174.4458 13041.3518  217.1241 -999.9000    0.0133    0.0000   12.7391   91.7991
 170.1876 13198.2312  217.3425 -999.9000    0.0000    0.0000   13.2560   91.6668
 166.0391 13355.1106  217.5015 -999.9000    0.0000    0.0000   13.8680   91.5392
 162.0101 13511.9899  217.1141 -999.9000    0.0002    0.0000   14.1606   91.4198
 158.0706 13668.8693  216.1162 -999.9000    0.0000    0.0000   13.7727   91.3880
 154.1974 13825.7487  215.2273 -999.9000    0.0000    0.0000   12.6090   91.4693
 150.4126 13982.6281  215.1429 -999.9000    0.0000    0.0000   10.6954   91.5650
 146.7292 14139.5075  216.0523 -999.9000    0.0000    0.0000   10.6206   91.5673
 143.1108 14296.3869  214.2539 -999.9000    0.0000    0.0000   10.5464   91.5696
 139.5597 14453.2663  216.6501 -999.9000    0.0000    0.0000   10.5248   91.5684
 136.1266 14610.1457  214.2922 -999.9000    0.0000    0.0000   10.5307   91.5540
 132.7619 14767.0251  213.4012 -999.9000    0.0000    0.0000   10.5452   91.5347
 129.4754 14923.9045  214.3802 -999.9000    0.0000    0.0000   10.5617   91.5197
 126.2897 15080.7839  215.4717 -999.9000    0.0000    0.0000   10.5708   91.5108
 123.1790 15237.6633  216.6880 -999.9000    0.0000    0.0000   10.6100   91.4644
 120.1481 15394.5427  217.1527 -999.9000    0.0000    0.0000   10.4924   91.3748
 117.2138 15551.4221  216.5027 -999.9000    0.0000    0.0000   10.1577   91.2661
 114.3435 15708.3015  216.4049 -999.9000    0.0000    0.0000    9.8628   91.1464
 111.5416 15865.1809  216.1602 -999.9000    0.0000    0.0000    9.3094   91.1933
 108.8149 16022.0603  217.4740 -999.9000    0.0000    0.0000    8.5227   91.4869
 106.1648 16178.9397  217.5300 -999.9000    0.0000    0.0000    8.0885   91.3484
 103.5767 16335.8191  217.1663 -999.9000    0.0000    0.0000    6.6844   91.9971
 101.0524 16492.6985  219.2149 -999.9000    0.0000    0.0000    2.2316   90.4089
  98.6148 16649.5779  217.8271 -999.9000    0.0000    0.0000    1.4790   90.4014
  96.2203 16806.4573  217.0912 -999.9000    0.0000    0.0000    0.6721   90.4014
  93.8688 16963.3367  216.3801 -999.9000    0.0000    0.0000    1.7704   90.4014
  91.5836 17120.2161  216.2647 -999.9000    0.0000    0.0000    2.6499   90.4014
  89.3567 17277.0955  216.2486 -999.9000    0.0000    0.0000    3.2906   90.4014
  87.1784 17433.9749  215.7836 -999.9000    0.0000    0.0000    3.9889   90.3927
  85.0453 17590.8543  214.9820 -999.9000    0.0000    0.0000    4.9105   90.0754
  82.9608 17747.7337  214.6673 -999.9000    0.0000    0.0000    6.0817   90.9865
  80.9282 17904.6131  215.3232 -999.9000    0.0000    0.0000    7.2183   90.6807
  78.9484 18061.4925  215.9797 -999.9000    0.0000    0.0000    7.0918   90.4907
  77.0217 18218.3719  216.6671 -999.9000    0.0000    0.0000    6.1062   90.6714
  75.1483 18375.2513  217.7421 -999.9000    0.0000    0.0000    5.1168   90.9237
  73.3271 18532.1307  218.8628 -999.9000    0.0000    0.0000    4.4548   91.0464
  71.5556 18689.0101  219.0089 -999.9000    0.0000    0.0000    3.9430   90.9336
  69.8260 18845.8894  217.9155 -999.9000    0.0000    0.0000    3.2757   91.0562
  68.1227 19002.7688  217.6485 -999.9000    0.0000    0.0000    2.0868   91.7656
  66.4601 19159.6482  218.0227 -999.9000    0.0000    0.0000    1.0078   89.5288
  64.8418 19316.5276  218.5314 -999.9000    0.0000    0.0000    0.6495   87.4851
  63.2670 19473.4070  218.9605 -999.9000    0.0000    0.0000    1.1427   87.9468
  61.7318 19630.2864  219.5476 -999.9000    0.0000    0.0000    1.6796   88.3028
  60.2355 19787.1658  219.7862 -999.9000    0.0000    0.0000    2.3740   88.5476
  58.7762 19944.0452  219.5158 -999.9000    0.0000    0.0000    3.1670   88.9105
  57.3501 20100.9246  219.1622 -999.9000    0.0000    0.0000    3.5548   89.0671
  55.9562 20257.8040  218.9191 -999.9000    0.0000    0.0000    3.4407   88.9446
  54.5968 20414.6834  218.7067 -999.9000    0.0000    0.0000    3.1907   88.7725
  53.2731 20571.5628  218.6764 -999.9000    0.0000    0.0000    2.9687   88.6461
  51.9860 20728.4422  219.1389 -999.9000    0.0000    0.0000    2.7922   88.5640
  50.7361 20885.3216  220.4071 -999.9000    0.0000    0.0000    2.6763   88.5228
  49.5229 21042.2010  222.1921 -999.9000    0.0000    0.0000    2.6052   88.5126
  48.3394 21199.0804  221.5837 -999.9000    0.0000    0.0000    2.9289   88.5757
  47.1874 21355.9598  221.6575 -999.9000    0.0000    0.0000    4.0470   88.7747
  46.0647 21512.8392  222.0512 -999.9000    0.0000    0.0000    5.0747   88.9472
  44.9691 21669.7186  222.2862 -999.9000    0.0000    0.0000    5.2791   88.9570
  43.8989 21826.5980  222.2997 -999.9000    0.0000    0.0000    4.8922   88.8369
  42.8525 21983.4774  222.1526 -999.9000    0.0000    0.0000    4.4298   88.6697
  41.8295 22140.3568  221.8933 -999.9000    0.0000    0.0000    4.1805   88.5214
  40.8309 22297.2362  221.5505 -999.9000    0.0000    0.0000    4.0813   88.4316
  39.8584 22454.1156  221.1536 -999.9000    0.0000    0.0000    4.0401   88.4374
  38.9104 22610.9950  221.5297 -999.9000    0.0000    0.0000    4.2040   88.5046
  37.9838 22767.8744  222.7722 -999.9000    0.0000    0.0000    4.6289   88.5579
  37.0791 22924.7538  223.4454 -999.9000    0.0000    0.0000    4.9830   88.6106
  36.1962 23081.6332  223.5184 -999.9000    0.0000    0.0000    5.2495   88.6649
  35.3349 23238.5126  223.2094 -999.9000    0.0000    0.0000    5.4677   88.7211
  34.4951 23395.3920  222.7362 -999.9000    0.0000    0.0000    5.6767   88.7793
  33.6765 23552.2714  222.3168 -999.9000    0.0000    0.0000    5.9156   88.8396
  32.8792 23709.1508  222.1691 -999.9000    0.0000    0.0000    6.2239   88.9021
  32.1025 23866.0302  222.4356 -999.9000    0.0000    0.0000    6.6134   88.9664
  31.3447 24022.9095  222.9789 -999.9000    0.0000    0.0000    6.9953   89.0294
  30.6036 24179.7889  223.5973 -999.9000    0.0000    0.0000    7.2581   89.0878
  29.8779 24336.6683  224.0636 -999.9000    0.0000    0.0000    7.3095   89.1301
  29.1715 24493.5477  224.0889 -999.9000    0.0000    0.0000    7.2534   89.0898
  28.4842 24650.4271  223.9212 -999.9000    0.0000    0.0000    7.1422   88.9796
  27.8138 24807.3065  223.9297 -999.9000    0.0000    0.0000    6.9895   88.8366
  27.1583 24964.1859  224.4815 -999.9000    0.0000    0.0000    6.8088   88.6979
  26.5173 25121.0653  225.6376 -999.9000    0.0000    0.0000    6.6211   88.5852
  25.8939 25277.9447  226.8099 -999.9000    0.0000    0.0000    6.4610   88.4883
  25.2914 25434.8241  227.3276 -999.9000    0.0000    0.0000    6.3657   88.3927
  24.7096 25591.7035  226.8244 -999.9000    0.0000    0.0000    6.4165   88.3136
  24.1354 25748.5829  226.2854 -999.9000    0.0000    0.0000    6.7745   88.3442
  23.5706 25905.4623  226.0435 -999.9000    0.0000    0.0000    7.3423   88.4419
  23.0189 26062.3417  226.3078 -999.9000    0.0000    0.0000    7.9949   88.5480
  22.4826 26219.2211  227.1436 -999.9000    0.0000    0.0000    8.6322   88.6216
  21.9608 26376.1005  228.2447 -999.9000    0.0000    0.0000    9.2156   88.6692
  21.4521 26532.9799  229.2463 -999.9000    0.0000    0.0000    9.7171   88.7041
  20.9548 26689.8593  229.7834 -999.9000    0.0000    0.0000   10.1085   88.7401
  20.4676 26846.7387  229.4910 -999.9000    0.0000    0.0000   10.3615   88.7908
  19.9891 27003.6181  228.0394 -999.9000    0.0000    0.0000   10.4410   88.8671
  19.5243 27160.4975  227.1499 -999.9000    0.0000    0.0000    9.9853   88.8331
  19.0752 27317.3769  227.6098 -999.9000    0.0000    0.0000    9.0667   88.6652
  18.6391 27474.2563  228.8386 -999.9000    0.0000    0.0000    8.0798   88.4541
  18.2135 27631.1357  230.2559 -999.9000    0.0000    0.0000    7.4193   88.2905
  17.7959 27788.0151  231.2903 -999.9000    0.0000    0.0000    7.4569   88.2601
  17.3864 27944.8945  231.5947 -999.9000    0.0000    0.0000    8.0138   88.3267
  16.9866 28101.7739  231.1953 -999.9000    0.0000    0.0000    8.6090   88.3867
  16.5963 28258.6533  230.3883 -999.9000    0.0000    0.0000    9.2080   88.4341
  16.2153 28415.5327  229.4979 -999.9000    0.0000    0.0000    9.8253   88.4734
  15.8432 28572.4121  228.8474 -999.9000    0.0000    0.0000   10.4758   88.5095
  15.4798 28729.2915  228.7549 -999.9000    0.0000    0.0000   11.1722   88.5468
  15.1246 28886.1709  229.1813 -999.9000    0.0000    0.0000   11.8121   88.5881
  14.7769 29043.0503  229.5697 -999.9000    0.0000    0.0000   12.1322   88.6333
  14.4368 29199.9296  229.7560 -999.9000    0.0000    0.0000   12.0676   88.6841
  14.1043 29356.8090  229.8778 -999.9000    0.0000    0.0000   11.7000   88.7433
  13.7798 29513.6884  230.0782 -999.9000    0.0000    0.0000   11.1140   88.8140
  13.4633 29670.5678  230.5007 -999.9000    0.0000    0.0000   10.3942   88.8992
  13.1552 29827.4472  231.2886 -999.9000    0.0000    0.0000    9.6250   89.0018
  12.8555 29984.3266  232.5283 -999.9000    0.0000    0.0000    8.8891   89.1215
  12.5638 30141.2060  233.9072 -999.9000    0.0000    0.0000    8.2546   89.2343
  12.2794 30298.0854  234.9434 -999.9000    0.0000    0.0000    7.7838   89.3059
  12.0018 30454.9648  235.1543 -999.9000    0.0000    0.0000    7.5388   89.3022
  11.7304 30611.8442  234.3117 -999.9000    0.0000    0.0000    7.5409   89.2026
  11.4650 30768.7236  233.2273 -999.9000    0.0000    0.0000    7.6449   89.0420
  11.2056 30925.6030  232.9775 -999.9000    0.0000    0.0000    7.6635   88.8691
  10.9522 31082.4824  234.2139 -999.9000    0.0000    0.0000    7.4764   88.7216
  10.7056 31239.3618  235.7764 -999.9000    0.0000    0.0000    7.2532   88.5894
  10.4661 31396.2412  236.3467 -999.9000    0.0000    0.0000    7.1910   88.4534
  10.2318 31553.1206  236.0048 -999.9000    0.0000    0.0000    7.2755   88.3118
  10.0000 31710.0000  235.2053 -999.9000    0.0000    0.0000    7.4358   88.1674
