# 06610 LSMP Payerne Observations at 12Z 30 Jul 2008
# Radiosonde file generated by raso.rb
#
  P [hPa],     Z [m],    T [K],   Td [K],   RH [%], r [g/kg], WS [m/s], WD [deg]
 962.0000   491.0000  298.4722 -999.9000   66.1874   13.6900    1.6614   93.0543
 944.6891   647.8794  296.3743 -999.9000   67.7583   12.6302    4.0877   92.6754
 927.6873   804.7588  294.9508 -999.9000   79.5108   13.9071    1.6907   92.9144
 911.0964   961.6382  293.6303 -999.9000   79.9816   14.4362    0.1072   88.9012
 894.7070  1118.5176  292.6686 -999.9000   79.9921   14.3064    0.8242   90.9797
 878.5406  1275.3970  292.3498 -999.9000   80.0671   13.3485    1.7887   90.6229
 862.6769  1432.2764  290.9495 -999.9000   80.9879   13.5129    2.0065   90.4248
 846.9845  1589.1558  289.6866 -999.9000   80.3138   13.9027    3.6051   90.3491
 831.5533  1746.0352  289.3193 -999.9000   80.7960   13.2228    4.4873   90.3950
 816.3570  1902.9146  287.9859 -999.9000   80.6873   11.9693    5.5962   90.4496
 801.3249  2059.7940  286.3776 -999.9000   80.4089   11.5640    6.2273   90.4939
 786.5365  2216.6734  285.0067 -999.9000   80.2548   10.4184    6.9868   90.5367
 771.9169  2373.5528  283.7602 -999.9000   80.6415    8.7627    8.1927   90.5644
 757.5041  2530.4322  282.6912 -999.9000   80.5063    8.5006    8.7413   90.6155
 743.3854  2687.3116  282.1089 -999.9000   77.8577    7.5803    7.6509   90.6080
 729.2940  2844.1910  281.0308 -999.9000   60.4486    5.5688    7.4271   90.6173
 715.5826  3001.0704  279.9829 -999.9000   50.1764    4.3807    9.0276   90.6971
 702.0616  3157.9497  278.8020 -999.9000   51.6573    4.2344   10.3304   90.7782
 688.7126  3314.8291  277.3300 -999.9000   58.9816    4.4448   10.4410   90.8007
 675.5482  3471.7085  275.7112 -999.9000   68.2817    4.6752   10.7121   90.8205
 662.5494  3628.5879  274.2455 -999.9000   74.2257    4.6607   11.3401   90.8487
 649.7305  3785.4673  273.2487 -999.9000   67.3425    4.0055   11.6569   90.8627
 637.1240  3942.3467  272.4099 -999.9000   55.1981    3.1437   10.9997   90.9118
 624.7467  4099.2261  271.4107 -999.9000   50.2163    2.7055    9.4759   91.0167
 612.5275  4256.1055  270.3671 -999.9000   50.1471    2.5464    9.0679   91.0465
 600.5160  4412.9849  269.7768 -999.9000   38.2485    1.8919    9.3733   91.0390
 588.7253  4569.8643  269.1998 -999.9000   22.7852    1.0986    9.5833   91.0433
 577.1128  4726.7437  267.9255 -999.9000   18.1850    0.8108    9.6604   91.0483
 565.6299  4883.6231  267.1092 -999.9000   17.0519    0.7276    9.6499   91.0538
 554.4053  5040.5025  266.5676 -999.9000   13.5128    0.5634    8.9883   91.1400
 543.3471  5197.3819  265.9130 -999.9000   12.8527    0.5190    8.2374   91.2153
 532.4739  5354.2613  264.9083 -999.9000   22.2258    0.8459    8.6705   91.2112
 521.8251  5511.1407  263.8812 -999.9000   24.0746    0.8613    9.4532   91.1806
 511.3144  5668.0201  263.1104 -999.9000   14.1155    0.4842   10.1606   91.1583
 500.9731  5824.8995  261.7878 -999.9000   12.9988    0.4090   10.8883   91.1344
 490.8286  5981.7789  260.1931 -999.9000   18.4375    0.5200   11.0679   91.1143
 480.7236  6138.6583  259.0941 -999.9000   29.2891    0.7703   11.4254   91.0832
 470.8214  6295.5377  257.8181 -999.9000   31.5581    0.7621   11.5448   91.0728
 461.0900  6452.4171  256.3995 -999.9000   30.8913    0.6762   11.2865   90.9894
 451.4963  6609.2965  255.1036 -999.9000   32.0678    0.6422   10.2960   90.8335
 442.0676  6766.1759  254.0285 -999.9000   32.6436    0.6091    9.4207   90.7116
 432.8253  6923.0553  253.0587 -999.9000   32.3599    0.5674   10.3433   90.6964
 423.7241  7079.9347  251.6388 -999.9000   36.0698    0.5712   11.2345   90.7318
 414.7432  7236.8141  249.9146 -999.9000   41.3004    0.5742   11.0396   90.7585
 405.9174  7393.6935  248.8940 -999.9000   31.8745    0.4138   11.2713   90.7794
 397.1974  7550.5729  247.5750 -999.9000   27.2829    0.3219   11.5379   90.7881
 388.6475  7707.4523  246.1436 -999.9000   31.2093    0.3308   11.6772   90.8405
 380.2876  7864.3317  245.0839 -999.9000   34.8615    0.3433   11.9029   90.9010
 372.0784  8021.2111  244.2180 -999.9000   39.1335    0.3645   12.0408   90.8924
 363.9826  8178.0905  243.3721 -999.9000   45.2622    0.3994   11.9370   90.7526
 356.0087  8334.9698  242.4629 -999.9000   54.5060    0.4529   11.9026   90.7678
 348.2042  8491.8492  241.5097 -999.9000   60.6322    0.5188   12.4847   91.3797
 340.5609  8648.7286  240.5960 -999.9000   65.0237    0.5272   12.6967   91.7004
 333.0575  8805.6080  239.6721 -999.9000   65.6297    0.4852   12.6165   91.6152
 325.6771  8962.4874  238.6382 -999.9000   65.0535    0.4338   12.8904   91.4555
 318.4095  9119.3668  237.3787 -999.9000   65.8421    0.3977   13.7876   91.4682
 311.2701  9276.2462  235.6845 -999.9000   60.7348    0.3338   13.9223   91.4746
 304.2599  9433.1256  234.0579 -999.9000   55.5505    0.2938   14.1222   91.4194
 297.3812  9590.0050  232.9212 -999.9000   50.7049    0.2688   14.5793   91.3896
 290.6045  9746.8844  231.6258 -999.9000   45.4955    0.2331   14.8825   91.3805
 283.9369  9903.7638  230.1845 -999.9000   45.7940    0.2031   15.2346   91.3479
 277.3870 10060.6432  228.6435 -999.9000   45.6450    0.1789   15.5983   91.3074
 270.9631 10217.5226  227.0433 -999.9000   45.5829    0.1538   15.8414   91.2950
 264.6694 10374.4020  225.4587 -999.9000   45.6937    0.1244   15.8741   91.3378
 258.4744 10531.2814  224.1972 -999.9000   45.2032    0.1097   15.9974   91.3756
 252.3757 10688.1608  223.1414 -999.9000   45.5209    0.1034   16.2404   91.3933
 246.3812 10845.0402  222.0631 -999.9000   40.2422    0.0916   16.5215   91.3978
 240.4896 11001.9196  220.8553 -999.9000   35.6864    0.0742   16.7879   91.3965
 234.6950 11158.7990  219.5133 -999.9000   35.9419    0.0604   17.0101   91.3968
 229.0082 11315.6784  218.1331 -999.9000   35.4874    0.0528   17.1825   91.3986
 223.4492 11472.5578  216.8620 -999.9000   34.9619    0.0500   17.3116   91.3982
 218.0236 11629.4372  215.6759 -999.9000   30.1190    0.0480   17.1156   91.4126
 212.6609 11786.3166  214.0252 -999.9000   25.6029    0.0350   15.4443   91.5070
 207.3913 11943.1960  213.2209 -999.9000   23.7710    0.0295   14.2777   91.4951
 202.2510 12100.0754  213.9571 -999.9000   18.0074    0.0410   13.9873   91.5711
 197.2536 12256.9548  215.3915 -999.9000    9.0998    0.0304   12.0037   92.1270
 192.4469 12413.8342  217.8223 -999.9000    2.6462    0.0062   12.4718   91.9985
 187.8076 12570.7136  217.6781 -999.9000    0.2371    0.0003   12.7332   91.9213
 183.2603 12727.5930  216.4828 -999.9000    0.2957    0.0003   12.4602   91.8946
 178.8033 12884.4724  216.1106 -999.9000    0.0000    0.0000   12.2467   91.8603
 174.4458 13041.3518  216.5548 -999.9000    0.0133    0.0000   12.3996   91.7991
 170.1876 13198.2312  216.8206 -999.9000    0.0000    0.0000   12.9446   91.6668
 166.0391 13355.1106  217.0282 -999.9000    0.0000    0.0000   13.5843   91.5392
 162.0101 13511.9899  216.6899 -999.9000    0.0002    0.0000   13.9032   91.4198
 158.0706 13668.8693  215.7412 -999.9000    0.0000    0.0000   13.5399   91.3880
 154.1974 13825.7487  214.9010 -999.9000    0.0000    0.0000   12.3984   91.4693
 150.4126 13982.6281  214.8644 -999.9000    0.0000    0.0000   10.5039   91.5650
 146.7292 14139.5075  215.8201 -999.9000    0.0000    0.0000   10.4448   91.5673
 143.1108 14296.3869  214.0662 -999.9000    0.0000    0.0000   10.3819   91.5696
 139.5597 14453.2663  216.5044 -999.9000    0.0000    0.0000   10.3671   91.5684
 136.1266 14610.1457  214.1859 -999.9000    0.0000    0.0000   10.3750   91.5540
 132.7619 14767.0251  213.3317 -999.9000    0.0000    0.0000   10.3873   91.5347
 129.4754 14923.9045  214.3451 -999.9000    0.0000    0.0000   10.3978   91.5197
 126.2897 15080.7839  215.4687 -999.9000    0.0000    0.0000   10.3975   91.5108
 123.1790 15237.6633  216.7148 -999.9000    0.0000    0.0000   10.4246   91.4644
 120.1481 15394.5427  217.2072 -999.9000    0.0000    0.0000   10.2927   91.3748
 117.2138 15551.4221  216.5828 -999.9000    0.0000    0.0000    9.9418   91.2661
 114.3435 15708.3015  216.5086 -999.9000    0.0000    0.0000    9.6293   91.1464
 111.5416 15865.1809  216.2857 -999.9000    0.0000    0.0000    9.0575   91.1933
 108.8149 16022.0603  217.6194 -999.9000    0.0000    0.0000    8.2522   91.4869
 106.1648 16178.9397  217.6937 -999.9000    0.0000    0.0000    7.7994   91.3484
 103.5767 16335.8191  217.3466 -999.9000    0.0000    0.0000    6.3774   91.9971
 101.0524 16492.6985  219.4105 -999.9000    0.0000    0.0000    1.9078   90.4089
  98.6148 16649.5779  218.0363 -999.9000    0.0000    0.0000    1.1400   90.4014
  96.2203 16806.4573  217.3130 -999.9000    0.0000    0.0000    0.3199   90.4014
  93.8688 16963.3367  216.6130 -999.9000    0.0000    0.0000    1.4078   90.4014
  91.5836 17120.2161  216.5077 -999.9000    0.0000    0.0000    2.2798   90.4014
  89.3567 17277.0955  216.5005 -999.9000    0.0000    0.0000    2.9166   90.4014
  87.1784 17433.9749  216.0436 -999.9000    0.0000    0.0000    3.6150   90.3927
  85.0453 17590.8543  215.2492 -999.9000    0.0000    0.0000    4.5414   90.0754
  82.9608 17747.7337  214.9410 -999.9000    0.0000    0.0000    5.7223   90.9865
  80.9282 17904.6131  215.6026 -999.9000    0.0000    0.0000    6.8740   90.6807
  78.9484 18061.4925  216.2643 -999.9000    0.0000    0.0000    6.7683   90.4907
  77.0217 18218.3719  216.9562 -999.9000    0.0000    0.0000    5.8085   90.6714
  75.1483 18375.2513  218.0353 -999.9000    0.0000    0.0000    4.8495   90.9237
  73.3271 18532.1307  219.1596 -999.9000    0.0000    0.0000    4.2221   91.0464
  71.5556 18689.0101  219.3089 -999.9000    0.0000    0.0000    3.7484   90.9336
  69.8260 18845.8894  218.2183 -999.9000    0.0000    0.0000    3.1223   91.0562
  68.1227 19002.7688  217.9537 -999.9000    0.0000    0.0000    1.9774   91.7656
  66.4601 19159.6482  218.3301 -999.9000    0.0000    0.0000    0.9444   89.5288
  64.8418 19316.5276  218.8407 -999.9000    0.0000    0.0000    0.6338   87.4851
  63.2670 19473.4070  219.2715 -999.9000    0.0000    0.0000    1.1760   87.9468
  61.7318 19630.2864  219.8601 -999.9000    0.0000    0.0000    1.7625   88.3028
  60.2355 19787.1658  220.1002 -999.9000    0.0000    0.0000    2.5067   88.5476
  58.7762 19944.0452  219.8311 -999.9000    0.0000    0.0000    3.3492   88.9105
  57.3501 20100.9246  219.4788 -999.9000    0.0000    0.0000    3.7857   89.0671
  55.9562 20257.8040  219.2371 -999.9000    0.0000    0.0000    3.7191   88.9446
  54.5968 20414.6834  219.0261 -999.9000    0.0000    0.0000    3.5148   88.7725
  53.2731 20571.5628  218.9974 -999.9000    0.0000    0.0000    3.3363   88.6461
  51.9860 20728.4422  219.4615 -999.9000    0.0000    0.0000    3.2006   88.5640
  50.7361 20885.3216  220.7316 -999.9000    0.0000    0.0000    3.1222   88.5228
  49.5229 21042.2010  222.5187 -999.9000    0.0000    0.0000    3.0849   88.5126
  48.3394 21199.0804  221.9127 -999.9000    0.0000    0.0000    3.4384   88.5757
  47.1874 21355.9598  221.9891 -999.9000    0.0000    0.0000    4.5814   88.7747
  46.0647 21512.8392  222.3859 -999.9000    0.0000    0.0000    5.6293   88.9472
  44.9691 21669.7186  222.6242 -999.9000    0.0000    0.0000    5.8492   88.9570
  43.8989 21826.5980  222.6414 -999.9000    0.0000    0.0000    5.4735   88.8369
  42.8525 21983.4774  222.4983 -999.9000    0.0000    0.0000    5.0184   88.6697
  41.8295 22140.3568  222.2432 -999.9000    0.0000    0.0000    4.7727   88.5214
  40.8309 22297.2362  221.9048 -999.9000    0.0000    0.0000    4.6737   88.4316
  39.8584 22454.1156  221.5126 -999.9000    0.0000    0.0000    4.6296   88.4374
  38.9104 22610.9950  221.8935 -999.9000    0.0000    0.0000    4.7879   88.5046
  37.9838 22767.8744  223.1410 -999.9000    0.0000    0.0000    5.2048   88.5579
  37.0791 22924.7538  223.8193 -999.9000    0.0000    0.0000    5.5486   88.6106
  36.1962 23081.6332  223.8976 -999.9000    0.0000    0.0000    5.8031   88.6649
  35.3349 23238.5126  223.5939 -999.9000    0.0000    0.0000    6.0076   88.7211
  34.4951 23395.3920  223.1261 -999.9000    0.0000    0.0000    6.2017   88.7793
  33.6765 23552.2714  222.7122 -999.9000    0.0000    0.0000    6.4249   88.8396
  32.8792 23709.1508  222.5700 -999.9000    0.0000    0.0000    6.7167   88.9021
  32.1025 23866.0302  222.8419 -999.9000    0.0000    0.0000    7.0894   88.9664
  31.3447 24022.9095  223.3907 -999.9000    0.0000    0.0000    7.4546   89.0294
  30.6036 24179.7889  224.0145 -999.9000    0.0000    0.0000    7.7009   89.0878
  29.8779 24336.6683  224.4862 -999.9000    0.0000    0.0000    7.7364   89.1301
  29.1715 24493.5477  224.5166 -999.9000    0.0000    0.0000    7.6653   89.0898
  28.4842 24650.4271  224.3541 -999.9000    0.0000    0.0000    7.5403   88.9796
  27.8138 24807.3065  224.3676 -999.9000    0.0000    0.0000    7.3753   88.8366
  27.1583 24964.1859  224.9242 -999.9000    0.0000    0.0000    7.1840   88.6979
  26.5173 25121.0653  226.0850 -999.9000    0.0000    0.0000    6.9872   88.5852
  25.8939 25277.9447  227.2617 -999.9000    0.0000    0.0000    6.8196   88.4883
  25.2914 25434.8241  227.7837 -999.9000    0.0000    0.0000    6.7180   88.3927
  24.7096 25591.7035  227.2844 -999.9000    0.0000    0.0000    6.7638   88.3136
  24.1354 25748.5829  226.7491 -999.9000    0.0000    0.0000    7.1179   88.3442
  23.5706 25905.4623  226.5107 -999.9000    0.0000    0.0000    7.6826   88.4419
  23.0189 26062.3417  226.7781 -999.9000    0.0000    0.0000    8.3332   88.5480
  22.4826 26219.2211  227.6166 -999.9000    0.0000    0.0000    8.9689   88.6216
  21.9608 26376.1005  228.7202 -999.9000    0.0000    0.0000    9.5514   88.6692
  21.4521 26532.9799  229.7239 -999.9000    0.0000    0.0000   10.0525   88.7041
  20.9548 26689.8593  230.2627 -999.9000    0.0000    0.0000   10.4437   88.7401
  20.4676 26846.7387  229.9716 -999.9000    0.0000    0.0000   10.6967   88.7908
  19.9891 27003.6181  228.5208 -999.9000    0.0000    0.0000   10.7763   88.8671
  19.5243 27160.4975  227.6317 -999.9000    0.0000    0.0000   10.3207   88.8331
  19.0752 27317.3769  228.0916 -999.9000    0.0000    0.0000    9.4019   88.6652
  18.6391 27474.2563  229.3198 -999.9000    0.0000    0.0000    8.4145   88.4541
  18.2135 27631.1357  230.7360 -999.9000    0.0000    0.0000    7.7530   88.2905
  17.7959 27788.0151  231.7689 -999.9000    0.0000    0.0000    7.7890   88.2601
  17.3864 27944.8945  232.0711 -999.9000    0.0000    0.0000    8.3437   88.3267
  16.9866 28101.7739  231.6689 -999.9000    0.0000    0.0000    8.9359   88.3867
  16.5963 28258.6533  230.8586 -999.9000    0.0000    0.0000    9.5308   88.4341
  16.2153 28415.5327  229.9642 -999.9000    0.0000    0.0000   10.1431   88.4734
  15.8432 28572.4121  229.3092 -999.9000    0.0000    0.0000   10.7873   88.5095
  15.4798 28729.2915  229.2114 -999.9000    0.0000    0.0000   11.4759   88.5468
  15.1246 28886.1709  229.6319 -999.9000    0.0000    0.0000   12.1068   88.5881
  14.7769 29043.0503  230.0137 -999.9000    0.0000    0.0000   12.4161   88.6333
  14.4368 29199.9296  230.1927 -999.9000    0.0000    0.0000   12.3391   88.6841
  14.1043 29356.8090  230.3065 -999.9000    0.0000    0.0000   11.9571   88.7433
  13.7798 29513.6884  230.4981 -999.9000    0.0000    0.0000   11.3549   88.8140
  13.4633 29670.5678  230.9110 -999.9000    0.0000    0.0000   10.6167   88.8992
  13.1552 29827.4472  231.6884 -999.9000    0.0000    0.0000    9.8269   89.0018
  12.8555 29984.3266  232.9169 -999.9000    0.0000    0.0000    9.0680   89.1215
  12.5638 30141.2060  234.2838 -999.9000    0.0000    0.0000    8.4080   89.2343
  12.2794 30298.0854  235.3071 -999.9000    0.0000    0.0000    7.9091   89.3059
  12.0018 30454.9648  235.5041 -999.9000    0.0000    0.0000    7.6333   89.3022
  11.7304 30611.8442  234.6469 -999.9000    0.0000    0.0000    7.6018   89.2026
  11.4650 30768.7236  233.5468 -999.9000    0.0000    0.0000    7.6691   89.0420
  11.2056 30925.6030  233.2804 -999.9000    0.0000    0.0000    7.6478   88.8691
  10.9522 31082.4824  234.4993 -999.9000    0.0000    0.0000    7.4177   88.7216
  10.7056 31239.3618  236.0433 -999.9000    0.0000    0.0000    7.1481   88.5894
  10.4661 31396.2412  236.5941 -999.9000    0.0000    0.0000    7.0359   88.4534
  10.2318 31553.1206  236.2316 -999.9000    0.0000    0.0000    7.0668   88.3118
  10.0000 31710.0000  235.4105 -999.9000    0.0000    0.0000    7.1698   88.1674
