# 06610 LSMP Payerne Observations at 12Z 30 Jul 2008
# Radiosonde file generated by raso.rb
#
  P [hPa],     Z [m],    T [K],   Td [K],   RH [%], r [g/kg], WS [m/s], WD [deg]
 962.0000   491.0000  298.2527 -999.9000   66.1409   13.6900    1.8392   93.0543
 944.6891   647.8794  296.2991 -999.9000   67.7059   12.6302    4.3613   92.6754
 927.6873   804.7588  295.0045 -999.9000   79.4436   13.9071    2.0483   92.9144
 911.0964   961.6382  293.7981 -999.9000   79.9079   14.4362    0.3233   92.0428
 894.7070  1118.5176  292.9361 -999.9000   79.9122   14.3064    1.3166   90.9797
 878.5406  1275.3970  292.7035 -999.9000   79.9807   13.3485    2.3327   90.6229
 862.6769  1432.2764  291.3764 -999.9000   80.8939   13.5129    2.5922   90.4248
 846.9845  1589.1558  290.1741 -999.9000   80.2138   13.9027    4.2231   90.3491
 831.5533  1746.0352  289.8555 -999.9000   80.6887   13.2228    5.1284   90.3950
 816.3570  1902.9146  288.5596 -999.9000   80.5732   11.9693    6.2520   90.4496
 801.3249  2059.7940  286.9780 -999.9000   80.2885   11.5640    6.8896   90.4939
 786.5365  2216.6734  285.6236 -999.9000   80.1278   10.4184    7.6481   90.5367
 771.9169  2373.5528  284.3842 -999.9000   80.5070    8.7627    8.8457   90.5644
 757.5041  2530.4322  283.3133 -999.9000   80.3654    8.5006    9.3793   90.6155
 743.3854  2687.3116  282.7207 -999.9000   77.7150    7.5803    8.2676   90.6080
 729.2940  2844.1910  281.6246 -999.9000   60.3329    5.5688    8.0167   90.6173
 715.5826  3001.0704  280.5514 -999.9000   50.0764    4.3807    9.5847   90.6971
 702.0616  3157.9497  279.3385 -999.9000   51.5505    4.2344   10.8502   90.7782
 688.7126  3314.8291  277.8286 -999.9000   58.8552    4.4448   10.9190   90.8007
 675.5482  3471.7085  276.1665 -999.9000   68.1305    4.6752   11.1442   90.8205
 662.5494  3628.5879  274.6526 -999.9000   74.0564    4.6607   11.7228   90.8487
 649.7305  3785.4673  273.6034 -999.9000   67.1846    4.0055   11.9872   90.8627
 637.1240  3942.3467  272.7084 -999.9000   55.0653    3.1437   11.2748   90.9118
 624.7467  4099.2261  271.6500 -999.9000   50.0927    2.7055    9.6936   91.0167
 612.5275  4256.1055  270.5447 -999.9000   50.0212    2.5464    9.2266   91.0465
 600.5160  4412.9849  269.8907 -999.9000   38.1508    1.8919    9.4718   91.0390
 588.7253  4569.8643  269.2487 -999.9000   22.7260    1.0986    9.6206   91.0433
 577.1128  4726.7437  267.9087 -999.9000   18.1372    0.8108    9.6362   91.0483
 565.6299  4883.6231  267.0265 -999.9000   17.0066    0.7276    9.5643   91.0538
 554.4053  5040.5025  266.4195 -999.9000   13.4767    0.5634    8.8419   91.1400
 543.3471  5197.3819  265.7004 -999.9000   12.8181    0.5190    8.0311   91.2153
 532.4739  5354.2613  264.6329 -999.9000   22.1658    0.8459    8.4058   91.2112
 521.8251  5511.1407  263.5451 -999.9000   24.0097    0.8613    9.1320   91.1806
 511.3144  5668.0201  262.7165 -999.9000   14.0775    0.4842    9.7853   91.1583
 500.9731  5824.8995  261.3394 -999.9000   12.9641    0.4090   10.4616   91.1344
 490.8286  5981.7789  259.6941 -999.9000   18.3887    0.5200   10.5932   91.1143
 480.7236  6138.6583  258.5491 -999.9000   29.2126    0.7703   10.9063   91.0832
 470.8214  6295.5377  257.2322 -999.9000   31.4771    0.7621   10.9857   91.0728
 461.0900  6452.4171  255.7784 -999.9000   30.8137    0.6762   10.6918   90.9894
 451.4963  6609.2965  254.4535 -999.9000   31.9893    0.6422    9.6709   90.8335
 442.0676  6766.1759  253.3564 -999.9000   32.5662    0.6091    8.7708   90.7116
 432.8253  6923.0553  252.3721 -999.9000   32.2860    0.5674    9.6745   90.6964
 423.7241  7079.9347  250.9457 -999.9000   35.9909    0.5712   10.5533   90.7318
 414.7432  7236.8141  249.2237 -999.9000   41.2145    0.5742   10.3529   90.7585
 405.9174  7393.6935  248.2145 -999.9000   31.8121    0.4138   10.5866   90.7794
 397.1974  7550.5729  246.9165 -999.9000   27.2331    0.3219   10.8628   90.7881
 388.6475  7707.4523  245.5155 -999.9000   31.1569    0.3308   11.0191   90.8405
 380.2876  7864.3317  244.4943 -999.9000   34.8084    0.3433   11.2686   90.9010
 372.0784  8021.2111  243.6743 -999.9000   39.0803    0.3645   11.4365   90.8924
 363.9826  8178.0905  242.8806 -999.9000   45.2083    0.3994   11.3681   90.7526
 356.0087  8334.9698  242.0290 -999.9000   54.4508    0.4529   11.3739   90.7678
 348.2042  8491.8492  241.1380 -999.9000   60.5818    0.5188   12.0006   91.3797
 340.5609  8648.7286  240.2899 -999.9000   64.9816    0.5272   12.2606   91.7004
 333.0575  8805.6080  239.4341 -999.9000   65.5993    0.4852   12.2314   91.6152
 325.6771  8962.4874  238.4700 -999.9000   65.0355    0.4338   12.5586   91.4555
 318.4095  9119.3668  237.2810 -999.9000   65.8360    0.3977   13.5106   91.4682
 311.2701  9276.2462  235.6569 -999.9000   60.7402    0.3338   13.7012   91.4746
 304.2599  9433.1256  234.0993 -999.9000   55.5653    0.2938   13.9573   91.4194
 297.3812  9590.0050  233.0293 -999.9000   50.7272    0.2688   14.4703   91.3896
 290.6045  9746.8844  231.7976 -999.9000   45.5230    0.2331   14.8284   91.3805
 283.9369  9903.7638  230.4158 -999.9000   45.8289    0.2031   15.2338   91.3479
 277.3870 10060.6432  228.9293 -999.9000   45.6865    0.1789   15.6487   91.3074
 270.9631 10217.5226  227.3777 -999.9000   45.6306    0.1538   15.9401   91.2950
 264.6694 10374.4020  225.8347 -999.9000   45.7471    0.1244   16.0175   91.3378
 258.4744 10531.2814  224.6069 -999.9000   45.2610    0.1097   16.1813   91.3756
 252.3757 10688.1608  223.5760 -999.9000   45.5834    0.1034   16.4601   91.3933
 246.3812 10845.0402  222.5128 -999.9000   40.3007    0.0916   16.7716   91.3978
 240.4896 11001.9196  221.3095 -999.9000   35.7404    0.0742   17.0623   91.3965
 234.6950 11158.7990  219.9615 -999.9000   35.9977    0.0604   17.3027   91.3968
 229.0082 11315.6784  218.5658 -999.9000   35.5434    0.0528   17.4877   91.3986
 223.4492 11472.5578  217.2704 -999.9000   35.0174    0.0500   17.6240   91.3982
 218.0236 11629.4372  216.0521 -999.9000   30.1665    0.0480   17.4305   91.4126
 212.6609 11786.3166  214.3624 -999.9000   25.6428    0.0350   15.7572   91.5070
 207.3913 11943.1960  213.5129 -999.9000   23.8072    0.0295   14.5845   91.4951
 202.2510 12100.0754  214.1986 -999.9000   18.0339    0.0410   14.2844   91.5711
 197.2536 12256.9548  215.5781 -999.9000    9.1126    0.0304   12.2877   92.1270
 192.4469 12413.8342  217.9506 -999.9000    2.6497    0.0062   12.7400   91.9985
 187.8076 12570.7136  217.7454 -999.9000    0.2374    0.0003   12.9829   91.9213
 183.2603 12727.5930  216.4873 -999.9000    0.2961    0.0003   12.6895   91.8946
 178.8033 12884.4724  216.0515 -999.9000    0.0000    0.0000   12.4538   91.8603
 174.4458 13041.3518  216.4320 -999.9000    0.0133    0.0000   12.5831   91.7991
 170.1876 13198.2312  216.6350 -999.9000    0.0000    0.0000   13.1038   91.6668
 166.0391 13355.1106  216.7815 -999.9000    0.0000    0.0000   13.7185   91.5392
 162.0101 13511.9899  216.3847 -999.9000    0.0002    0.0000   14.0123   91.4198
 158.0706 13668.8693  215.3809 -999.9000    0.0000    0.0000   13.6243   91.3880
 154.1974 13825.7487  214.4899 -999.9000    0.0000    0.0000   12.4586   91.4693
 150.4126 13982.6281  214.4077 -999.9000    0.0000    0.0000   10.5411   91.5650
 146.7292 14139.5075  215.3240 -999.9000    0.0000    0.0000   10.4604   91.5673
 143.1108 14296.3869  213.5375 -999.9000    0.0000    0.0000   10.3779   91.5696
 139.5597 14453.2663  215.9509 -999.9000    0.0000    0.0000   10.3455   91.5684
 136.1266 14610.1457  213.6154 -999.9000    0.0000    0.0000   10.3383   91.5540
 132.7619 14767.0251  212.7515 -999.9000    0.0000    0.0000   10.3376   91.5347
 129.4754 14923.9045  213.7618 -999.9000    0.0000    0.0000   10.3373   91.5197
 126.2897 15080.7839  214.8885 -999.9000    0.0000    0.0000   10.3281   91.5108
 123.1790 15237.6633  216.1431 -999.9000    0.0000    0.0000   10.3482   91.4644
 120.1481 15394.5427  216.6489 -999.9000    0.0000    0.0000   10.2109   91.3748
 117.2138 15551.4221  216.0423 -999.9000    0.0000    0.0000    9.8562   91.2661
 114.3435 15708.3015  215.9895 -999.9000    0.0000    0.0000    9.5413   91.1464
 111.5416 15865.1809  215.7912 -999.9000    0.0000    0.0000    8.9685   91.1933
 108.8149 16022.0603  217.1520 -999.9000    0.0000    0.0000    8.1632   91.4869
 106.1648 16178.9397  217.2553 -999.9000    0.0000    0.0000    7.7116   91.3484
 103.5767 16335.8191  216.9385 -999.9000    0.0000    0.0000    6.2915   91.9971
 101.0524 16492.6985  219.0334 -999.9000    0.0000    0.0000    1.8247   90.4089
  98.6148 16649.5779  217.6905 -999.9000    0.0000    0.0000    1.0603   90.4014
  96.2203 16806.4573  216.9979 -999.9000    0.0000    0.0000    0.2443   90.4014
  93.8688 16963.3367  216.3277 -999.9000    0.0000    0.0000    1.3364   90.4014
  91.5836 17120.2161  216.2506 -999.9000    0.0000    0.0000    2.2130   90.4014
  89.3567 17277.0955  216.2693 -999.9000    0.0000    0.0000    2.8545   90.4014
  87.1784 17433.9749  215.8355 -999.9000    0.0000    0.0000    3.5575   90.3927
  85.0453 17590.8543  215.0608 -999.9000    0.0000    0.0000    4.4884   90.0754
  82.9608 17747.7337  214.7682 -999.9000    0.0000    0.0000    5.6735   90.9865
  80.9282 17904.6131  215.4409 -999.9000    0.0000    0.0000    6.8290   90.6807
  78.9484 18061.4925  216.1090 -999.9000    0.0000    0.0000    6.7266   90.4907
  77.0217 18218.3719  216.8030 -999.9000    0.0000    0.0000    5.7697   90.6714
  75.1483 18375.2513  217.8801 -999.9000    0.0000    0.0000    4.8131   90.9237
  73.3271 18532.1307  218.9986 -999.9000    0.0000    0.0000    4.1876   91.0464
  71.5556 18689.0101  219.1390 -999.9000    0.0000    0.0000    3.7154   90.9336
  69.8260 18845.8894  218.0364 -999.9000    0.0000    0.0000    3.0903   91.0562
  68.1227 19002.7688  217.7574 -999.9000    0.0000    0.0000    1.9459   91.7656
  66.4601 19159.6482  218.1172 -999.9000    0.0000    0.0000    0.9132   89.5288
  64.8418 19316.5276  218.6093 -999.9000    0.0000    0.0000    0.6024   87.4851
  63.2670 19473.4070  219.0201 -999.9000    0.0000    0.0000    1.1439   87.9468
  61.7318 19630.2864  219.5878 -999.9000    0.0000    0.0000    1.7293   88.3028
  60.2355 19787.1658  219.8061 -999.9000    0.0000    0.0000    2.4722   88.5476
  58.7762 19944.0452  219.5150 -999.9000    0.0000    0.0000    3.3129   88.9105
  57.3501 20100.9246  219.1406 -999.9000    0.0000    0.0000    3.7472   89.0671
  55.9562 20257.8040  218.8772 -999.9000    0.0000    0.0000    3.6781   88.9446
  54.5968 20414.6834  218.6452 -999.9000    0.0000    0.0000    3.4710   88.7725
  53.2731 20571.5628  218.5966 -999.9000    0.0000    0.0000    3.2892   88.6461
  51.9860 20728.4422  219.0423 -999.9000    0.0000    0.0000    3.1500   88.5640
  50.7361 20885.3216  220.2959 -999.9000    0.0000    0.0000    3.0678   88.5228
  49.5229 21042.2010  222.0687 -999.9000    0.0000    0.0000    3.0264   88.5126
  48.3394 21199.0804  221.4510 -999.9000    0.0000    0.0000    3.3753   88.5757
  47.1874 21355.9598  221.5186 -999.9000    0.0000    0.0000    4.5136   88.7747
  46.0647 21512.8392  221.9097 -999.9000    0.0000    0.0000    5.5565   88.9472
  44.9691 21669.7186  222.1454 -999.9000    0.0000    0.0000    5.7711   88.9570
  43.8989 21826.5980  222.1626 -999.9000    0.0000    0.0000    5.3899   88.8369
  42.8525 21983.4774  222.0221 -999.9000    0.0000    0.0000    4.9290   88.6697
  41.8295 22140.3568  221.7721 -999.9000    0.0000    0.0000    4.6773   88.5214
  40.8309 22297.2362  221.4409 -999.9000    0.0000    0.0000    4.5722   88.4316
  39.8584 22454.1156  221.0580 -999.9000    0.0000    0.0000    4.5218   88.4374
  38.9104 22610.9950  221.4501 -999.9000    0.0000    0.0000    4.6736   88.5046
  37.9838 22767.8744  222.7105 -999.9000    0.0000    0.0000    5.0838   88.5579
  37.0791 22924.7538  223.4032 -999.9000    0.0000    0.0000    5.4210   88.6106
  36.1962 23081.6332  223.4971 -999.9000    0.0000    0.0000    5.6686   88.6649
  35.3349 23238.5126  223.2103 -999.9000    0.0000    0.0000    5.8663   88.7211
  34.4951 23395.3920  222.7602 -999.9000    0.0000    0.0000    6.0535   88.7793
  33.6765 23552.2714  222.3648 -999.9000    0.0000    0.0000    6.2697   88.8396
  32.8792 23709.1508  222.2418 -999.9000    0.0000    0.0000    6.5546   88.9021
  32.1025 23866.0302  222.5334 -999.9000    0.0000    0.0000    6.9203   88.9664
  31.3447 24022.9095  223.1019 -999.9000    0.0000    0.0000    7.2785   89.0294
  30.6036 24179.7889  223.7456 -999.9000    0.0000    0.0000    7.5179   89.0878
  29.8779 24336.6683  224.2370 -999.9000    0.0000    0.0000    7.5465   89.1301
  29.1715 24493.5477  224.2869 -999.9000    0.0000    0.0000    7.4687   89.0898
  28.4842 24650.4271  224.1433 -999.9000    0.0000    0.0000    7.3370   88.9796
  27.8138 24807.3065  224.1750 -999.9000    0.0000    0.0000    7.1655   88.8366
  27.1583 24964.1859  224.7491 -999.9000    0.0000    0.0000    6.9678   88.6979
  26.5173 25121.0653  225.9266 -999.9000    0.0000    0.0000    6.7648   88.5852
  25.8939 25277.9447  227.1192 -999.9000    0.0000    0.0000    6.5912   88.4883
  25.2914 25434.8241  227.6563 -999.9000    0.0000    0.0000    6.4839   88.3927
  24.7096 25591.7035  227.1713 -999.9000    0.0000    0.0000    6.5242   88.3136
  24.1354 25748.5829  226.6496 -999.9000    0.0000    0.0000    6.8732   88.3442
  23.5706 25905.4623  226.4240 -999.9000    0.0000    0.0000    7.4332   88.4419
  23.0189 26062.3417  226.7034 -999.9000    0.0000    0.0000    8.0793   88.5480
  22.4826 26219.2211  227.5533 -999.9000    0.0000    0.0000    8.7112   88.6216
  21.9608 26376.1005  228.6675 -999.9000    0.0000    0.0000    9.2903   88.6692
  21.4521 26532.9799  229.6811 -999.9000    0.0000    0.0000    9.7885   88.7041
  20.9548 26689.8593  230.2291 -999.9000    0.0000    0.0000   10.1775   88.7401
  20.4676 26846.7387  229.9464 -999.9000    0.0000    0.0000   10.4288   88.7908
  19.9891 27003.6181  228.5034 -999.9000    0.0000    0.0000   10.5074   88.8671
  19.5243 27160.4975  227.6214 -999.9000    0.0000    0.0000   10.0514   88.8331
  19.0752 27317.3769  228.0877 -999.9000    0.0000    0.0000    9.1330   88.6652
  18.6391 27474.2563  229.3217 -999.9000    0.0000    0.0000    8.1467   88.4541
  18.2135 27631.1357  230.7430 -999.9000    0.0000    0.0000    7.4872   88.2905
  17.7959 27788.0151  231.7804 -999.9000    0.0000    0.0000    7.5260   88.2601
  17.3864 27944.8945  232.0864 -999.9000    0.0000    0.0000    8.0843   88.3267
  16.9866 28101.7739  231.6874 -999.9000    0.0000    0.0000    8.6810   88.3867
  16.5963 28258.6533  230.8797 -999.9000    0.0000    0.0000    9.2815   88.4341
  16.2153 28415.5327  229.9873 -999.9000    0.0000    0.0000    9.9003   88.4734
  15.8432 28572.4121  229.3337 -999.9000    0.0000    0.0000   10.5521   88.5095
  15.4798 28729.2915  229.2367 -999.9000    0.0000    0.0000   11.2494   88.5468
  15.1246 28886.1709  229.6574 -999.9000    0.0000    0.0000   11.8900   88.5881
  14.7769 29043.0503  230.0389 -999.9000    0.0000    0.0000   12.2102   88.6333
  14.4368 29199.9296  230.2169 -999.9000    0.0000    0.0000   12.1453   88.6841
  14.1043 29356.8090  230.3292 -999.9000    0.0000    0.0000   11.7766   88.7433
  13.7798 29513.6884  230.5188 -999.9000    0.0000    0.0000   11.1890   88.8140
  13.4633 29670.5678  230.9291 -999.9000    0.0000    0.0000   10.4667   88.8992
  13.1552 29827.4472  231.7035 -999.9000    0.0000    0.0000    9.6941   89.0018
  12.8555 29984.3266  232.9283 -999.9000    0.0000    0.0000    8.9538   89.1215
  12.5638 30141.2060  234.2911 -999.9000    0.0000    0.0000    8.3140   89.2343
  12.2794 30298.0854  235.3098 -999.9000    0.0000    0.0000    7.8365   89.3059
  12.0018 30454.9648  235.5017 -999.9000    0.0000    0.0000    7.5838   89.3022
  11.7304 30611.8442  234.6389 -999.9000    0.0000    0.0000    7.5767   89.2026
  11.4650 30768.7236  233.5328 -999.9000    0.0000    0.0000    7.6702   89.0420
  11.2056 30925.6030  233.2598 -999.9000    0.0000    0.0000    7.6767   88.8691
  10.9522 31082.4824  234.4718 -999.9000    0.0000    0.0000    7.4760   88.7216
  10.7056 31239.3618  236.0084 -999.9000    0.0000    0.0000    7.2375   88.5894
  10.4661 31396.2412  236.5513 -999.9000    0.0000    0.0000    7.1581   88.4534
  10.2318 31553.1206  236.1805 -999.9000    0.0000    0.0000    7.2236   88.3118
  10.0000 31710.0000  235.3507 -999.9000    0.0000    0.0000    7.3631   88.1674
