# 06610 LSMP Payerne Observations at 12Z 30 Jul 2008
# Radiosonde file generated by raso.rb
#
  P [hPa],     Z [m],    T [K],   Td [K],   RH [%], r [g/kg], WS [m/s], WD [deg]
 962.0000   491.0000  298.2371 -999.9000   66.2326   13.6900    2.1944   93.0543
 944.6891   647.8794  296.2234 -999.9000   67.7968   12.6302    4.6079   92.6754
 927.6873   804.7588  294.8740 -999.9000   79.5475   13.9071    2.1976   92.9144
 911.0964   961.6382  293.6180 -999.9000   80.0103   14.4362    0.3862   92.0428
 894.7070  1118.5176  292.7114 -999.9000   80.0132   14.3064    1.3036   90.9797
 878.5406  1275.3970  292.4389 -999.9000   80.0810   13.3485    2.2538   90.6229
 862.6769  1432.2764  291.0765 -999.9000   80.9951   13.5129    2.4571   90.4248
 846.9845  1589.1558  289.8434 -999.9000   80.3146   13.9027    4.0409   90.3491
 831.5533  1746.0352  289.4982 -999.9000   80.7909   13.2228    4.9079   90.3950
 816.3570  1902.9146  288.1798 -999.9000   80.6766   11.9693    6.0015   90.4496
 801.3249  2059.7940  286.5797 -999.9000   80.3932   11.5640    6.6171   90.4939
 786.5365  2216.6734  285.2106 -999.9000   80.2343   10.4184    7.3608   90.5367
 771.9169  2373.5528  283.9599 -999.9000   80.6165    8.7627    8.5508   90.5644
 757.5041  2530.4322  282.8811 -999.9000   80.4774    8.5006    9.0833   90.6155
 743.3854  2687.3116  282.2840 -999.9000   77.8262    7.5803    7.9767   90.6080
 729.2940  2844.1910  281.1862 -999.9000   60.4216    5.5688    7.7366   90.6173
 715.5826  3001.0704  280.1144 -999.9000   50.1521    4.3807    9.3207   90.6971
 702.0616  3157.9497  278.9055 -999.9000   51.6306    4.2344   10.6071   90.7782
 688.7126  3314.8291  277.4022 -999.9000   58.9492    4.4448   10.7012   90.8007
 675.5482  3471.7085  275.7489 -999.9000   68.2424    4.6752   10.9558   90.8205
 662.5494  3628.5879  274.2460 -999.9000   74.1812    4.6607   11.5672   90.8487
 649.7305  3785.4673  273.2099 -999.9000   67.3008    4.0055   11.8676   90.8627
 637.1240  3942.3467  272.3297 -999.9000   55.1629    3.1437   11.1938   90.9118
 624.7467  4099.2261  271.2879 -999.9000   50.1835    2.7055    9.6536   91.0167
 612.5275  4256.1055  270.2006 -999.9000   50.1138    2.5464    9.2293   91.0465
 600.5160  4412.9849  269.5659 -999.9000   38.2227    1.8919    9.5185   91.0390
 588.7253  4569.8643  268.9443 -999.9000   22.7696    1.0986    9.7125   91.0433
 577.1128  4726.7437  267.6257 -999.9000   18.1725    0.8108    9.7736   91.0483
 565.6299  4883.6231  266.7656 -999.9000   17.0401    0.7276    9.7473   91.0538
 554.4053  5040.5025  266.1814 -999.9000   13.5035    0.5634    9.0702   91.1400
 543.3471  5197.3819  265.4855 -999.9000   12.8438    0.5190    8.3039   91.2153
 532.4739  5354.2613  264.4415 -999.9000   22.2104    0.8459    8.7219   91.2112
 521.8251  5511.1407  263.3772 -999.9000   24.0580    0.8613    9.4898   91.1806
 511.3144  5668.0201  262.5720 -999.9000   14.1058    0.4842   10.1826   91.1583
 500.9731  5824.8995  261.2180 -999.9000   12.9900    0.4090   10.8959   91.1344
 490.8286  5981.7789  259.5955 -999.9000   18.4251    0.5200   11.0616   91.1143
 480.7236  6138.6583  258.4725 -999.9000   29.2695    0.7703   11.4055   91.0832
 470.8214  6295.5377  257.1770 -999.9000   31.5371    0.7621   11.5116   91.0728
 461.0900  6452.4171  255.7436 -999.9000   30.8710    0.6762   11.2404   90.9894
 451.4963  6609.2965  254.4379 -999.9000   32.0470    0.6422   10.2374   90.8335
 442.0676  6766.1759  253.3587 -999.9000   32.6227    0.6091    9.3501   90.7116
 432.8253  6923.0553  252.3907 -999.9000   32.3394    0.5674   10.2611   90.6964
 423.7241  7079.9347  250.9791 -999.9000   36.0471    0.5712   11.1411   90.7318
 414.7432  7236.8141  249.2700 -999.9000   41.2747    0.5742   10.9356   90.7585
 405.9174  7393.6935  248.2716 -999.9000   31.8548    0.4138   11.1572   90.7794
 397.1974  7550.5729  246.9824 -999.9000   27.2661    0.3219   11.4142   90.7881
 388.6475  7707.4523  245.5880 -999.9000   31.1903    0.3308   11.5445   90.8405
 380.2876  7864.3317  244.5716 -999.9000   34.8403    0.3433   11.7617   90.9010
 372.0784  8021.2111  243.7547 -999.9000   39.1098    0.3645   11.8919   90.8924
 363.9826  8178.0905  242.9628 -999.9000   45.2347    0.3994   11.7809   90.7526
 356.0087  8334.9698  242.1117 -999.9000   54.4728    0.4529   11.7401   90.7678
 348.2042  8491.8492  241.2200 -999.9000   60.5952    0.5188   12.3166   91.3797
 340.5609  8648.7286  240.3706 -999.9000   64.9837    0.5272   12.5236   91.7004
 333.0575  8805.6080  239.5129 -999.9000   65.5889    0.4852   12.4393   91.6152
 325.6771  8962.4874  238.5464 -999.9000   65.0126    0.4338   12.7101   91.4555
 318.4095  9119.3668  237.3548 -999.9000   65.8000    0.3977   13.6049   91.4682
 311.2701  9276.2462  235.7282 -999.9000   60.6952    0.3338   13.7381   91.4746
 304.2599  9433.1256  234.1682 -999.9000   55.5135    0.2938   13.9376   91.4194
 297.3812  9590.0050  233.0963 -999.9000   50.6703    0.2688   14.3952   91.3896
 290.6045  9746.8844  231.8633 -999.9000   45.4637    0.2331   14.6999   91.3805
 283.9369  9903.7638  230.4811 -999.9000   45.7609    0.2031   15.0545   91.3479
 277.3870 10060.6432  228.9953 -999.9000   45.6110    0.1789   15.4219   91.3074
 270.9631 10217.5226  227.4456 -999.9000   45.5478    0.1538   15.6699   91.2950
 264.6694 10374.4020  225.9060 -999.9000   45.6571    0.1244   15.7085   91.3378
 258.4744 10531.2814  224.6833 -999.9000   45.1656    0.1097   15.8390   91.3756
 252.3757 10688.1608  223.6594 -999.9000   45.4814    0.1034   16.0904   91.3933
 246.3812 10845.0402  222.6052 -999.9000   40.2059    0.0916   16.3812   91.3978
 240.4896 11001.9196  221.4133 -999.9000   35.6527    0.0742   16.6586   91.3965
 234.6950 11158.7990  220.0788 -999.9000   35.9064    0.0604   16.8930   91.3968
 229.0082 11315.6784  218.6986 -999.9000   35.4507    0.0528   17.0786   91.3986
 223.4492 11472.5578  217.4205 -999.9000   34.9241    0.0500   17.2217   91.3982
 218.0236 11629.4372  216.2209 -999.9000   30.0848    0.0480   17.0406   91.4126
 212.6609 11786.3166  214.5511 -999.9000   25.5726    0.0350   15.3847   91.5070
 207.3913 11943.1960  213.7225 -999.9000   23.7415    0.0295   14.2338   91.4951
 202.2510 12100.0754  214.4299 -999.9000   17.9840    0.0410   13.9594   91.5711
 197.2536 12256.9548  215.8317 -999.9000    9.0875    0.0304   11.9919   92.1270
 192.4469 12413.8342  218.2266 -999.9000    2.6425    0.0062   12.4760   91.9985
 187.8076 12570.7136  218.0438 -999.9000    0.2367    0.0003   12.7531   91.9213
 183.2603 12727.5930  216.8080 -999.9000    0.2953    0.0003   12.4954   91.8946
 178.8033 12884.4724  216.3938 -999.9000    0.0000    0.0000   12.2967   91.8603
 174.4458 13041.3518  216.7953 -999.9000    0.0133    0.0000   12.4634   91.7991
 170.1876 13198.2312  217.0184 -999.9000    0.0000    0.0000   13.0215   91.6668
 166.0391 13355.1106  217.1837 -999.9000    0.0000    0.0000   13.6732   91.5392
 162.0101 13511.9899  216.8042 -999.9000    0.0002    0.0000   14.0029   91.4198
 158.0706 13668.8693  215.8161 -999.9000    0.0000    0.0000   13.6489   91.3880
 154.1974 13825.7487  214.9389 -999.9000    0.0000    0.0000   12.5151   91.4693
 150.4126 13982.6281  214.8682 -999.9000    0.0000    0.0000   10.6267   91.5650
 146.7292 14139.5075  215.7935 -999.9000    0.0000    0.0000   10.5718   91.5673
 143.1108 14296.3869  214.0135 -999.9000    0.0000    0.0000   10.5111   91.5696
 139.5597 14453.2663  216.4303 -999.9000    0.0000    0.0000   10.4961   91.5684
 136.1266 14610.1457  214.0954 -999.9000    0.0000    0.0000   10.5018   91.5540
 132.7619 14767.0251  213.2292 -999.9000    0.0000    0.0000   10.5097   91.5347
 129.4754 14923.9045  214.2346 -999.9000    0.0000    0.0000   10.5139   91.5197
 126.2897 15080.7839  215.3538 -999.9000    0.0000    0.0000   10.5055   91.5108
 123.1790 15237.6633  216.5986 -999.9000    0.0000    0.0000   10.5229   91.4644
 120.1481 15394.5427  217.0924 -999.9000    0.0000    0.0000   10.3796   91.3748
 117.2138 15551.4221  216.4716 -999.9000    0.0000    0.0000   10.0160   91.2661
 114.3435 15708.3015  216.4028 -999.9000    0.0000    0.0000    9.6896   91.1464
 111.5416 15865.1809  216.1867 -999.9000    0.0000    0.0000    9.1026   91.1933
 108.8149 16022.0603  217.5280 -999.9000    0.0000    0.0000    8.2811   91.4869
 106.1648 16178.9397  217.6104 -999.9000    0.0000    0.0000    7.8114   91.3484
 103.5767 16335.8191  217.2713 -999.9000    0.0000    0.0000    6.3716   91.9971
 101.0524 16492.6985  219.3427 -999.9000    0.0000    0.0000    1.8837   90.4089
  98.6148 16649.5779  217.9753 -999.9000    0.0000    0.0000    1.0971   90.4014
  96.2203 16806.4573  217.2573 -999.9000    0.0000    0.0000    0.2580   90.4014
  93.8688 16963.3367  216.5609 -999.9000    0.0000    0.0000    1.3265   90.4014
  91.5836 17120.2161  216.4570 -999.9000    0.0000    0.0000    2.1792   90.4014
  89.3567 17277.0955  216.4485 -999.9000    0.0000    0.0000    2.7968   90.4014
  87.1784 17433.9749  215.9871 -999.9000    0.0000    0.0000    3.4761   90.3927
  85.0453 17590.8543  215.1847 -999.9000    0.0000    0.0000    4.3837   90.0754
  82.9608 17747.7337  214.8644 -999.9000    0.0000    0.0000    5.5464   90.9865
  80.9282 17904.6131  215.5094 -999.9000    0.0000    0.0000    6.6805   90.6807
  78.9484 18061.4925  216.1502 -999.9000    0.0000    0.0000    6.5578   90.4907
  77.0217 18218.3719  216.8171 -999.9000    0.0000    0.0000    5.5819   90.6714
  75.1483 18375.2513  217.8677 -999.9000    0.0000    0.0000    4.6074   90.9237
  73.3271 18532.1307  218.9603 -999.9000    0.0000    0.0000    3.9654   91.0464
  71.5556 18689.0101  219.0754 -999.9000    0.0000    0.0000    3.4778   90.9336
  69.8260 18845.8894  217.9485 -999.9000    0.0000    0.0000    2.8387   91.0562
  68.1227 19002.7688  217.6460 -999.9000    0.0000    0.0000    1.6815   91.7656
  66.4601 19159.6482  217.9834 -999.9000    0.0000    0.0000    0.6373   89.5288
  64.8418 19316.5276  218.4543 -999.9000    0.0000    0.0000    0.3163   87.4851
  63.2670 19473.4070  218.8451 -999.9000    0.0000    0.0000    0.8489   87.9468
  61.7318 19630.2864  219.3941 -999.9000    0.0000    0.0000    1.4269   88.3028
  60.2355 19787.1658  219.5954 -999.9000    0.0000    0.0000    2.1636   88.5476
  58.7762 19944.0452  219.2887 -999.9000    0.0000    0.0000    2.9996   88.9105
  57.3501 20100.9246  218.9006 -999.9000    0.0000    0.0000    3.4306   89.0671
  55.9562 20257.8040  218.6252 -999.9000    0.0000    0.0000    3.3595   88.9446
  54.5968 20414.6834  218.3833 -999.9000    0.0000    0.0000    3.1519   88.7725
  53.2731 20571.5628  218.3268 -999.9000    0.0000    0.0000    2.9711   88.6461
  51.9860 20728.4422  218.7667 -999.9000    0.0000    0.0000    2.8343   88.5640
  50.7361 20885.3216  220.0168 -999.9000    0.0000    0.0000    2.7560   88.5228
  49.5229 21042.2010  221.7886 -999.9000    0.0000    0.0000    2.7199   88.5126
  48.3394 21199.0804  221.1723 -999.9000    0.0000    0.0000    3.0758   88.5757
  47.1874 21355.9598  221.2440 -999.9000    0.0000    0.0000    4.2225   88.7747
  46.0647 21512.8392  221.6418 -999.9000    0.0000    0.0000    5.2753   88.9472
  44.9691 21669.7186  221.8865 -999.9000    0.0000    0.0000    5.5013   88.9570
  43.8989 21826.5980  221.9149 -999.9000    0.0000    0.0000    5.1328   88.8369
  42.8525 21983.4774  221.7875 -999.9000    0.0000    0.0000    4.6858   88.6697
  41.8295 22140.3568  221.5523 -999.9000    0.0000    0.0000    4.4492   88.5214
  40.8309 22297.2362  221.2374 -999.9000    0.0000    0.0000    4.3602   88.4316
  39.8584 22454.1156  220.8720 -999.9000    0.0000    0.0000    4.3269   88.4374
  38.9104 22610.9950  221.2825 -999.9000    0.0000    0.0000    4.4967   88.5046
  37.9838 22767.8744  222.5622 -999.9000    0.0000    0.0000    4.9257   88.5579
  37.0791 22924.7538  223.2746 -999.9000    0.0000    0.0000    5.2823   88.6106
  36.1962 23081.6332  223.3885 -999.9000    0.0000    0.0000    5.5501   88.6649
  35.3349 23238.5126  223.1217 -999.9000    0.0000    0.0000    5.7684   88.7211
  34.4951 23395.3920  222.6915 -999.9000    0.0000    0.0000    5.9767   88.7793
  33.6765 23552.2714  222.3156 -999.9000    0.0000    0.0000    6.2142   88.8396
  32.8792 23709.1508  222.2114 -999.9000    0.0000    0.0000    6.5208   88.9021
  32.1025 23866.0302  222.5209 -999.9000    0.0000    0.0000    6.9083   88.9664
  31.3447 24022.9095  223.1062 -999.9000    0.0000    0.0000    7.2884   89.0294
  30.6036 24179.7889  223.7653 -999.9000    0.0000    0.0000    7.5497   89.0878
  29.8779 24336.6683  224.2705 -999.9000    0.0000    0.0000    7.6000   89.1301
  29.1715 24493.5477  224.3324 -999.9000    0.0000    0.0000    7.5438   89.0898
  28.4842 24650.4271  224.1988 -999.9000    0.0000    0.0000    7.4334   88.9796
  27.8138 24807.3065  224.2382 -999.9000    0.0000    0.0000    7.2827   88.8366
  27.1583 24964.1859  224.8175 -999.9000    0.0000    0.0000    7.1055   88.6979
  26.5173 25121.0653  225.9979 -999.9000    0.0000    0.0000    6.9224   88.5852
  25.8939 25277.9447  227.1913 -999.9000    0.0000    0.0000    6.7681   88.4883
  25.2914 25434.8241  227.7271 -999.9000    0.0000    0.0000    6.6794   88.3927
  24.7096 25591.7035  227.2389 -999.9000    0.0000    0.0000    6.7376   88.3136
  24.1354 25748.5829  226.7123 -999.9000    0.0000    0.0000    7.1036   88.3442
  23.5706 25905.4623  226.4801 -999.9000    0.0000    0.0000    7.6798   88.4419
  23.0189 26062.3417  226.7515 -999.9000    0.0000    0.0000    8.3412   88.5480
  22.4826 26219.2211  227.5920 -999.9000    0.0000    0.0000    8.9872   88.6216
  21.9608 26376.1005  228.6955 -999.9000    0.0000    0.0000    9.5794   88.6692
  21.4521 26532.9799  229.6974 -999.9000    0.0000    0.0000   10.0895   88.7041
  20.9548 26689.8593  230.2327 -999.9000    0.0000    0.0000   10.4891   88.7401
  20.4676 26846.7387  229.9366 -999.9000    0.0000    0.0000   10.7498   88.7908
  19.9891 27003.6181  228.4795 -999.9000    0.0000    0.0000   10.8363   88.8671
  19.5243 27160.4975  227.5828 -999.9000    0.0000    0.0000   10.3868   88.8331
  19.0752 27317.3769  228.0341 -999.9000    0.0000    0.0000    9.4734   88.6652
  18.6391 27474.2563  229.2527 -999.9000    0.0000    0.0000    8.4904   88.4541
  18.2135 27631.1357  230.6586 -999.9000    0.0000    0.0000    7.8326   88.2905
  17.7959 27788.0151  231.6805 -999.9000    0.0000    0.0000    7.8713   88.2601
  17.3864 27944.8945  231.9713 -999.9000    0.0000    0.0000    8.4277   88.3267
  16.9866 28101.7739  231.5572 -999.9000    0.0000    0.0000    9.0207   88.3867
  16.5963 28258.6533  230.7350 -999.9000    0.0000    0.0000    9.6154   88.4341
  16.2153 28415.5327  229.8285 -999.9000    0.0000    0.0000   10.2264   88.4734
  15.8432 28572.4121  229.1616 -999.9000    0.0000    0.0000   10.8683   88.5095
  15.4798 28729.2915  229.0521 -999.9000    0.0000    0.0000   11.5536   88.5468
  15.1246 28886.1709  229.4612 -999.9000    0.0000    0.0000   12.1798   88.5881
  14.7769 29043.0503  229.8322 -999.9000    0.0000    0.0000   12.4834   88.6333
  14.4368 29199.9296  230.0011 -999.9000    0.0000    0.0000   12.3995   88.6841
  14.1043 29356.8090  230.1055 -999.9000    0.0000    0.0000   12.0094   88.7433
  13.7798 29513.6884  230.2888 -999.9000    0.0000    0.0000   11.3978   88.8140
  13.4633 29670.5678  230.6945 -999.9000    0.0000    0.0000   10.6488   88.8992
  13.1552 29827.4472  231.4660 -999.9000    0.0000    0.0000    9.8470   89.0018
  12.8555 29984.3266  232.6899 -999.9000    0.0000    0.0000    9.0747   89.1215
  12.5638 30141.2060  234.0537 -999.9000    0.0000    0.0000    8.3999   89.2343
  12.2794 30298.0854  235.0757 -999.9000    0.0000    0.0000    7.8848   89.3059
  12.0018 30454.9648  235.2733 -999.9000    0.0000    0.0000    7.5913   89.3022
  11.7304 30611.8442  234.4185 -999.9000    0.0000    0.0000    7.5405   89.2026
  11.4650 30768.7236  233.3231 -999.9000    0.0000    0.0000    7.5872   89.0420
  11.2056 30925.6030  233.0636 -999.9000    0.0000    0.0000    7.5436   88.8691
  10.9522 31082.4824  234.2919 -999.9000    0.0000    0.0000    7.2897   88.7216
  10.7056 31239.3618  235.8477 -999.9000    0.0000    0.0000    6.9945   88.5894
  10.4661 31396.2412  236.4131 -999.9000    0.0000    0.0000    6.8552   88.4534
  10.2318 31553.1206  236.0681 -999.9000    0.0000    0.0000    6.8573   88.3118
  10.0000 31710.0000  235.2675 -999.9000    0.0000    0.0000    6.9298   88.1674
