# 06610 LSMP Payerne Observations at 12Z 30 Jul 2008
# Radiosonde file generated by raso.rb
#
  P [hPa],     Z [m],    T [K],   Td [K],   RH [%], r [g/kg], WS [m/s], WD [deg]
 962.0000   491.0000  297.8700 -999.9000   66.1462   13.6900    2.4620   93.0543
 944.6891   647.8794  295.9009 -999.9000   67.7170   12.6302    4.8993   92.6754
 927.6873   804.7588  294.5938 -999.9000   79.4629   13.9071    2.5089   92.9144
 911.0964   961.6382  293.3781 -999.9000   79.9336   14.4362    0.7138   92.0428
 894.7070  1118.5176  292.5097 -999.9000   79.9438   14.3064    1.6439   90.9797
 878.5406  1275.3970  292.2735 -999.9000   80.0181   13.3485    2.6036   90.6229
 862.6769  1432.2764  290.9453 -999.9000   80.9373   13.5129    2.8131   90.4248
 846.9845  1589.1558  289.7446 -999.9000   80.2622   13.9027    4.4002   90.3491
 831.5533  1746.0352  289.4300 -999.9000   80.7425   13.2228    5.2677   90.3950
 816.3570  1902.9146  288.1402 -999.9000   80.6319   11.9693    6.3591   90.4496
 801.3249  2059.7940  286.5670 -999.9000   80.3515   11.5640    6.9700   90.4939
 786.5365  2216.6734  285.2231 -999.9000   80.1951   10.4184    7.7069   90.5367
 771.9169  2373.5528  283.9960 -999.9000   80.5789    8.7627    8.8878   90.5644
 757.5041  2530.4322  282.9392 -999.9000   80.4411    8.5006    9.4093   90.6155
 743.3854  2687.3116  282.3624 -999.9000   77.7919    7.5803    8.2899   90.6080
 729.2940  2844.1910  281.2836 -999.9000   60.3953    5.5688    8.0354   90.6173
 715.5826  3001.0704  280.2291 -999.9000   50.1302    4.3807    9.6037   90.6971
 702.0616  3157.9497  279.0362 -999.9000   51.6078    4.2344   10.8730   90.7782
 688.7126  3314.8291  277.5475 -999.9000   58.9228    4.4448   10.9490   90.8007
 675.5482  3471.7085  275.9075 -999.9000   68.2110    4.6752   11.1844   90.8205
 662.5494  3628.5879  274.4166 -999.9000   74.1460    4.6607   11.7760   90.8487
 649.7305  3785.4673  273.3913 -999.9000   67.2677    4.0055   12.0559   90.8627
 637.1240  3942.3467  272.5208 -999.9000   55.1348    3.1437   11.3614   90.9118
 624.7467  4099.2261  271.4875 -999.9000   50.1570    2.7055    9.8001   91.0167
 612.5275  4256.1055  270.4076 -999.9000   50.0863    2.5464    9.3547   91.0465
 600.5160  4412.9849  269.7794 -999.9000   38.2010    1.8919    9.6229   91.0390
 588.7253  4569.8643  269.1632 -999.9000   22.7562    1.0986    9.7961   91.0433
 577.1128  4726.7437  267.8491 -999.9000   18.1615    0.8108    9.8369   91.0483
 565.6299  4883.6231  266.9927 -999.9000   17.0295    0.7276    9.7910   91.0538
 554.4053  5040.5025  266.4112 -999.9000   13.4948    0.5634    9.0951   91.1400
 543.3471  5197.3819  265.7173 -999.9000   12.8354    0.5190    8.3109   91.2153
 532.4739  5354.2613  264.6746 -999.9000   22.1957    0.8459    8.7122   91.2112
 521.8251  5511.1407  263.6110 -999.9000   24.0418    0.8613    9.4646   91.1806
 511.3144  5668.0201  262.8058 -999.9000   14.0963    0.4842   10.1435   91.1583
 500.9731  5824.8995  261.4512 -999.9000   12.9812    0.4090   10.8446   91.1344
 490.8286  5981.7789  259.8276 -999.9000   18.4128    0.5200   10.9998   91.1143
 480.7236  6138.6583  258.7030 -999.9000   29.2503    0.7703   11.3352   91.0832
 470.8214  6295.5377  257.4054 -999.9000   31.5170    0.7621   11.4352   91.0728
 461.0900  6452.4171  255.9696 -999.9000   30.8520    0.6762   11.1600   90.9894
 451.4963  6609.2965  254.6611 -999.9000   32.0283    0.6422   10.1557   90.8335
 442.0676  6766.1759  253.5788 -999.9000   32.6049    0.6091    9.2696   90.7116
 432.8253  6923.0553  252.6076 -999.9000   32.3233    0.5674   10.1848   90.6964
 423.7241  7079.9347  251.1925 -999.9000   36.0312    0.5712   11.0720   90.7318
 414.7432  7236.8141  249.4797 -999.9000   41.2591    0.5742   10.8769   90.7585
 405.9174  7393.6935  248.4777 -999.9000   31.8452    0.4138   11.1123   90.7794
 397.1974  7550.5729  247.1847 -999.9000   27.2602    0.3219   11.3866   90.7881
 388.6475  7707.4523  245.7865 -999.9000   31.1864    0.3308   11.5374   90.8405
 380.2876  7864.3317  244.7664 -999.9000   34.8396    0.3433   11.7781   90.9010
 372.0784  8021.2111  243.9457 -999.9000   39.1133    0.3645   11.9342   90.8924
 363.9826  8178.0905  243.1500 -999.9000   45.2440    0.3994   11.8513   90.7526
 356.0087  8334.9698  242.2952 -999.9000   54.4905    0.4529   11.8401   90.7678
 348.2042  8491.8492  241.3999 -999.9000   60.6224    0.5188   12.4476   91.3797
 340.5609  8648.7286  240.5469 -999.9000   65.0211    0.5272   12.6865   91.7004
 333.0575  8805.6080  239.6857 -999.9000   65.6350    0.4852   12.6346   91.6152
 325.6771  8962.4874  238.7159 -999.9000   65.0666    0.4338   12.9378   91.4555
 318.4095  9119.3668  237.5210 -999.9000   65.8631    0.3977   13.8648   91.4682
 311.2701  9276.2462  235.8913 -999.9000   60.7611    0.3338   14.0295   91.4746
 304.2599  9433.1256  234.3284 -999.9000   55.5805    0.2938   14.2593   91.4194
 297.3812  9590.0050  233.2537 -999.9000   50.7375    0.2688   14.7458   91.3896
 290.6045  9746.8844  232.0181 -999.9000   45.5291    0.2331   15.0774   91.3805
 283.9369  9903.7638  230.6335 -999.9000   45.8317    0.2031   15.4567   91.3479
 277.3870 10060.6432  229.1455 -999.9000   45.6860    0.1789   15.8461   91.3074
 270.9631 10217.5226  227.5938 -999.9000   45.6268    0.1538   16.1129   91.2950
 264.6694 10374.4020  226.0525 -999.9000   45.7399    0.1244   16.1669   91.3378
 258.4744 10531.2814  224.8283 -999.9000   45.2506    0.1097   16.3088   91.3756
 252.3757 10688.1608  223.8032 -999.9000   45.5697    0.1034   16.5675   91.3933
 246.3812 10845.0402  222.7482 -999.9000   40.2856    0.0916   16.8608   91.3978
 240.4896 11001.9196  221.5557 -999.9000   35.7245    0.0742   17.1356   91.3965
 234.6950 11158.7990  220.2209 -999.9000   35.9792    0.0604   17.3625   91.3968
 229.0082 11315.6784  218.8406 -999.9000   35.5226    0.0528   17.5361   91.3986
 223.4492 11472.5578  217.5627 -999.9000   34.9945    0.0500   17.6629   91.3982
 218.0236 11629.4372  216.3634 -999.9000   30.1448    0.0480   17.4616   91.4126
 212.6609 11786.3166  214.6939 -999.9000   25.6228    0.0350   15.7822   91.5070
 207.3913 11943.1960  213.8658 -999.9000   23.7871    0.0295   14.6047   91.4951
 202.2510 12100.0754  214.5736 -999.9000   18.0177    0.0410   14.3011   91.5711
 197.2536 12256.9548  215.9757 -999.9000    9.1040    0.0304   12.3019   92.1270
 192.4469 12413.8342  218.3709 -999.9000    2.6471    0.0062   12.7526   91.9985
 187.8076 12570.7136  218.1883 -999.9000    0.2371    0.0003   12.9946   91.9213
 183.2603 12727.5930  216.9524 -999.9000    0.2957    0.0003   12.7007   91.8946
 178.8033 12884.4724  216.5380 -999.9000    0.0000    0.0000   12.4650   91.8603
 174.4458 13041.3518  216.9390 -999.9000    0.0133    0.0000   12.5944   91.7991
 170.1876 13198.2312  217.1612 -999.9000    0.0000    0.0000   13.1151   91.6668
 166.0391 13355.1106  217.3253 -999.9000    0.0000    0.0000   13.7298   91.5392
 162.0101 13511.9899  216.9442 -999.9000    0.0002    0.0000   14.0232   91.4198
 158.0706 13668.8693  215.9539 -999.9000    0.0000    0.0000   13.6341   91.3880
 154.1974 13825.7487  215.0741 -999.9000    0.0000    0.0000   12.4667   91.4693
 150.4126 13982.6281  215.0003 -999.9000    0.0000    0.0000   10.5466   91.5650
 146.7292 14139.5075  215.9219 -999.9000    0.0000    0.0000   10.4622   91.5673
 143.1108 14296.3869  214.1374 -999.9000    0.0000    0.0000   10.3746   91.5696
 139.5597 14453.2663  216.5491 -999.9000    0.0000    0.0000   10.3359   91.5684
 136.1266 14610.1457  214.2084 -999.9000    0.0000    0.0000   10.3209   91.5540
 132.7619 14767.0251  213.3359 -999.9000    0.0000    0.0000   10.3113   91.5347
 129.4754 14923.9045  214.3347 -999.9000    0.0000    0.0000   10.3010   91.5197
 126.2897 15080.7839  215.4468 -999.9000    0.0000    0.0000   10.2812   91.5108
 123.1790 15237.6633  216.6844 -999.9000    0.0000    0.0000   10.2900   91.4644
 120.1481 15394.5427  217.1709 -999.9000    0.0000    0.0000   10.1411   91.3748
 117.2138 15551.4221  216.5428 -999.9000    0.0000    0.0000    9.7747   91.2661
 114.3435 15708.3015  216.4669 -999.9000    0.0000    0.0000    9.4482   91.1464
 111.5416 15865.1809  216.2439 -999.9000    0.0000    0.0000    8.8640   91.1933
 108.8149 16022.0603  217.5787 -999.9000    0.0000    0.0000    8.0478   91.4869
 106.1648 16178.9397  217.6550 -999.9000    0.0000    0.0000    7.5860   91.3484
 103.5767 16335.8191  217.3105 -999.9000    0.0000    0.0000    6.1566   91.9971
 101.0524 16492.6985  219.3772 -999.9000    0.0000    0.0000    1.6817   90.4089
  98.6148 16649.5779  218.0059 -999.9000    0.0000    0.0000    0.9104   90.4014
  96.2203 16806.4573  217.2848 -999.9000    0.0000    0.0000    0.0890   90.4014
  93.8688 16963.3367  216.5865 -999.9000    0.0000    0.0000    1.1776   90.4014
  91.5836 17120.2161  216.4818 -999.9000    0.0000    0.0000    2.0525   90.4014
  89.3567 17277.0955  216.4737 -999.9000    0.0000    0.0000    2.6946   90.4014
  87.1784 17433.9749  216.0142 -999.9000    0.0000    0.0000    3.4005   90.3927
  85.0453 17590.8543  215.2151 -999.9000    0.0000    0.0000    4.3369   90.0754
  82.9608 17747.7337  214.8998 -999.9000    0.0000    0.0000    5.5302   90.9865
  80.9282 17904.6131  215.5516 -999.9000    0.0000    0.0000    6.6971   90.6807
  78.9484 18061.4925  216.2007 -999.9000    0.0000    0.0000    6.6088   90.4907
  77.0217 18218.3719  216.8777 -999.9000    0.0000    0.0000    5.6688   90.6714
  75.1483 18375.2513  217.9399 -999.9000    0.0000    0.0000    4.7314   90.9237
  73.3271 18532.1307  219.0456 -999.9000    0.0000    0.0000    4.1273   91.0464
  71.5556 18689.0101  219.1752 -999.9000    0.0000    0.0000    3.6781   90.9336
  69.8260 18845.8894  218.0639 -999.9000    0.0000    0.0000    3.0776   91.0562
  68.1227 19002.7688  217.7782 -999.9000    0.0000    0.0000    1.9590   91.7656
  66.4601 19159.6482  218.1334 -999.9000    0.0000    0.0000    0.9528   89.5288
  64.8418 19316.5276  218.6231 -999.9000    0.0000    0.0000    0.6690   87.4851
  63.2670 19473.4070  219.0336 -999.9000    0.0000    0.0000    1.2378   87.9468
  61.7318 19630.2864  219.6031 -999.9000    0.0000    0.0000    1.8506   88.3028
  60.2355 19787.1658  219.8254 -999.9000    0.0000    0.0000    2.6203   88.5476
  58.7762 19944.0452  219.5404 -999.9000    0.0000    0.0000    3.4873   88.9105
  57.3501 20100.9246  219.1744 -999.9000    0.0000    0.0000    3.9469   89.0671
  55.9562 20257.8040  218.9215 -999.9000    0.0000    0.0000    3.9017   88.9446
  54.5968 20414.6834  218.7022 -999.9000    0.0000    0.0000    3.7170   88.7725
  53.2731 20571.5628  218.6686 -999.9000    0.0000    0.0000    3.5558   88.6461
  51.9860 20728.4422  219.1315 -999.9000    0.0000    0.0000    3.4349   88.5640
  50.7361 20885.3216  220.4046 -999.9000    0.0000    0.0000    3.3685   88.5228
  49.5229 21042.2010  222.1991 -999.9000    0.0000    0.0000    3.3401   88.5126
  48.3394 21199.0804  221.6054 -999.9000    0.0000    0.0000    3.6991   88.5757
  47.1874 21355.9598  221.6993 -999.9000    0.0000    0.0000    4.8439   88.7747
  46.0647 21512.8392  222.1189 -999.9000    0.0000    0.0000    5.8898   88.9472
  44.9691 21669.7186  222.3849 -999.9000    0.0000    0.0000    6.1043   88.9570
  43.8989 21826.5980  222.4339 -999.9000    0.0000    0.0000    5.7199   88.8369
  42.8525 21983.4774  222.3265 -999.9000    0.0000    0.0000    5.2532   88.6697
  41.8295 22140.3568  222.1104 -999.9000    0.0000    0.0000    4.9933   88.5214
  40.8309 22297.2362  221.8137 -999.9000    0.0000    0.0000    4.8779   88.4316
  39.8584 22454.1156  221.4655 -999.9000    0.0000    0.0000    4.8152   88.4374
  38.9104 22610.9950  221.8921 -999.9000    0.0000    0.0000    4.9533   88.5046
  37.9838 22767.8744  223.1865 -999.9000    0.0000    0.0000    5.3485   88.5579
  37.0791 22924.7538  223.9125 -999.9000    0.0000    0.0000    5.6696   88.6106
  36.1962 23081.6332  224.0385 -999.9000    0.0000    0.0000    5.9004   88.6649
  35.3349 23238.5126  223.7823 -999.9000    0.0000    0.0000    6.0808   88.7211
  34.4951 23395.3920  223.3611 -999.9000    0.0000    0.0000    6.2506   88.7793
  33.6765 23552.2714  222.9925 -999.9000    0.0000    0.0000    6.4494   88.8396
  32.8792 23709.1508  222.8937 -999.9000    0.0000    0.0000    6.7173   88.9021
  32.1025 23866.0302  223.2067 -999.9000    0.0000    0.0000    7.0667   88.9664
  31.3447 24022.9095  223.7936 -999.9000    0.0000    0.0000    7.4096   89.0294
  30.6036 24179.7889  224.4521 -999.9000    0.0000    0.0000    7.6348   89.0878
  29.8779 24336.6683  224.9546 -999.9000    0.0000    0.0000    7.6507   89.1301
  29.1715 24493.5477  225.0115 -999.9000    0.0000    0.0000    7.5619   89.0898
  28.4842 24650.4271  224.8704 -999.9000    0.0000    0.0000    7.4213   88.9796
  27.8138 24807.3065  224.8999 -999.9000    0.0000    0.0000    7.2432   88.8366
  27.1583 24964.1859  225.4667 -999.9000    0.0000    0.0000    7.0414   88.6979
  26.5173 25121.0653  226.6322 -999.9000    0.0000    0.0000    6.8366   88.5852
  25.8939 25277.9447  227.8086 -999.9000    0.0000    0.0000    6.6634   88.4883
  25.2914 25434.8241  228.3253 -999.9000    0.0000    0.0000    6.5584   88.3927
  24.7096 25591.7035  227.8162 -999.9000    0.0000    0.0000    6.6029   88.3136
  24.1354 25748.5829  227.2668 -999.9000    0.0000    0.0000    6.9577   88.3442
  23.5706 25905.4623  227.0104 -999.9000    0.0000    0.0000    7.5251   88.4419
  23.0189 26062.3417  227.2562 -999.9000    0.0000    0.0000    8.1800   88.5480
  22.4826 26219.2211  228.0698 -999.9000    0.0000    0.0000    8.8217   88.6216
  21.9608 26376.1005  229.1454 -999.9000    0.0000    0.0000    9.4117   88.6692
  21.4521 26532.9799  230.1186 -999.9000    0.0000    0.0000    9.9216   88.7041
  20.9548 26689.8593  230.6244 -999.9000    0.0000    0.0000   10.3229   88.7401
  20.4676 26846.7387  230.2982 -999.9000    0.0000    0.0000   10.5871   88.7908
  19.9891 27003.6181  228.8106 -999.9000    0.0000    0.0000   10.6789   88.8671
  19.5243 27160.4975  227.8833 -999.9000    0.0000    0.0000   10.2362   88.8331
  19.0752 27317.3769  228.3037 -999.9000    0.0000    0.0000    9.3312   88.6652
  18.6391 27474.2563  229.4917 -999.9000    0.0000    0.0000    8.3582   88.4541
  18.2135 27631.1357  230.8672 -999.9000    0.0000    0.0000    7.7115   88.2905
  17.7959 27788.0151  231.8591 -999.9000    0.0000    0.0000    7.7628   88.2601
  17.3864 27944.8945  232.1205 -999.9000    0.0000    0.0000    8.3328   88.3267
  16.9866 28101.7739  231.6779 -999.9000    0.0000    0.0000    8.9405   88.3867
  16.5963 28258.6533  230.8280 -999.9000    0.0000    0.0000    9.5509   88.4341
  16.2153 28415.5327  229.8949 -999.9000    0.0000    0.0000   10.1785   88.4734
  15.8432 28572.4121  229.2026 -999.9000    0.0000    0.0000   10.8377   88.5095
  15.4798 28729.2915  229.0692 -999.9000    0.0000    0.0000   11.5409   88.5468
  15.1246 28886.1709  229.4560 -999.9000    0.0000    0.0000   12.1858   88.5881
  14.7769 29043.0503  229.8064 -999.9000    0.0000    0.0000   12.5085   88.6333
  14.4368 29199.9296  229.9566 -999.9000    0.0000    0.0000   12.4441   88.6841
  14.1043 29356.8090  230.0444 -999.9000    0.0000    0.0000   12.0738   88.7433
  13.7798 29513.6884  230.2134 -999.9000    0.0000    0.0000   11.4822   88.8140
  13.4633 29670.5678  230.6071 -999.9000    0.0000    0.0000   10.7534   88.8992
  13.1552 29827.4472  231.3692 -999.9000    0.0000    0.0000    9.9718   89.0018
  12.8555 29984.3266  232.5865 -999.9000    0.0000    0.0000    9.2196   89.1215
  12.5638 30141.2060  233.9466 -999.9000    0.0000    0.0000    8.5647   89.2343
  12.2794 30298.0854  234.9679 -999.9000    0.0000    0.0000    8.0693   89.3059
  12.0018 30454.9648  235.1681 -999.9000    0.0000    0.0000    7.7951   89.3022
  11.7304 30611.8442  234.3193 -999.9000    0.0000    0.0000    7.7632   89.2026
  11.4650 30768.7236  233.2334 -999.9000    0.0000    0.0000    7.8282   89.0420
  11.2056 30925.6030  232.9872 -999.9000    0.0000    0.0000    7.8023   88.8691
  10.9522 31082.4824  234.2326 -999.9000    0.0000    0.0000    7.5654   88.7216
  10.7056 31239.3618  235.8097 -999.9000    0.0000    0.0000    7.2864   88.5894
  10.4661 31396.2412  236.4005 -999.9000    0.0000    0.0000    7.1623   88.4534
  10.2318 31553.1206  236.0853 -999.9000    0.0000    0.0000    7.1785   88.3118
  10.0000 31710.0000  235.3191 -999.9000    0.0000    0.0000    7.2641   88.1674
