# 06610 LSMP Payerne Observations at 12Z 30 Jul 2008
# Radiosonde file generated by raso.rb
#
  P [hPa],     Z [m],    T [K],   Td [K],   RH [%], r [g/kg], WS [m/s], WD [deg]
 962.0000   491.0000  298.3742 -999.9000   66.2276   13.6900    2.0819   93.0543
 944.6891   647.8794  296.3648 -999.9000   67.7764   12.6302    4.6363   92.6754
 927.6873   804.7588  295.0226 -999.9000   79.5076   13.9071    2.3533   92.9144
 911.0964   961.6382  293.7765 -999.9000   79.9561   14.4362    0.6563   92.0428
 894.7070  1118.5176  292.8824 -999.9000   79.9468   14.3064    1.6755   90.9797
 878.5406  1275.3970  292.6249 -999.9000   80.0041   13.3485    2.7156   90.6229
 862.6769  1432.2764  291.2798 -999.9000   80.9085   13.5129    2.9970   90.4248
 846.9845  1589.1558  290.0661 -999.9000   80.2216   13.9027    4.6480   90.3491
 831.5533  1746.0352  289.7421 -999.9000   80.6919   13.2228    5.5716   90.3950
 816.3570  1902.9146  288.4467 -999.9000   80.5738   11.9693    6.7117   90.4496
 801.3249  2059.7940  286.8712 -999.9000   80.2882   11.5640    7.3641   90.4939
 786.5365  2216.6734  285.5280 -999.9000   80.1285   10.4184    8.1355   90.5367
 771.9169  2373.5528  284.3046 -999.9000   80.5104    8.7627    9.3446   90.5644
 757.5041  2530.4322  283.2541 -999.9000   80.3728    8.5006    9.8880   90.6155
 743.3854  2687.3116  282.6861 -999.9000   77.7276    7.5803    8.7847   90.6080
 729.2940  2844.1910  281.6182 -999.9000   60.3479    5.5688    8.5407   90.6173
 715.5826  3001.0704  280.5768 -999.9000   50.0938    4.3807   10.1141   90.6971
 702.0616  3157.9497  279.3987 -999.9000   51.5743    4.2344   11.3836   90.7782
 688.7126  3314.8291  277.9264 -999.9000   58.8898    4.4448   11.4552   90.8007
 675.5482  3471.7085  276.3042 -999.9000   68.1799    4.6752   11.6819   90.8205
 662.5494  3628.5879  274.8322 -999.9000   74.1209    4.6607   12.2608   90.8487
 649.7305  3785.4673  273.8267 -999.9000   67.2535    4.0055   12.5242   90.8627
 637.1240  3942.3467  272.9766 -999.9000   55.1306    3.1437   11.8098   90.9118
 624.7467  4099.2261  271.9642 -999.9000   50.1604    2.7055   10.2256   91.0167
 612.5275  4256.1055  270.9056 -999.9000   50.0972    2.5464    9.7545   91.0465
 600.5160  4412.9849  270.2985 -999.9000   38.2153    1.8919    9.9947   91.0390
 588.7253  4569.8643  269.7034 -999.9000   22.7684    1.0986   10.1376   91.0433
 577.1128  4726.7437  268.4099 -999.9000   18.1741    0.8108   10.1464   91.0483
 565.6299  4883.6231  267.5735 -999.9000   17.0441    0.7276   10.0669   91.0538
 554.4053  5040.5025  267.0112 -999.9000   13.5086    0.5634    9.3362   91.1400
 543.3471  5197.3819  266.3353 -999.9000   12.8505    0.5190    8.5164   91.2153
 532.4739  5354.2613  265.3094 -999.9000   22.2253    0.8459    8.8815   91.2112
 521.8251  5511.1407  264.2610 -999.9000   24.0777    0.8613    9.5975   91.1806
 511.3144  5668.0201  263.4693 -999.9000   14.1193    0.4842   10.2400   91.1583
 500.9731  5824.8995  262.1263 -999.9000   13.0043    0.4090   10.9050   91.1344
 490.8286  5981.7789  260.5120 -999.9000   18.4478    0.5200   11.0249   91.1143
 480.7236  6138.6583  259.3944 -999.9000   29.3095    0.7703   11.3260   91.0832
 470.8214  6295.5377  258.1012 -999.9000   31.5842    0.7621   11.3929   91.0728
 461.0900  6452.4171  256.6669 -999.9000   30.9208    0.6762   11.0863   90.9894
 451.4963  6609.2965  255.3569 -999.9000   32.1022    0.6422   10.0525   90.8335
 442.0676  6766.1759  254.2698 -999.9000   32.6823    0.6091    9.1393   90.7116
 432.8253  6923.0553  253.2902 -999.9000   32.4015    0.5674   10.0298   90.6964
 423.7241  7079.9347  251.8631 -999.9000   36.1195    0.5712   10.8954   90.7318
 414.7432  7236.8141  250.1344 -999.9000   41.3606    0.5742   10.6817   90.7585
 405.9174  7393.6935  249.1121 -999.9000   31.9231    0.4138   10.9021   90.7794
 397.1974  7550.5729  247.7947 -999.9000   27.3259    0.3219   11.1651   90.7881
 388.6475  7707.4523  246.3680 -999.9000   31.2599    0.3308   11.3083   90.8405
 380.2876  7864.3317  245.3157 -999.9000   34.9190    0.3433   11.5448   90.9010
 372.0784  8021.2111  244.4598 -999.9000   39.1988    0.3645   11.6998   90.8924
 363.9826  8178.0905  243.6263 -999.9000   45.3379    0.3994   11.6187   90.7526
 356.0087  8334.9698  242.7314 -999.9000   54.5971    0.4529   11.6119   90.7678
 348.2042  8491.8492  241.7944 -999.9000   60.7330    0.5188   12.2260   91.3797
 340.5609  8648.7286  240.8984 -999.9000   65.1306    0.5272   12.4736   91.7004
 333.0575  8805.6080  239.9935 -999.9000   65.7359    0.4852   12.4320   91.6152
 325.6771  8962.4874  238.9796 -999.9000   65.1568    0.4338   12.7470   91.4555
 318.4095  9119.3668  237.7410 -999.9000   65.9443    0.3977   13.6870   91.4682
 311.2701  9276.2462  236.0681 -999.9000   60.8266    0.3338   13.8656   91.4746
 304.2599  9433.1256  234.4632 -999.9000   55.6321    0.2938   14.1099   91.4194
 297.3812  9590.0050  233.3481 -999.9000   50.7771    0.2688   14.6112   91.3896
 290.6045  9746.8844  232.0742 -999.9000   45.5582    0.2331   14.9578   91.3805
 283.9369  9903.7638  230.6539 -999.9000   45.8549    0.2031   15.3518   91.3479
 277.3870 10060.6432  229.1332 -999.9000   45.7037    0.1789   15.7554   91.3074
 270.9631 10217.5226  227.5522 -999.9000   45.6394    0.1538   16.0356   91.2950
 264.6694 10374.4020  225.9857 -999.9000   45.7484    0.1244   16.1020   91.3378
 258.4744 10531.2814  224.7407 -999.9000   45.2555    0.1097   16.2550   91.3756
 252.3757 10688.1608  223.6998 -999.9000   45.5719    0.1034   16.5231   91.3933
 246.3812 10845.0402  222.6342 -999.9000   40.2862    0.0916   16.8240   91.3978
 240.4896 11001.9196  221.4371 -999.9000   35.7245    0.0742   17.1043   91.3965
 234.6950 11158.7990  220.1033 -999.9000   35.9795    0.0604   17.3345   91.3968
 229.0082 11315.6784  218.7292 -999.9000   35.5240    0.0528   17.5095   91.3986
 223.4492 11472.5578  217.4621 -999.9000   34.9977    0.0500   17.6360   91.3982
 218.0236 11629.4372  216.2778 -999.9000   30.1495    0.0480   17.4329   91.4126
 212.6609 11786.3166  214.6270 -999.9000   25.6287    0.0350   15.7503   91.5070
 207.3913 11943.1960  213.8205 -999.9000   23.7949    0.0295   14.5687   91.4951
 202.2510 12100.0754  214.5525 -999.9000   18.0253    0.0410   14.2598   91.5711
 197.2536 12256.9548  215.9810 -999.9000    9.1088    0.0304   12.2549   92.1270
 192.4469 12413.8342  218.4041 -999.9000    2.6488    0.0062   12.6992   91.9985
 187.8076 12570.7136  218.2504 -999.9000    0.2373    0.0003   12.9345   91.9213
 183.2603 12727.5930  217.0440 -999.9000    0.2960    0.0003   12.6339   91.8946
 178.8033 12884.4724  216.6590 -999.9000    0.0000    0.0000   12.3915   91.8603
 174.4458 13041.3518  217.0889 -999.9000    0.0133    0.0000   12.5146   91.7991
 170.1876 13198.2312  217.3390 -999.9000    0.0000    0.0000   13.0295   91.6668
 166.0391 13355.1106  217.5295 -999.9000    0.0000    0.0000   13.6390   91.5392
 162.0101 13511.9899  217.1726 -999.9000    0.0002    0.0000   13.9282   91.4198
 158.0706 13668.8693  216.2041 -999.9000    0.0000    0.0000   13.5360   91.3880
 154.1974 13825.7487  215.3429 -999.9000    0.0000    0.0000   12.3668   91.4693
 150.4126 13982.6281  215.2840 -999.9000    0.0000    0.0000   10.4464   91.5650
 146.7292 14139.5075  216.2164 -999.9000    0.0000    0.0000   10.3634   91.5673
 143.1108 14296.3869  214.4382 -999.9000    0.0000    0.0000   10.2792   91.5696
 139.5597 14453.2663  216.8509 -999.9000    0.0000    0.0000   10.2459   91.5684
 136.1266 14610.1457  214.5062 -999.9000    0.0000    0.0000   10.2385   91.5540
 132.7619 14767.0251  213.6249 -999.9000    0.0000    0.0000   10.2381   91.5347
 129.4754 14923.9045  214.6104 -999.9000    0.0000    0.0000   10.2385   91.5197
 126.2897 15080.7839  215.7054 -999.9000    0.0000    0.0000   10.2306   91.5108
 123.1790 15237.6633  216.9224 -999.9000    0.0000    0.0000   10.2522   91.4644
 120.1481 15394.5427  217.3851 -999.9000    0.0000    0.0000   10.1166   91.3748
 117.2138 15551.4221  216.7305 -999.9000    0.0000    0.0000    9.7639   91.2661
 114.3435 15708.3015  216.6258 -999.9000    0.0000    0.0000    9.4510   91.1464
 111.5416 15865.1809  216.3721 -999.9000    0.0000    0.0000    8.8802   91.1933
 108.8149 16022.0603  217.6748 -999.9000    0.0000    0.0000    8.0768   91.4869
 106.1648 16178.9397  217.7178 -999.9000    0.0000    0.0000    7.6269   91.3484
 103.5767 16335.8191  217.3395 -999.9000    0.0000    0.0000    6.2083   91.9971
 101.0524 16492.6985  219.3720 -999.9000    0.0000    0.0000    1.7427   90.4089
  98.6148 16649.5779  217.9667 -999.9000    0.0000    0.0000    0.9790   90.4014
  96.2203 16806.4573  217.2123 -999.9000    0.0000    0.0000    0.1632   90.4014
  93.8688 16963.3367  216.4815 -999.9000    0.0000    0.0000    1.2549   90.4014
  91.5836 17120.2161  216.3457 -999.9000    0.0000    0.0000    2.1305   90.4014
  89.3567 17277.0955  216.3084 -999.9000    0.0000    0.0000    2.7702   90.4014
  87.1784 17433.9749  215.8218 -999.9000    0.0000    0.0000    3.4706   90.3927
  85.0453 17590.8543  214.9983 -999.9000    0.0000    0.0000    4.3980   90.0754
  82.9608 17747.7337  214.6616 -999.9000    0.0000    0.0000    5.5785   90.9865
  80.9282 17904.6131  215.2954 -999.9000    0.0000    0.0000    6.7285   90.6807
  78.9484 18061.4925  215.9301 -999.9000    0.0000    0.0000    6.6194   90.4907
  77.0217 18218.3719  216.5959 -999.9000    0.0000    0.0000    5.6550   90.6714
  75.1483 18375.2513  217.6501 -999.9000    0.0000    0.0000    4.6901   90.9237
  73.3271 18532.1307  218.7507 -999.9000    0.0000    0.0000    4.0559   91.0464
  71.5556 18689.0101  218.8777 -999.9000    0.0000    0.0000    3.5746   90.9336
  69.8260 18845.8894  217.7664 -999.9000    0.0000    0.0000    2.9404   91.0562
  68.1227 19002.7688  217.4828 -999.9000    0.0000    0.0000    1.7868   91.7656
  66.4601 19159.6482  217.8421 -999.9000    0.0000    0.0000    0.7450   89.5288
  64.8418 19316.5276  218.3376 -999.9000    0.0000    0.0000    0.4255   87.4851
  63.2670 19473.4070  218.7554 -999.9000    0.0000    0.0000    0.9589   87.9468
  61.7318 19630.2864  219.3334 -999.9000    0.0000    0.0000    1.5370   88.3028
  60.2355 19787.1658  219.5654 -999.9000    0.0000    0.0000    2.2733   88.5476
  58.7762 19944.0452  219.2909 -999.9000    0.0000    0.0000    3.1086   88.9105
  57.3501 20100.9246  218.9359 -999.9000    0.0000    0.0000    3.5388   89.0671
  55.9562 20257.8040  218.6944 -999.9000    0.0000    0.0000    3.4670   88.9446
  54.5968 20414.6834  218.4867 -999.9000    0.0000    0.0000    3.2588   88.7725
  53.2731 20571.5628  218.4646 -999.9000    0.0000    0.0000    3.0777   88.6461
  51.9860 20728.4422  218.9386 -999.9000    0.0000    0.0000    2.9411   88.5640
  50.7361 20885.3216  220.2222 -999.9000    0.0000    0.0000    2.8637   88.5228
  49.5229 21042.2010  222.0266 -999.9000    0.0000    0.0000    2.8294   88.5126
  48.3394 21199.0804  221.4417 -999.9000    0.0000    0.0000    3.1880   88.5757
  47.1874 21355.9598  221.5432 -999.9000    0.0000    0.0000    4.3385   88.7747
  46.0647 21512.8392  221.9690 -999.9000    0.0000    0.0000    5.3963   88.9472
  44.9691 21669.7186  222.2399 -999.9000    0.0000    0.0000    5.6285   88.9570
  43.8989 21826.5980  222.2926 -999.9000    0.0000    0.0000    5.2671   88.8369
  42.8525 21983.4774  222.1877 -999.9000    0.0000    0.0000    4.8282   88.6697
  41.8295 22140.3568  221.9729 -999.9000    0.0000    0.0000    4.6004   88.5214
  40.8309 22297.2362  221.6764 -999.9000    0.0000    0.0000    4.5209   88.4316
  39.8584 22454.1156  221.3274 -999.9000    0.0000    0.0000    4.4977   88.4374
  38.9104 22610.9950  221.7521 -999.9000    0.0000    0.0000    4.6780   88.5046
  37.9838 22767.8744  223.0439 -999.9000    0.0000    0.0000    5.1179   88.5579
  37.0791 22924.7538  223.7663 -999.9000    0.0000    0.0000    5.4856   88.6106
  36.1962 23081.6332  223.8879 -999.9000    0.0000    0.0000    5.7646   88.6649
  35.3349 23238.5126  223.6265 -999.9000    0.0000    0.0000    5.9941   88.7211
  34.4951 23395.3920  223.1995 -999.9000    0.0000    0.0000    6.2135   88.7793
  33.6765 23552.2714  222.8243 -999.9000    0.0000    0.0000    6.4620   88.8396
  32.8792 23709.1508  222.7184 -999.9000    0.0000    0.0000    6.7792   88.9021
  32.1025 23866.0302  223.0238 -999.9000    0.0000    0.0000    7.1770   88.9664
  31.3447 24022.9095  223.6025 -999.9000    0.0000    0.0000    7.5668   89.0294
  30.6036 24179.7889  224.2525 -999.9000    0.0000    0.0000    7.8371   89.0878
  29.8779 24336.6683  224.7461 -999.9000    0.0000    0.0000    7.8959   89.1301
  29.1715 24493.5477  224.7937 -999.9000    0.0000    0.0000    7.8471   89.0898
  28.4842 24650.4271  224.6430 -999.9000    0.0000    0.0000    7.7432   88.9796
  27.8138 24807.3065  224.6628 -999.9000    0.0000    0.0000    7.5980   88.8366
  27.1583 24964.1859  225.2197 -999.9000    0.0000    0.0000    7.4252   88.6979
  26.5173 25121.0653  226.3753 -999.9000    0.0000    0.0000    7.2453   88.5852
  25.8939 25277.9447  227.5416 -999.9000    0.0000    0.0000    7.0933   88.4883
  25.2914 25434.8241  228.0483 -999.9000    0.0000    0.0000    7.0060   88.3927
  24.7096 25591.7035  227.5292 -999.9000    0.0000    0.0000    7.0649   88.3136
  24.1354 25748.5829  226.9701 -999.9000    0.0000    0.0000    7.4308   88.3442
  23.5706 25905.4623  226.7040 -999.9000    0.0000    0.0000    8.0062   88.4419
  23.0189 26062.3417  226.9404 -999.9000    0.0000    0.0000    8.6662   88.5480
  22.4826 26219.2211  227.7449 -999.9000    0.0000    0.0000    9.3104   88.6216
  21.9608 26376.1005  228.8118 -999.9000    0.0000    0.0000    9.9003   88.6692
  21.4521 26532.9799  229.7766 -999.9000    0.0000    0.0000   10.4078   88.7041
  20.9548 26689.8593  230.2745 -999.9000    0.0000    0.0000   10.8046   88.7401
  20.4676 26846.7387  229.9409 -999.9000    0.0000    0.0000   11.0622   88.7908
  19.9891 27003.6181  228.4465 -999.9000    0.0000    0.0000   11.1456   88.8671
  19.5243 27160.4975  227.5130 -999.9000    0.0000    0.0000   10.6929   88.8331
  19.0752 27317.3769  227.9280 -999.9000    0.0000    0.0000    9.7764   88.6652
  18.6391 27474.2563  229.1112 -999.9000    0.0000    0.0000    8.7906   88.4541
  18.2135 27631.1357  230.4828 -999.9000    0.0000    0.0000    8.1300   88.2905
  17.7959 27788.0151  231.4715 -999.9000    0.0000    0.0000    8.1664   88.2601
  17.3864 27944.8945  231.7308 -999.9000    0.0000    0.0000    8.7208   88.3267
  16.9866 28101.7739  231.2869 -999.9000    0.0000    0.0000    9.3122   88.3867
  16.5963 28258.6533  230.4367 -999.9000    0.0000    0.0000    9.9060   88.4341
  16.2153 28415.5327  229.5045 -999.9000    0.0000    0.0000   10.5166   88.4734
  15.8432 28572.4121  228.8142 -999.9000    0.0000    0.0000   11.1588   88.5095
  15.4798 28729.2915  228.6839 -999.9000    0.0000    0.0000   11.8452   88.5468
  15.1246 28886.1709  229.0751 -999.9000    0.0000    0.0000   12.4734   88.5881
  14.7769 29043.0503  229.4312 -999.9000    0.0000    0.0000   12.7800   88.6333
  14.4368 29199.9296  229.5885 -999.9000    0.0000    0.0000   12.7000   88.6841
  14.1043 29356.8090  229.6848 -999.9000    0.0000    0.0000   12.3150   88.7433
  13.7798 29513.6884  229.8636 -999.9000    0.0000    0.0000   11.7096   88.8140
  13.4633 29670.5678  230.2688 -999.9000    0.0000    0.0000   10.9681   88.8992
  13.1552 29827.4472  231.0439 -999.9000    0.0000    0.0000   10.1752   89.0018
  12.8555 29984.3266  232.2758 -999.9000    0.0000    0.0000    9.4132   89.1215
  12.5638 30141.2060  233.6523 -999.9000    0.0000    0.0000    8.7502   89.2343
  12.2794 30298.0854  234.6917 -999.9000    0.0000    0.0000    8.2484   89.3059
  12.0018 30454.9648  234.9117 -999.9000    0.0000    0.0000    7.9700   89.3022
  11.7304 30611.8442  234.0847 -999.9000    0.0000    0.0000    7.9361   89.2026
  11.4650 30768.7236  233.0225 -999.9000    0.0000    0.0000    8.0013   89.0420
  11.2056 30925.6030  232.8018 -999.9000    0.0000    0.0000    7.9783   88.8691
  10.9522 31082.4824  234.0749 -999.9000    0.0000    0.0000    7.7468   88.7216
  10.7056 31239.3618  235.6817 -999.9000    0.0000    0.0000    7.4763   88.5894
  10.4661 31396.2412  236.3044 -999.9000    0.0000    0.0000    7.3637   88.4534
  10.2318 31553.1206  236.0232 -999.9000    0.0000    0.0000    7.3947   88.3118
  10.0000 31710.0000  235.2932 -999.9000    0.0000    0.0000    7.4985   88.1674
