# 06610 LSMP Payerne Observations at 12Z 30 Jul 2008
# Radiosonde file generated by raso.rb
#
  P [hPa],     Z [m],    T [K],   Td [K],   RH [%], r [g/kg], WS [m/s], WD [deg]
 962.0000   491.0000  298.3042 -999.9000   66.1757   13.6900    2.6282   93.0543
 944.6891   647.8794  296.3231 -999.9000   67.7444   12.6302    5.0237   92.6754
 927.6873   804.7588  295.0038 -999.9000   79.4922   13.9071    2.5944   92.9144
 911.0964   961.6382  293.7757 -999.9000   79.9605   14.4362    0.7632   92.0428
 894.7070  1118.5176  292.8949 -999.9000   79.9686   14.3064    1.6599   90.9797
 878.5406  1275.3970  292.6460 -999.9000   80.0412   13.3485    2.5888   90.6229
 862.6769  1432.2764  291.3052 -999.9000   80.9592   13.5129    2.7700   90.4248
 846.9845  1589.1558  290.0918 -999.9000   80.2829   13.9027    4.3313   90.3491
 831.5533  1746.0352  289.7645 -999.9000   80.7625   13.2228    5.1753   90.3950
 816.3570  1902.9146  288.4620 -999.9000   80.6513   11.9693    6.2455   90.4496
 801.3249  2059.7940  286.8762 -999.9000   80.3707   11.5640    6.8374   90.4939
 786.5365  2216.6734  285.5196 -999.9000   80.2142   10.4184    7.5573   90.5367
 771.9169  2373.5528  284.2800 -999.9000   80.5984    8.7627    8.7233   90.5644
 757.5041  2530.4322  283.2107 -999.9000   80.4609    8.5006    9.2318   90.6155
 743.3854  2687.3116  282.6216 -999.9000   77.8117    7.5803    8.1012   90.6080
 729.2940  2844.1910  281.5307 -999.9000   60.4112    5.5688    7.8373   90.6173
 715.5826  3001.0704  280.4643 -999.9000   50.1440    4.3807    9.3978   90.6971
 702.0616  3157.9497  279.2597 -999.9000   51.6227    4.2344   10.6608   90.7782
 688.7126  3314.8291  277.7595 -999.9000   58.9405    4.4448   10.7321   90.8007
 675.5482  3471.7085  276.1083 -999.9000   68.2325    4.6752   10.9642   90.8205
 662.5494  3628.5879  274.6065 -999.9000   74.1706    4.6607   11.5538   90.8487
 649.7305  3785.4673  273.5706 -999.9000   67.2911    4.0055   11.8329   90.8627
 637.1240  3942.3467  272.6899 -999.9000   55.1548    3.1437   11.1387   90.9118
 624.7467  4099.2261  271.6467 -999.9000   50.1760    2.7055    9.5788   91.0167
 612.5275  4256.1055  270.5573 -999.9000   50.1060    2.5464    9.1357   91.0465
 600.5160  4412.9849  269.9201 -999.9000   38.2166    1.8919    9.4072   91.0390
 588.7253  4569.8643  269.2953 -999.9000   22.7658    1.0986    9.5844   91.0433
 577.1128  4726.7437  267.9731 -999.9000   18.1694    0.8108    9.6300   91.0483
 565.6299  4883.6231  267.1091 -999.9000   17.0371    0.7276    9.5894   91.0538
 554.4053  5040.5025  266.5206 -999.9000   13.5010    0.5634    8.8993   91.1400
 543.3471  5197.3819  265.8202 -999.9000   12.8413    0.5190    8.1214   91.2153
 532.4739  5354.2613  264.7715 -999.9000   22.2061    0.8459    8.5294   91.2112
 521.8251  5511.1407  263.7026 -999.9000   24.0532    0.8613    9.2887   91.1806
 511.3144  5668.0201  262.8927 -999.9000   14.1029    0.4842    9.9747   91.1583
 500.9731  5824.8995  261.5341 -999.9000   12.9873    0.4090   10.6830   91.1344
 490.8286  5981.7789  259.9071 -999.9000   18.4213    0.5200   10.8454   91.1143
 480.7236  6138.6583  258.7799 -999.9000   29.2636    0.7703   11.1879   91.0832
 470.8214  6295.5377  257.4805 -999.9000   31.5310    0.7621   11.2948   91.0728
 461.0900  6452.4171  256.0435 -999.9000   30.8652    0.6762   11.0263   90.9894
 451.4963  6609.2965  254.7347 -999.9000   32.0412    0.6422   10.0283   90.8335
 442.0676  6766.1759  253.6530 -999.9000   32.6173    0.6091    9.1482   90.7116
 432.8253  6923.0553  252.6831 -999.9000   32.3346    0.5674   10.0688   90.6964
 423.7241  7079.9347  251.2702 -999.9000   36.0425    0.5712   10.9608   90.7318
 414.7432  7236.8141  249.5606 -999.9000   41.2704    0.5742   10.7698   90.7585
 405.9174  7393.6935  248.5626 -999.9000   31.8524    0.4138   11.0085   90.7794
 397.1974  7550.5729  247.2746 -999.9000   27.2649    0.3219   11.2853   90.7881
 388.6475  7707.4523  245.8823 -999.9000   31.1901    0.3308   11.4378   90.8405
 380.2876  7864.3317  244.8687 -999.9000   34.8415    0.3433   11.6794   90.9010
 372.0784  8021.2111  244.0552 -999.9000   39.1128    0.3645   11.8356   90.8924
 363.9826  8178.0905  243.2672 -999.9000   45.2404    0.3994   11.7523   90.7526
 356.0087  8334.9698  242.4205 -999.9000   54.4823    0.4529   11.7402   90.7678
 348.2042  8491.8492  241.5335 -999.9000   60.6089    0.5188   12.3463   91.3797
 340.5609  8648.7286  240.6889 -999.9000   65.0019    0.5272   12.5834   91.7004
 333.0575  8805.6080  239.8362 -999.9000   65.6109    0.4852   12.5293   91.6152
 325.6771  8962.4874  238.8746 -999.9000   65.0381    0.4338   12.8301   91.4555
 318.4095  9119.3668  237.6878 -999.9000   65.8296    0.3977   13.7545   91.4682
 311.2701  9276.2462  236.0658 -999.9000   60.7260    0.3338   13.9165   91.4746
 304.2599  9433.1256  234.5100 -999.9000   55.5449    0.2938   14.1436   91.4194
 297.3812  9590.0050  233.4419 -999.9000   50.7020    0.2688   14.6273   91.3896
 290.6045  9746.8844  232.2122 -999.9000   45.4947    0.2331   14.9563   91.3805
 283.9369  9903.7638  230.8325 -999.9000   45.7947    0.2031   15.3331   91.3479
 277.3870 10060.6432  229.3485 -999.9000   45.6472    0.1789   15.7203   91.3074
 270.9631 10217.5226  227.7996 -999.9000   45.5864    0.1538   15.9851   91.2950
 264.6694 10374.4020  226.2599 -999.9000   45.6982    0.1244   16.0376   91.3378
 258.4744 10531.2814  225.0360 -999.9000   45.2084    0.1097   16.1785   91.3756
 252.3757 10688.1608  224.0097 -999.9000   45.5267    0.1034   16.4366   91.3933
 246.3812 10845.0402  222.9518 -999.9000   40.2476    0.0916   16.7300   91.3978
 240.4896 11001.9196  221.7547 -999.9000   35.6911    0.0742   17.0055   91.3965
 234.6950 11158.7990  220.4137 -999.9000   35.9464    0.0604   17.2338   91.3968
 229.0082 11315.6784  219.0254 -999.9000   35.4913    0.0528   17.4094   91.3986
 223.4492 11472.5578  217.7380 -999.9000   34.9652    0.0500   17.5389   91.3982
 218.0236 11629.4372  216.5276 -999.9000   30.1210    0.0480   17.3408   91.4126
 212.6609 11786.3166  214.8457 -999.9000   25.6040    0.0350   15.6651   91.5070
 207.3913 11943.1960  214.0036 -999.9000   23.7712    0.0295   14.4920   91.4951
 202.2510 12100.0754  214.6963 -999.9000   18.0069    0.0410   14.1931   91.5711
 197.2536 12256.9548  216.0820 -999.9000    9.0992    0.0304   12.1991   92.1270
 192.4469 12413.8342  218.4596 -999.9000    2.6459    0.0062   12.6555   91.9985
 187.8076 12570.7136  218.2582 -999.9000    0.2371    0.0003   12.9035   91.9213
 183.2603 12727.5930  217.0026 -999.9000    0.2957    0.0003   12.6161   91.8946
 178.8033 12884.4724  216.5676 -999.9000    0.0000    0.0000   12.3871   91.8603
 174.4458 13041.3518  216.9469 -999.9000    0.0133    0.0000   12.5236   91.7991
 170.1876 13198.2312  217.1467 -999.9000    0.0000    0.0000   13.0517   91.6668
 166.0391 13355.1106  217.2876 -999.9000    0.0000    0.0000   13.6739   91.5392
 162.0101 13511.9899  216.8826 -999.9000    0.0002    0.0000   13.9750   91.4198
 158.0706 13668.8693  215.8678 -999.9000    0.0000    0.0000   13.5939   91.3880
 154.1974 13825.7487  214.9629 -999.9000    0.0000    0.0000   12.4347   91.4693
 150.4126 13982.6281  214.8635 -999.9000    0.0000    0.0000   10.5228   91.5650
 146.7292 14139.5075  215.7591 -999.9000    0.0000    0.0000   10.4467   91.5673
 143.1108 14296.3869  213.9483 -999.9000    0.0000    0.0000   10.3676   91.5696
 139.5597 14453.2663  216.3335 -999.9000    0.0000    0.0000   10.3372   91.5684
 136.1266 14610.1457  213.9661 -999.9000    0.0000    0.0000   10.3307   91.5540
 132.7619 14767.0251  213.0668 -999.9000    0.0000    0.0000   10.3292   91.5347
 129.4754 14923.9045  214.0389 -999.9000    0.0000    0.0000   10.3269   91.5197
 126.2897 15080.7839  215.1247 -999.9000    0.0000    0.0000   10.3146   91.5108
 123.1790 15237.6633  216.3363 -999.9000    0.0000    0.0000   10.3304   91.4644
 120.1481 15394.5427  216.7974 -999.9000    0.0000    0.0000   10.1879   91.3748
 117.2138 15551.4221  216.1447 -999.9000    0.0000    0.0000    9.8271   91.2661
 114.3435 15708.3015  216.0449 -999.9000    0.0000    0.0000    9.5054   91.1464
 111.5416 15865.1809  215.7991 -999.9000    0.0000    0.0000    8.9250   91.1933
 108.8149 16022.0603  217.1123 -999.9000    0.0000    0.0000    8.1116   91.4869
 106.1648 16178.9397  217.1683 -999.9000    0.0000    0.0000    7.6513   91.3484
 103.5767 16335.8191  216.8049 -999.9000    0.0000    0.0000    6.2222   91.9971
 101.0524 16492.6985  218.8543 -999.9000    0.0000    0.0000    1.7460   90.4089
  98.6148 16649.5779  217.4674 -999.9000    0.0000    0.0000    0.9720   90.4014
  96.2203 16806.4573  216.7328 -999.9000    0.0000    0.0000    0.1462   90.4014
  93.8688 16963.3367  216.0228 -999.9000    0.0000    0.0000    1.2285   90.4014
  91.5836 17120.2161  215.9087 -999.9000    0.0000    0.0000    2.0954   90.4014
  89.3567 17277.0955  215.8936 -999.9000    0.0000    0.0000    2.7273   90.4014
  87.1784 17433.9749  215.4294 -999.9000    0.0000    0.0000    3.4210   90.3927
  85.0453 17590.8543  214.6284 -999.9000    0.0000    0.0000    4.3429   90.0754
  82.9608 17747.7337  214.3138 -999.9000    0.0000    0.0000    5.5194   90.9865
  80.9282 17904.6131  214.9693 -999.9000    0.0000    0.0000    6.6670   90.6807
  78.9484 18061.4925  215.6250 -999.9000    0.0000    0.0000    6.5571   90.4907
  77.0217 18218.3719  216.3111 -999.9000    0.0000    0.0000    5.5932   90.6714
  75.1483 18375.2513  217.3847 -999.9000    0.0000    0.0000    4.6303   90.9237
  73.3271 18532.1307  218.5037 -999.9000    0.0000    0.0000    3.9990   91.0464
  71.5556 18689.0101  218.6482 -999.9000    0.0000    0.0000    3.5214   90.9336
  69.8260 18845.8894  217.5532 -999.9000    0.0000    0.0000    2.8916   91.0562
  68.1227 19002.7688  217.2849 -999.9000    0.0000    0.0000    1.7429   91.7656
  66.4601 19159.6482  217.6581 -999.9000    0.0000    0.0000    0.7063   89.5288
  64.8418 19316.5276  218.1662 -999.9000    0.0000    0.0000    0.3921   87.4851
  63.2670 19473.4070  218.5953 -999.9000    0.0000    0.0000    0.9307   87.9468
  61.7318 19630.2864  219.1831 -999.9000    0.0000    0.0000    1.5137   88.3028
  60.2355 19787.1658  219.4234 -999.9000    0.0000    0.0000    2.2545   88.5476
  58.7762 19944.0452  219.1554 -999.9000    0.0000    0.0000    3.0936   88.9105
  57.3501 20100.9246  218.8053 -999.9000    0.0000    0.0000    3.5267   89.0671
  55.9562 20257.8040  218.5669 -999.9000    0.0000    0.0000    3.4567   88.9446
  54.5968 20414.6834  218.3604 -999.9000    0.0000    0.0000    3.2491   88.7725
  53.2731 20571.5628  218.3376 -999.9000    0.0000    0.0000    3.0673   88.6461
  51.9860 20728.4422  218.8089 -999.9000    0.0000    0.0000    2.9283   88.5640
  50.7361 20885.3216  220.0877 -999.9000    0.0000    0.0000    2.8467   88.5228
  49.5229 21042.2010  221.8850 -999.9000    0.0000    0.0000    2.8062   88.5126
  48.3394 21199.0804  221.2908 -999.9000    0.0000    0.0000    3.1564   88.5757
  47.1874 21355.9598  221.3808 -999.9000    0.0000    0.0000    4.2962   88.7747
  46.0647 21512.8392  221.7927 -999.9000    0.0000    0.0000    5.3408   88.9472
  44.9691 21669.7186  222.0477 -999.9000    0.0000    0.0000    5.5576   88.9570
  43.8989 21826.5980  222.0829 -999.9000    0.0000    0.0000    5.1789   88.8369
  42.8525 21983.4774  221.9591 -999.9000    0.0000    0.0000    4.7209   88.6697
  41.8295 22140.3568  221.7243 -999.9000    0.0000    0.0000    4.4726   88.5214
  40.8309 22297.2362  221.4070 -999.9000    0.0000    0.0000    4.3712   88.4316
  39.8584 22454.1156  221.0368 -999.9000    0.0000    0.0000    4.3251   88.4374
  38.9104 22610.9950  221.4402 -999.9000    0.0000    0.0000    4.4816   88.5046
  37.9838 22767.8744  222.7107 -999.9000    0.0000    0.0000    4.8972   88.5579
  37.0791 22924.7538  223.4122 -999.9000    0.0000    0.0000    5.2402   88.6106
  36.1962 23081.6332  223.5138 -999.9000    0.0000    0.0000    5.4944   88.6649
  35.3349 23238.5126  223.2334 -999.9000    0.0000    0.0000    5.6992   88.7211
  34.4951 23395.3920  222.7886 -999.9000    0.0000    0.0000    5.8943   88.7793
  33.6765 23552.2714  222.3974 -999.9000    0.0000    0.0000    6.1189   88.8396
  32.8792 23709.1508  222.2775 -999.9000    0.0000    0.0000    6.4130   88.9021
  32.1025 23866.0302  222.5710 -999.9000    0.0000    0.0000    6.7888   88.9664
  31.3447 24022.9095  223.1405 -999.9000    0.0000    0.0000    7.1578   89.0294
  30.6036 24179.7889  223.7841 -999.9000    0.0000    0.0000    7.4088   89.0878
  29.8779 24336.6683  224.2744 -999.9000    0.0000    0.0000    7.4499   89.1301
  29.1715 24493.5477  224.3222 -999.9000    0.0000    0.0000    7.3854   89.0898
  28.4842 24650.4271  224.1756 -999.9000    0.0000    0.0000    7.2679   88.9796
  27.8138 24807.3065  224.2034 -999.9000    0.0000    0.0000    7.1116   88.8366
  27.1583 24964.1859  224.7727 -999.9000    0.0000    0.0000    6.9301   88.6979
  26.5173 25121.0653  225.9444 -999.9000    0.0000    0.0000    6.7439   88.5852
  25.8939 25277.9447  227.1307 -999.9000    0.0000    0.0000    6.5879   88.4883
  25.2914 25434.8241  227.6606 -999.9000    0.0000    0.0000    6.4987   88.3927
  24.7096 25591.7035  227.1680 -999.9000    0.0000    0.0000    6.5574   88.3136
  24.1354 25748.5829  226.6381 -999.9000    0.0000    0.0000    6.9251   88.3442
  23.5706 25905.4623  226.4037 -999.9000    0.0000    0.0000    7.5039   88.4419
  23.0189 26062.3417  226.6741 -999.9000    0.0000    0.0000    8.1688   88.5480
  22.4826 26219.2211  227.5146 -999.9000    0.0000    0.0000    8.8192   88.6216
  21.9608 26376.1005  228.6192 -999.9000    0.0000    0.0000    9.4166   88.6692
  21.4521 26532.9799  229.6230 -999.9000    0.0000    0.0000    9.9326   88.7041
  20.9548 26689.8593  230.1611 -999.9000    0.0000    0.0000   10.3386   88.7401
  20.4676 26846.7387  229.8685 -999.9000    0.0000    0.0000   10.6064   88.7908
  19.9891 27003.6181  228.4156 -999.9000    0.0000    0.0000   10.7004   88.8671
  19.5243 27160.4975  227.5239 -999.9000    0.0000    0.0000   10.2589   88.8331
  19.0752 27317.3769  227.9806 -999.9000    0.0000    0.0000    9.3539   88.6652
  18.6391 27474.2563  229.2053 -999.9000    0.0000    0.0000    8.3796   88.4541
  18.2135 27631.1357  230.6177 -999.9000    0.0000    0.0000    7.7306   88.2905
  17.7959 27788.0151  231.6464 -999.9000    0.0000    0.0000    7.7784   88.2601
  17.3864 27944.8945  231.9444 -999.9000    0.0000    0.0000    8.3440   88.3267
  16.9866 28101.7739  231.5379 -999.9000    0.0000    0.0000    8.9460   88.3867
  16.5963 28258.6533  230.7233 -999.9000    0.0000    0.0000    9.5499   88.4341
  16.2153 28415.5327  229.8246 -999.9000    0.0000    0.0000   10.1698   88.4734
  15.8432 28572.4121  229.1656 -999.9000    0.0000    0.0000   10.8205   88.5095
  15.4798 28729.2915  229.0640 -999.9000    0.0000    0.0000   11.5143   88.5468
  15.1246 28886.1709  229.4809 -999.9000    0.0000    0.0000   12.1488   88.5881
  14.7769 29043.0503  229.8597 -999.9000    0.0000    0.0000   12.4602   88.6333
  14.4368 29199.9296  230.0361 -999.9000    0.0000    0.0000   12.3836   88.6841
  14.1043 29356.8090  230.1478 -999.9000    0.0000    0.0000   12.0003   88.7433
  13.7798 29513.6884  230.3381 -999.9000    0.0000    0.0000   11.3948   88.8140
  13.4633 29670.5678  230.7504 -999.9000    0.0000    0.0000   10.6514   88.8992
  13.1552 29827.4472  231.5280 -999.9000    0.0000    0.0000    9.8544   89.0018
  12.8555 29984.3266  232.7576 -999.9000    0.0000    0.0000    9.0860   89.1215
  12.5638 30141.2060  234.1265 -999.9000    0.0000    0.0000    8.4144   89.2343
  12.2794 30298.0854  235.1530 -999.9000    0.0000    0.0000    7.9014   89.3059
  12.0018 30454.9648  235.3543 -999.9000    0.0000    0.0000    7.6090   89.3022
  11.7304 30611.8442  234.5026 -999.9000    0.0000    0.0000    7.5583   89.2026
  11.4650 30768.7236  233.4093 -999.9000    0.0000    0.0000    7.6038   89.0420
  11.2056 30925.6030  233.1511 -999.9000    0.0000    0.0000    7.5579   88.8691
  10.9522 31082.4824  234.3797 -999.9000    0.0000    0.0000    7.3004   88.7216
  10.7056 31239.3618  235.9349 -999.9000    0.0000    0.0000    7.0003   88.5894
  10.4661 31396.2412  236.4985 -999.9000    0.0000    0.0000    6.8545   88.4534
  10.2318 31553.1206  236.1505 -999.9000    0.0000    0.0000    6.8487   88.3118
  10.0000 31710.0000  235.3458 -999.9000    0.0000    0.0000    6.9116   88.1674
