# 06610 LSMP Payerne Observations at 12Z 30 Jul 2008
# Radiosonde file generated by raso.rb
#
  P [hPa],     Z [m],    T [K],   Td [K],   RH [%], r [g/kg], WS [m/s], WD [deg]
 962.0000   491.0000  298.1520 -999.9000   66.2125   13.6900    2.0550   93.0543
 944.6891   647.8794  296.1161 -999.9000   67.7754   12.6302    4.5399   92.6754
 927.6873   804.7588  294.7487 -999.9000   79.5216   13.9071    2.1926   92.9144
 911.0964   961.6382  293.4787 -999.9000   79.9838   14.4362    0.4362   92.0428
 894.7070  1118.5176  292.5621 -999.9000   79.9863   14.3064    1.4009   90.9797
 878.5406  1275.3970  292.2833 -999.9000   80.0541   13.3485    2.3911   90.6229
 862.6769  1432.2764  290.9180 -999.9000   80.9679   13.5129    2.6273   90.4248
 846.9845  1589.1558  289.6854 -999.9000   80.2880   13.9027    4.2375   90.3491
 831.5533  1746.0352  289.3439 -999.9000   80.7646   13.2228    5.1245   90.3950
 816.3570  1902.9146  288.0320 -999.9000   80.6511   11.9693    6.2323   90.4496
 801.3249  2059.7940  286.4412 -999.9000   80.3687   11.5640    6.8563   90.4939
 786.5365  2216.6734  285.0839 -999.9000   80.2111   10.4184    7.6032   90.5367
 771.9169  2373.5528  283.8475 -999.9000   80.5945    8.7627    8.7915   90.5644
 757.5041  2530.4322  282.7851 -999.9000   80.4569    8.5006    9.3176   90.6155
 743.3854  2687.3116  282.2064 -999.9000   77.8081    7.5803    8.2005   90.6080
 729.2940  2844.1910  281.1289 -999.9000   60.4090    5.5688    7.9460   90.6173
 715.5826  3001.0704  280.0789 -999.9000   50.1429    4.3807    9.5121   90.6971
 702.0616  3157.9497  278.8933 -999.9000   51.6226    4.2344   10.7772   90.7782
 688.7126  3314.8291  277.4145 -999.9000   58.9420    4.4448   10.8473   90.8007
 675.5482  3471.7085  275.7868 -999.9000   68.2362    4.6752   11.0753   90.8205
 662.5494  3628.5879  274.3104 -999.9000   74.1771    4.6607   11.6580   90.8487
 649.7305  3785.4673  273.3014 -999.9000   67.2996    4.0055   11.9277   90.8627
 637.1240  3942.3467  272.4489 -999.9000   55.1641    3.1437   11.2219   90.9118
 624.7467  4099.2261  271.4350 -999.9000   50.1867    2.7055    9.6484   91.0167
 612.5275  4256.1055  270.3757 -999.9000   50.1191    2.5464    9.1901   91.0465
 600.5160  4412.9849  269.7690 -999.9000   38.2285    1.8919    9.4448   91.0390
 588.7253  4569.8643  269.1751 -999.9000   22.7742    1.0986    9.6042   91.0433
 577.1128  4726.7437  267.8837 -999.9000   18.1771    0.8108    9.6309   91.0483
 565.6299  4883.6231  267.0503 -999.9000   17.0452    0.7276    9.5708   91.0538
 554.4053  5040.5025  266.4918 -999.9000   13.5082    0.5634    8.8608   91.1400
 543.3471  5197.3819  265.8207 -999.9000   12.8490    0.5190    8.0629   91.2153
 532.4739  5354.2613  264.8002 -999.9000   22.2208    0.8459    8.4509   91.2112
 521.8251  5511.1407  263.7581 -999.9000   24.0706    0.8613    9.1907   91.1806
 511.3144  5668.0201  262.9735 -999.9000   14.1140    0.4842    9.8578   91.1583
 500.9731  5824.8995  261.6383 -999.9000   12.9984    0.4090   10.5480   91.1344
 490.8286  5981.7789  260.0327 -999.9000   18.4381    0.5200   10.6935   91.1143
 480.7236  6138.6583  258.9244 -999.9000   29.2921    0.7703   11.0205   91.0832
 470.8214  6295.5377  257.6413 -999.9000   31.5636    0.7621   11.1135   91.0728
 461.0900  6452.4171  256.2177 -999.9000   30.8990    0.6762   10.8331   90.9894
 451.4963  6609.2965  254.9191 -999.9000   32.0783    0.6422    9.8254   90.8335
 442.0676  6766.1759  253.8441 -999.9000   32.6568    0.6091    8.9380   90.7116
 432.8253  6923.0553  252.8774 -999.9000   32.3756    0.5674    9.8539   90.6964
 423.7241  7079.9347  251.4636 -999.9000   36.0902    0.5712   10.7443   90.7318
 414.7432  7236.8141  249.7489 -999.9000   41.3270    0.5742   10.5548   90.7585
 405.9174  7393.6935  248.7413 -999.9000   31.8977    0.4138   10.7986   90.7794
 397.1974  7550.5729  247.4390 -999.9000   27.3049    0.3219   11.0841   90.7881
 388.6475  7707.4523  246.0280 -999.9000   31.2371    0.3308   11.2488   90.8405
 380.2876  7864.3317  244.9918 -999.9000   34.8954    0.3433   11.5058   90.9010
 372.0784  8021.2111  244.1524 -999.9000   39.1747    0.3645   11.6803   90.8924
 363.9826  8178.0905  243.3354 -999.9000   45.3134    0.3994   11.6176   90.7526
 356.0087  8334.9698  242.4574 -999.9000   54.5718    0.4529   11.6283   90.7678
 348.2042  8491.8492  241.5373 -999.9000   60.7100    0.5188   12.2589   91.3797
 340.5609  8648.7286  240.6581 -999.9000   65.1117    0.5272   12.5219   91.7004
 333.0575  8805.6080  239.7699 -999.9000   65.7229    0.4852   12.4949   91.6152
 325.6771  8962.4874  238.7726 -999.9000   65.1500    0.4338   12.8233   91.4555
 318.4095  9119.3668  237.5501 -999.9000   65.9435    0.3977   13.7757   91.4682
 311.2701  9276.2462  235.8930 -999.9000   60.8315    0.3338   13.9657   91.4746
 304.2599  9433.1256  234.3034 -999.9000   55.6416    0.2938   14.2204   91.4194
 297.3812  9590.0050  233.2031 -999.9000   50.7901    0.2688   14.7310   91.3896
 290.6045  9746.8844  231.9433 -999.9000   45.5735    0.2331   15.0859   91.3805
 283.9369  9903.7638  230.5363 -999.9000   45.8737    0.2031   15.4872   91.3479
 277.3870 10060.6432  229.0280 -999.9000   45.7253    0.1789   15.8970   91.3074
 270.9631 10217.5226  227.4586 -999.9000   45.6636    0.1538   16.1825   91.2950
 264.6694 10374.4020  225.9026 -999.9000   45.7746    0.1244   16.2530   91.3378
 258.4744 10531.2814  224.6671 -999.9000   45.2828    0.1097   16.4091   91.3756
 252.3757 10688.1608  223.6343 -999.9000   45.6002    0.1034   16.6792   91.3933
 246.3812 10845.0402  222.5757 -999.9000   40.3113    0.0916   16.9812   91.3978
 240.4896 11001.9196  221.3841 -999.9000   35.7462    0.0742   17.2614   91.3965
 234.6950 11158.7990  220.0545 -999.9000   36.0003    0.0604   17.4905   91.3968
 229.0082 11315.6784  218.6834 -999.9000   35.5429    0.0528   17.6635   91.3986
 223.4492 11472.5578  217.4180 -999.9000   35.0143    0.0500   17.7871   91.3982
 218.0236 11629.4372  216.2344 -999.9000   30.1618    0.0480   17.5803   91.4126
 212.6609 11786.3166  214.5833 -999.9000   25.6372    0.0350   15.8933   91.5070
 207.3913 11943.1960  213.7757 -999.9000   23.8008    0.0295   14.7066   91.4951
 202.2510 12100.0754  214.5059 -999.9000   18.0283    0.0410   14.3921   91.5711
 197.2536 12256.9548  215.9318 -999.9000    9.1095    0.0304   12.3809   92.1270
 192.4469 12413.8342  218.3517 -999.9000    2.6487    0.0062   12.8186   91.9985
 187.8076 12570.7136  218.1944 -999.9000    0.2373    0.0003   13.0470   91.9213
 183.2603 12727.5930  216.9840 -999.9000    0.2959    0.0003   12.7391   91.8946
 178.8033 12884.4724  216.5947 -999.9000    0.0000    0.0000   12.4891   91.8603
 174.4458 13041.3518  217.0201 -999.9000    0.0133    0.0000   12.6045   91.7991
 170.1876 13198.2312  217.2657 -999.9000    0.0000    0.0000   13.1117   91.6668
 166.0391 13355.1106  217.4515 -999.9000    0.0000    0.0000   13.7134   91.5392
 162.0101 13511.9899  217.0902 -999.9000    0.0002    0.0000   13.9948   91.4198
 158.0706 13668.8693  216.1174 -999.9000    0.0000    0.0000   13.5950   91.3880
 154.1974 13825.7487  215.2522 -999.9000    0.0000    0.0000   12.4184   91.4693
 150.4126 13982.6281  215.1897 -999.9000    0.0000    0.0000   10.4909   91.5650
 146.7292 14139.5075  216.1190 -999.9000    0.0000    0.0000   10.4011   91.5673
 143.1108 14296.3869  214.3382 -999.9000    0.0000    0.0000   10.3105   91.5696
 139.5597 14453.2663  216.7491 -999.9000    0.0000    0.0000   10.2713   91.5684
 136.1266 14610.1457  214.4033 -999.9000    0.0000    0.0000   10.2585   91.5540
 132.7619 14767.0251  213.5216 -999.9000    0.0000    0.0000   10.2532   91.5347
 129.4754 14923.9045  214.5075 -999.9000    0.0000    0.0000   10.2492   91.5197
 126.2897 15080.7839  215.6037 -999.9000    0.0000    0.0000   10.2374   91.5108
 123.1790 15237.6633  216.8226 -999.9000    0.0000    0.0000   10.2555   91.4644
 120.1481 15394.5427  217.2881 -999.9000    0.0000    0.0000   10.1170   91.3748
 117.2138 15551.4221  216.6373 -999.9000    0.0000    0.0000    9.7617   91.2661
 114.3435 15708.3015  216.5371 -999.9000    0.0000    0.0000    9.4469   91.1464
 111.5416 15865.1809  216.2888 -999.9000    0.0000    0.0000    8.8743   91.1933
 108.8149 16022.0603  217.5978 -999.9000    0.0000    0.0000    8.0698   91.4869
 106.1648 16178.9397  217.6481 -999.9000    0.0000    0.0000    7.6192   91.3484
 103.5767 16335.8191  217.2779 -999.9000    0.0000    0.0000    6.2003   91.9971
 101.0524 16492.6985  219.3196 -999.9000    0.0000    0.0000    1.7347   90.4089
  98.6148 16649.5779  217.9244 -999.9000    0.0000    0.0000    0.9715   90.4014
  96.2203 16806.4573  217.1812 -999.9000    0.0000    0.0000    0.1565   90.4014
  93.8688 16963.3367  216.4625 -999.9000    0.0000    0.0000    1.2496   90.4014
  91.5836 17120.2161  216.3399 -999.9000    0.0000    0.0000    2.1268   90.4014
  89.3567 17277.0955  216.3169 -999.9000    0.0000    0.0000    2.7685   90.4014
  87.1784 17433.9749  215.8456 -999.9000    0.0000    0.0000    3.4713   90.3927
  85.0453 17590.8543  215.0386 -999.9000    0.0000    0.0000    4.4013   90.0754
  82.9608 17747.7337  214.7194 -999.9000    0.0000    0.0000    5.5850   90.9865
  80.9282 17904.6131  215.3718 -999.9000    0.0000    0.0000    6.7383   90.6807
  78.9484 18061.4925  216.0263 -999.9000    0.0000    0.0000    6.6329   90.4907
  77.0217 18218.3719  216.7127 -999.9000    0.0000    0.0000    5.6724   90.6714
  75.1483 18375.2513  217.7881 -999.9000    0.0000    0.0000    4.7115   90.9237
  73.3271 18532.1307  218.9102 -999.9000    0.0000    0.0000    4.0813   91.0464
  71.5556 18689.0101  219.0591 -999.9000    0.0000    0.0000    3.6039   90.9336
  69.8260 18845.8894  217.9696 -999.9000    0.0000    0.0000    2.9733   91.0562
  68.1227 19002.7688  217.7076 -999.9000    0.0000    0.0000    1.8232   91.7656
  66.4601 19159.6482  218.0881 -999.9000    0.0000    0.0000    0.7844   89.5288
  64.8418 19316.5276  218.6041 -999.9000    0.0000    0.0000    0.4675   87.4851
  63.2670 19473.4070  219.0416 -999.9000    0.0000    0.0000    1.0029   87.9468
  61.7318 19630.2864  219.6383 -999.9000    0.0000    0.0000    1.5824   88.3028
  60.2355 19787.1658  219.8876 -999.9000    0.0000    0.0000    2.3193   88.5476
  58.7762 19944.0452  219.6289 -999.9000    0.0000    0.0000    3.1543   88.9105
  57.3501 20100.9246  219.2881 -999.9000    0.0000    0.0000    3.5833   89.0671
  55.9562 20257.8040  219.0590 -999.9000    0.0000    0.0000    3.5092   88.9446
  54.5968 20414.6834  218.8614 -999.9000    0.0000    0.0000    3.2976   88.7725
  53.2731 20571.5628  218.8472 -999.9000    0.0000    0.0000    3.1119   88.6461
  51.9860 20728.4422  219.3265 -999.9000    0.0000    0.0000    2.9694   88.5640
  50.7361 20885.3216  220.6127 -999.9000    0.0000    0.0000    2.8846   88.5228
  49.5229 21042.2010  222.4167 -999.9000    0.0000    0.0000    2.8413   88.5126
  48.3394 21199.0804  221.8282 -999.9000    0.0000    0.0000    3.1894   88.5757
  47.1874 21355.9598  221.9228 -999.9000    0.0000    0.0000    4.3277   88.7747
  46.0647 21512.8392  222.3382 -999.9000    0.0000    0.0000    5.3716   88.9472
  44.9691 21669.7186  222.5957 -999.9000    0.0000    0.0000    5.5883   88.9570
  43.8989 21826.5980  222.6322 -999.9000    0.0000    0.0000    5.2102   88.8369
  42.8525 21983.4774  222.5084 -999.9000    0.0000    0.0000    4.7534   88.6697
  41.8295 22140.3568  222.2727 -999.9000    0.0000    0.0000    4.5066   88.5214
  40.8309 22297.2362  221.9534 -999.9000    0.0000    0.0000    4.4075   88.4316
  39.8584 22454.1156  221.5799 -999.9000    0.0000    0.0000    4.3640   88.4374
  38.9104 22610.9950  221.9790 -999.9000    0.0000    0.0000    4.5236   88.5046
  37.9838 22767.8744  223.2440 -999.9000    0.0000    0.0000    4.9427   88.5579
  37.0791 22924.7538  223.9391 -999.9000    0.0000    0.0000    5.2895   88.6106
  36.1962 23081.6332  224.0330 -999.9000    0.0000    0.0000    5.5478   88.6649
  35.3349 23238.5126  223.7439 -999.9000    0.0000    0.0000    5.7569   88.7211
  34.4951 23395.3920  223.2893 -999.9000    0.0000    0.0000    5.9565   88.7793
  33.6765 23552.2714  222.8872 -999.9000    0.0000    0.0000    6.1859   88.8396
  32.8792 23709.1508  222.7552 -999.9000    0.0000    0.0000    6.4849   88.9021
  32.1025 23866.0302  223.0357 -999.9000    0.0000    0.0000    6.8655   88.9664
  31.3447 24022.9095  223.5910 -999.9000    0.0000    0.0000    7.2395   89.0294
  30.6036 24179.7889  224.2193 -999.9000    0.0000    0.0000    7.4955   89.0878
  29.8779 24336.6683  224.6933 -999.9000    0.0000    0.0000    7.5415   89.1301
  29.1715 24493.5477  224.7237 -999.9000    0.0000    0.0000    7.4819   89.0898
  28.4842 24650.4271  224.5586 -999.9000    0.0000    0.0000    7.3692   88.9796
  27.8138 24807.3065  224.5668 -999.9000    0.0000    0.0000    7.2175   88.8366
  27.1583 24964.1859  225.1155 -999.9000    0.0000    0.0000    7.0403   88.6979
  26.5173 25121.0653  226.2657 -999.9000    0.0000    0.0000    6.8584   88.5852
  25.8939 25277.9447  227.4296 -999.9000    0.0000    0.0000    6.7065   88.4883
  25.2914 25434.8241  227.9364 -999.9000    0.0000    0.0000    6.6212   88.3927
  24.7096 25591.7035  227.4200 -999.9000    0.0000    0.0000    6.6839   88.3136
  24.1354 25748.5829  226.8657 -999.9000    0.0000    0.0000    7.0554   88.3442
  23.5706 25905.4623  226.6066 -999.9000    0.0000    0.0000    7.6380   88.4419
  23.0189 26062.3417  226.8518 -999.9000    0.0000    0.0000    8.3067   88.5480
  22.4826 26219.2211  227.6668 -999.9000    0.0000    0.0000    8.9609   88.6216
  21.9608 26376.1005  228.7458 -999.9000    0.0000    0.0000    9.5621   88.6692
  21.4521 26532.9799  229.7239 -999.9000    0.0000    0.0000   10.0820   88.7041
  20.9548 26689.8593  230.2364 -999.9000    0.0000    0.0000   10.4922   88.7401
  20.4676 26846.7387  229.9182 -999.9000    0.0000    0.0000   10.7640   88.7908
  19.9891 27003.6181  228.4401 -999.9000    0.0000    0.0000   10.8625   88.8671
  19.5243 27160.4975  227.5234 -999.9000    0.0000    0.0000   10.4255   88.8331
  19.0752 27317.3769  227.9555 -999.9000    0.0000    0.0000    9.5251   88.6652
  18.6391 27474.2563  229.1561 -999.9000    0.0000    0.0000    8.5558   88.4541
  18.2135 27631.1357  230.5451 -999.9000    0.0000    0.0000    7.9120   88.2905
  17.7959 27788.0151  231.5511 -999.9000    0.0000    0.0000    7.9653   88.2601
  17.3864 27944.8945  231.8272 -999.9000    0.0000    0.0000    8.5367   88.3267
  16.9866 28101.7739  231.3996 -999.9000    0.0000    0.0000    9.1449   88.3867
  16.5963 28258.6533  230.5650 -999.9000    0.0000    0.0000    9.7553   88.4341
  16.2153 28415.5327  229.6474 -999.9000    0.0000    0.0000   10.3821   88.4734
  15.8432 28572.4121  228.9706 -999.9000    0.0000    0.0000   11.0402   88.5095
  15.4798 28729.2915  228.8526 -999.9000    0.0000    0.0000   11.7417   88.5468
  15.1246 28886.1709  229.2545 -999.9000    0.0000    0.0000   12.3844   88.5881
  14.7769 29043.0503  229.6197 -999.9000    0.0000    0.0000   12.7046   88.6333
  14.4368 29199.9296  229.7842 -999.9000    0.0000    0.0000   12.6373   88.6841
  14.1043 29356.8090  229.8856 -999.9000    0.0000    0.0000   12.2639   88.7433
  13.7798 29513.6884  230.0674 -999.9000    0.0000    0.0000   11.6689   88.8140
  13.4633 29670.5678  230.4730 -999.9000    0.0000    0.0000   10.9365   88.8992
  13.1552 29827.4472  231.2460 -999.9000    0.0000    0.0000   10.1511   89.0018
  12.8555 29984.3266  232.4730 -999.9000    0.0000    0.0000    9.3951   89.1215
  12.5638 30141.2060  233.8415 -999.9000    0.0000    0.0000    8.7365   89.2343
  12.2794 30298.0854  234.8698 -999.9000    0.0000    0.0000    8.2372   89.3059
  12.0018 30454.9648  235.0754 -999.9000    0.0000    0.0000    7.9594   89.3022
  11.7304 30611.8442  234.2303 -999.9000    0.0000    0.0000    7.9239   89.2026
  11.4650 30768.7236  233.1463 -999.9000    0.0000    0.0000    7.9855   89.0420
  11.2056 30925.6030  232.9000 -999.9000    0.0000    0.0000    7.9564   88.8691
  10.9522 31082.4824  234.1432 -999.9000    0.0000    0.0000    7.7166   88.7216
  10.7056 31239.3618  235.7159 -999.9000    0.0000    0.0000    7.4351   88.5894
  10.4661 31396.2412  236.3000 -999.9000    0.0000    0.0000    7.3088   88.4534
  10.2318 31553.1206  235.9755 -999.9000    0.0000    0.0000    7.3234   88.3118
  10.0000 31710.0000  235.1975 -999.9000    0.0000    0.0000    7.4077   88.1674
