# 06610 LSMP Payerne Observations at 12Z 30 Jul 2008
# Radiosonde file generated by raso.rb
#
  P [hPa],     Z [m],    T [K],   Td [K],   RH [%], r [g/kg], WS [m/s], WD [deg]
 962.0000   491.0000  298.3301 -999.9000   66.2157   13.6900    1.9312   93.0543
 944.6891   647.8794  296.2408 -999.9000   67.7932   12.6302    4.4168   92.6754
 927.6873   804.7588  294.8250 -999.9000   79.5576   13.9071    2.0724   92.9144
 911.0964   961.6382  293.5113 -999.9000   80.0333   14.4362    0.3211   92.0428
 894.7070  1118.5176  292.5555 -999.9000   80.0475   14.3064    1.2931   90.9797
 878.5406  1275.3970  292.2419 -999.9000   80.1251   13.3485    2.2924   90.6229
 862.6769  1432.2764  290.8462 -999.9000   81.0482   13.5129    2.5396   90.4248
 846.9845  1589.1558  289.5873 -999.9000   80.3744   13.9027    4.1624   90.3491
 831.5533  1746.0352  289.2233 -999.9000   80.8569   13.2228    5.0636   90.3950
 816.3570  1902.9146  287.8929 -999.9000   80.7471   11.9693    6.1868   90.4496
 801.3249  2059.7940  286.2872 -999.9000   80.4669   11.5640    6.8276   90.4939
 786.5365  2216.6734  284.9186 -999.9000   80.3104   10.4184    7.5925   90.5367
 771.9169  2373.5528  283.6742 -999.9000   80.6943    8.7627    8.7997   90.5644
 757.5041  2530.4322  282.6072 -999.9000   80.5555    8.5006    9.3456   90.6155
 743.3854  2687.3116  282.0268 -999.9000   77.9014    7.5803    8.2490   90.6080
 729.2940  2844.1910  280.9506 -999.9000   60.4790    5.5688    8.0156   90.6173
 715.5826  3001.0704  279.9047 -999.9000   50.1985    4.3807    9.6033   90.6971
 702.0616  3157.9497  278.7259 -999.9000   51.6767    4.2344   10.8904   90.7782
 688.7126  3314.8291  277.2563 -999.9000   58.9996    4.4448   10.9826   90.8007
 675.5482  3471.7085  275.6402 -999.9000   68.2975    4.6752   11.2328   90.8205
 662.5494  3628.5879  274.1775 -999.9000   74.2372    4.6607   11.8376   90.8487
 649.7305  3785.4673  273.1843 -999.9000   67.3478    4.0055   12.1292   90.8627
 637.1240  3942.3467  272.3495 -999.9000   55.1980    3.1437   11.4450   90.9118
 624.7467  4099.2261  271.3551 -999.9000   50.2122    2.7055    9.8927   91.0167
 612.5275  4256.1055  270.3169 -999.9000   50.1391    2.5464    9.4549   91.0465
 600.5160  4412.9849  269.7327 -999.9000   38.2394    1.8919    9.7294   91.0390
 588.7253  4569.8643  269.1627 -999.9000   22.7780    1.0986    9.9077   91.0433
 577.1128  4726.7437  267.8963 -999.9000   18.1779    0.8108    9.9524   91.0483
 565.6299  4883.6231  267.0888 -999.9000   17.0440    0.7276    9.9091   91.0538
 554.4053  5040.5025  266.5572 -999.9000   13.5057    0.5634    9.2147   91.1400
 543.3471  5197.3819  265.9137 -999.9000   12.8450    0.5190    8.4309   91.2153
 532.4739  5354.2613  264.9213 -999.9000   22.2112    0.8459    8.8315   91.2112
 521.8251  5511.1407  263.9078 -999.9000   24.0575    0.8613    9.5823   91.1806
 511.3144  5668.0201  263.1520 -999.9000   14.1048    0.4842   10.2585   91.1583
 500.9731  5824.8995  261.8458 -999.9000   12.9884    0.4090   10.9559   91.1344
 490.8286  5981.7789  260.2690 -999.9000   18.4222    0.5200   11.1066   91.1143
 480.7236  6138.6583  259.1895 -999.9000   29.2639    0.7703   11.4366   91.0832
 470.8214  6295.5377  257.9347 -999.9000   31.5304    0.7621   11.5303   91.0728
 461.0900  6452.4171  256.5391 -999.9000   30.8640    0.6762   11.2481   90.9894
 451.4963  6609.2965  255.2678 -999.9000   32.0396    0.6422   10.2359   90.8335
 442.0676  6766.1759  254.2194 -999.9000   32.6154    0.6091    9.3414   90.7116
 432.8253  6923.0553  253.2782 -999.9000   32.3328    0.5674   10.2473   90.6964
 423.7241  7079.9347  251.8890 -999.9000   36.0409    0.5712   11.1248   90.7318
 414.7432  7236.8141  250.1976 -999.9000   41.2694    0.5742   10.9192   90.7585
 405.9174  7393.6935  249.2119 -999.9000   31.8526    0.4138   11.1436   90.7794
 397.1974  7550.5729  247.9301 -999.9000   27.2663    0.3219   11.4064   90.7881
 388.6475  7707.4523  246.5380 -999.9000   31.1932    0.3308   11.5452   90.8405
 380.2876  7864.3317  245.5190 -999.9000   34.8471    0.3433   11.7735   90.9010
 372.0784  8021.2111  244.6949 -999.9000   39.1219    0.3645   11.9167   90.8924
 363.9826  8178.0905  243.8917 -999.9000   45.2543    0.3994   11.8206   90.7526
 356.0087  8334.9698  243.0254 -999.9000   54.5035    0.4529   11.7960   90.7678
 348.2042  8491.8492  242.1151 -999.9000   60.6378    0.5188   12.3897   91.3797
 340.5609  8648.7286  241.2437 -999.9000   65.0389    0.5272   12.6147   91.7004
 333.0575  8805.6080  240.3613 -999.9000   65.6545    0.4852   12.5486   91.6152
 325.6771  8962.4874  239.3675 -999.9000   65.0876    0.4338   12.8375   91.4555
 318.4095  9119.3668  238.1464 -999.9000   65.8862    0.3977   13.7501   91.4682
 311.2701  9276.2462  236.4884 -999.9000   60.7842    0.3338   13.9004   91.4746
 304.2599  9433.1256  234.8955 -999.9000   55.6036    0.2938   14.1157   91.4194
 297.3812  9590.0050  233.7895 -999.9000   50.7604    0.2688   14.5878   91.3896
 290.6045  9746.8844  232.5215 -999.9000   45.5513    0.2331   14.9051   91.3805
 283.9369  9903.7638  231.1037 -999.9000   45.8559    0.2031   15.2702   91.3479
 277.3870 10060.6432  229.5821 -999.9000   45.7121    0.1789   15.6456   91.3074
 270.9631 10217.5226  227.9966 -999.9000   45.6547    0.1538   15.8985   91.2950
 264.6694 10374.4020  226.4217 -999.9000   45.7700    0.1244   15.9390   91.3378
 258.4744 10531.2814  225.1645 -999.9000   45.2824    0.1097   16.0677   91.3756
 252.3757 10688.1608  224.1072 -999.9000   45.6038    0.1034   16.3134   91.3933
 246.3812 10845.0402  223.0210 -999.9000   40.3176    0.0916   16.5942   91.3978
 240.4896 11001.9196  221.7988 -999.9000   35.7545    0.0742   16.8569   91.3965
 234.6950 11158.7990  220.4359 -999.9000   36.0111    0.0604   17.0722   91.3968
 229.0082 11315.6784  219.0290 -999.9000   35.5558    0.0528   17.2346   91.3986
 223.4492 11472.5578  217.7261 -999.9000   35.0289    0.0500   17.3508   91.3982
 218.0236 11629.4372  216.5034 -999.9000   30.1758    0.0480   17.1394   91.4126
 212.6609 11786.3166  214.8123 -999.9000   25.6502    0.0350   15.4505   91.5070
 207.3913 11943.1960  213.9640 -999.9000   23.8137    0.0295   14.2642   91.4951
 202.2510 12100.0754  214.6534 -999.9000   18.0386    0.0410   13.9523   91.5711
 197.2536 12256.9548  216.0388 -999.9000    9.1149    0.0304   11.9456   92.1270
 192.4469 12413.8342  218.4189 -999.9000    2.6504    0.0062   12.3894   91.9985
 187.8076 12570.7136  218.2230 -999.9000    0.2374    0.0003   12.6254   91.9213
 183.2603 12727.5930  216.9755 -999.9000    0.2961    0.0003   12.3262   91.8946
 178.8033 12884.4724  216.5513 -999.9000    0.0000    0.0000   12.0859   91.8603
 174.4458 13041.3518  216.9441 -999.9000    0.0133    0.0000   12.2117   91.7991
 170.1876 13198.2312  217.1600 -999.9000    0.0000    0.0000   12.7296   91.6668
 166.0391 13355.1106  217.3196 -999.9000    0.0000    0.0000   13.3423   91.5392
 162.0101 13511.9899  216.9357 -999.9000    0.0002    0.0000   13.6347   91.4198
 158.0706 13668.8693  215.9446 -999.9000    0.0000    0.0000   13.2456   91.3880
 154.1974 13825.7487  215.0658 -999.9000    0.0000    0.0000   12.0792   91.4693
 150.4126 13982.6281  214.9947 -999.9000    0.0000    0.0000   10.1611   91.5650
 146.7292 14139.5075  215.9210 -999.9000    0.0000    0.0000   10.0797   91.5673
 143.1108 14296.3869  214.1431 -999.9000    0.0000    0.0000    9.9963   91.5696
 139.5597 14453.2663  216.5634 -999.9000    0.0000    0.0000    9.9628   91.5684
 136.1266 14610.1457  214.2330 -999.9000    0.0000    0.0000    9.9541   91.5540
 132.7619 14767.0251  213.3725 -999.9000    0.0000    0.0000    9.9516   91.5347
 129.4754 14923.9045  214.3845 -999.9000    0.0000    0.0000    9.9492   91.5197
 126.2897 15080.7839  215.5111 -999.9000    0.0000    0.0000    9.9377   91.5108
 123.1790 15237.6633  216.7642 -999.9000    0.0000    0.0000    9.9553   91.4644
 120.1481 15394.5427  217.2669 -999.9000    0.0000    0.0000    9.8153   91.3748
 117.2138 15551.4221  216.6556 -999.9000    0.0000    0.0000    9.4579   91.2661
 114.3435 15708.3015  216.5968 -999.9000    0.0000    0.0000    9.1403   91.1464
 111.5416 15865.1809  216.3911 -999.9000    0.0000    0.0000    8.5646   91.1933
 108.8149 16022.0603  217.7431 -999.9000    0.0000    0.0000    7.7565   91.4869
 106.1648 16178.9397  217.8363 -999.9000    0.0000    0.0000    7.3022   91.3484
 103.5767 16335.8191  217.5083 -999.9000    0.0000    0.0000    5.8795   91.9971
 101.0524 16492.6985  219.5908 -999.9000    0.0000    0.0000    1.4103   90.4089
  98.6148 16649.5779  218.2343 -999.9000    0.0000    0.0000    0.6437   90.4014
  96.2203 16806.4573  217.5271 -999.9000    0.0000    0.0000    0.1744   87.2598
  93.8688 16963.3367  216.8412 -999.9000    0.0000    0.0000    0.9160   90.4014
  91.5836 17120.2161  216.7474 -999.9000    0.0000    0.0000    1.7912   90.4014
  89.3567 17277.0955  216.7486 -999.9000    0.0000    0.0000    2.4317   90.4014
  87.1784 17433.9749  216.2963 -999.9000    0.0000    0.0000    3.1341   90.3927
  85.0453 17590.8543  215.5024 -999.9000    0.0000    0.0000    4.0649   90.0754
  82.9608 17747.7337  215.1898 -999.9000    0.0000    0.0000    5.2503   90.9865
  80.9282 17904.6131  215.8418 -999.9000    0.0000    0.0000    6.4068   90.6807
  78.9484 18061.4925  216.4886 -999.9000    0.0000    0.0000    6.3058   90.4907
  77.0217 18218.3719  217.1608 -999.9000    0.0000    0.0000    5.3509   90.6714
  75.1483 18375.2513  218.2159 -999.9000    0.0000    0.0000    4.3970   90.9237
  73.3271 18532.1307  219.3125 -999.9000    0.0000    0.0000    3.7748   91.0464
  71.5556 18689.0101  219.4309 -999.9000    0.0000    0.0000    3.3065   90.9336
  69.8260 18845.8894  218.3069 -999.9000    0.0000    0.0000    2.6860   91.0562
  68.1227 19002.7688  218.0068 -999.9000    0.0000    0.0000    1.5469   91.7656
  66.4601 19159.6482  218.3463 -999.9000    0.0000    0.0000    0.5201   89.5288
  64.8418 19316.5276  218.8190 -999.9000    0.0000    0.0000    0.2159   87.4851
  63.2670 19473.4070  219.2114 -999.9000    0.0000    0.0000    0.7648   87.9468
  61.7318 19630.2864  219.7620 -999.9000    0.0000    0.0000    1.3584   88.3028
  60.2355 19787.1658  219.9647 -999.9000    0.0000    0.0000    2.1102   88.5476
  58.7762 19944.0452  219.6595 -999.9000    0.0000    0.0000    2.9606   88.9105
  57.3501 20100.9246  219.2729 -999.9000    0.0000    0.0000    3.4054   89.0671
  55.9562 20257.8040  218.9993 -999.9000    0.0000    0.0000    3.3476   88.9446
  54.5968 20414.6834  218.7593 -999.9000    0.0000    0.0000    3.1526   88.7725
  53.2731 20571.5628  218.7051 -999.9000    0.0000    0.0000    2.9839   88.6461
  51.9860 20728.4422  219.1477 -999.9000    0.0000    0.0000    2.8585   88.5640
  50.7361 20885.3216  220.4009 -999.9000    0.0000    0.0000    2.7910   88.5228
  49.5229 21042.2010  222.1763 -999.9000    0.0000    0.0000    2.7652   88.5126
  48.3394 21199.0804  221.5643 -999.9000    0.0000    0.0000    3.1308   88.5757
  47.1874 21355.9598  221.6410 -999.9000    0.0000    0.0000    4.2866   88.7747
  46.0647 21512.8392  222.0443 -999.9000    0.0000    0.0000    5.3478   88.9472
  44.9691 21669.7186  222.2952 -999.9000    0.0000    0.0000    5.5817   88.9570
  43.8989 21826.5980  222.3303 -999.9000    0.0000    0.0000    5.2205   88.8369
  42.8525 21983.4774  222.2100 -999.9000    0.0000    0.0000    4.7803   88.6697
  41.8295 22140.3568  221.9821 -999.9000    0.0000    0.0000    4.5498   88.5214
  40.8309 22297.2362  221.6746 -999.9000    0.0000    0.0000    4.4663   88.4316
  39.8584 22454.1156  221.3167 -999.9000    0.0000    0.0000    4.4379   88.4374
  38.9104 22610.9950  221.7345 -999.9000    0.0000    0.0000    4.6121   88.5046
  37.9838 22767.8744  223.0213 -999.9000    0.0000    0.0000    5.0449   88.5579
  37.0791 22924.7538  223.7406 -999.9000    0.0000    0.0000    5.4047   88.6106
  36.1962 23081.6332  223.8610 -999.9000    0.0000    0.0000    5.6750   88.6649
  35.3349 23238.5126  223.6001 -999.9000    0.0000    0.0000    5.8953   88.7211
  34.4951 23395.3920  223.1752 -999.9000    0.0000    0.0000    6.1050   88.7793
  33.6765 23552.2714  222.8038 -999.9000    0.0000    0.0000    6.3433   88.8396
  32.8792 23709.1508  222.7032 -999.9000    0.0000    0.0000    6.6501   88.9021
  32.1025 23866.0302  223.0154 -999.9000    0.0000    0.0000    7.0372   88.9664
  31.3447 24022.9095  223.6023 -999.9000    0.0000    0.0000    7.4164   89.0294
  30.6036 24179.7889  224.2618 -999.9000    0.0000    0.0000    7.6761   89.0878
  29.8779 24336.6683  224.7661 -999.9000    0.0000    0.0000    7.7243   89.1301
  29.1715 24493.5477  224.8257 -999.9000    0.0000    0.0000    7.6653   89.0898
  28.4842 24650.4271  224.6882 -999.9000    0.0000    0.0000    7.5515   88.9796
  27.8138 24807.3065  224.7222 -999.9000    0.0000    0.0000    7.3970   88.8366
  27.1583 24964.1859  225.2943 -999.9000    0.0000    0.0000    7.2152   88.6979
  26.5173 25121.0653  226.4659 -999.9000    0.0000    0.0000    7.0270   88.5852
  25.8939 25277.9447  227.6491 -999.9000    0.0000    0.0000    6.8672   88.4883
  25.2914 25434.8241  228.1732 -999.9000    0.0000    0.0000    6.7725   88.3927
  24.7096 25591.7035  227.6722 -999.9000    0.0000    0.0000    6.8243   88.3136
  24.1354 25748.5829  227.1315 -999.9000    0.0000    0.0000    7.1835   88.3442
  23.5706 25905.4623  226.8841 -999.9000    0.0000    0.0000    7.7526   88.4419
  23.0189 26062.3417  227.1394 -999.9000    0.0000    0.0000    8.4066   88.5480
  22.4826 26219.2211  227.9630 -999.9000    0.0000    0.0000    9.0450   88.6216
  21.9608 26376.1005  229.0488 -999.9000    0.0000    0.0000    9.6293   88.6692
  21.4521 26532.9799  230.0324 -999.9000    0.0000    0.0000   10.1315   88.7041
  20.9548 26689.8593  230.5489 -999.9000    0.0000    0.0000   10.5230   88.7401
  20.4676 26846.7387  230.2335 -999.9000    0.0000    0.0000   10.7755   88.7908
  19.9891 27003.6181  228.7567 -999.9000    0.0000    0.0000   10.8539   88.8671
  19.5243 27160.4975  227.8403 -999.9000    0.0000    0.0000   10.3962   88.8331
  19.0752 27317.3769  228.2716 -999.9000    0.0000    0.0000    9.4747   88.6652
  18.6391 27474.2563  229.4703 -999.9000    0.0000    0.0000    8.4838   88.4541
  18.2135 27631.1357  230.8563 -999.9000    0.0000    0.0000    7.8182   88.2905
  17.7959 27788.0151  231.8586 -999.9000    0.0000    0.0000    7.8493   88.2601
  17.3864 27944.8945  232.1301 -999.9000    0.0000    0.0000    8.3984   88.3267
  16.9866 28101.7739  231.6972 -999.9000    0.0000    0.0000    8.9843   88.3867
  16.5963 28258.6533  230.8566 -999.9000    0.0000    0.0000    9.5723   88.4341
  16.2153 28415.5327  229.9324 -999.9000    0.0000    0.0000   10.1769   88.4734
  15.8432 28572.4121  229.2485 -999.9000    0.0000    0.0000   10.8128   88.5095
  15.4798 28729.2915  229.1229 -999.9000    0.0000    0.0000   11.4925   88.5468
  15.1246 28886.1709  229.5169 -999.9000    0.0000    0.0000   12.1138   88.5881
  14.7769 29043.0503  229.8738 -999.9000    0.0000    0.0000   12.4129   88.6333
  14.4368 29199.9296  230.0297 -999.9000    0.0000    0.0000   12.3251   88.6841
  14.1043 29356.8090  230.1225 -999.9000    0.0000    0.0000   11.9317   88.7433
  13.7798 29513.6884  230.2955 -999.9000    0.0000    0.0000   11.3175   88.8140
  13.4633 29670.5678  230.6924 -999.9000    0.0000    0.0000   10.5667   88.8992
  13.1552 29827.4472  231.4567 -999.9000    0.0000    0.0000    9.7638   89.0018
  12.8555 29984.3266  232.6750 -999.9000    0.0000    0.0000    8.9912   89.1215
  12.5638 30141.2060  234.0352 -999.9000    0.0000    0.0000    8.3170   89.2343
  12.2794 30298.0854  235.0554 -999.9000    0.0000    0.0000    7.8033   89.3059
  12.0018 30454.9648  235.2532 -999.9000    0.0000    0.0000    7.5122   89.3022
  11.7304 30611.8442  234.4008 -999.9000    0.0000    0.0000    7.4648   89.2026
  11.4650 30768.7236  233.3100 -999.9000    0.0000    0.0000    7.5158   89.0420
  11.2056 30925.6030  233.0574 -999.9000    0.0000    0.0000    7.4777   88.8691
  10.9522 31082.4824  234.2950 -999.9000    0.0000    0.0000    7.2303   88.7216
  10.7056 31239.3618  235.8628 -999.9000    0.0000    0.0000    6.9429   88.5894
  10.4661 31396.2412  236.4428 -999.9000    0.0000    0.0000    6.8125   88.4534
  10.2318 31553.1206  236.1151 -999.9000    0.0000    0.0000    6.8247   88.3118
  10.0000 31710.0000  235.3347 -999.9000    0.0000    0.0000    6.9086   88.1674
