# 06610 LSMP Payerne Observations at 12Z 30 Jul 2008
# Radiosonde file generated by raso.rb
#
  P [hPa],     Z [m],    T [K],   Td [K],   RH [%], r [g/kg], WS [m/s], WD [deg]
 962.0000   491.0000  298.6297 -999.9000   66.2276   13.6900    2.0554   93.0543
 944.6891   647.8794  296.5618 -999.9000   67.8008   12.6302    4.4667   92.6754
 927.6873   804.7588  295.1653 -999.9000   79.5614   13.9071    2.0536   92.9144
 911.0964   961.6382  293.8689 -999.9000   80.0324   14.4362    0.2391   92.0428
 894.7070  1118.5176  292.9285 -999.9000   80.0422   14.3064    1.1530   90.9797
 878.5406  1275.3970  292.6284 -999.9000   80.1157   13.3485    2.0994   90.6229
 862.6769  1432.2764  291.2442 -999.9000   81.0349   13.5129    2.2986   90.4248
 846.9845  1589.1558  289.9951 -999.9000   80.3576   13.9027    3.8782   90.3491
 831.5533  1746.0352  289.6393 -999.9000   80.8367   13.2228    4.7409   90.3950
 816.3570  1902.9146  288.3152 -999.9000   80.7240   11.9693    5.8301   90.4496
 801.3249  2059.7940  286.7142 -999.9000   80.4411   11.5640    6.4411   90.4939
 786.5365  2216.6734  285.3487 -999.9000   80.2820   10.4184    7.1804   90.5367
 771.9169  2373.5528  284.1059 -999.9000   80.6635    8.7627    8.3661   90.5644
 757.5041  2530.4322  283.0389 -999.9000   80.5226    8.5006    8.8944   90.6155
 743.3854  2687.3116  282.4571 -999.9000   77.8676    7.5803    7.7838   90.6080
 729.2940  2844.1910  281.3782 -999.9000   60.4514    5.5688    7.5399   90.6173
 715.5826  3001.0704  280.3282 -999.9000   50.1746    4.3807    9.1206   90.6971
 702.0616  3157.9497  279.1439 -999.9000   51.6511    4.2344   10.4039   90.7782
 688.7126  3314.8291  277.6676 -999.9000   58.9692    4.4448   10.4953   90.8007
 675.5482  3471.7085  276.0437 -999.9000   68.2612    4.6752   10.7477   90.8205
 662.5494  3628.5879  274.5720 -999.9000   74.1966    4.6607   11.3575   90.8487
 649.7305  3785.4673  273.5688 -999.9000   67.3099    4.0055   11.6567   90.8627
 637.1240  3942.3467  272.7228 -999.9000   55.1661    3.1437   10.9825   90.9118
 624.7467  4099.2261  271.7162 -999.9000   50.1825    2.7055    9.4425   91.0167
 612.5275  4256.1055  270.6650 -999.9000   50.1087    2.5464    9.0192   91.0465
 600.5160  4412.9849  270.0669 -999.9000   38.2157    1.8919    9.3102   91.0390
 588.7253  4569.8643  269.4820 -999.9000   22.7635    1.0986    9.5068   91.0433
 577.1128  4726.7437  268.2001 -999.9000   18.1661    0.8108    9.5714   91.0483
 565.6299  4883.6231  267.3763 -999.9000   17.0327    0.7276    9.5496   91.0538
 554.4053  5040.5025  266.8276 -999.9000   13.4965    0.5634    8.8780   91.1400
 543.3471  5197.3819  266.1664 -999.9000   12.8361    0.5190    8.1184   91.2153
 532.4739  5354.2613  265.1559 -999.9000   22.1954    0.8459    8.5441   91.2112
 521.8251  5511.1407  264.1236 -999.9000   24.0399    0.8613    9.3209   91.1806
 511.3144  5668.0201  263.3485 -999.9000   14.0941    0.4842   10.0238   91.1583
 500.9731  5824.8995  262.0226 -999.9000   12.9783    0.4090   10.7486   91.1344
 490.8286  5981.7789  260.4258 -999.9000   18.4074    0.5200   10.9271   91.1143
 480.7236  6138.6583  259.3259 -999.9000   29.2396    0.7703   11.2851   91.0832
 470.8214  6295.5377  258.0504 -999.9000   31.5033    0.7621   11.4070   91.0728
 461.0900  6452.4171  256.6339 -999.9000   30.8365    0.6762   11.1529   90.9894
 451.4963  6609.2965  255.3416 -999.9000   32.0099    0.6422   10.1687   90.8335
 442.0676  6766.1759  254.2719 -999.9000   32.5839    0.6091    9.3017   90.7116
 432.8253  6923.0553  253.3094 -999.9000   32.3003    0.5674   10.2347   90.6964
 423.7241  7079.9347  251.8989 -999.9000   36.0031    0.5712   11.1386   90.7318
 414.7432  7236.8141  250.1862 -999.9000   41.2241    0.5742   10.9586   90.7585
 405.9174  7393.6935  249.1793 -999.9000   31.8161    0.4138   11.2077   90.7794
 397.1974  7550.5729  247.8764 -999.9000   27.2335    0.3219   11.4939   90.7881
 388.6475  7707.4523  246.4634 -999.9000   31.1539    0.3308   11.6551   90.8405
 380.2876  7864.3317  245.4237 -999.9000   34.8010    0.3433   11.9047   90.9010
 372.0784  8021.2111  244.5795 -999.9000   39.0676    0.3645   12.0682   90.8924
 363.9826  8178.0905  243.7564 -999.9000   45.1886    0.3994   11.9914   90.7526
 356.0087  8334.9698  242.8709 -999.9000   54.4208    0.4529   11.9850   90.7678
 348.2042  8491.8492  241.9420 -999.9000   60.5418    0.5188   12.5962   91.3797
 340.5609  8648.7286  241.0528 -999.9000   64.9316    0.5272   12.8377   91.7004
 333.0575  8805.6080  240.1532 -999.9000   65.5420    0.4852   12.7873   91.6152
 325.6771  8962.4874  239.1432 -999.9000   64.9720    0.4338   13.0911   91.4555
 318.4095  9119.3668  237.9068 -999.9000   65.7651    0.3977   14.0179   91.4682
 311.2701  9276.2462  236.2347 -999.9000   60.6691    0.3338   14.1817   91.4746
 304.2599  9433.1256  234.6287 -999.9000   55.4953    0.2938   14.4100   91.4194
 297.3812  9590.0050  233.5108 -999.9000   50.6590    0.2688   14.8943   91.3896
 290.6045  9746.8844  232.2323 -999.9000   45.4584    0.2331   15.2233   91.3805
 283.9369  9903.7638  230.8054 -999.9000   45.7605    0.2031   15.5996   91.3479
 277.3870 10060.6432  229.2761 -999.9000   45.6156    0.1789   15.9857   91.3074
 270.9631 10217.5226  227.6845 -999.9000   45.5572    0.1538   16.2490   91.2950
 264.6694 10374.4020  226.1052 -999.9000   45.6714    0.1244   16.2994   91.3378
 258.4744 10531.2814  224.8452 -999.9000   45.1844    0.1097   16.4376   91.3756
 252.3757 10688.1608  223.7870 -999.9000   45.5050    0.1034   16.6926   91.3933
 246.3812 10845.0402  222.7018 -999.9000   40.2307    0.0916   16.9825   91.3978
 240.4896 11001.9196  221.4825 -999.9000   35.6781    0.0742   17.2540   91.3965
 234.6950 11158.7990  220.1245 -999.9000   35.9352    0.0604   17.4778   91.3968
 229.0082 11315.6784  218.7242 -999.9000   35.4822    0.0528   17.6485   91.3986
 223.4492 11472.5578  217.4294 -999.9000   34.9581    0.0500   17.7727   91.3982
 218.0236 11629.4372  216.2162 -999.9000   30.1164    0.0480   17.5689   91.4126
 212.6609 11786.3166  214.5356 -999.9000   25.6014    0.0350   15.8870   91.5070
 207.3913 11943.1960  213.6989 -999.9000   23.7700    0.0295   14.7072   91.4951
 202.2510 12100.0754  214.4007 -999.9000   18.0068    0.0410   14.4013   91.5711
 197.2536 12256.9548  215.7990 -999.9000    9.0996    0.0304   12.3999   92.1270
 192.4469 12413.8342  218.1926 -999.9000    2.6461    0.0062   12.8483   91.9985
 187.8076 12570.7136  218.0102 -999.9000    0.2371    0.0003   13.0880   91.9213
 183.2603 12727.5930  216.7765 -999.9000    0.2957    0.0003   12.7918   91.8946
 178.8033 12884.4724  216.3658 -999.9000    0.0000    0.0000   12.5537   91.8603
 174.4458 13041.3518  216.7719 -999.9000    0.0133    0.0000   12.6805   91.7991
 170.1876 13198.2312  217.0006 -999.9000    0.0000    0.0000   13.1986   91.6668
 166.0391 13355.1106  217.1722 -999.9000    0.0000    0.0000   13.8104   91.5392
 162.0101 13511.9899  216.7996 -999.9000    0.0002    0.0000   14.1007   91.4198
 158.0706 13668.8693  215.8187 -999.9000    0.0000    0.0000   13.7083   91.3880
 154.1974 13825.7487  214.9488 -999.9000    0.0000    0.0000   12.5374   91.4693
 150.4126 13982.6281  214.8853 -999.9000    0.0000    0.0000   10.6134   91.5650
 146.7292 14139.5075  215.8176 -999.9000    0.0000    0.0000   10.5249   91.5673
 143.1108 14296.3869  214.0439 -999.9000    0.0000    0.0000   10.4329   91.5696
 139.5597 14453.2663  216.4664 -999.9000    0.0000    0.0000   10.3892   91.5684
 136.1266 14610.1457  214.1363 -999.9000    0.0000    0.0000   10.3691   91.5540
 132.7619 14767.0251  213.2741 -999.9000    0.0000    0.0000   10.3538   91.5347
 129.4754 14923.9045  214.2828 -999.9000    0.0000    0.0000   10.3377   91.5197
 126.2897 15080.7839  215.4046 -999.9000    0.0000    0.0000   10.3117   91.5108
 123.1790 15237.6633  216.6512 -999.9000    0.0000    0.0000   10.3140   91.4644
 120.1481 15394.5427  217.1461 -999.9000    0.0000    0.0000   10.1585   91.3748
 117.2138 15551.4221  216.5258 -999.9000    0.0000    0.0000    9.7852   91.2661
 114.3435 15708.3015  216.4568 -999.9000    0.0000    0.0000    9.4517   91.1464
 111.5416 15865.1809  216.2399 -999.9000    0.0000    0.0000    8.8603   91.1933
 108.8149 16022.0603  217.5799 -999.9000    0.0000    0.0000    8.0369   91.4869
 106.1648 16178.9397  217.6603 -999.9000    0.0000    0.0000    7.5677   91.3484
 103.5767 16335.8191  217.3188 -999.9000    0.0000    0.0000    6.1310   91.9971
 101.0524 16492.6985  219.3872 -999.9000    0.0000    0.0000    1.6486   90.4089
  98.6148 16649.5779  218.0163 -999.9000    0.0000    0.0000    0.8700   90.4014
  96.2203 16806.4573  217.2944 -999.9000    0.0000    0.0000    0.0412   90.4014
  93.8688 16963.3367  216.5937 -999.9000    0.0000    0.0000    1.1225   90.4014
  91.5836 17120.2161  216.4849 -999.9000    0.0000    0.0000    1.9903   90.4014
  89.3567 17277.0955  216.4713 -999.9000    0.0000    0.0000    2.6253   90.4014
  87.1784 17433.9749  216.0044 -999.9000    0.0000    0.0000    3.3243   90.3927
  85.0453 17590.8543  215.1961 -999.9000    0.0000    0.0000    4.2539   90.0754
  82.9608 17747.7337  214.8697 -999.9000    0.0000    0.0000    5.4408   90.9865
  80.9282 17904.6131  215.5084 -999.9000    0.0000    0.0000    6.6014   90.6807
  78.9484 18061.4925  216.1424 -999.9000    0.0000    0.0000    6.5072   90.4907
  77.0217 18218.3719  216.8025 -999.9000    0.0000    0.0000    5.5616   90.6714
  75.1483 18375.2513  217.8460 -999.9000    0.0000    0.0000    4.6190   90.9237
  73.3271 18532.1307  218.9315 -999.9000    0.0000    0.0000    4.0101   91.0464
  71.5556 18689.0101  219.0393 -999.9000    0.0000    0.0000    3.5567   90.9336
  69.8260 18845.8894  217.9050 -999.9000    0.0000    0.0000    2.9526   91.0562
  68.1227 19002.7688  217.5951 -999.9000    0.0000    0.0000    1.8309   91.7656
  66.4601 19159.6482  217.9251 -999.9000    0.0000    0.0000    0.8223   89.5288
  64.8418 19316.5276  218.3885 -999.9000    0.0000    0.0000    0.5370   87.4851
  63.2670 19473.4070  218.7721 -999.9000    0.0000    0.0000    1.1050   87.9468
  61.7318 19630.2864  219.3139 -999.9000    0.0000    0.0000    1.7178   88.3028
  60.2355 19787.1658  219.5081 -999.9000    0.0000    0.0000    2.4885   88.5476
  58.7762 19944.0452  219.1946 -999.9000    0.0000    0.0000    3.3574   88.9105
  57.3501 20100.9246  218.7997 -999.9000    0.0000    0.0000    3.8200   89.0671
  55.9562 20257.8040  218.5180 -999.9000    0.0000    0.0000    3.7789   88.9446
  54.5968 20414.6834  218.2699 -999.9000    0.0000    0.0000    3.5994   88.7725
  53.2731 20571.5628  218.2076 -999.9000    0.0000    0.0000    3.4445   88.6461
  51.9860 20728.4422  218.6421 -999.9000    0.0000    0.0000    3.3313   88.5640
  50.7361 20885.3216  219.8871 -999.9000    0.0000    0.0000    3.2739   88.5228
  49.5229 21042.2010  221.6541 -999.9000    0.0000    0.0000    3.2558   88.5126
  48.3394 21199.0804  221.0337 -999.9000    0.0000    0.0000    3.6265   88.5757
  47.1874 21355.9598  221.1017 -999.9000    0.0000    0.0000    4.7845   88.7747
  46.0647 21512.8392  221.4963 -999.9000    0.0000    0.0000    5.8451   88.9472
  44.9691 21669.7186  221.7383 -999.9000    0.0000    0.0000    6.0756   88.9570
  43.8989 21826.5980  221.7646 -999.9000    0.0000    0.0000    5.7084   88.8369
  42.8525 21983.4774  221.6356 -999.9000    0.0000    0.0000    5.2598   88.6697
  41.8295 22140.3568  221.3993 -999.9000    0.0000    0.0000    5.0188   88.5214
  40.8309 22297.2362  221.0839 -999.9000    0.0000    0.0000    4.9230   88.4316
  39.8584 22454.1156  220.7185 -999.9000    0.0000    0.0000    4.8804   88.4374
  38.9104 22610.9950  221.1295 -999.9000    0.0000    0.0000    5.0389   88.5046
  37.9838 22767.8744  222.4102 -999.9000    0.0000    0.0000    5.4547   88.5579
  37.0791 22924.7538  223.1243 -999.9000    0.0000    0.0000    5.7964   88.6106
  36.1962 23081.6332  223.2404 -999.9000    0.0000    0.0000    6.0478   88.6649
  35.3349 23238.5126  222.9763 -999.9000    0.0000    0.0000    6.2483   88.7211
  34.4951 23395.3920  222.5494 -999.9000    0.0000    0.0000    6.4378   88.7793
  33.6765 23552.2714  222.1773 -999.9000    0.0000    0.0000    6.6557   88.8396
  32.8792 23709.1508  222.0775 -999.9000    0.0000    0.0000    6.9419   88.9021
  32.1025 23866.0302  222.3919 -999.9000    0.0000    0.0000    7.3086   88.9664
  31.3447 24022.9095  222.9827 -999.9000    0.0000    0.0000    7.6677   89.0294
  30.6036 24179.7889  223.6479 -999.9000    0.0000    0.0000    7.9078   89.0878
  29.8779 24336.6683  224.1598 -999.9000    0.0000    0.0000    7.9372   89.1301
  29.1715 24493.5477  224.2289 -999.9000    0.0000    0.0000    7.8604   89.0898
  28.4842 24650.4271  224.1031 -999.9000    0.0000    0.0000    7.7299   88.9796
  27.8138 24807.3065  224.1508 -999.9000    0.0000    0.0000    7.5600   88.8366
  27.1583 24964.1859  224.7391 -999.9000    0.0000    0.0000    7.3645   88.6979
  26.5173 25121.0653  225.9289 -999.9000    0.0000    0.0000    7.1639   88.5852
  25.8939 25277.9447  227.1322 -999.9000    0.0000    0.0000    6.9930   88.4883
  25.2914 25434.8241  227.6783 -999.9000    0.0000    0.0000    6.8886   88.3927
  24.7096 25591.7035  227.2007 -999.9000    0.0000    0.0000    6.9320   88.3136
  24.1354 25748.5829  226.6848 -999.9000    0.0000    0.0000    7.2840   88.3442
  23.5706 25905.4623  226.4636 -999.9000    0.0000    0.0000    7.8469   88.4419
  23.0189 26062.3417  226.7461 -999.9000    0.0000    0.0000    8.4958   88.5480
  22.4826 26219.2211  227.5977 -999.9000    0.0000    0.0000    9.1302   88.6216
  21.9608 26376.1005  228.7123 -999.9000    0.0000    0.0000    9.7114   88.6692
  21.4521 26532.9799  229.7252 -999.9000    0.0000    0.0000   10.2113   88.7041
  20.9548 26689.8593  230.2714 -999.9000    0.0000    0.0000   10.6014   88.7401
  20.4676 26846.7387  229.9859 -999.9000    0.0000    0.0000   10.8532   88.7908
  19.9891 27003.6181  228.5391 -999.9000    0.0000    0.0000   10.9315   88.8671
  19.5243 27160.4975  227.6524 -999.9000    0.0000    0.0000   10.4745   88.8331
  19.0752 27317.3769  228.1132 -999.9000    0.0000    0.0000    9.5541   88.6652
  18.6391 27474.2563  229.3409 -999.9000    0.0000    0.0000    8.5648   88.4541
  18.2135 27631.1357  230.7554 -999.9000    0.0000    0.0000    7.9012   88.2905
  17.7959 27788.0151  231.7852 -999.9000    0.0000    0.0000    7.9347   88.2601
  17.3864 27944.8945  232.0832 -999.9000    0.0000    0.0000    8.4865   88.3267
  16.9866 28101.7739  231.6757 -999.9000    0.0000    0.0000    9.0752   88.3867
  16.5963 28258.6533  230.8591 -999.9000    0.0000    0.0000    9.6663   88.4341
  16.2153 28415.5327  229.9574 -999.9000    0.0000    0.0000   10.2741   88.4734
  15.8432 28572.4121  229.2943 -999.9000    0.0000    0.0000   10.9132   88.5095
  15.4798 28729.2915  229.1876 -999.9000    0.0000    0.0000   11.5962   88.5468
  15.1246 28886.1709  229.5985 -999.9000    0.0000    0.0000   12.2205   88.5881
  14.7769 29043.0503  229.9702 -999.9000    0.0000    0.0000   12.5226   88.6333
  14.4368 29199.9296  230.1385 -999.9000    0.0000    0.0000   12.4375   88.6841
  14.1043 29356.8090  230.2410 -999.9000    0.0000    0.0000   12.0466   88.7433
  13.7798 29513.6884  230.4211 -999.9000    0.0000    0.0000   11.4344   88.8140
  13.4633 29670.5678  230.8222 -999.9000    0.0000    0.0000   10.6853   88.8992
  13.1552 29827.4472  231.5876 -999.9000    0.0000    0.0000    9.8836   89.0018
  12.8555 29984.3266  232.8039 -999.9000    0.0000    0.0000    9.1116   89.1215
  12.5638 30141.2060  234.1585 -999.9000    0.0000    0.0000    8.4374   89.2343
  12.2794 30298.0854  235.1697 -999.9000    0.0000    0.0000    7.9231   89.3059
  12.0018 30454.9648  235.3546 -999.9000    0.0000    0.0000    7.6307   89.3022
  11.7304 30611.8442  234.4855 -999.9000    0.0000    0.0000    7.5811   89.2026
  11.4650 30768.7236  233.3738 -999.9000    0.0000    0.0000    7.6291   89.0420
  11.2056 30925.6030  233.0961 -999.9000    0.0000    0.0000    7.5870   88.8691
  10.9522 31082.4824  234.3041 -999.9000    0.0000    0.0000    7.3347   88.7216
  10.7056 31239.3618  235.8378 -999.9000    0.0000    0.0000    7.0413   88.5894
  10.4661 31396.2412  236.3788 -999.9000    0.0000    0.0000    6.9038   88.4534
  10.2318 31553.1206  236.0072 -999.9000    0.0000    0.0000    6.9077   88.3118
  10.0000 31710.0000  235.1778 -999.9000    0.0000    0.0000    6.9820   88.1674
