# 06610 LSMP Payerne Observations at 12Z 30 Jul 2008
# Radiosonde file generated by raso.rb
#
  P [hPa],     Z [m],    T [K],   Td [K],   RH [%], r [g/kg], WS [m/s], WD [deg]
 962.0000   491.0000  297.7542 -999.9000   66.2409   13.6900    1.7936   93.0543
 944.6891   647.8794  295.7725 -999.9000   67.8284   12.6302    4.2851   92.6754
 927.6873   804.7588  294.4549 -999.9000   79.6086   13.9071    1.9465   92.9144
 911.0964   961.6382  293.2306 -999.9000   80.0931   14.4362    0.2007   92.0428
 894.7070  1118.5176  292.3555 -999.9000   80.1146   14.3064    1.1778   90.9797
 878.5406  1275.3970  292.1144 -999.9000   80.1984   13.3485    2.1819   90.6229
 862.6769  1432.2764  290.7830 -999.9000   81.1273   13.5129    2.4335   90.4248
 846.9845  1589.1558  289.5808 -999.9000   80.4566   13.9027    4.0603   90.3491
 831.5533  1746.0352  289.2661 -999.9000   80.9424   13.2228    4.9651   90.3950
 816.3570  1902.9146  287.9778 -999.9000   80.8344   11.9693    6.0916   90.4496
 801.3249  2059.7940  286.4073 -999.9000   80.5548   11.5640    6.7351   90.4939
 786.5365  2216.6734  285.0674 -999.9000   80.3981   10.4184    7.5023   90.5367
 771.9169  2373.5528  283.8455 -999.9000   80.7816    8.7627    8.7114   90.5644
 757.5041  2530.4322  282.7949 -999.9000   80.6411    8.5006    9.2588   90.6155
 743.3854  2687.3116  282.2253 -999.9000   77.9819    7.5803    8.1630   90.6080
 729.2940  2844.1910  281.1545 -999.9000   60.5393    5.5688    7.9299   90.6173
 715.5826  3001.0704  280.1090 -999.9000   50.2463    4.3807    9.5174   90.6971
 702.0616  3157.9497  278.9257 -999.9000   51.7232    4.2344   10.8037   90.7782
 688.7126  3314.8291  277.4471 -999.9000   59.0492    4.4448   10.8946   90.8007
 675.5482  3471.7085  275.8179 -999.9000   68.3506    4.6752   11.1428   90.8205
 662.5494  3628.5879  274.3382 -999.9000   74.2898    4.6607   11.7450   90.8487
 649.7305  3785.4673  273.3244 -999.9000   67.3905    4.0055   12.0335   90.8627
 637.1240  3942.3467  272.4656 -999.9000   55.2287    3.1437   11.3454   90.9118
 624.7467  4099.2261  271.4441 -999.9000   50.2361    2.7055    9.7885   91.0167
 612.5275  4256.1055  270.3762 -999.9000   50.1587    2.5464    9.3454   91.0465
 600.5160  4412.9849  269.7599 -999.9000   38.2511    1.8919    9.6140   91.0390
 588.7253  4569.8643  269.1555 -999.9000   22.7830    1.0986    9.7856   91.0433
 577.1128  4726.7437  267.8530 -999.9000   18.1803    0.8108    9.8228   91.0483
 565.6299  4883.6231  267.0079 -999.9000   17.0448    0.7276    9.7713   91.0538
 554.4053  5040.5025  266.4373 -999.9000   13.5051    0.5634    9.0678   91.1400
 543.3471  5197.3819  265.7538 -999.9000   12.8434    0.5190    8.2743   91.2153
 532.4739  5354.2613  264.7209 -999.9000   22.2066    0.8459    8.6642   91.2112
 521.8251  5511.1407  263.6665 -999.9000   24.0505    0.8613    9.4035   91.1806
 511.3144  5668.0201  262.8696 -999.9000   14.0996    0.4842   10.0673   91.1583
 500.9731  5824.8995  261.5226 -999.9000   12.9827    0.4090   10.7515   91.1344
 490.8286  5981.7789  259.9056 -999.9000   18.4128    0.5200   10.8880   91.1143
 480.7236  6138.6583  258.7866 -999.9000   29.2471    0.7703   11.2030   91.0832
 470.8214  6295.5377  257.4934 -999.9000   31.5105    0.7621   11.2806   91.0728
 461.0900  6452.4171  256.0607 -999.9000   30.8429    0.6762   10.9814   90.9894
 451.4963  6609.2965  254.7542 -999.9000   32.0162    0.6422    9.9513   90.8335
 442.0676  6766.1759  253.6724 -999.9000   32.5904    0.6091    9.0378   90.7116
 432.8253  6923.0553  252.7002 -999.9000   32.3071    0.5674    9.9238   90.6964
 423.7241  7079.9347  251.2825 -999.9000   36.0116    0.5712   10.7802   90.7318
 414.7432  7236.8141  249.5655 -999.9000   41.2355    0.5742   10.5526   90.7585
 405.9174  7393.6935  248.5574 -999.9000   31.8265    0.4138   10.7539   90.7794
 397.1974  7550.5729  247.2565 -999.9000   27.2442    0.3219   10.9925   90.7881
 388.6475  7707.4523  245.8488 -999.9000   31.1687    0.3308   11.1062   90.8405
 380.2876  7864.3317  244.8175 -999.9000   34.8208    0.3433   11.3086   90.9010
 372.0784  8021.2111  243.9843 -999.9000   39.0940    0.3645   11.4256   90.8924
 363.9826  8178.0905  243.1750 -999.9000   45.2242    0.3994   11.3030   90.7526
 356.0087  8334.9698  242.3055 -999.9000   54.4704    0.4529   11.2518   90.7678
 348.2042  8491.8492  241.3949 -999.9000   60.6047    0.5188   11.8191   91.3797
 340.5609  8648.7286  240.5259 -999.9000   65.0078    0.5272   12.0182   91.7004
 333.0575  8805.6080  239.6483 -999.9000   65.6278    0.4852   11.9269   91.6152
 325.6771  8962.4874  238.6618 -999.9000   65.0661    0.4338   12.1914   91.4555
 318.4095  9119.3668  237.4503 -999.9000   65.8696    0.3977   13.0806   91.4682
 311.2701  9276.2462  235.8042 -999.9000   60.7739    0.3338   13.2090   91.4746
 304.2599  9433.1256  234.2251 -999.9000   55.5987    0.2938   13.4040   91.4194
 297.3812  9590.0050  233.1349 -999.9000   50.7601    0.2688   13.8574   91.3896
 290.6045  9746.8844  231.8845 -999.9000   45.5548    0.2331   14.1581   91.3805
 283.9369  9903.7638  230.4860 -999.9000   45.8631    0.2031   14.5088   91.3479
 277.3870 10060.6432  228.9852 -999.9000   45.7229    0.1789   14.8722   91.3074
 270.9631 10217.5226  227.4221 -999.9000   45.6690    0.1538   15.1159   91.2950
 264.6694 10374.4020  225.8708 -999.9000   45.7876    0.1244   15.1499   91.3378
 258.4744 10531.2814  224.6384 -999.9000   45.3029    0.1097   15.2754   91.3756
 252.3757 10688.1608  223.6069 -999.9000   45.6272    0.1034   15.5212   91.3933
 246.3812 10845.0402  222.5475 -999.9000   40.3406    0.0916   15.8056   91.3978
 240.4896 11001.9196  221.3529 -999.9000   35.7766    0.0742   16.0758   91.3965
 234.6950 11158.7990  220.0183 -999.9000   36.0349    0.0604   16.3022   91.3968
 229.0082 11315.6784  218.6402 -999.9000   35.5805    0.0528   16.4791   91.3986
 223.4492 11472.5578  217.3662 -999.9000   35.0542    0.0500   16.6131   91.3982
 218.0236 11629.4372  216.1725 -999.9000   30.1983    0.0480   16.4224   91.4126
 212.6609 11786.3166  214.5103 -999.9000   25.6698    0.0350   14.7568   91.5070
 207.3913 11943.1960  213.6906 -999.9000   23.8322    0.0295   13.5962   91.4951
 202.2510 12100.0754  214.4079 -999.9000   18.0527    0.0410   13.3122   91.5711
 197.2536 12256.9548  215.8206 -999.9000    9.1221    0.0304   11.3353   92.1270
 192.4469 12413.8342  218.2271 -999.9000    2.6524    0.0062   11.8105   91.9985
 187.8076 12570.7136  218.0563 -999.9000    0.2376    0.0003   12.0791   91.9213
 183.2603 12727.5930  216.8328 -999.9000    0.2964    0.0003   11.8138   91.8946
 178.8033 12884.4724  216.4309 -999.9000    0.0000    0.0000   11.6082   91.8603
 174.4458 13041.3518  216.8444 -999.9000    0.0133    0.0000   11.7692   91.7991
 170.1876 13198.2312  217.0790 -999.9000    0.0000    0.0000   12.3227   91.6668
 166.0391 13355.1106  217.2552 -999.9000    0.0000    0.0000   12.9710   91.5392
 162.0101 13511.9899  216.8857 -999.9000    0.0002    0.0000   13.2988   91.4198
 158.0706 13668.8693  215.9064 -999.9000    0.0000    0.0000   12.9447   91.3880
 154.1974 13825.7487  215.0367 -999.9000    0.0000    0.0000   11.8125   91.4693
 150.4126 13982.6281  214.9719 -999.9000    0.0000    0.0000    9.9276   91.5650
 146.7292 14139.5075  215.9013 -999.9000    0.0000    0.0000    9.8783   91.5673
 143.1108 14296.3869  214.1232 -999.9000    0.0000    0.0000    9.8254   91.5696
 139.5597 14453.2663  216.5398 -999.9000    0.0000    0.0000    9.8206   91.5684
 136.1266 14610.1457  214.2025 -999.9000    0.0000    0.0000    9.8389   91.5540
 132.7619 14767.0251  213.3317 -999.9000    0.0000    0.0000    9.8617   91.5347
 129.4754 14923.9045  214.3308 -999.9000    0.0000    0.0000    9.8830   91.5197
 126.2897 15080.7839  215.4419 -999.9000    0.0000    0.0000    9.8937   91.5108
 123.1790 15237.6633  216.6772 -999.9000    0.0000    0.0000    9.9322   91.4644
 120.1481 15394.5427  217.1601 -999.9000    0.0000    0.0000    9.8119   91.3748
 117.2138 15551.4221  216.5275 -999.9000    0.0000    0.0000    9.4731   91.2661
 114.3435 15708.3015  216.4459 -999.9000    0.0000    0.0000    9.1730   91.1464
 111.5416 15865.1809  216.2163 -999.9000    0.0000    0.0000    8.6140   91.1933
 108.8149 16022.0603  217.5437 -999.9000    0.0000    0.0000    7.8219   91.4869
 106.1648 16178.9397  217.6118 -999.9000    0.0000    0.0000    7.3829   91.3484
 103.5767 16335.8191  217.2584 -999.9000    0.0000    0.0000    5.9751   91.9971
 101.0524 16492.6985  219.3156 -999.9000    0.0000    0.0000    1.5203   90.4089
  98.6148 16649.5779  217.9342 -999.9000    0.0000    0.0000    0.7678   90.4014
  96.2203 16806.4573  217.2027 -999.9000    0.0000    0.0000    0.0364   87.2598
  93.8688 16963.3367  216.4936 -999.9000    0.0000    0.0000    1.0680   90.4014
  91.5836 17120.2161  216.3777 -999.9000    0.0000    0.0000    1.9572   90.4014
  89.3567 17277.0955  216.3584 -999.9000    0.0000    0.0000    2.6118   90.4014
  87.1784 17433.9749  215.8875 -999.9000    0.0000    0.0000    3.3287   90.3927
  85.0453 17590.8543  215.0770 -999.9000    0.0000    0.0000    4.2744   90.0754
  82.9608 17747.7337  214.7503 -999.9000    0.0000    0.0000    5.4753   90.9865
  80.9282 17904.6131  215.3909 -999.9000    0.0000    0.0000    6.6478   90.6807
  78.9484 18061.4925  216.0290 -999.9000    0.0000    0.0000    6.5636   90.4907
  77.0217 18218.3719  216.6952 -999.9000    0.0000    0.0000    5.6260   90.6714
  75.1483 18375.2513  217.7467 -999.9000    0.0000    0.0000    4.6897   90.9237
  73.3271 18532.1307  218.8419 -999.9000    0.0000    0.0000    4.0852   91.0464
  71.5556 18689.0101  218.9611 -999.9000    0.0000    0.0000    3.6347   90.9336
  69.8260 18845.8894  217.8396 -999.9000    0.0000    0.0000    3.0319   91.0562
  68.1227 19002.7688  217.5440 -999.9000    0.0000    0.0000    1.9102   91.7656
  66.4601 19159.6482  217.8893 -999.9000    0.0000    0.0000    0.9003   89.5288
  64.8418 19316.5276  218.3693 -999.9000    0.0000    0.0000    0.6125   87.4851
  63.2670 19473.4070  218.7702 -999.9000    0.0000    0.0000    1.1769   87.9468
  61.7318 19630.2864  219.3302 -999.9000    0.0000    0.0000    1.7851   88.3028
  60.2355 19787.1658  219.5433 -999.9000    0.0000    0.0000    2.5504   88.5476
  58.7762 19944.0452  219.2491 -999.9000    0.0000    0.0000    3.4131   88.9105
  57.3501 20100.9246  218.8739 -999.9000    0.0000    0.0000    3.8688   89.0671
  55.9562 20257.8040  218.6121 -999.9000    0.0000    0.0000    3.8204   88.9446
  54.5968 20414.6834  218.3840 -999.9000    0.0000    0.0000    3.6330   88.7725
  53.2731 20571.5628  218.3417 -999.9000    0.0000    0.0000    3.4700   88.6461
  51.9860 20728.4422  218.7960 -999.9000    0.0000    0.0000    3.3483   88.5640
  50.7361 20885.3216  220.0605 -999.9000    0.0000    0.0000    3.2824   88.5228
  49.5229 21042.2010  221.8466 -999.9000    0.0000    0.0000    3.2558   88.5126
  48.3394 21199.0804  221.2445 -999.9000    0.0000    0.0000    3.6180   88.5757
  47.1874 21355.9598  221.3302 -999.9000    0.0000    0.0000    4.7679   88.7747
  46.0647 21512.8392  221.7416 -999.9000    0.0000    0.0000    5.8205   88.9472
  44.9691 21669.7186  221.9996 -999.9000    0.0000    0.0000    6.0432   88.9570
  43.8989 21826.5980  222.0410 -999.9000    0.0000    0.0000    5.6687   88.8369
  42.8525 21983.4774  221.9262 -999.9000    0.0000    0.0000    5.2130   88.6697
  41.8295 22140.3568  221.7032 -999.9000    0.0000    0.0000    4.9654   88.5214
  40.8309 22297.2362  221.4001 -999.9000    0.0000    0.0000    4.8632   88.4316
  39.8584 22454.1156  221.0462 -999.9000    0.0000    0.0000    4.8147   88.4374
  38.9104 22610.9950  221.4677 -999.9000    0.0000    0.0000    4.9677   88.5046
  37.9838 22767.8744  222.7580 -999.9000    0.0000    0.0000    5.3785   88.5579
  37.0791 22924.7538  223.4805 -999.9000    0.0000    0.0000    5.7155   88.6106
  36.1962 23081.6332  223.6042 -999.9000    0.0000    0.0000    5.9627   88.6649
  35.3349 23238.5126  223.3466 -999.9000    0.0000    0.0000    6.1596   88.7211
  34.4951 23395.3920  222.9252 -999.9000    0.0000    0.0000    6.3459   88.7793
  33.6765 23552.2714  222.5575 -999.9000    0.0000    0.0000    6.5612   88.8396
  32.8792 23709.1508  222.4611 -999.9000    0.0000    0.0000    6.8453   88.9021
  32.1025 23866.0302  222.7777 -999.9000    0.0000    0.0000    7.2105   88.9664
  31.3447 24022.9095  223.3698 -999.9000    0.0000    0.0000    7.5686   89.0294
  30.6036 24179.7889  224.0350 -999.9000    0.0000    0.0000    7.8084   89.0878
  29.8779 24336.6683  224.5458 -999.9000    0.0000    0.0000    7.8382   89.1301
  29.1715 24493.5477  224.6128 -999.9000    0.0000    0.0000    7.7623   89.0898
  28.4842 24650.4271  224.4836 -999.9000    0.0000    0.0000    7.6334   88.9796
  27.8138 24807.3065  224.5268 -999.9000    0.0000    0.0000    7.4658   88.8366
  27.1583 24964.1859  225.1094 -999.9000    0.0000    0.0000    7.2733   88.6979
  26.5173 25121.0653  226.2924 -999.9000    0.0000    0.0000    7.0764   88.5852
  25.8939 25277.9447  227.4880 -999.9000    0.0000    0.0000    6.9098   88.4883
  25.2914 25434.8241  228.0254 -999.9000    0.0000    0.0000    6.8104   88.3927
  24.7096 25591.7035  227.5384 -999.9000    0.0000    0.0000    6.8593   88.3136
  24.1354 25748.5829  227.0124 -999.9000    0.0000    0.0000    7.2175   88.3442
  23.5706 25905.4623  226.7804 -999.9000    0.0000    0.0000    7.7871   88.4419
  23.0189 26062.3417  227.0516 -999.9000    0.0000    0.0000    8.4433   88.5480
  22.4826 26219.2211  227.8915 -999.9000    0.0000    0.0000    9.0854   88.6216
  21.9608 26376.1005  228.9941 -999.9000    0.0000    0.0000    9.6749   88.6692
  21.4521 26532.9799  229.9948 -999.9000    0.0000    0.0000   10.1835   88.7041
  20.9548 26689.8593  230.5286 -999.9000    0.0000    0.0000   10.5827   88.7401
  20.4676 26846.7387  230.2307 -999.9000    0.0000    0.0000   10.8441   88.7908
  19.9891 27003.6181  228.7715 -999.9000    0.0000    0.0000   10.9324   88.8671
  19.5243 27160.4975  227.8726 -999.9000    0.0000    0.0000   10.4857   88.8331
  19.0752 27317.3769  228.3214 -999.9000    0.0000    0.0000    9.5761   88.6652
  18.6391 27474.2563  229.5375 -999.9000    0.0000    0.0000    8.5978   88.4541
  18.2135 27631.1357  230.9407 -999.9000    0.0000    0.0000    7.9456   88.2905
  17.7959 27788.0151  231.9597 -999.9000    0.0000    0.0000    7.9907   88.2601
  17.3864 27944.8945  232.2476 -999.9000    0.0000    0.0000    8.5544   88.3267
  16.9866 28101.7739  231.8307 -999.9000    0.0000    0.0000    9.1553   88.3867
  16.5963 28258.6533  231.0054 -999.9000    0.0000    0.0000    9.7588   88.4341
  16.2153 28415.5327  230.0961 -999.9000    0.0000    0.0000   10.3791   88.4734
  15.8432 28572.4121  229.4262 -999.9000    0.0000    0.0000   11.0310   88.5095
  15.4798 28729.2915  229.3139 -999.9000    0.0000    0.0000   11.7268   88.5468
  15.1246 28886.1709  229.7203 -999.9000    0.0000    0.0000   12.3641   88.5881
  14.7769 29043.0503  230.0887 -999.9000    0.0000    0.0000   12.6793   88.6333
  14.4368 29199.9296  230.2551 -999.9000    0.0000    0.0000   12.6074   88.6841
  14.1043 29356.8090  230.3573 -999.9000    0.0000    0.0000   12.2297   88.7433
  13.7798 29513.6884  230.5385 -999.9000    0.0000    0.0000   11.6309   88.8140
  13.4633 29670.5678  230.9423 -999.9000    0.0000    0.0000   10.8950   88.8992
  13.1552 29827.4472  231.7123 -999.9000    0.0000    0.0000   10.1066   89.0018
  12.8555 29984.3266  232.9349 -999.9000    0.0000    0.0000    9.3479   89.1215
  12.5638 30141.2060  234.2978 -999.9000    0.0000    0.0000    8.6869   89.2343
  12.2794 30298.0854  235.3192 -999.9000    0.0000    0.0000    8.1857   89.3059
  12.0018 30454.9648  235.5165 -999.9000    0.0000    0.0000    7.9063   89.3022
  11.7304 30611.8442  234.6619 -999.9000    0.0000    0.0000    7.8696   89.2026
  11.4650 30768.7236  233.5671 -999.9000    0.0000    0.0000    7.9303   89.0420
  11.2056 30925.6030  233.3087 -999.9000    0.0000    0.0000    7.9008   88.8691
  10.9522 31082.4824  234.5385 -999.9000    0.0000    0.0000    7.6609   88.7216
  10.7056 31239.3618  236.0964 -999.9000    0.0000    0.0000    7.3796   88.5894
  10.4661 31396.2412  236.6644 -999.9000    0.0000    0.0000    7.2540   88.4534
  10.2318 31553.1206  236.3226 -999.9000    0.0000    0.0000    7.2696   88.3118
  10.0000 31710.0000  235.5257 -999.9000    0.0000    0.0000    7.3553   88.1674
