# 06610 LSMP Payerne Observations at 12Z 30 Jul 2008
# Radiosonde file generated by raso.rb
#
  P [hPa],     Z [m],    T [K],   Td [K],   RH [%], r [g/kg], WS [m/s], WD [deg]
 962.0000   491.0000  298.4093 -999.9000   66.2469   13.6900    2.1226   93.0543
 944.6891   647.8794  296.3765 -999.9000   67.8046   12.6302    4.6331   92.6754
 927.6873   804.7588  295.0116 -999.9000   79.5489   13.9071    2.3114   92.9144
 911.0964   961.6382  293.7437 -999.9000   80.0042   14.4362    0.5805   92.0428
 894.7070  1118.5176  292.8287 -999.9000   79.9998   14.3064    1.5705   90.9797
 878.5406  1275.3970  292.5509 -999.9000   80.0606   13.3485    2.5857   90.6229
 862.6769  1432.2764  291.1863 -999.9000   80.9675   13.5129    2.8465   90.4248
 846.9845  1589.1558  289.9540 -999.9000   80.2807   13.9027    4.4808   90.3491
 831.5533  1746.0352  289.6124 -999.9000   80.7504   13.2228    5.3915   90.3950
 816.3570  1902.9146  288.3000 -999.9000   80.6300   11.9693    6.5222   90.4496
 801.3249  2059.7940  286.7084 -999.9000   80.3409   11.5640    7.1685   90.4939
 786.5365  2216.6734  285.3500 -999.9000   80.1765   10.4184    7.9370   90.5367
 771.9169  2373.5528  284.1121 -999.9000   80.5531    8.7627    9.1458   90.5644
 757.5041  2530.4322  283.0481 -999.9000   80.4089    8.5006    9.6917   90.6155
 743.3854  2687.3116  282.4675 -999.9000   77.7553    7.5803    8.5931   90.6080
 729.2940  2844.1910  281.3880 -999.9000   60.3631    5.5688    8.3560   90.6173
 715.5826  3001.0704  280.3357 -999.9000   50.1008    4.3807    9.9384   90.6971
 702.0616  3157.9497  279.1477 -999.9000   51.5751    4.2344   11.2185   90.7782
 688.7126  3314.8291  277.6664 -999.9000   58.8831    4.4448   11.3021   90.8007
 675.5482  3471.7085  276.0361 -999.9000   68.1627    4.6752   11.5421   90.8205
 662.5494  3628.5879  274.5570 -999.9000   74.0915    4.6607   12.1353   90.8487
 649.7305  3785.4673  273.5452 -999.9000   67.2168    4.0055   12.4138   90.8627
 637.1240  3942.3467  272.6900 -999.9000   55.0921    3.1437   11.7151   90.9118
 624.7467  4099.2261  271.6733 -999.9000   50.1175    2.7055   10.1470   91.0167
 612.5275  4256.1055  270.6113 -999.9000   50.0464    2.5464    9.6920   91.0465
 600.5160  4412.9849  270.0020 -999.9000   38.1703    1.8919    9.9481   91.0390
 588.7253  4569.8643  269.4055 -999.9000   22.7379    1.0986   10.1068   91.0433
 577.1128  4726.7437  268.1117 -999.9000   18.1468    0.8108   10.1307   91.0483
 565.6299  4883.6231  267.2760 -999.9000   17.0157    0.7276   10.0655   91.0538
 554.4053  5040.5025  266.7153 -999.9000   13.4840    0.5634    9.3481   91.1400
 543.3471  5197.3819  266.0422 -999.9000   12.8251    0.5190    8.5403   91.2153
 532.4739  5354.2613  265.0200 -999.9000   22.1780    0.8459    8.9160   91.2112
 521.8251  5511.1407  263.9765 -999.9000   24.0228    0.8613    9.6408   91.1806
 511.3144  5668.0201  263.1906 -999.9000   14.0851    0.4842   10.2903   91.1583
 500.9731  5824.8995  261.8545 -999.9000   12.9710    0.4090   10.9601   91.1344
 490.8286  5981.7789  260.2483 -999.9000   18.3982    0.5200   11.0824   91.1143
 480.7236  6138.6583  259.1398 -999.9000   29.2271    0.7703   11.3833   91.0832
 470.8214  6295.5377  257.8567 -999.9000   31.4918    0.7621   11.4472   91.0728
 461.0900  6452.4171  256.4337 -999.9000   30.8271    0.6762   11.1345   90.9894
 451.4963  6609.2965  255.1361 -999.9000   32.0020    0.6422   10.0913   90.8335
 442.0676  6766.1759  254.0625 -999.9000   32.5776    0.6091    9.1652   90.7116
 432.8253  6923.0553  253.0976 -999.9000   32.2955    0.5674   10.0390   90.6964
 423.7241  7079.9347  251.6862 -999.9000   35.9993    0.5712   10.8840   90.7318
 414.7432  7236.8141  249.9744 -999.9000   41.2211    0.5742   10.6454   90.7585
 405.9174  7393.6935  248.9703 -999.9000   31.8146    0.4138   10.8366   90.7794
 397.1974  7550.5729  247.6720 -999.9000   27.2328    0.3219   11.0658   90.7881
 388.6475  7707.4523  246.2656 -999.9000   31.1534    0.3308   11.1709   90.8405
 380.2876  7864.3317  245.2342 -999.9000   34.8007    0.3433   11.3655   90.9010
 372.0784  8021.2111  244.3998 -999.9000   39.0673    0.3645   11.4753   90.8924
 363.9826  8178.0905  243.5880 -999.9000   45.1879    0.3994   11.3462   90.7526
 356.0087  8334.9698  242.7150 -999.9000   54.4196    0.4529   11.2893   90.7678
 348.2042  8491.8492  241.7997 -999.9000   60.5397    0.5188   11.8515   91.3797
 340.5609  8648.7286  240.9250 -999.9000   64.9286    0.5272   12.0461   91.7004
 333.0575  8805.6080  240.0407 -999.9000   65.5379    0.4852   11.9508   91.6152
 325.6771  8962.4874  239.0466 -999.9000   64.9670    0.4338   12.2120   91.4555
 318.4095  9119.3668  237.8266 -999.9000   65.7592    0.3977   13.0984   91.4682
 311.2701  9276.2462  236.1711 -999.9000   60.6629    0.3338   13.2244   91.4746
 304.2599  9433.1256  234.5819 -999.9000   55.4891    0.2938   13.4175   91.4194
 297.3812  9590.0050  233.4808 -999.9000   50.6531    0.2688   13.8695   91.3896
 290.6045  9746.8844  232.2189 -999.9000   45.4530    0.2331   14.1692   91.3805
 283.9369  9903.7638  230.8083 -999.9000   45.7553    0.2031   14.5194   91.3479
 277.3870 10060.6432  229.2948 -999.9000   45.6108    0.1789   14.8826   91.3074
 270.9631 10217.5226  227.7184 -999.9000   45.5532    0.1538   15.1264   91.2950
 264.6694 10374.4020  226.1534 -999.9000   45.6685    0.1244   15.1609   91.3378
 258.4744 10531.2814  224.9068 -999.9000   45.1831    0.1097   15.2870   91.3756
 252.3757 10688.1608  223.8608 -999.9000   45.5057    0.1034   15.5338   91.3933
 246.3812 10845.0402  222.7866 -999.9000   40.2335    0.0916   15.8195   91.3978
 240.4896 11001.9196  221.5769 -999.9000   35.6830    0.0742   16.0910   91.3965
 234.6950 11158.7990  220.2270 -999.9000   35.9429    0.0604   16.3190   91.3968
 229.0082 11315.6784  218.8333 -999.9000   35.4928    0.0528   16.4978   91.3986
 223.4492 11472.5578  217.5437 -999.9000   34.9718    0.0500   16.6337   91.3982
 218.0236 11629.4372  216.3342 -999.9000   30.1313    0.0480   16.4453   91.4126
 212.6609 11786.3166  214.6561 -999.9000   25.6166    0.0350   14.7821   91.5070
 207.3913 11943.1960  213.8204 -999.9000   23.7866    0.0295   13.6242   91.4951
 202.2510 12100.0754  214.5219 -999.9000   18.0213    0.0410   13.3430   91.5711
 197.2536 12256.9548  215.9186 -999.9000    9.1079    0.0304   11.3692   92.1270
 192.4469 12413.8342  218.3092 -999.9000    2.6488    0.0062   11.8477   91.9985
 187.8076 12570.7136  218.1227 -999.9000    0.2374    0.0003   12.1199   91.9213
 183.2603 12727.5930  216.8834 -999.9000    0.2961    0.0003   11.8584   91.8946
 178.8033 12884.4724  216.4660 -999.9000    0.0000    0.0000   11.6569   91.8603
 174.4458 13041.3518  216.8642 -999.9000    0.0133    0.0000   11.8222   91.7991
 170.1876 13198.2312  217.0837 -999.9000    0.0000    0.0000   12.3802   91.6668
 166.0391 13355.1106  217.2451 -999.9000    0.0000    0.0000   13.0334   91.5392
 162.0101 13511.9899  216.8610 -999.9000    0.0002    0.0000   13.3663   91.4198
 158.0706 13668.8693  215.8675 -999.9000    0.0000    0.0000   13.0176   91.3880
 154.1974 13825.7487  214.9839 -999.9000    0.0000    0.0000   11.8910   91.4693
 150.4126 13982.6281  214.9057 -999.9000    0.0000    0.0000   10.0121   91.5650
 146.7292 14139.5075  215.8221 -999.9000    0.0000    0.0000    9.9689   91.5673
 143.1108 14296.3869  214.0315 -999.9000    0.0000    0.0000    9.9225   91.5696
 139.5597 14453.2663  216.4361 -999.9000    0.0000    0.0000    9.9246   91.5684
 136.1266 14610.1457  214.0873 -999.9000    0.0000    0.0000    9.9498   91.5540
 132.7619 14767.0251  213.2058 -999.9000    0.0000    0.0000    9.9797   91.5347
 129.4754 14923.9045  214.1950 -999.9000    0.0000    0.0000   10.0080   91.5197
 126.2897 15080.7839  215.2974 -999.9000    0.0000    0.0000   10.0257   91.5108
 123.1790 15237.6633  216.5251 -999.9000    0.0000    0.0000   10.0707   91.4644
 120.1481 15394.5427  217.0017 -999.9000    0.0000    0.0000    9.9565   91.3748
 117.2138 15551.4221  216.3642 -999.9000    0.0000    0.0000    9.6232   91.2661
 114.3435 15708.3015  216.2794 -999.9000    0.0000    0.0000    9.3281   91.1464
 111.5416 15865.1809  216.0483 -999.9000    0.0000    0.0000    8.7731   91.1933
 108.8149 16022.0603  217.3760 -999.9000    0.0000    0.0000    7.9841   91.4869
 106.1648 16178.9397  217.4465 -999.9000    0.0000    0.0000    7.5470   91.3484
 103.5767 16335.8191  217.0977 -999.9000    0.0000    0.0000    6.1399   91.9971
 101.0524 16492.6985  219.1618 -999.9000    0.0000    0.0000    1.6844   90.4089
  98.6148 16649.5779  217.7898 -999.9000    0.0000    0.0000    0.9298   90.4014
  96.2203 16806.4573  217.0703 -999.9000    0.0000    0.0000    0.1219   90.4014
  93.8688 16963.3367  216.3758 -999.9000    0.0000    0.0000    1.2208   90.4014
  91.5836 17120.2161  216.2775 -999.9000    0.0000    0.0000    2.1026   90.4014
  89.3567 17277.0955  216.2788 -999.9000    0.0000    0.0000    2.7478   90.4014
  87.1784 17433.9749  215.8317 -999.9000    0.0000    0.0000    3.4531   90.3927
  85.0453 17590.8543  215.0483 -999.9000    0.0000    0.0000    4.3849   90.0754
  82.9608 17747.7337  214.7522 -999.9000    0.0000    0.0000    5.5695   90.9865
  80.9282 17904.6131  215.4269 -999.9000    0.0000    0.0000    6.7233   90.6807
  78.9484 18061.4925  216.1026 -999.9000    0.0000    0.0000    6.6177   90.4907
  77.0217 18218.3719  216.8092 -999.9000    0.0000    0.0000    5.6566   90.6714
  75.1483 18375.2513  217.9036 -999.9000    0.0000    0.0000    4.6948   90.9237
  73.3271 18532.1307  219.0436 -999.9000    0.0000    0.0000    4.0634   91.0464
  71.5556 18689.0101  219.2088 -999.9000    0.0000    0.0000    3.5845   90.9336
  69.8260 18845.8894  218.1343 -999.9000    0.0000    0.0000    2.9523   91.0562
  68.1227 19002.7688  217.8858 -999.9000    0.0000    0.0000    1.8005   91.7656
  66.4601 19159.6482  218.2781 -999.9000    0.0000    0.0000    0.7600   89.5288
  64.8418 19316.5276  218.8043 -999.9000    0.0000    0.0000    0.4414   87.4851
  63.2670 19473.4070  219.2501 -999.9000    0.0000    0.0000    0.9753   87.9468
  61.7318 19630.2864  219.8532 -999.9000    0.0000    0.0000    1.5533   88.3028
  60.2355 19787.1658  220.1070 -999.9000    0.0000    0.0000    2.2892   88.5476
  58.7762 19944.0452  219.8506 -999.9000    0.0000    0.0000    3.1234   88.9105
  57.3501 20100.9246  219.5100 -999.9000    0.0000    0.0000    3.5520   89.0671
  55.9562 20257.8040  219.2787 -999.9000    0.0000    0.0000    3.4780   88.9446
  54.5968 20414.6834  219.0767 -999.9000    0.0000    0.0000    3.2670   88.7725
  53.2731 20571.5628  219.0555 -999.9000    0.0000    0.0000    3.0825   88.6461
  51.9860 20728.4422  219.5254 -999.9000    0.0000    0.0000    2.9418   88.5640
  50.7361 20885.3216  220.7995 -999.9000    0.0000    0.0000    2.8597   88.5228
  49.5229 21042.2010  222.5886 -999.9000    0.0000    0.0000    2.8199   88.5126
  48.3394 21199.0804  221.9825 -999.9000    0.0000    0.0000    3.1723   88.5757
  47.1874 21355.9598  222.0565 -999.9000    0.0000    0.0000    4.3159   88.7747
  46.0647 21512.8392  222.4486 -999.9000    0.0000    0.0000    5.3661   88.9472
  44.9691 21669.7186  222.6801 -999.9000    0.0000    0.0000    5.5898   88.9570
  43.8989 21826.5980  222.6886 -999.9000    0.0000    0.0000    5.2193   88.8369
  42.8525 21983.4774  222.5351 -999.9000    0.0000    0.0000    4.7706   88.6697
  41.8295 22140.3568  222.2681 -999.9000    0.0000    0.0000    4.5323   88.5214
  40.8309 22297.2362  221.9166 -999.9000    0.0000    0.0000    4.4417   88.4316
  39.8584 22454.1156  221.5102 -999.9000    0.0000    0.0000    4.4068   88.4374
  38.9104 22610.9950  221.8761 -999.9000    0.0000    0.0000    4.5748   88.5046
  37.9838 22767.8744  223.1080 -999.9000    0.0000    0.0000    5.0020   88.5579
  37.0791 22924.7538  223.7703 -999.9000    0.0000    0.0000    5.3564   88.6106
  36.1962 23081.6332  223.8323 -999.9000    0.0000    0.0000    5.6217   88.6649
  35.3349 23238.5126  223.5123 -999.9000    0.0000    0.0000    5.8370   88.7211
  34.4951 23395.3920  223.0285 -999.9000    0.0000    0.0000    6.0418   88.7793
  33.6765 23552.2714  222.5989 -999.9000    0.0000    0.0000    6.2754   88.8396
  32.8792 23709.1508  222.4418 -999.9000    0.0000    0.0000    6.5772   88.9021
  32.1025 23866.0302  222.6996 -999.9000    0.0000    0.0000    6.9593   88.9664
  31.3447 24022.9095  223.2352 -999.9000    0.0000    0.0000    7.3331   89.0294
  30.6036 24179.7889  223.8472 -999.9000    0.0000    0.0000    7.5872   89.0878
  29.8779 24336.6683  224.3086 -999.9000    0.0000    0.0000    7.6294   89.1301
  29.1715 24493.5477  224.3304 -999.9000    0.0000    0.0000    7.5640   89.0898
  28.4842 24650.4271  224.1611 -999.9000    0.0000    0.0000    7.4432   88.9796
  27.8138 24807.3065  224.1700 -999.9000    0.0000    0.0000    7.2810   88.8366
  27.1583 24964.1859  224.7242 -999.9000    0.0000    0.0000    7.0909   88.6979
  26.5173 25121.0653  225.8846 -999.9000    0.0000    0.0000    6.8939   88.5852
  25.8939 25277.9447  227.0630 -999.9000    0.0000    0.0000    6.7248   88.4883
  25.2914 25434.8241  227.5884 -999.9000    0.0000    0.0000    6.6205   88.3927
  24.7096 25591.7035  227.0942 -999.9000    0.0000    0.0000    6.6626   88.3136
  24.1354 25748.5829  226.5656 -999.9000    0.0000    0.0000    7.0121   88.3442
  23.5706 25905.4623  226.3351 -999.9000    0.0000    0.0000    7.5714   88.4419
  23.0189 26062.3417  226.6118 -999.9000    0.0000    0.0000    8.2159   88.5480
  22.4826 26219.2211  227.4607 -999.9000    0.0000    0.0000    8.8452   88.6216
  21.9608 26376.1005  228.5755 -999.9000    0.0000    0.0000    9.4208   88.6692
  21.4521 26532.9799  229.5913 -999.9000    0.0000    0.0000    9.9148   88.7041
  20.9548 26689.8593  230.1429 -999.9000    0.0000    0.0000   10.2988   88.7401
  20.4676 26846.7387  229.8650 -999.9000    0.0000    0.0000   10.5446   88.7908
  19.9891 27003.6181  228.4279 -999.9000    0.0000    0.0000   10.6172   88.8671
  19.5243 27160.4975  227.5526 -999.9000    0.0000    0.0000   10.1549   88.8331
  19.0752 27317.3769  228.0264 -999.9000    0.0000    0.0000    9.2299   88.6652
  18.6391 27474.2563  229.2685 -999.9000    0.0000    0.0000    8.2367   88.4541
  18.2135 27631.1357  230.6985 -999.9000    0.0000    0.0000    7.5703   88.2905
  17.7959 27788.0151  231.7446 -999.9000    0.0000    0.0000    7.6022   88.2601
  17.3864 27944.8945  232.0597 -999.9000    0.0000    0.0000    8.1537   88.3267
  16.9866 28101.7739  231.6697 -999.9000    0.0000    0.0000    8.7438   88.3867
  16.5963 28258.6533  230.8709 -999.9000    0.0000    0.0000    9.3379   88.4341
  16.2153 28415.5327  229.9870 -999.9000    0.0000    0.0000    9.9507   88.4734
  15.8432 28572.4121  229.3415 -999.9000    0.0000    0.0000   10.5970   88.5095
  15.4798 28729.2915  229.2519 -999.9000    0.0000    0.0000   11.2893   88.5468
  15.1246 28886.1709  229.6793 -999.9000    0.0000    0.0000   11.9256   88.5881
  14.7769 29043.0503  230.0665 -999.9000    0.0000    0.0000   12.2423   88.6333
  14.4368 29199.9296  230.2492 -999.9000    0.0000    0.0000   12.1747   88.6841
  14.1043 29356.8090  230.3649 -999.9000    0.0000    0.0000   11.8044   88.7433
  13.7798 29513.6884  230.5565 -999.9000    0.0000    0.0000   11.2161   88.8140
  13.4633 29670.5678  230.9674 -999.9000    0.0000    0.0000   10.4942   88.8992
  13.1552 29827.4472  231.7405 -999.9000    0.0000    0.0000    9.7233   89.0018
  12.8555 29984.3266  232.9624 -999.9000    0.0000    0.0000    8.9860   89.1215
  12.5638 30141.2060  234.3201 -999.9000    0.0000    0.0000    8.3506   89.2343
  12.2794 30298.0854  235.3316 -999.9000    0.0000    0.0000    7.8791   89.3059
  12.0018 30454.9648  235.5141 -999.9000    0.0000    0.0000    7.6339   89.3022
  11.7304 30611.8442  234.6393 -999.9000    0.0000    0.0000    7.6361   89.2026
  11.4650 30768.7236  233.5187 -999.9000    0.0000    0.0000    7.7406   89.0420
  11.2056 30925.6030  233.2284 -999.9000    0.0000    0.0000    7.7600   88.8691
  10.9522 31082.4824  234.4201 -999.9000    0.0000    0.0000    7.5743   88.7216
  10.7056 31239.3618  235.9334 -999.9000    0.0000    0.0000    7.3528   88.5894
  10.4661 31396.2412  236.4498 -999.9000    0.0000    0.0000    7.2927   88.4534
  10.2318 31553.1206  236.0491 -999.9000    0.0000    0.0000    7.3796   88.3118
  10.0000 31710.0000  235.1860 -999.9000    0.0000    0.0000    7.5429   88.1674
