# 06610 LSMP Payerne Observations at 12Z 30 Jul 2008
# Radiosonde file generated by raso.rb
#
  P [hPa],     Z [m],    T [K],   Td [K],   RH [%], r [g/kg], WS [m/s], WD [deg]
 962.0000   491.0000  298.0330 -999.9000   66.1306   13.6900    1.8819   93.0543
 944.6891   647.8794  295.9174 -999.9000   67.7092   12.6302    4.2747   92.6754
 927.6873   804.7588  294.4786 -999.9000   79.4631   13.9071    1.8470   92.9144
 911.0964   961.6382  293.1452 -999.9000   79.9427   14.4362    0.0213   92.0428
 894.7070  1118.5176  292.1727 -999.9000   79.9616   14.3064    0.9274   90.9797
 878.5406  1275.3970  291.8454 -999.9000   80.0442   13.3485    1.8692   90.6229
 862.6769  1432.2764  290.4387 -999.9000   80.9717   13.5129    2.0667   90.4248
 846.9845  1589.1558  289.1715 -999.9000   80.3040   13.9027    3.6475   90.3491
 831.5533  1746.0352  288.8019 -999.9000   80.7919   13.2228    4.5140   90.3950
 816.3570  1902.9146  287.4682 -999.9000   80.6881   11.9693    5.6095   90.4496
 801.3249  2059.7940  285.8617 -999.9000   80.4142   11.5640    6.2291   90.4939
 786.5365  2216.6734  284.4943 -999.9000   80.2639   10.4184    6.9791   90.5367
 771.9169  2373.5528  283.2532 -999.9000   80.6539    8.7627    8.1775   90.5644
 757.5041  2530.4322  282.1914 -999.9000   80.5215    8.5006    8.7202   90.6155
 743.3854  2687.3116  281.6181 -999.9000   77.8747    7.5803    7.6257   90.6080
 729.2940  2844.1910  280.5507 -999.9000   60.4632    5.5688    7.3993   90.6173
 715.5826  3001.0704  279.5151 -999.9000   50.1894    4.3807    8.9987   90.6971
 702.0616  3157.9497  278.3479 -999.9000   51.6714    4.2344   10.3018   90.7782
 688.7126  3314.8291  276.8913 -999.9000   58.9982    4.4448   10.4140   90.8007
 675.5482  3471.7085  275.2894 -999.9000   68.3012    4.6752   10.6879   90.8205
 662.5494  3628.5879  273.8420 -999.9000   74.2470    4.6607   11.3197   90.8487
 649.7305  3785.4673  272.8650 -999.9000   67.3617    4.0055   11.6413   90.8627
 637.1240  3942.3467  272.0471 -999.9000   55.2134    3.1437   10.9898   90.9118
 624.7467  4099.2261  271.0703 -999.9000   50.2298    2.7055    9.4725   91.0167
 612.5275  4256.1055  270.0503 -999.9000   50.1601    2.5464    9.0717   91.0465
 600.5160  4412.9849  269.4847 -999.9000   38.2580    1.8919    9.3849   91.0390
 588.7253  4569.8643  268.9335 -999.9000   22.7905    1.0986    9.6032   91.0433
 577.1128  4726.7437  267.6862 -999.9000   18.1890    0.8108    9.6889   91.0483
 565.6299  4883.6231  266.8977 -999.9000   17.0553    0.7276    9.6874   91.0538
 554.4053  5040.5025  266.3851 -999.9000   13.5153    0.5634    9.0351   91.1400
 543.3471  5197.3819  265.7603 -999.9000   12.8548    0.5190    8.2935   91.2153
 532.4739  5354.2613  264.7864 -999.9000   22.2291    0.8459    8.7360   91.2112
 521.8251  5511.1407  263.7908 -999.9000   24.0778    0.8613    9.5279   91.1806
 511.3144  5668.0201  263.0523 -999.9000   14.1171    0.4842   10.2444   91.1583
 500.9731  5824.8995  261.7627 -999.9000   13.0001    0.4090   10.9808   91.1344
 490.8286  5981.7789  260.2017 -999.9000   18.4391    0.5200   11.1688   91.1143
 480.7236  6138.6583  259.1370 -999.9000   29.2913    0.7703   11.5342   91.0832
 470.8214  6295.5377  257.8960 -999.9000   31.5602    0.7621   11.6610   91.0728
 461.0900  6452.4171  256.5128 -999.9000   30.8932    0.6762   11.4093   90.9894
 451.4963  6609.2965  255.2527 -999.9000   32.0696    0.6422   10.4247   90.8335
 442.0676  6766.1759  254.2138 -999.9000   32.6455    0.6091    9.5545   90.7116
 432.8253  6923.0553  253.2807 -999.9000   32.3619    0.5674   10.4811   90.6964
 423.7241  7079.9347  251.8978 -999.9000   36.0723    0.5712   11.3753   90.7318
 414.7432  7236.8141  250.2108 -999.9000   41.3038    0.5742   11.1823   90.7585
 405.9174  7393.6935  249.2276 -999.9000   31.8776    0.4138   11.4146   90.7794
 397.1974  7550.5729  247.9462 -999.9000   27.2862    0.3219   11.6805   90.7881
 388.6475  7707.4523  246.5524 -999.9000   31.2139    0.3308   11.8177   90.8405
 380.2876  7864.3317  245.5300 -999.9000   34.8677    0.3433   12.0401   90.9010
 372.0784  8021.2111  244.7011 -999.9000   39.1419    0.3645   12.1735   90.8924
 363.9826  8178.0905  243.8917 -999.9000   45.2735    0.3994   12.0642   90.7526
 356.0087  8334.9698  243.0181 -999.9000   54.5217    0.4529   12.0232   90.7678
 348.2042  8491.8492  242.0996 -999.9000   60.6522    0.5188   12.5980   91.3797
 340.5609  8648.7286  241.2194 -999.9000   65.0477    0.5272   12.8017   91.7004
 333.0575  8805.6080  240.3276 -999.9000   65.6565    0.4852   12.7125   91.6152
 325.6771  8962.4874  239.3244 -999.9000   65.0826    0.4338   12.9768   91.4555
 318.4095  9119.3668  238.0938 -999.9000   65.8740    0.3977   13.8637   91.4682
 311.2701  9276.2462  236.4265 -999.9000   60.7663    0.3338   13.9877   91.4746
 304.2599  9433.1256  234.8247 -999.9000   55.5811    0.2938   14.1765   91.4194
 297.3812  9590.0050  233.7105 -999.9000   50.7343    0.2688   14.6221   91.3896
 290.6045  9746.8844  232.4351 -999.9000   45.5229    0.2331   14.9134   91.3805
 283.9369  9903.7638  231.0111 -999.9000   45.8224    0.2031   15.2536   91.3479
 277.3870 10060.6432  229.4845 -999.9000   45.6739    0.1789   15.6053   91.3074
 270.9631 10217.5226  227.8956 -999.9000   45.6120    0.1538   15.8364   91.2950
 264.6694 10374.4020  226.3190 -999.9000   45.7227    0.1244   15.8571   91.3378
 258.4744 10531.2814  225.0621 -999.9000   45.2314    0.1097   15.9685   91.3756
 252.3757 10688.1608  224.0072 -999.9000   45.5485    0.1034   16.2000   91.3933
 246.3812 10845.0402  222.9258 -999.9000   40.2655    0.0916   16.4698   91.3978
 240.4896 11001.9196  221.7111 -999.9000   35.7056    0.0742   16.7253   91.3965
 234.6950 11158.7990  220.3581 -999.9000   35.9595    0.0604   16.9371   91.3968
 229.0082 11315.6784  218.9634 -999.9000   35.5027    0.0528   17.0996   91.3986
 223.4492 11472.5578  217.6745 -999.9000   34.9748    0.0500   17.2193   91.3982
 218.0236 11629.4372  216.4674 -999.9000   30.1278    0.0480   17.0145   91.4126
 212.6609 11786.3166  214.7932 -999.9000   25.6084    0.0350   15.3352   91.5070
 207.3913 11943.1960  213.9629 -999.9000   23.7741    0.0295   14.1612   91.4951
 202.2510 12100.0754  214.6710 -999.9000   18.0081    0.0410   13.8643   91.5711
 197.2536 12256.9548  216.0754 -999.9000    9.0993    0.0304   11.8750   92.1270
 192.4469 12413.8342  218.4747 -999.9000    2.6458    0.0062   12.3384   91.9985
 187.8076 12570.7136  218.2978 -999.9000    0.2370    0.0003   12.5958   91.9213
 183.2603 12727.5930  217.0689 -999.9000    0.2956    0.0003   12.3200   91.8946
 178.8033 12884.4724  216.6625 -999.9000    0.0000    0.0000   12.1048   91.8603
 174.4458 13041.3518  217.0720 -999.9000    0.0133    0.0000   12.2569   91.7991
 170.1876 13198.2312  217.3033 -999.9000    0.0000    0.0000   12.8025   91.6668
 166.0391 13355.1106  217.4766 -999.9000    0.0000    0.0000   13.4439   91.5392
 162.0101 13511.9899  217.1045 -999.9000    0.0002    0.0000   13.7658   91.4198
 158.0706 13668.8693  216.1229 -999.9000    0.0000    0.0000   13.4068   91.3880
 154.1974 13825.7487  215.2511 -999.9000    0.0000    0.0000   12.2710   91.4693
 150.4126 13982.6281  215.1842 -999.9000    0.0000    0.0000   10.3837   91.5650
 146.7292 14139.5075  216.1115 -999.9000    0.0000    0.0000   10.3333   91.5673
 143.1108 14296.3869  214.3312 -999.9000    0.0000    0.0000   10.2807   91.5696
 139.5597 14453.2663  216.7453 -999.9000    0.0000    0.0000   10.2776   91.5684
 136.1266 14610.1457  214.4051 -999.9000    0.0000    0.0000   10.2990   91.5540
 132.7619 14767.0251  213.5314 -999.9000    0.0000    0.0000   10.3261   91.5347
 129.4754 14923.9045  214.5272 -999.9000    0.0000    0.0000   10.3526   91.5197
 126.2897 15080.7839  215.6349 -999.9000    0.0000    0.0000   10.3696   91.5108
 123.1790 15237.6633  216.8665 -999.9000    0.0000    0.0000   10.4148   91.4644
 120.1481 15394.5427  217.3457 -999.9000    0.0000    0.0000   10.3019   91.3748
 117.2138 15551.4221  216.7091 -999.9000    0.0000    0.0000    9.9707   91.2661
 114.3435 15708.3015  216.6235 -999.9000    0.0000    0.0000    9.6784   91.1464
 111.5416 15865.1809  216.3897 -999.9000    0.0000    0.0000    9.1272   91.1933
 108.8149 16022.0603  217.7129 -999.9000    0.0000    0.0000    8.3427   91.4869
 106.1648 16178.9397  217.7767 -999.9000    0.0000    0.0000    7.9109   91.3484
 103.5767 16335.8191  217.4190 -999.9000    0.0000    0.0000    6.5097   91.9971
 101.0524 16492.6985  219.4718 -999.9000    0.0000    0.0000    2.0609   90.4089
  98.6148 16649.5779  218.0861 -999.9000    0.0000    0.0000    1.3135   90.4014
  96.2203 16806.4573  217.3503 -999.9000    0.0000    0.0000    0.5134   90.4014
  93.8688 16963.3367  216.6369 -999.9000    0.0000    0.0000    1.6205   90.4014
  91.5836 17120.2161  216.5169 -999.9000    0.0000    0.0000    2.5110   90.4014
  89.3567 17277.0955  216.4935 -999.9000    0.0000    0.0000    3.1655   90.4014
  87.1784 17433.9749  216.0185 -999.9000    0.0000    0.0000    3.8804   90.3927
  85.0453 17590.8543  215.2042 -999.9000    0.0000    0.0000    4.8221   90.0754
  82.9608 17747.7337  214.8739 -999.9000    0.0000    0.0000    6.0170   90.9865
  80.9282 17904.6131  215.5109 -999.9000    0.0000    0.0000    7.1813   90.6807
  78.9484 18061.4925  216.1457 -999.9000    0.0000    0.0000    7.0864   90.4907
  77.0217 18218.3719  216.8086 -999.9000    0.0000    0.0000    6.1360   90.6714
  75.1483 18375.2513  217.8570 -999.9000    0.0000    0.0000    5.1847   90.9237
  73.3271 18532.1307  218.9491 -999.9000    0.0000    0.0000    4.5634   91.0464
  71.5556 18689.0101  219.0652 -999.9000    0.0000    0.0000    4.0942   90.9336
  69.8260 18845.8894  217.9406 -999.9000    0.0000    0.0000    3.4710   91.0562
  68.1227 19002.7688  217.6417 -999.9000    0.0000    0.0000    2.3272   91.7656
  66.4601 19159.6482  217.9837 -999.9000    0.0000    0.0000    1.2938   89.5288
  64.8418 19316.5276  218.4601 -999.9000    0.0000    0.0000    0.9810   87.4851
  63.2670 19473.4070  218.8573 -999.9000    0.0000    0.0000    1.5193   87.9468
  61.7318 19630.2864  219.4133 -999.9000    0.0000    0.0000    2.1003   88.3028
  60.2355 19787.1658  219.6221 -999.9000    0.0000    0.0000    2.8373   88.5476
  58.7762 19944.0452  219.3232 -999.9000    0.0000    0.0000    3.6708   88.9105
  57.3501 20100.9246  218.9431 -999.9000    0.0000    0.0000    4.0966   89.0671
  55.9562 20257.8040  218.6758 -999.9000    0.0000    0.0000    4.0175   88.9446
  54.5968 20414.6834  218.4418 -999.9000    0.0000    0.0000    3.7990   88.7725
  53.2731 20571.5628  218.3930 -999.9000    0.0000    0.0000    3.6045   88.6461
  51.9860 20728.4422  218.8403 -999.9000    0.0000    0.0000    3.4510   88.5640
  50.7361 20885.3216  220.0972 -999.9000    0.0000    0.0000    3.3531   88.5228
  49.5229 21042.2010  221.8750 -999.9000    0.0000    0.0000    3.2944   88.5126
  48.3394 21199.0804  221.2640 -999.9000    0.0000    0.0000    3.6246   88.5757
  47.1874 21355.9598  221.3400 -999.9000    0.0000    0.0000    4.7426   88.7747
  46.0647 21512.8392  221.7410 -999.9000    0.0000    0.0000    5.7637   88.9472
  44.9691 21669.7186  221.9880 -999.9000    0.0000    0.0000    5.9553   88.9570
  43.8989 21826.5980  222.0176 -999.9000    0.0000    0.0000    5.5501   88.8369
  42.8525 21983.4774  221.8907 -999.9000    0.0000    0.0000    5.0642   88.6697
  41.8295 22140.3568  221.6549 -999.9000    0.0000    0.0000    4.7870   88.5214
  40.8309 22297.2362  221.3387 -999.9000    0.0000    0.0000    4.6559   88.4316
  39.8584 22454.1156  220.9712 -999.9000    0.0000    0.0000    4.5792   88.4374
  38.9104 22610.9950  221.3789 -999.9000    0.0000    0.0000    4.7048   88.5046
  37.9838 22767.8744  222.6550 -999.9000    0.0000    0.0000    5.0891   88.5579
  37.0791 22924.7538  223.3633 -999.9000    0.0000    0.0000    5.4007   88.6106
  36.1962 23081.6332  223.4725 -999.9000    0.0000    0.0000    5.6235   88.6649
  35.3349 23238.5126  223.2005 -999.9000    0.0000    0.0000    5.7971   88.7211
  34.4951 23395.3920  222.7646 -999.9000    0.0000    0.0000    5.9613   88.7793
  33.6765 23552.2714  222.3825 -999.9000    0.0000    0.0000    6.1557   88.8396
  32.8792 23709.1508  222.2717 -999.9000    0.0000    0.0000    6.4204   88.9021
  32.1025 23866.0302  222.5743 -999.9000    0.0000    0.0000    6.7675   88.9664
  31.3447 24022.9095  223.1524 -999.9000    0.0000    0.0000    7.1091   89.0294
  30.6036 24179.7889  223.8041 -999.9000    0.0000    0.0000    7.3340   89.0878
  29.8779 24336.6683  224.3017 -999.9000    0.0000    0.0000    7.3505   89.1301
  29.1715 24493.5477  224.3559 -999.9000    0.0000    0.0000    7.2630   89.0898
  28.4842 24650.4271  224.2143 -999.9000    0.0000    0.0000    7.1245   88.9796
  27.8138 24807.3065  224.2458 -999.9000    0.0000    0.0000    6.9490   88.8366
  27.1583 24964.1859  224.8172 -999.9000    0.0000    0.0000    6.7505   88.6979
  26.5173 25121.0653  225.9897 -999.9000    0.0000    0.0000    6.5496   88.5852
  25.8939 25277.9447  227.1752 -999.9000    0.0000    0.0000    6.3808   88.4883
  25.2914 25434.8241  227.7031 -999.9000    0.0000    0.0000    6.2809   88.3927
  24.7096 25591.7035  227.2073 -999.9000    0.0000    0.0000    6.3311   88.3136
  24.1354 25748.5829  226.6730 -999.9000    0.0000    0.0000    6.6922   88.3442
  23.5706 25905.4623  226.4333 -999.9000    0.0000    0.0000    7.2663   88.4419
  23.0189 26062.3417  226.6973 -999.9000    0.0000    0.0000    7.9285   88.5480
  22.4826 26219.2211  227.5307 -999.9000    0.0000    0.0000    8.5782   88.6216
  21.9608 26376.1005  228.6272 -999.9000    0.0000    0.0000    9.1766   88.6692
  21.4521 26532.9799  229.6224 -999.9000    0.0000    0.0000    9.6956   88.7041
  20.9548 26689.8593  230.1513 -999.9000    0.0000    0.0000   10.1064   88.7401
  20.4676 26846.7387  229.8490 -999.9000    0.0000    0.0000   10.3807   88.7908
  19.9891 27003.6181  228.3859 -999.9000    0.0000    0.0000   10.4831   88.8671
  19.5243 27160.4975  227.4837 -999.9000    0.0000    0.0000   10.0517   88.8331
  19.0752 27317.3769  227.9297 -999.9000    0.0000    0.0000    9.1583   88.6652
  18.6391 27474.2563  229.1435 -999.9000    0.0000    0.0000    8.1974   88.4541
  18.2135 27631.1357  230.5450 -999.9000    0.0000    0.0000    7.5635   88.2905
  17.7959 27788.0151  231.5628 -999.9000    0.0000    0.0000    7.6279   88.2601
  17.3864 27944.8945  231.8500 -999.9000    0.0000    0.0000    8.2117   88.3267
  16.9866 28101.7739  231.4328 -999.9000    0.0000    0.0000    8.8336   88.3867
  16.5963 28258.6533  230.6079 -999.9000    0.0000    0.0000    9.4587   88.4341
  16.2153 28415.5327  229.6994 -999.9000    0.0000    0.0000   10.1014   88.4734
  15.8432 28572.4121  229.0308 -999.9000    0.0000    0.0000   10.7762   88.5095
  15.4798 28729.2915  228.9203 -999.9000    0.0000    0.0000   11.4956   88.5468
  15.1246 28886.1709  229.3290 -999.9000    0.0000    0.0000   12.1570   88.5881
  14.7769 29043.0503  229.7002 -999.9000    0.0000    0.0000   12.4968   88.6333
  14.4368 29199.9296  229.8699 -999.9000    0.0000    0.0000   12.4498   88.6841
  14.1043 29356.8090  229.9758 -999.9000    0.0000    0.0000   12.0975   88.7433
  13.7798 29513.6884  230.1613 -999.9000    0.0000    0.0000   11.5243   88.8140
  13.4633 29670.5678  230.5698 -999.9000    0.0000    0.0000   10.8143   88.8992
  13.1552 29827.4472  231.3449 -999.9000    0.0000    0.0000   10.0519   89.0018
  12.8555 29984.3266  232.5731 -999.9000    0.0000    0.0000    9.3194   89.1215
  12.5638 30141.2060  233.9421 -999.9000    0.0000    0.0000    8.6847   89.2343
  12.2794 30298.0854  234.9700 -999.9000    0.0000    0.0000    8.2097   89.3059
  12.0018 30454.9648  235.1743 -999.9000    0.0000    0.0000    7.9565   89.3022
  11.7304 30611.8442  234.3272 -999.9000    0.0000    0.0000    7.9459   89.2026
  11.4650 30768.7236  233.2403 -999.9000    0.0000    0.0000    8.0326   89.0420
  11.2056 30925.6030  232.9901 -999.9000    0.0000    0.0000    8.0289   88.8691
  10.9522 31082.4824  234.2287 -999.9000    0.0000    0.0000    7.8144   88.7216
  10.7056 31239.3618  235.7958 -999.9000    0.0000    0.0000    7.5583   88.5894
  10.4661 31396.2412  236.3734 -999.9000    0.0000    0.0000    7.4575   88.4534
  10.2318 31553.1206  236.0416 -999.9000    0.0000    0.0000    7.4974   88.3118
  10.0000 31710.0000  235.2552 -999.9000    0.0000    0.0000    7.6070   88.1674
