# 06610 LSMP Payerne Observations at 12Z 30 Jul 2008
# Radiosonde file generated by raso.rb
#
  P [hPa],     Z [m],    T [K],   Td [K],   RH [%], r [g/kg], WS [m/s], WD [deg]
 962.0000   491.0000  297.9988 -999.9000   66.3371   13.6900    2.2485   93.0543
 944.6891   647.8794  295.9579 -999.9000   67.8831   12.6302    4.6079   92.6754
 927.6873   804.7588  294.5865 -999.9000   79.6264   13.9071    2.1477   92.9144
 911.0964   961.6382  293.3133 -999.9000   80.0692   14.4362    0.2905   92.0428
 894.7070  1118.5176  292.3943 -999.9000   80.0535   14.3064    1.1662   90.9797
 878.5406  1275.3970  292.1140 -999.9000   80.1044   13.3485    2.0784   90.6229
 862.6769  1432.2764  290.7480 -999.9000   81.0035   13.5129    2.2474   90.4248
 846.9845  1589.1558  289.5155 -999.9000   80.3094   13.9027    3.8005   90.3491
 831.5533  1746.0352  289.1747 -999.9000   80.7736   13.2228    4.6401   90.3950
 816.3570  1902.9146  287.8644 -999.9000   80.6489   11.9693    5.7097   90.4496
 801.3249  2059.7940  286.2758 -999.9000   80.3567   11.5640    6.3043   90.4939
 786.5365  2216.6734  284.9214 -999.9000   80.1904   10.4184    7.0301   90.5367
 771.9169  2373.5528  283.6884 -999.9000   80.5662    8.7627    8.2050   90.5644
 757.5041  2530.4322  282.6302 -999.9000   80.4222    8.5006    8.7251   90.6155
 743.3854  2687.3116  282.0562 -999.9000   77.7692    7.5803    7.6087   90.6080
 729.2940  2844.1910  280.9840 -999.9000   60.3754    5.5688    7.3612   90.6173
 715.5826  3001.0704  279.9398 -999.9000   50.1128    4.3807    8.9402   90.6971
 702.0616  3157.9497  278.7606 -999.9000   51.5899    4.2344   10.2236   90.7782
 688.7126  3314.8291  277.2886 -999.9000   58.9031    4.4448   10.3168   90.8007
 675.5482  3471.7085  275.6682 -999.9000   68.1902    4.6752   10.5723   90.8205
 662.5494  3628.5879  274.1995 -999.9000   74.1265    4.6607   11.1864   90.8487
 649.7305  3785.4673  273.1986 -999.9000   67.2536    4.0055   11.4910   90.8627
 637.1240  3942.3467  272.3545 -999.9000   55.1267    3.1437   10.8230   90.9118
 624.7467  4099.2261  271.3495 -999.9000   50.1532    2.7055    9.2898   91.0167
 612.5275  4256.1055  270.2994 -999.9000   50.0865    2.5464    8.8736   91.0465
 600.5160  4412.9849  269.7022 -999.9000   38.2045    1.8919    9.1721   91.0390
 588.7253  4569.8643  269.1180 -999.9000   22.7604    1.0986    9.3761   91.0433
 577.1128  4726.7437  267.8367 -999.9000   18.1665    0.8108    9.4481   91.0483
 565.6299  4883.6231  267.0134 -999.9000   17.0358    0.7276    9.4333   91.0538
 554.4053  5040.5025  266.4654 -999.9000   13.5012    0.5634    8.7681   91.1400
 543.3471  5197.3819  265.8048 -999.9000   12.8427    0.5190    8.0141   91.2153
 532.4739  5354.2613  264.7951 -999.9000   22.2104    0.8459    8.4446   91.2112
 521.8251  5511.1407  263.7639 -999.9000   24.0601    0.8613    9.2249   91.1806
 511.3144  5668.0201  262.9902 -999.9000   14.1082    0.4842    9.9302   91.1583
 500.9731  5824.8995  261.6660 -999.9000   12.9933    0.4090   10.6557   91.1344
 490.8286  5981.7789  260.0714 -999.9000   18.4313    0.5200   10.8332   91.1143
 480.7236  6138.6583  258.9742 -999.9000   29.2817    0.7703   11.1884   91.0832
 470.8214  6295.5377  257.7021 -999.9000   31.5527    0.7621   11.3053   91.0728
 461.0900  6452.4171  256.2895 -999.9000   30.8885    0.6762   11.0439   90.9894
 451.4963  6609.2965  255.0019 -999.9000   32.0672    0.6422   10.0499   90.8335
 442.0676  6766.1759  253.9378 -999.9000   32.6452    0.6091    9.1705   90.7116
 432.8253  6923.0553  252.9817 -999.9000   32.3635    0.5674   10.0882   90.6964
 423.7241  7079.9347  251.5786 -999.9000   36.0756    0.5712   10.9736   90.7318
 414.7432  7236.8141  249.8743 -999.9000   41.3088    0.5742   10.7719   90.7585
 405.9174  7393.6935  248.8769 -999.9000   31.8821    0.4138   10.9958   90.7794
 397.1974  7550.5729  247.5846 -999.9000   27.2899    0.3219   11.2533   90.7881
 388.6475  7707.4523  246.1833 -999.9000   31.2178    0.3308   11.3823   90.8405
 380.2876  7864.3317  245.1564 -999.9000   34.8710    0.3433   11.5969   90.9010
 372.0784  8021.2111  244.3257 -999.9000   39.1440    0.3645   11.7229   90.8924
 363.9826  8178.0905  243.5170 -999.9000   45.2737    0.3994   11.6065   90.7526
 356.0087  8334.9698  242.6465 -999.9000   54.5186    0.4529   11.5591   90.7678
 348.2042  8491.8492  241.7330 -999.9000   60.6447    0.5188   12.1281   91.3797
 340.5609  8648.7286  240.8597 -999.9000   65.0351    0.5272   12.3268   91.7004
 333.0575  8805.6080  239.9763 -999.9000   65.6388    0.4852   12.2335   91.6152
 325.6771  8962.4874  238.9827 -999.9000   65.0601    0.4338   12.4946   91.4555
 318.4095  9119.3668  237.7628 -999.9000   65.8460    0.3977   13.3793   91.4682
 311.2701  9276.2462  236.1070 -999.9000   60.7359    0.3338   13.5023   91.4746
 304.2599  9433.1256  234.5173 -999.9000   55.5492    0.2938   13.6912   91.4194
 297.3812  9590.0050  233.4154 -999.9000   50.7016    0.2688   14.1383   91.3896
 290.6045  9746.8844  232.1525 -999.9000   45.4908    0.2331   14.4327   91.3805
 283.9369  9903.7638  230.7406 -999.9000   45.7875    0.2031   14.7773   91.3479
 277.3870 10060.6432  229.2258 -999.9000   45.6370    0.1789   15.1350   91.3074
 270.9631 10217.5226  227.6480 -999.9000   45.5736    0.1538   15.3738   91.2950
 264.6694 10374.4020  226.0815 -999.9000   45.6832    0.1244   15.4040   91.3378
 258.4744 10531.2814  224.8335 -999.9000   45.1920    0.1097   15.5269   91.3756
 252.3757 10688.1608  223.7861 -999.9000   45.5092    0.1034   15.7717   91.3933
 246.3812 10845.0402  222.7106 -999.9000   40.2318    0.0916   16.0571   91.3978
 240.4896 11001.9196  221.4997 -999.9000   35.6774    0.0742   16.3302   91.3965
 234.6950 11158.7990  220.1487 -999.9000   35.9334    0.0604   16.5617   91.3968
 229.0082 11315.6784  218.7541 -999.9000   35.4797    0.0528   16.7455   91.3986
 223.4492 11472.5578  217.4637 -999.9000   34.9555    0.0500   16.8880   91.3982
 218.0236 11629.4372  216.2535 -999.9000   30.1145    0.0480   16.7072   91.4126
 212.6609 11786.3166  214.5747 -999.9000   25.6002    0.0350   15.0528   91.5070
 207.3913 11943.1960  213.7384 -999.9000   23.7695    0.0295   13.9043   91.4951
 202.2510 12100.0754  214.4393 -999.9000   18.0071    0.0410   13.6332   91.5711
 197.2536 12256.9548  215.8355 -999.9000    9.1001    0.0304   11.6697   92.1270
 192.4469 12413.8342  218.2255 -999.9000    2.6464    0.0062   12.1587   91.9985
 187.8076 12570.7136  218.0384 -999.9000    0.2371    0.0003   12.4413   91.9213
 183.2603 12727.5930  216.7986 -999.9000    0.2958    0.0003   12.1898   91.8946
 178.8033 12884.4724  216.3805 -999.9000    0.0000    0.0000   11.9978   91.8603
 174.4458 13041.3518  216.7780 -999.9000    0.0133    0.0000   12.1718   91.7991
 170.1876 13198.2312  216.9967 -999.9000    0.0000    0.0000   12.7377   91.6668
 166.0391 13355.1106  217.1572 -999.9000    0.0000    0.0000   13.3974   91.5392
 162.0101 13511.9899  216.7721 -999.9000    0.0002    0.0000   13.7354   91.4198
 158.0706 13668.8693  215.7775 -999.9000    0.0000    0.0000   13.3902   91.3880
 154.1974 13825.7487  214.8926 -999.9000    0.0000    0.0000   12.2652   91.4693
 150.4126 13982.6281  214.8129 -999.9000    0.0000    0.0000   10.3858   91.5650
 146.7292 14139.5075  215.7276 -999.9000    0.0000    0.0000   10.3399   91.5673
 143.1108 14296.3869  213.9352 -999.9000    0.0000    0.0000   10.2883   91.5696
 139.5597 14453.2663  216.3377 -999.9000    0.0000    0.0000   10.2823   91.5684
 136.1266 14610.1457  213.9865 -999.9000    0.0000    0.0000   10.2970   91.5540
 132.7619 14767.0251  213.1022 -999.9000    0.0000    0.0000   10.3139   91.5347
 129.4754 14923.9045  214.0881 -999.9000    0.0000    0.0000   10.3274   91.5197
 126.2897 15080.7839  215.1863 -999.9000    0.0000    0.0000   10.3287   91.5108
 123.1790 15237.6633  216.4091 -999.9000    0.0000    0.0000   10.3561   91.4644
 120.1481 15394.5427  216.8798 -999.9000    0.0000    0.0000   10.2234   91.3748
 117.2138 15551.4221  216.2353 -999.9000    0.0000    0.0000    9.8711   91.2661
 114.3435 15708.3015  216.1423 -999.9000    0.0000    0.0000    9.5567   91.1464
 111.5416 15865.1809  215.9015 -999.9000    0.0000    0.0000    8.9828   91.1933
 108.8149 16022.0603  217.2182 -999.9000    0.0000    0.0000    8.1753   91.4869
 106.1648 16178.9397  217.2759 -999.9000    0.0000    0.0000    7.7208   91.3484
 103.5767 16335.8191  216.9126 -999.9000    0.0000    0.0000    6.2974   91.9971
 101.0524 16492.6985  218.9602 -999.9000    0.0000    0.0000    1.8273   90.4089
  98.6148 16649.5779  217.5697 -999.9000    0.0000    0.0000    1.0599   90.4014
  96.2203 16806.4573  216.8296 -999.9000    0.0000    0.0000    0.2417   90.4014
  93.8688 16963.3367  216.1121 -999.9000    0.0000    0.0000    1.3328   90.4014
  91.5836 17120.2161  215.9884 -999.9000    0.0000    0.0000    2.2099   90.4014
  89.3567 17277.0955  215.9617 -999.9000    0.0000    0.0000    2.8539   90.4014
  87.1784 17433.9749  215.4838 -999.9000    0.0000    0.0000    3.5616   90.3927
  85.0453 17590.8543  214.6669 -999.9000    0.0000    0.0000    4.4999   90.0754
  82.9608 17747.7337  214.3343 -999.9000    0.0000    0.0000    5.6955   90.9865
  80.9282 17904.6131  214.9693 -999.9000    0.0000    0.0000    6.8650   90.6807
  78.9484 18061.4925  215.6024 -999.9000    0.0000    0.0000    6.7799   90.4907
  77.0217 18218.3719  216.2642 -999.9000    0.0000    0.0000    5.8435   90.6714
  75.1483 18375.2513  217.3119 -999.9000    0.0000    0.0000    4.9102   90.9237
  73.3271 18532.1307  218.4040 -999.9000    0.0000    0.0000    4.3103   91.0464
  71.5556 18689.0101  218.5209 -999.9000    0.0000    0.0000    3.8658   90.9336
  69.8260 18845.8894  217.3979 -999.9000    0.0000    0.0000    3.2700   91.0562
  68.1227 19002.7688  217.1016 -999.9000    0.0000    0.0000    2.1562   91.7656
  66.4601 19159.6482  217.4472 -999.9000    0.0000    0.0000    1.1549   89.5288
  64.8418 19316.5276  217.9285 -999.9000    0.0000    0.0000    0.8760   87.4851
  63.2670 19473.4070  218.3318 -999.9000    0.0000    0.0000    1.4496   87.9468
  61.7318 19630.2864  218.8952 -999.9000    0.0000    0.0000    2.0670   88.3028
  60.2355 19787.1658  219.1129 -999.9000    0.0000    0.0000    2.8411   88.5476
  58.7762 19944.0452  218.8245 -999.9000    0.0000    0.0000    3.7121   88.9105
  57.3501 20100.9246  218.4565 -999.9000    0.0000    0.0000    4.1754   89.0671
  55.9562 20257.8040  218.2032 -999.9000    0.0000    0.0000    4.1336   88.9446
  54.5968 20414.6834  217.9850 -999.9000    0.0000    0.0000    3.9516   88.7725
  53.2731 20571.5628  217.9541 -999.9000    0.0000    0.0000    3.7926   88.6461
  51.9860 20728.4422  218.4213 -999.9000    0.0000    0.0000    3.6733   88.5640
  50.7361 20885.3216  219.7003 -999.9000    0.0000    0.0000    3.6078   88.5228
  49.5229 21042.2010  221.5025 -999.9000    0.0000    0.0000    3.5795   88.5126
  48.3394 21199.0804  220.9182 -999.9000    0.0000    0.0000    3.9376   88.5757
  47.1874 21355.9598  221.0235 -999.9000    0.0000    0.0000    5.0808   88.7747
  46.0647 21512.8392  221.4562 -999.9000    0.0000    0.0000    6.1241   88.9472
  44.9691 21669.7186  221.7370 -999.9000    0.0000    0.0000    6.3350   88.9570
  43.8989 21826.5980  221.8025 -999.9000    0.0000    0.0000    5.9463   88.8369
  42.8525 21983.4774  221.7127 -999.9000    0.0000    0.0000    5.4743   88.6697
  41.8295 22140.3568  221.5155 -999.9000    0.0000    0.0000    5.2083   88.5214
  40.8309 22297.2362  221.2387 -999.9000    0.0000    0.0000    5.0860   88.4316
  39.8584 22454.1156  220.9113 -999.9000    0.0000    0.0000    5.0158   88.4374
  38.9104 22610.9950  221.3594 -999.9000    0.0000    0.0000    5.1455   88.5046
  37.9838 22767.8744  222.6760 -999.9000    0.0000    0.0000    5.5317   88.5579
  37.0791 22924.7538  223.4244 -999.9000    0.0000    0.0000    5.8431   88.6106
  36.1962 23081.6332  223.5731 -999.9000    0.0000    0.0000    6.0637   88.6649
  35.3349 23238.5126  223.3397 -999.9000    0.0000    0.0000    6.2332   88.7211
  34.4951 23395.3920  222.9413 -999.9000    0.0000    0.0000    6.3915   88.7793
  33.6765 23552.2714  222.5951 -999.9000    0.0000    0.0000    6.5784   88.8396
  32.8792 23709.1508  222.5184 -999.9000    0.0000    0.0000    6.8338   88.9021
  32.1025 23866.0302  222.8530 -999.9000    0.0000    0.0000    7.1703   88.9664
  31.3447 24022.9095  223.4606 -999.9000    0.0000    0.0000    7.4998   89.0294
  30.6036 24179.7889  224.1391 -999.9000    0.0000    0.0000    7.7113   89.0878
  29.8779 24336.6683  224.6605 -999.9000    0.0000    0.0000    7.7131   89.1301
  29.1715 24493.5477  224.7351 -999.9000    0.0000    0.0000    7.6099   89.0898
  28.4842 24650.4271  224.6104 -999.9000    0.0000    0.0000    7.4546   88.9796
  27.8138 24807.3065  224.6547 -999.9000    0.0000    0.0000    7.2615   88.8366
  27.1583 24964.1859  225.2348 -999.9000    0.0000    0.0000    7.0446   88.6979
  26.5173 25121.0653  226.4120 -999.9000    0.0000    0.0000    6.8244   88.5852
  25.8939 25277.9447  227.5986 -999.9000    0.0000    0.0000    6.6357   88.4883
  25.2914 25434.8241  228.1242 -999.9000    0.0000    0.0000    6.5152   88.3927
  24.7096 25591.7035  227.6227 -999.9000    0.0000    0.0000    6.5443   88.3136
  24.1354 25748.5829  227.0797 -999.9000    0.0000    0.0000    6.8837   88.3442
  23.5706 25905.4623  226.8285 -999.9000    0.0000    0.0000    7.4358   88.4419
  23.0189 26062.3417  227.0785 -999.9000    0.0000    0.0000    8.0757   88.5480
  22.4826 26219.2211  227.8954 -999.9000    0.0000    0.0000    8.7026   88.6216
  21.9608 26376.1005  228.9733 -999.9000    0.0000    0.0000    9.2782   88.6692
  21.4521 26532.9799  229.9480 -999.9000    0.0000    0.0000    9.7741   88.7041
  20.9548 26689.8593  230.4547 -999.9000    0.0000    0.0000   10.1618   88.7401
  20.4676 26846.7387  230.1286 -999.9000    0.0000    0.0000   10.4130   88.7908
  19.9891 27003.6181  228.6406 -999.9000    0.0000    0.0000   10.4923   88.8671
  19.5243 27160.4975  227.7124 -999.9000    0.0000    0.0000   10.0379   88.8331
  19.0752 27317.3769  228.1316 -999.9000    0.0000    0.0000    9.1218   88.6652
  18.6391 27474.2563  229.3180 -999.9000    0.0000    0.0000    8.1384   88.4541
  18.2135 27631.1357  230.6916 -999.9000    0.0000    0.0000    7.4822   88.2905
  17.7959 27788.0151  231.6815 -999.9000    0.0000    0.0000    7.5248   88.2601
  17.3864 27944.8945  231.9409 -999.9000    0.0000    0.0000    8.0872   88.3267
  16.9866 28101.7739  231.4962 -999.9000    0.0000    0.0000    8.6882   88.3867
  16.5963 28258.6533  230.6442 -999.9000    0.0000    0.0000    9.2931   88.4341
  16.2153 28415.5327  229.7093 -999.9000    0.0000    0.0000    9.9162   88.4734
  15.8432 28572.4121  229.0154 -999.9000    0.0000    0.0000   10.5722   88.5095
  15.4798 28729.2915  228.8808 -999.9000    0.0000    0.0000   11.2735   88.5468
  15.1246 28886.1709  229.2667 -999.9000    0.0000    0.0000   11.9178   88.5881
  14.7769 29043.0503  229.6168 -999.9000    0.0000    0.0000   12.2413   88.6333
  14.4368 29199.9296  229.7672 -999.9000    0.0000    0.0000   12.1791   88.6841
  14.1043 29356.8090  229.8558 -999.9000    0.0000    0.0000   11.8125   88.7433
  13.7798 29513.6884  230.0264 -999.9000    0.0000    0.0000   11.2262   88.8140
  13.4633 29670.5678  230.4225 -999.9000    0.0000    0.0000   10.5043   88.8992
  13.1552 29827.4472  231.1879 -999.9000    0.0000    0.0000    9.7314   89.0018
  12.8555 29984.3266  232.4094 -999.9000    0.0000    0.0000    8.9895   89.1215
  12.5638 30141.2060  233.7749 -999.9000    0.0000    0.0000    8.3470   89.2343
  12.2794 30298.0854  234.8027 -999.9000    0.0000    0.0000    7.8656   89.3059
  12.0018 30454.9648  235.0105 -999.9000    0.0000    0.0000    7.6075   89.3022
  11.7304 30611.8442  234.1707 -999.9000    0.0000    0.0000    7.5937   89.2026
  11.4650 30768.7236  233.0952 -999.9000    0.0000    0.0000    7.6788   89.0420
  11.2056 30925.6030  232.8607 -999.9000    0.0000    0.0000    7.6752   88.8691
  10.9522 31082.4824  234.1195 -999.9000    0.0000    0.0000    7.4627   88.7216
  10.7056 31239.3618  235.7116 -999.9000    0.0000    0.0000    7.2105   88.5894
  10.4661 31396.2412  236.3191 -999.9000    0.0000    0.0000    7.1154   88.4534
  10.2318 31553.1206  236.0223 -999.9000    0.0000    0.0000    7.1631   88.3118
  10.0000 31710.0000  235.2765 -999.9000    0.0000    0.0000    7.2825   88.1674
