# 06610 LSMP Payerne Observations at 12Z 30 Jul 2008
# Radiosonde file generated by raso.rb
#
  P [hPa],     Z [m],    T [K],   Td [K],   RH [%], r [g/kg], WS [m/s], WD [deg]
 962.0000   491.0000  298.2741 -999.9000   66.2602   13.6900    2.2373   93.0543
 944.6891   647.8794  296.1162 -999.9000   67.8360   12.6302    4.7063   92.6754
 927.6873   804.7588  294.6370 -999.9000   79.6045   13.9071    2.3456   92.9144
 911.0964   961.6382  293.2652 -999.9000   80.0771   14.4362    0.5783   92.0428
 894.7070  1118.5176  292.2563 -999.9000   80.0877   14.3064    1.5343   90.9797
 878.5406  1275.3970  291.8946 -999.9000   80.1617   13.3485    2.5180   90.6229
 862.6769  1432.2764  290.4553 -999.9000   81.0815   13.5129    2.7497   90.4248
 846.9845  1589.1558  289.1574 -999.9000   80.4035   13.9027    4.3572   90.3491
 831.5533  1746.0352  288.7589 -999.9000   80.8823   13.2228    5.2433   90.3950
 816.3570  1902.9146  287.3980 -999.9000   80.7686   11.9693    6.3516   90.4496
 801.3249  2059.7940  285.7660 -999.9000   80.4843   11.5640    6.9776   90.4939
 786.5365  2216.6734  284.3749 -999.9000   80.3237   10.4184    7.7279   90.5367
 771.9169  2373.5528  283.1117 -999.9000   80.7038    8.7627    8.9207   90.5644
 757.5041  2530.4322  282.0293 -999.9000   80.5609    8.5006    9.4523   90.6155
 743.3854  2687.3116  281.4370 -999.9000   77.9027    7.5803    8.3416   90.6080
 729.2940  2844.1910  280.3521 -999.9000   60.4771    5.5688    8.0941   90.6173
 715.5826  3001.0704  279.3006 -999.9000   50.1945    4.3807    9.6679   90.6971
 702.0616  3157.9497  278.1189 -999.9000   51.6701    4.2344   10.9411   90.7782
 688.7126  3314.8291  276.6492 -999.9000   58.9891    4.4448   11.0196   90.8007
 675.5482  3471.7085  275.0355 -999.9000   68.2822    4.6752   11.2562   90.8205
 662.5494  3628.5879  273.5776 -999.9000   74.2172    4.6607   11.8475   90.8487
 649.7305  3785.4673  272.5914 -999.9000   67.3266    4.0055   12.1257   90.8627
 637.1240  3942.3467  271.7656 -999.9000   55.1782    3.1437   11.4282   90.9118
 624.7467  4099.2261  270.7820 -999.9000   50.1921    2.7055    9.8626   91.0167
 612.5275  4256.1055  269.7564 -999.9000   50.1170    2.5464    9.4115   91.0465
 600.5160  4412.9849  269.1863 -999.9000   38.2210    1.8919    9.6729   91.0390
 588.7253  4569.8643  268.6317 -999.9000   22.7662    1.0986    9.8381   91.0433
 577.1128  4726.7437  267.3820 -999.9000   18.1679    0.8108    9.8696   91.0483
 565.6299  4883.6231  266.5922 -999.9000   17.0340    0.7276    9.8133   91.0538
 554.4053  5040.5025  266.0791 -999.9000   13.4973    0.5634    9.1058   91.1400
 543.3471  5197.3819  265.4548 -999.9000   12.8367    0.5190    8.3091   91.2153
 532.4739  5354.2613  264.4823 -999.9000   22.1963    0.8459    8.6967   91.2112
 521.8251  5511.1407  263.4889 -999.9000   24.0408    0.8613    9.4344   91.1806
 511.3144  5668.0201  262.7534 -999.9000   14.0947    0.4842   10.0976   91.1583
 500.9731  5824.8995  261.4676 -999.9000   12.9789    0.4090   10.7820   91.1344
 490.8286  5981.7789  259.9110 -999.9000   18.4084    0.5200   10.9197   91.1143
 480.7236  6138.6583  258.8515 -999.9000   29.2418    0.7703   11.2366   91.0832
 470.8214  6295.5377  257.6161 -999.9000   31.5063    0.7621   11.3171   91.0728
 461.0900  6452.4171  256.2393 -999.9000   30.8403    0.6762   11.0218   90.9894
 451.4963  6609.2965  254.9861 -999.9000   32.0149    0.6422    9.9964   90.8335
 442.0676  6766.1759  253.9547 -999.9000   32.5904    0.6091    9.0886   90.7116
 432.8253  6923.0553  253.0294 -999.9000   32.3083    0.5674    9.9812   90.6964
 423.7241  7079.9347  251.6548 -999.9000   36.0140    0.5712   10.8452   90.7318
 414.7432  7236.8141  249.9766 -999.9000   41.2392    0.5742   10.6261   90.7585
 405.9174  7393.6935  249.0024 -999.9000   31.8300    0.4138   10.8369   90.7794
 397.1974  7550.5729  247.7304 -999.9000   27.2476    0.3219   11.0860   90.7881
 388.6475  7707.4523  246.3462 -999.9000   31.1727    0.3308   11.2111   90.8405
 380.2876  7864.3317  245.3337 -999.9000   34.8254    0.3433   11.4259   90.9010
 372.0784  8021.2111  244.5147 -999.9000   39.0989    0.3645   11.5558   90.8924
 363.9826  8178.0905  243.7153 -999.9000   45.2295    0.3994   11.4468   90.7526
 356.0087  8334.9698  242.8517 -999.9000   54.4759    0.4529   11.4097   90.7678
 348.2042  8491.8492  241.9432 -999.9000   60.6098    0.5188   11.9916   91.3797
 340.5609  8648.7286  241.0729 -999.9000   65.0117    0.5272   12.2055   91.7004
 333.0575  8805.6080  240.1909 -999.9000   65.6301    0.4852   12.1292   91.6152
 325.6771  8962.4874  239.1971 -999.9000   65.0665    0.4338   12.4089   91.4555
 318.4095  9119.3668  237.9757 -999.9000   65.8679    0.3977   13.3134   91.4682
 311.2701  9276.2462  236.3173 -999.9000   60.7703    0.3338   13.4569   91.4746
 304.2599  9433.1256  234.7240 -999.9000   55.5935    0.2938   13.6668   91.4194
 297.3812  9590.0050  233.6177 -999.9000   50.7535    0.2688   14.1349   91.3896
 290.6045  9746.8844  232.3499 -999.9000   45.5471    0.2331   14.4498   91.3805
 283.9369  9903.7638  230.9327 -999.9000   45.8536    0.2031   14.8144   91.3479
 277.3870 10060.6432  229.4124 -999.9000   45.7116    0.1789   15.1910   91.3074
 270.9631 10217.5226  227.8290 -999.9000   45.6560    0.1538   15.4473   91.2950
 264.6694 10374.4020  226.2573 -999.9000   45.7728    0.1244   15.4931   91.3378
 258.4744 10531.2814  225.0042 -999.9000   45.2866    0.1097   15.6295   91.3756
 252.3757 10688.1608  223.9524 -999.9000   45.6092    0.1034   15.8852   91.3933
 246.3812 10845.0402  222.8732 -999.9000   40.3233    0.0916   16.1785   91.3978
 240.4896 11001.9196  221.6596 -999.9000   35.7602    0.0742   16.4563   91.3965
 234.6950 11158.7990  220.3069 -999.9000   36.0173    0.0604   16.6892   91.3968
 229.0082 11315.6784  218.9115 -999.9000   35.5621    0.0528   16.8716   91.3986
 223.4492 11472.5578  217.6213 -999.9000   35.0353    0.0500   17.0098   91.3982
 218.0236 11629.4372  216.4123 -999.9000   30.1813    0.0480   16.8223   91.4126
 212.6609 11786.3166  214.7356 -999.9000   25.6548    0.0350   15.1590   91.5070
 207.3913 11943.1960  213.9025 -999.9000   23.8177    0.0295   13.9997   91.4951
 202.2510 12100.0754  214.6075 -999.9000   18.0414    0.0410   13.7160   91.5711
 197.2536 12256.9548  216.0088 -999.9000    9.1162    0.0304   11.7385   92.1270
 192.4469 12413.8342  218.4050 -999.9000    2.6507    0.0062   12.2124   91.9985
 187.8076 12570.7136  218.2250 -999.9000    0.2375    0.0003   12.4789   91.9213
 183.2603 12727.5930  216.9932 -999.9000    0.2961    0.0003   12.2108   91.8946
 178.8033 12884.4724  216.5841 -999.9000    0.0000    0.0000   12.0016   91.8603
 174.4458 13041.3518  216.9916 -999.9000    0.0133    0.0000   12.1584   91.7991
 170.1876 13198.2312  217.2213 -999.9000    0.0000    0.0000   12.7071   91.6668
 166.0391 13355.1106  217.3938 -999.9000    0.0000    0.0000   13.3501   91.5392
 162.0101 13511.9899  217.0216 -999.9000    0.0002    0.0000   13.6720   91.4198
 158.0706 13668.8693  216.0408 -999.9000    0.0000    0.0000   13.3116   91.3880
 154.1974 13825.7487  215.1708 -999.9000    0.0000    0.0000   12.1726   91.4693
 150.4126 13982.6281  215.1069 -999.9000    0.0000    0.0000   10.2806   91.5650
 146.7292 14139.5075  216.0385 -999.9000    0.0000    0.0000   10.2237   91.5673
 143.1108 14296.3869  214.2638 -999.9000    0.0000    0.0000   10.1631   91.5696
 139.5597 14453.2663  216.6850 -999.9000    0.0000    0.0000   10.1503   91.5684
 136.1266 14610.1457  214.3534 -999.9000    0.0000    0.0000   10.1603   91.5540
 132.7619 14767.0251  213.4895 -999.9000    0.0000    0.0000   10.1746   91.5347
 129.4754 14923.9045  214.4963 -999.9000    0.0000    0.0000   10.1871   91.5197
 126.2897 15080.7839  215.6160 -999.9000    0.0000    0.0000   10.1888   91.5108
 123.1790 15237.6633  216.8605 -999.9000    0.0000    0.0000   10.2180   91.4644
 120.1481 15394.5427  217.3532 -999.9000    0.0000    0.0000   10.0881   91.3748
 117.2138 15551.4221  216.7308 -999.9000    0.0000    0.0000    9.7393   91.2661
 114.3435 15708.3015  216.6597 -999.9000    0.0000    0.0000    9.4291   91.1464
 111.5416 15865.1809  216.4407 -999.9000    0.0000    0.0000    8.8596   91.1933
 108.8149 16022.0603  217.7788 -999.9000    0.0000    0.0000    8.0566   91.4869
 106.1648 16178.9397  217.8575 -999.9000    0.0000    0.0000    7.6064   91.3484
 103.5767 16335.8191  217.5145 -999.9000    0.0000    0.0000    6.1870   91.9971
 101.0524 16492.6985  219.5816 -999.9000    0.0000    0.0000    1.7202   90.4089
  98.6148 16649.5779  218.2098 -999.9000    0.0000    0.0000    0.9554   90.4014
  96.2203 16806.4573  217.4873 -999.9000    0.0000    0.0000    0.1386   90.4014
  93.8688 16963.3367  216.7863 -999.9000    0.0000    0.0000    1.2299   90.4014
  91.5836 17120.2161  216.6778 -999.9000    0.0000    0.0000    2.1056   90.4014
  89.3567 17277.0955  216.6648 -999.9000    0.0000    0.0000    2.7464   90.4014
  87.1784 17433.9749  216.1991 -999.9000    0.0000    0.0000    3.4490   90.3927
  85.0453 17590.8543  215.3926 -999.9000    0.0000    0.0000    4.3798   90.0754
  82.9608 17747.7337  215.0685 -999.9000    0.0000    0.0000    5.5655   90.9865
  80.9282 17904.6131  215.7101 -999.9000    0.0000    0.0000    6.7224   90.6807
  78.9484 18061.4925  216.3478 -999.9000    0.0000    0.0000    6.6221   90.4907
  77.0217 18218.3719  217.0122 -999.9000    0.0000    0.0000    5.6682   90.6714
  75.1483 18375.2513  218.0606 -999.9000    0.0000    0.0000    4.7154   90.9237
  73.3271 18532.1307  219.1516 -999.9000    0.0000    0.0000    4.0945   91.0464
  71.5556 18689.0101  219.2656 -999.9000    0.0000    0.0000    3.6277   90.9336
  69.8260 18845.8894  218.1381 -999.9000    0.0000    0.0000    3.0089   91.0562
  68.1227 19002.7688  217.8356 -999.9000    0.0000    0.0000    1.8716   91.7656
  66.4601 19159.6482  218.1735 -999.9000    0.0000    0.0000    0.8467   89.5288
  64.8418 19316.5276  218.6454 -999.9000    0.0000    0.0000    0.5445   87.4851
  63.2670 19473.4070  219.0381 -999.9000    0.0000    0.0000    1.0955   87.9468
  61.7318 19630.2864  219.5895 -999.9000    0.0000    0.0000    1.6913   88.3028
  60.2355 19787.1658  219.7939 -999.9000    0.0000    0.0000    2.4452   88.5476
  58.7762 19944.0452  219.4910 -999.9000    0.0000    0.0000    3.2978   88.9105
  57.3501 20100.9246  219.1073 -999.9000    0.0000    0.0000    3.7448   89.0671
  55.9562 20257.8040  218.8372 -999.9000    0.0000    0.0000    3.6892   88.9446
  54.5968 20414.6834  218.6013 -999.9000    0.0000    0.0000    3.4964   88.7725
  53.2731 20571.5628  218.5516 -999.9000    0.0000    0.0000    3.3298   88.6461
  51.9860 20728.4422  218.9992 -999.9000    0.0000    0.0000    3.2064   88.5640
  50.7361 20885.3216  220.2578 -999.9000    0.0000    0.0000    3.1409   88.5228
  49.5229 21042.2010  222.0389 -999.9000    0.0000    0.0000    3.1169   88.5126
  48.3394 21199.0804  221.4328 -999.9000    0.0000    0.0000    3.4842   88.5757
  47.1874 21355.9598  221.5157 -999.9000    0.0000    0.0000    4.6415   88.7747
  46.0647 21512.8392  221.9254 -999.9000    0.0000    0.0000    5.7042   88.9472
  44.9691 21669.7186  222.1828 -999.9000    0.0000    0.0000    5.9393   88.9570
  43.8989 21826.5980  222.2244 -999.9000    0.0000    0.0000    5.5792   88.8369
  42.8525 21983.4774  222.1105 -999.9000    0.0000    0.0000    5.1399   88.6697
  41.8295 22140.3568  221.8889 -999.9000    0.0000    0.0000    4.9102   88.5214
  40.8309 22297.2362  221.5874 -999.9000    0.0000    0.0000    4.8275   88.4316
  39.8584 22454.1156  221.2353 -999.9000    0.0000    0.0000    4.7997   88.4374
  38.9104 22610.9950  221.6585 -999.9000    0.0000    0.0000    4.9743   88.5046
  37.9838 22767.8744  222.9502 -999.9000    0.0000    0.0000    5.4075   88.5579
  37.0791 22924.7538  223.6739 -999.9000    0.0000    0.0000    5.7676   88.6106
  36.1962 23081.6332  223.7980 -999.9000    0.0000    0.0000    6.0382   88.6649
  35.3349 23238.5126  223.5402 -999.9000    0.0000    0.0000    6.2586   88.7211
  34.4951 23395.3920  223.1176 -999.9000    0.0000    0.0000    6.4684   88.7793
  33.6765 23552.2714  222.7476 -999.9000    0.0000    0.0000    6.7068   88.8396
  32.8792 23709.1508  222.6475 -999.9000    0.0000    0.0000    7.0136   88.9021
  32.1025 23866.0302  222.9591 -999.9000    0.0000    0.0000    7.4007   88.9664
  31.3447 24022.9095  223.5444 -999.9000    0.0000    0.0000    7.7798   89.0294
  30.6036 24179.7889  224.2011 -999.9000    0.0000    0.0000    8.0394   89.0878
  29.8779 24336.6683  224.7014 -999.9000    0.0000    0.0000    8.0875   89.1301
  29.1715 24493.5477  224.7556 -999.9000    0.0000    0.0000    8.0284   89.0898
  28.4842 24650.4271  224.6114 -999.9000    0.0000    0.0000    7.9145   88.9796
  27.8138 24807.3065  224.6370 -999.9000    0.0000    0.0000    7.7598   88.8366
  27.1583 24964.1859  225.1994 -999.9000    0.0000    0.0000    7.5780   88.6979
  26.5173 25121.0653  226.3598 -999.9000    0.0000    0.0000    7.3897   88.5852
  25.8939 25277.9447  227.5306 -999.9000    0.0000    0.0000    7.2298   88.4883
  25.2914 25434.8241  228.0411 -999.9000    0.0000    0.0000    7.1349   88.3927
  24.7096 25591.7035  227.5256 -999.9000    0.0000    0.0000    7.1865   88.3136
  24.1354 25748.5829  226.9694 -999.9000    0.0000    0.0000    7.5454   88.3442
  23.5706 25905.4623  226.7060 -999.9000    0.0000    0.0000    8.1141   88.4419
  23.0189 26062.3417  226.9446 -999.9000    0.0000    0.0000    8.7676   88.5480
  22.4826 26219.2211  227.7510 -999.9000    0.0000    0.0000    9.4053   88.6216
  21.9608 26376.1005  228.8194 -999.9000    0.0000    0.0000    9.9889   88.6692
  21.4521 26532.9799  229.7853 -999.9000    0.0000    0.0000   10.4901   88.7041
  20.9548 26689.8593  230.2841 -999.9000    0.0000    0.0000   10.8804   88.7401
  20.4676 26846.7387  229.9511 -999.9000    0.0000    0.0000   11.1316   88.7908
  19.9891 27003.6181  228.4570 -999.9000    0.0000    0.0000   11.2083   88.8671
  19.5243 27160.4975  227.5236 -999.9000    0.0000    0.0000   10.7488   88.8331
  19.0752 27317.3769  227.9384 -999.9000    0.0000    0.0000    9.8252   88.6652
  18.6391 27474.2563  229.1212 -999.9000    0.0000    0.0000    8.8319   88.4541
  18.2135 27631.1357  230.4922 -999.9000    0.0000    0.0000    8.1635   88.2905
  17.7959 27788.0151  231.4802 -999.9000    0.0000    0.0000    8.1917   88.2601
  17.3864 27944.8945  231.7386 -999.9000    0.0000    0.0000    8.7374   88.3267
  16.9866 28101.7739  231.2937 -999.9000    0.0000    0.0000    9.3195   88.3867
  16.5963 28258.6533  230.4424 -999.9000    0.0000    0.0000    9.9034   88.4341
  16.2153 28415.5327  229.5089 -999.9000    0.0000    0.0000   10.5035   88.4734
  15.8432 28572.4121  228.8173 -999.9000    0.0000    0.0000   11.1345   88.5095
  15.4798 28729.2915  228.6857 -999.9000    0.0000    0.0000   11.8089   88.5468
  15.1246 28886.1709  229.0756 -999.9000    0.0000    0.0000   12.4244   88.5881
  14.7769 29043.0503  229.4303 -999.9000    0.0000    0.0000   12.7173   88.6333
  14.4368 29199.9296  229.5862 -999.9000    0.0000    0.0000   12.6227   88.6841
  14.1043 29356.8090  229.6811 -999.9000    0.0000    0.0000   12.2221   88.7433
  13.7798 29513.6884  229.8587 -999.9000    0.0000    0.0000   11.6001   88.8140
  13.4633 29670.5678  230.2627 -999.9000    0.0000    0.0000   10.8410   88.8992
  13.1552 29827.4472  231.0367 -999.9000    0.0000    0.0000   10.0292   89.0018
  12.8555 29984.3266  232.2676 -999.9000    0.0000    0.0000    9.2471   89.1215
  12.5638 30141.2060  233.6432 -999.9000    0.0000    0.0000    8.5629   89.2343
  12.2794 30298.0854  234.6819 -999.9000    0.0000    0.0000    8.0385   89.3059
  12.0018 30454.9648  234.9014 -999.9000    0.0000    0.0000    7.7361   89.3022
  11.7304 30611.8442  234.0740 -999.9000    0.0000    0.0000    7.6767   89.2026
  11.4650 30768.7236  233.0116 -999.9000    0.0000    0.0000    7.7150   89.0420
  11.2056 30925.6030  232.7910 -999.9000    0.0000    0.0000    7.6636   88.8691
  10.9522 31082.4824  234.0644 -999.9000    0.0000    0.0000    7.4021   88.7216
  10.7056 31239.3618  235.6719 -999.9000    0.0000    0.0000    7.0999   88.5894
  10.4661 31396.2412  236.2955 -999.9000    0.0000    0.0000    6.9540   88.4534
  10.2318 31553.1206  236.0155 -999.9000    0.0000    0.0000    6.9499   88.3118
  10.0000 31710.0000  235.2871 -999.9000    0.0000    0.0000    7.0167   88.1674
