# 06610 LSMP Payerne Observations at 12Z 30 Jul 2008
# Radiosonde file generated by raso.rb
#
  P [hPa],     Z [m],    T [K],   Td [K],   RH [%], r [g/kg], WS [m/s], WD [deg]
 962.0000   491.0000  298.3050 -999.9000   66.2271   13.6900    1.7238   93.0543
 944.6891   647.8794  296.2840 -999.9000   67.8048   12.6302    4.1402   92.6754
 927.6873   804.7588  294.9305 -999.9000   79.5707   13.9071    1.7354   92.9144
 911.0964   961.6382  293.6738 -999.9000   80.0454   14.4362    0.0681   88.9012
 894.7070  1118.5176  292.7695 -999.9000   80.0579   14.3064    0.8597   90.9797
 878.5406  1275.3970  292.5022 -999.9000   80.1334   13.3485    1.8225   90.6229
 862.6769  1432.2764  291.1477 -999.9000   81.0539   13.5129    2.0404   90.4248
 846.9845  1589.1558  289.9252 -999.9000   80.3768   13.9027    3.6409   90.3491
 831.5533  1746.0352  289.5931 -999.9000   80.8558   13.2228    4.5266   90.3950
 816.3570  1902.9146  288.2898 -999.9000   80.7421   11.9693    5.6406   90.4496
 801.3249  2059.7940  286.7070 -999.9000   80.4576   11.5640    6.2782   90.4939
 786.5365  2216.6734  285.3571 -999.9000   80.2964   10.4184    7.0455   90.5367
 771.9169  2373.5528  284.1275 -999.9000   80.6753    8.7627    8.2605   90.5644
 757.5041  2530.4322  283.0713 -999.9000   80.5313    8.5006    8.8194   90.6155
 743.3854  2687.3116  282.4982 -999.9000   77.8727    7.5803    7.7403   90.6080
 729.2940  2844.1910  281.4258 -999.9000   60.4525    5.5688    7.5289   90.6173
 715.5826  3001.0704  280.3804 -999.9000   50.1728    4.3807    9.1426   90.6971
 702.0616  3157.9497  279.1989 -999.9000   51.6464    4.2344   10.4594   90.7782
 688.7126  3314.8291  277.7237 -999.9000   58.9605    4.4448   10.5847   90.8007
 675.5482  3471.7085  276.0993 -999.9000   68.2469    4.6752   10.8711   90.8205
 662.5494  3628.5879  274.6256 -999.9000   74.1765    4.6607   11.5149   90.8487
 649.7305  3785.4673  273.6190 -999.9000   67.2873    4.0055   11.8480   90.8627
 637.1240  3942.3467  272.7685 -999.9000   55.1441    3.1437   11.2073   90.9118
 624.7467  4099.2261  271.7563 -999.9000   50.1593    2.7055    9.7002   91.0167
 612.5275  4256.1055  270.6985 -999.9000   50.0823    2.5464    9.3091   91.0465
 600.5160  4412.9849  270.0929 -999.9000   38.1932    1.8919    9.6315   91.0390
 588.7253  4569.8643  269.4998 -999.9000   22.7487    1.0986    9.8584   91.0433
 577.1128  4726.7437  268.2091 -999.9000   18.1533    0.8108    9.9521   91.0483
 565.6299  4883.6231  267.3760 -999.9000   17.0197    0.7276    9.9581   91.0538
 554.4053  5040.5025  266.8177 -999.9000   13.4854    0.5634    9.3127   91.1400
 543.3471  5197.3819  266.1466 -999.9000   12.8250    0.5190    8.5775   91.2153
 532.4739  5354.2613  265.1261 -999.9000   22.1752    0.8459    9.0258   91.2112
 521.8251  5511.1407  264.0838 -999.9000   24.0171    0.8613    9.8231   91.1806
 511.3144  5668.0201  263.2989 -999.9000   14.0803    0.4842   10.5443   91.1583
 500.9731  5824.8995  261.9634 -999.9000   12.9653    0.4090   11.2850   91.1344
 490.8286  5981.7789  260.3573 -999.9000   18.3885    0.5200   11.4767   91.1143
 480.7236  6138.6583  259.2487 -999.9000   29.2093    0.7703   11.8453   91.0832
 470.8214  6295.5377  257.9651 -999.9000   31.4704    0.7621   11.9748   91.0728
 461.0900  6452.4171  256.5412 -999.9000   30.8045    0.6762   11.7253   90.9894
 451.4963  6609.2965  255.2423 -999.9000   31.9770    0.6422   10.7423   90.8335
 442.0676  6766.1759  254.1671 -999.9000   32.5513    0.6091    9.8733   90.7116
 432.8253  6923.0553  253.2003 -999.9000   32.2690    0.5674   10.8005   90.6964
 423.7241  7079.9347  251.7865 -999.9000   35.9698    0.5712   11.6949   90.7318
 414.7432  7236.8141  250.0720 -999.9000   41.1883    0.5742   11.5015   90.7585
 405.9174  7393.6935  249.0648 -999.9000   31.7906    0.4138   11.7330   90.7794
 397.1974  7550.5729  247.7631 -999.9000   27.2139    0.3219   11.9975   90.7881
 388.6475  7707.4523  246.3529 -999.9000   31.1343    0.3308   12.1328   90.8405
 380.2876  7864.3317  245.3176 -999.9000   34.7827    0.3433   12.3530   90.9010
 372.0784  8021.2111  244.4790 -999.9000   39.0513    0.3645   12.4838   90.8924
 363.9826  8178.0905  243.6630 -999.9000   45.1750    0.3994   12.3715   90.7526
 356.0087  8334.9698  242.7857 -999.9000   54.4110    0.4529   12.3271   90.7678
 348.2042  8491.8492  241.8662 -999.9000   60.5384    0.5188   12.8982   91.3797
 340.5609  8648.7286  240.9875 -999.9000   64.9362    0.5272   13.0979   91.7004
 333.0575  8805.6080  240.0994 -999.9000   65.5548    0.4852   13.0045   91.6152
 325.6771  8962.4874  239.1019 -999.9000   64.9927    0.4338   13.2643   91.4555
 318.4095  9119.3668  237.8788 -999.9000   65.7940    0.3977   14.1465   91.4682
 311.2701  9276.2462  236.2207 -999.9000   60.7028    0.3338   14.2657   91.4746
 304.2599  9433.1256  234.6295 -999.9000   55.5321    0.2938   14.4495   91.4194
 297.3812  9590.0050  233.5270 -999.9000   50.6977    0.2688   14.8900   91.3896
 290.6045  9746.8844  232.2643 -999.9000   45.4971    0.2331   15.1762   91.3805
 283.9369  9903.7638  230.8538 -999.9000   45.8031    0.2031   15.5111   91.3479
 277.3870 10060.6432  229.3412 -999.9000   45.6609    0.1789   15.8576   91.3074
 270.9631 10217.5226  227.7666 -999.9000   45.6047    0.1538   16.0834   91.2950
 264.6694 10374.4020  226.2045 -999.9000   45.7205    0.1244   16.0989   91.3378
 258.4744 10531.2814  224.9618 -999.9000   45.2337    0.1097   16.2053   91.3756
 252.3757 10688.1608  223.9210 -999.9000   45.5544    0.1034   16.4317   91.3933
 246.3812 10845.0402  222.8531 -999.9000   40.2732    0.0916   16.6967   91.3978
 240.4896 11001.9196  221.6512 -999.9000   35.7140    0.0742   16.9474   91.3965
 234.6950 11158.7990  220.3101 -999.9000   35.9687    0.0604   17.1546   91.3968
 229.0082 11315.6784  218.9265 -999.9000   35.5119    0.0528   17.3124   91.3986
 223.4492 11472.5578  217.6478 -999.9000   34.9834    0.0500   17.4274   91.3982
 218.0236 11629.4372  216.4501 -999.9000   30.1344    0.0480   17.2178   91.4126
 212.6609 11786.3166  214.7844 -999.9000   25.6131    0.0350   15.5334   91.5070
 207.3913 11943.1960  213.9616 -999.9000   23.7772    0.0295   14.3540   91.4951
 202.2510 12100.0754  214.6762 -999.9000   18.0093    0.0410   14.0511   91.5711
 197.2536 12256.9548  216.0863 -999.9000    9.0993    0.0304   12.0554   92.1270
 192.4469 12413.8342  218.4903 -999.9000    2.6456    0.0062   12.5117   91.9985
 187.8076 12570.7136  218.3170 -999.9000    0.2370    0.0003   12.7615   91.9213
 183.2603 12727.5930  217.0906 -999.9000    0.2955    0.0003   12.4771   91.8946
 178.8033 12884.4724  216.6857 -999.9000    0.0000    0.0000   12.2524   91.8603
 174.4458 13041.3518  217.0958 -999.9000    0.0133    0.0000   12.3941   91.7991
 170.1876 13198.2312  217.3265 -999.9000    0.0000    0.0000   12.9282   91.6668
 166.0391 13355.1106  217.4981 -999.9000    0.0000    0.0000   13.5569   91.5392
 162.0101 13511.9899  217.1232 -999.9000    0.0002    0.0000   13.8649   91.4198
 158.0706 13668.8693  216.1376 -999.9000    0.0000    0.0000   13.4906   91.3880
 154.1974 13825.7487  215.2606 -999.9000    0.0000    0.0000   12.3381   91.4693
 150.4126 13982.6281  215.1874 -999.9000    0.0000    0.0000   10.4326   91.5650
 146.7292 14139.5075  216.1072 -999.9000    0.0000    0.0000   10.3623   91.5673
 143.1108 14296.3869  214.3182 -999.9000    0.0000    0.0000   10.2881   91.5696
 139.5597 14453.2663  216.7223 -999.9000    0.0000    0.0000   10.2617   91.5684
 136.1266 14610.1457  214.3710 -999.9000    0.0000    0.0000   10.2580   91.5540
 132.7619 14767.0251  213.4852 -999.9000    0.0000    0.0000   10.2586   91.5347
 129.4754 14923.9045  214.4682 -999.9000    0.0000    0.0000   10.2575   91.5197
 126.2897 15080.7839  215.5626 -999.9000    0.0000    0.0000   10.2459   91.5108
 123.1790 15237.6633  216.7807 -999.9000    0.0000    0.0000   10.2621   91.4644
 120.1481 15394.5427  217.2461 -999.9000    0.0000    0.0000   10.1196   91.3748
 117.2138 15551.4221  216.5960 -999.9000    0.0000    0.0000    9.7589   91.2661
 114.3435 15708.3015  216.4971 -999.9000    0.0000    0.0000    9.4373   91.1464
 111.5416 15865.1809  216.2507 -999.9000    0.0000    0.0000    8.8572   91.1933
 108.8149 16022.0603  217.5619 -999.9000    0.0000    0.0000    8.0445   91.4869
 106.1648 16178.9397  217.6147 -999.9000    0.0000    0.0000    7.5855   91.3484
 103.5767 16335.8191  217.2471 -999.9000    0.0000    0.0000    6.1584   91.9971
 101.0524 16492.6985  219.2915 -999.9000    0.0000    0.0000    1.6852   90.4089
  98.6148 16649.5779  217.8989 -999.9000    0.0000    0.0000    0.9152   90.4014
  96.2203 16806.4573  217.1580 -999.9000    0.0000    0.0000    0.0946   90.4014
  93.8688 16963.3367  216.4415 -999.9000    0.0000    0.0000    1.1836   90.4014
  91.5836 17120.2161  216.3206 -999.9000    0.0000    0.0000    2.0586   90.4014
  89.3567 17277.0955  216.2987 -999.9000    0.0000    0.0000    2.7005   90.4014
  87.1784 17433.9749  215.8279 -999.9000    0.0000    0.0000    3.4059   90.3927
  85.0453 17590.8543  215.0206 -999.9000    0.0000    0.0000    4.3415   90.0754
  82.9608 17747.7337  214.7003 -999.9000    0.0000    0.0000    5.5340   90.9865
  80.9282 17904.6131  215.3506 -999.9000    0.0000    0.0000    6.6999   90.6807
  78.9484 18061.4925  216.0018 -999.9000    0.0000    0.0000    6.6106   90.4907
  77.0217 18218.3719  216.6842 -999.9000    0.0000    0.0000    5.6694   90.6714
  75.1483 18375.2513  217.7544 -999.9000    0.0000    0.0000    4.7309   90.9237
  73.3271 18532.1307  218.8707 -999.9000    0.0000    0.0000    4.1254   91.0464
  71.5556 18689.0101  219.0128 -999.9000    0.0000    0.0000    3.6749   90.9336
  69.8260 18845.8894  217.9158 -999.9000    0.0000    0.0000    3.0730   91.0562
  68.1227 19002.7688  217.6456 -999.9000    0.0000    0.0000    1.9528   91.7656
  66.4601 19159.6482  218.0172 -999.9000    0.0000    0.0000    0.9450   89.5288
  64.8418 19316.5276  218.5238 -999.9000    0.0000    0.0000    0.6596   87.4851
  63.2670 19473.4070  218.9514 -999.9000    0.0000    0.0000    1.2267   87.9468
  61.7318 19630.2864  219.5376 -999.9000    0.0000    0.0000    1.8377   88.3028
  60.2355 19787.1658  219.7761 -999.9000    0.0000    0.0000    2.6056   88.5476
  58.7762 19944.0452  219.5061 -999.9000    0.0000    0.0000    3.4707   88.9105
  57.3501 20100.9246  219.1537 -999.9000    0.0000    0.0000    3.9284   89.0671
  55.9562 20257.8040  218.9127 -999.9000    0.0000    0.0000    3.8813   88.9446
  54.5968 20414.6834  218.7032 -999.9000    0.0000    0.0000    3.6946   88.7725
  53.2731 20571.5628  218.6767 -999.9000    0.0000    0.0000    3.5313   88.6461
  51.9860 20728.4422  219.1438 -999.9000    0.0000    0.0000    3.4083   88.5640
  50.7361 20885.3216  220.4177 -999.9000    0.0000    0.0000    3.3398   88.5228
  49.5229 21042.2010  222.2093 -999.9000    0.0000    0.0000    3.3093   88.5126
  48.3394 21199.0804  221.6086 -999.9000    0.0000    0.0000    3.6660   88.5757
  47.1874 21355.9598  221.6911 -999.9000    0.0000    0.0000    4.8086   88.7747
  46.0647 21512.8392  222.0946 -999.9000    0.0000    0.0000    5.8523   88.9472
  44.9691 21669.7186  222.3405 -999.9000    0.0000    0.0000    6.0645   88.9570
  43.8989 21826.5980  222.3658 -999.9000    0.0000    0.0000    5.6780   88.8369
  42.8525 21983.4774  222.2314 -999.9000    0.0000    0.0000    5.2091   88.6697
  41.8295 22140.3568  221.9856 -999.9000    0.0000    0.0000    4.9471   88.5214
  40.8309 22297.2362  221.6569 -999.9000    0.0000    0.0000    4.8297   88.4316
  39.8584 22454.1156  221.2750 -999.9000    0.0000    0.0000    4.7652   88.4374
  38.9104 22610.9950  221.6665 -999.9000    0.0000    0.0000    4.9016   88.5046
  37.9838 22767.8744  222.9251 -999.9000    0.0000    0.0000    5.2952   88.5579
  37.0791 22924.7538  223.6148 -999.9000    0.0000    0.0000    5.6149   88.6106
  36.1962 23081.6332  223.7046 -999.9000    0.0000    0.0000    5.8447   88.6649
  35.3349 23238.5126  223.4128 -999.9000    0.0000    0.0000    6.0242   88.7211
  34.4951 23395.3920  222.9570 -999.9000    0.0000    0.0000    6.1934   88.7793
  33.6765 23552.2714  222.5552 -999.9000    0.0000    0.0000    6.3918   88.8396
  32.8792 23709.1508  222.4253 -999.9000    0.0000    0.0000    6.6597   88.9021
  32.1025 23866.0302  222.7096 -999.9000    0.0000    0.0000    7.0094   88.9664
  31.3447 24022.9095  223.2706 -999.9000    0.0000    0.0000    7.3529   89.0294
  30.6036 24179.7889  223.9067 -999.9000    0.0000    0.0000    7.5792   89.0878
  29.8779 24336.6683  224.3905 -999.9000    0.0000    0.0000    7.5965   89.1301
  29.1715 24493.5477  224.4330 -999.9000    0.0000    0.0000    7.5097   89.0898
  28.4842 24650.4271  224.2823 -999.9000    0.0000    0.0000    7.3714   88.9796
  27.8138 24807.3065  224.3074 -999.9000    0.0000    0.0000    7.1961   88.8366
  27.1583 24964.1859  224.8754 -999.9000    0.0000    0.0000    6.9976   88.6979
  26.5173 25121.0653  226.0472 -999.9000    0.0000    0.0000    6.7965   88.5852
  25.8939 25277.9447  227.2346 -999.9000    0.0000    0.0000    6.6275   88.4883
  25.2914 25434.8241  227.7668 -999.9000    0.0000    0.0000    6.5273   88.3927
  24.7096 25591.7035  227.2774 -999.9000    0.0000    0.0000    6.5770   88.3136
  24.1354 25748.5829  226.7516 -999.9000    0.0000    0.0000    6.9374   88.3442
  23.5706 25905.4623  226.5221 -999.9000    0.0000    0.0000    7.5108   88.4419
  23.0189 26062.3417  226.7979 -999.9000    0.0000    0.0000    8.1722   88.5480
  22.4826 26219.2211  227.6444 -999.9000    0.0000    0.0000    8.8209   88.6216
  21.9608 26376.1005  228.7553 -999.9000    0.0000    0.0000    9.4182   88.6692
  21.4521 26532.9799  229.7657 -999.9000    0.0000    0.0000    9.9359   88.7041
  20.9548 26689.8593  230.3105 -999.9000    0.0000    0.0000   10.3454   88.7401
  20.4676 26846.7387  230.0248 -999.9000    0.0000    0.0000   10.6182   88.7908
  19.9891 27003.6181  228.5786 -999.9000    0.0000    0.0000   10.7190   88.8671
  19.5243 27160.4975  227.6934 -999.9000    0.0000    0.0000   10.2857   88.8331
  19.0752 27317.3769  228.1564 -999.9000    0.0000    0.0000    9.3904   88.6652
  18.6391 27474.2563  229.3869 -999.9000    0.0000    0.0000    8.4275   88.4541
  18.2135 27631.1357  230.8045 -999.9000    0.0000    0.0000    7.7913   88.2905
  17.7959 27788.0151  231.8379 -999.9000    0.0000    0.0000    7.8534   88.2601
  17.3864 27944.8945  232.1398 -999.9000    0.0000    0.0000    8.4346   88.3267
  16.9866 28101.7739  231.7362 -999.9000    0.0000    0.0000    9.0538   88.3867
  16.5963 28258.6533  230.9236 -999.9000    0.0000    0.0000    9.6760   88.4341
  16.2153 28415.5327  230.0259 -999.9000    0.0000    0.0000   10.3157   88.4734
  15.8432 28572.4121  229.3665 -999.9000    0.0000    0.0000   10.9874   88.5095
  15.4798 28729.2915  229.2632 -999.9000    0.0000    0.0000   11.7034   88.5468
  15.1246 28886.1709  229.6770 -999.9000    0.0000    0.0000   12.3614   88.5881
  14.7769 29043.0503  230.0510 -999.9000    0.0000    0.0000   12.6975   88.6333
  14.4368 29199.9296  230.2210 -999.9000    0.0000    0.0000   12.6467   88.6841
  14.1043 29356.8090  230.3245 -999.9000    0.0000    0.0000   12.2904   88.7433
  13.7798 29513.6884  230.5047 -999.9000    0.0000    0.0000   11.7130   88.8140
  13.4633 29670.5678  230.9048 -999.9000    0.0000    0.0000   10.9986   88.8992
  13.1552 29827.4472  231.6681 -999.9000    0.0000    0.0000   10.2317   89.0018
  12.8555 29984.3266  232.8811 -999.9000    0.0000    0.0000    9.4944   89.1215
  12.5638 30141.2060  234.2311 -999.9000    0.0000    0.0000    8.8548   89.2343
  12.2794 30298.0854  235.2361 -999.9000    0.0000    0.0000    8.3748   89.3059
  12.0018 30454.9648  235.4134 -999.9000    0.0000    0.0000    8.1163   89.3022
  11.7304 30611.8442  234.5349 -999.9000    0.0000    0.0000    8.1003   89.2026
  11.4650 30768.7236  233.4120 -999.9000    0.0000    0.0000    8.1813   89.0420
  11.2056 30925.6030  233.1212 -999.9000    0.0000    0.0000    8.1717   88.8691
  10.9522 31082.4824  234.3141 -999.9000    0.0000    0.0000    7.9512   88.7216
  10.7056 31239.3618  235.8305 -999.9000    0.0000    0.0000    7.6889   88.5894
  10.4661 31396.2412  236.3520 -999.9000    0.0000    0.0000    7.5816   88.4534
  10.2318 31553.1206  235.9585 -999.9000    0.0000    0.0000    7.6149   88.3118
  10.0000 31710.0000  235.1047 -999.9000    0.0000    0.0000    7.7176   88.1674
