# 06610 LSMP Payerne Observations at 12Z 30 Jul 2008
# Radiosonde file generated by raso.rb
#
  P [hPa],     Z [m],    T [K],   Td [K],   RH [%], r [g/kg], WS [m/s], WD [deg]
 962.0000   491.0000  297.8187 -999.9000   66.3610   13.6900    1.8838   93.0543
 944.6891   647.8794  295.7120 -999.9000   67.9154   12.6302    4.2810   92.6754
 927.6873   804.7588  294.2824 -999.9000   79.6725   13.9071    1.8574   92.9144
 911.0964   961.6382  292.9587 -999.9000   80.1227   14.4362    0.0359   92.0428
 894.7070  1118.5176  291.9963 -999.9000   80.1130   14.3064    0.9461   90.9797
 878.5406  1275.3970  291.6794 -999.9000   80.1692   13.3485    1.8920   90.6229
 862.6769  1432.2764  290.2835 -999.9000   81.0733   13.5129    2.0935   90.4248
 846.9845  1589.1558  289.0274 -999.9000   80.3819   13.9027    3.6782   90.3491
 831.5533  1746.0352  288.6691 -999.9000   80.8491   13.2228    4.5484   90.3950
 816.3570  1902.9146  287.3470 -999.9000   80.7259   11.9693    5.6476   90.4496
 801.3249  2059.7940  285.7522 -999.9000   80.4343   11.5640    6.2708   90.4939
 786.5365  2216.6734  284.3968 -999.9000   80.2680   10.4184    7.0242   90.5367
 771.9169  2373.5528  283.1678 -999.9000   80.6436    8.7627    8.2257   90.5644
 757.5041  2530.4322  282.1182 -999.9000   80.4983    8.5006    8.7715   90.6155
 743.3854  2687.3116  281.5572 -999.9000   77.8411    7.5803    7.6798   90.6080
 729.2940  2844.1910  280.5021 -999.9000   60.4295    5.5688    7.4560   90.6173
 715.5826  3001.0704  279.4789 -999.9000   50.1559    4.3807    9.0578   90.6971
 702.0616  3157.9497  278.3241 -999.9000   51.6321    4.2344   10.3631   90.7782
 688.7126  3314.8291  276.8799 -999.9000   58.9485    4.4448   10.4772   90.8007
 675.5482  3471.7085  275.2902 -999.9000   68.2392    4.6752   10.7527   90.8205
 662.5494  3628.5879  273.8550 -999.9000   74.1755    4.6607   11.3858   90.8487
 649.7305  3785.4673  272.8900 -999.9000   67.2940    4.0055   11.7086   90.8627
 637.1240  3942.3467  272.0840 -999.9000   55.1563    3.1437   11.0578   90.9118
 624.7467  4099.2261  271.1189 -999.9000   50.1768    2.7055    9.5409   91.0167
 612.5275  4256.1055  270.1103 -999.9000   50.1067    2.5464    9.1402   91.0465
 600.5160  4412.9849  269.5560 -999.9000   38.2171    1.8919    9.4532   91.0390
 588.7253  4569.8643  269.0157 -999.9000   22.7663    1.0986    9.6708   91.0433
 577.1128  4726.7437  267.7790 -999.9000   18.1699    0.8108    9.7555   91.0483
 565.6299  4883.6231  267.0009 -999.9000   17.0377    0.7276    9.7527   91.0538
 554.4053  5040.5025  266.4982 -999.9000   13.5017    0.5634    9.0985   91.1400
 543.3471  5197.3819  265.8830 -999.9000   12.8423    0.5190    8.3546   91.2153
 532.4739  5354.2613  264.9181 -999.9000   22.2081    0.8459    8.7944   91.2112
 521.8251  5511.1407  263.9312 -999.9000   24.0559    0.8613    9.5832   91.1806
 511.3144  5668.0201  263.2009 -999.9000   14.1048    0.4842   10.2961   91.1583
 500.9731  5824.8995  261.9189 -999.9000   12.9893    0.4090   11.0284   91.1344
 490.8286  5981.7789  260.3651 -999.9000   18.4245    0.5200   11.2119   91.1143
 480.7236  6138.6583  259.3069 -999.9000   29.2693    0.7703   11.5722   91.0832
 470.8214  6295.5377  258.0717 -999.9000   31.5377    0.7621   11.6933   91.0728
 461.0900  6452.4171  256.6938 -999.9000   30.8723    0.6762   11.4355   90.9894
 451.4963  6609.2965  255.4382 -999.9000   32.0490    0.6422   10.4442   90.8335
 442.0676  6766.1759  254.4033 -999.9000   32.6255    0.6091    9.5666   90.7116
 432.8253  6923.0553  253.4733 -999.9000   32.3430    0.5674   10.4854   90.6964
 423.7241  7079.9347  252.0927 -999.9000   36.0520    0.5712   11.3711   90.7318
 414.7432  7236.8141  250.4074 -999.9000   41.2811    0.5742   11.1690   90.7585
 405.9174  7393.6935  249.4250 -999.9000   31.8604    0.4138   11.3916   90.7794
 397.1974  7550.5729  248.1434 -999.9000   27.2714    0.3219   11.6471   90.7881
 388.6475  7707.4523  246.7488 -999.9000   31.1969    0.3308   11.7735   90.8405
 380.2876  7864.3317  245.7249 -999.9000   34.8482    0.3433   11.9846   90.9010
 372.0784  8021.2111  244.8937 -999.9000   39.1192    0.3645   12.1066   90.8924
 363.9826  8178.0905  244.0814 -999.9000   45.2463    0.3994   11.9858   90.7526
 356.0087  8334.9698  243.2046 -999.9000   54.4874    0.4529   11.9335   90.7678
 348.2042  8491.8492  242.2823 -999.9000   60.6122    0.5188   12.4971   91.3797
 340.5609  8648.7286  241.3981 -999.9000   65.0028    0.5272   12.6901   91.7004
 333.0575  8805.6080  240.5021 -999.9000   65.6089    0.4852   12.5907   91.6152
 325.6771  8962.4874  239.4943 -999.9000   65.0332    0.4338   12.8456   91.4555
 318.4095  9119.3668  238.2591 -999.9000   65.8217    0.3977   13.7240   91.4682
 311.2701  9276.2462  236.5872 -999.9000   60.7161    0.3338   13.8405   91.4746
 304.2599  9433.1256  234.9808 -999.9000   55.5334    0.2938   14.0230   91.4194
 297.3812  9590.0050  233.8622 -999.9000   50.6893    0.2688   14.4636   91.3896
 290.6045  9746.8844  232.5826 -999.9000   45.4815    0.2331   14.7516   91.3805
 283.9369  9903.7638  231.1546 -999.9000   45.7797    0.2031   15.0900   91.3479
 277.3870 10060.6432  229.6244 -999.9000   45.6307    0.1789   15.4417   91.3074
 270.9631 10217.5226  228.0324 -999.9000   45.5684    0.1538   15.6748   91.2950
 264.6694 10374.4020  226.4532 -999.9000   45.6789    0.1244   15.6997   91.3378
 258.4744 10531.2814  225.1942 -999.9000   45.1883    0.1097   15.8177   91.3756
 252.3757 10688.1608  224.1379 -999.9000   45.5056    0.1034   16.0580   91.3933
 246.3812 10845.0402  223.0559 -999.9000   40.2285    0.0916   16.3394   91.3978
 240.4896 11001.9196  221.8413 -999.9000   35.6740    0.0742   16.6092   91.3965
 234.6950 11158.7990  220.4893 -999.9000   35.9292    0.0604   16.8378   91.3968
 229.0082 11315.6784  219.0961 -999.9000   35.4746    0.0528   17.0193   91.3986
 223.4492 11472.5578  217.8091 -999.9000   34.9492    0.0500   17.1597   91.3982
 218.0236 11629.4372  216.6042 -999.9000   30.1077    0.0480   16.9772   91.4126
 212.6609 11786.3166  214.9323 -999.9000   25.5932    0.0350   15.3211   91.5070
 207.3913 11943.1960  214.1042 -999.9000   23.7618    0.0295   14.1711   91.4951
 202.2510 12100.0754  214.8143 -999.9000   18.0002    0.0410   13.8983   91.5711
 197.2536 12256.9548  216.2204 -999.9000    9.0961    0.0304   11.9331   92.1270
 192.4469 12413.8342  218.6208 -999.9000    2.6451    0.0062   12.4200   91.9985
 187.8076 12570.7136  218.4443 -999.9000    0.2370    0.0003   12.7002   91.9213
 183.2603 12727.5930  217.2149 -999.9000    0.2956    0.0003   12.4459   91.8946
 178.8033 12884.4724  216.8070 -999.9000    0.0000    0.0000   12.2504   91.8603
 174.4458 13041.3518  217.2139 -999.9000    0.0133    0.0000   12.4203   91.7991
 170.1876 13198.2312  217.4412 -999.9000    0.0000    0.0000   12.9813   91.6668
 166.0391 13355.1106  217.6090 -999.9000    0.0000    0.0000   13.6353   91.5392
 162.0101 13511.9899  217.2298 -999.9000    0.0002    0.0000   13.9667   91.4198
 158.0706 13668.8693  216.2393 -999.9000    0.0000    0.0000   13.6136   91.3880
 154.1974 13825.7487  215.3565 -999.9000    0.0000    0.0000   12.4798   91.4693
 150.4126 13982.6281  215.2765 -999.9000    0.0000    0.0000   10.5902   91.5650
 146.7292 14139.5075  216.1885 -999.9000    0.0000    0.0000   10.5328   91.5673
 143.1108 14296.3869  214.3904 -999.9000    0.0000    0.0000   10.4681   91.5696
 139.5597 14453.2663  216.7841 -999.9000    0.0000    0.0000   10.4476   91.5684
 136.1266 14610.1457  214.4210 -999.9000    0.0000    0.0000   10.4462   91.5540
 132.7619 14767.0251  213.5222 -999.9000    0.0000    0.0000   10.4456   91.5347
 129.4754 14923.9045  214.4910 -999.9000    0.0000    0.0000   10.4403   91.5197
 126.2897 15080.7839  215.5701 -999.9000    0.0000    0.0000   10.4217   91.5108
 123.1790 15237.6633  216.7720 -999.9000    0.0000    0.0000   10.4283   91.4644
 120.1481 15394.5427  217.2205 -999.9000    0.0000    0.0000   10.2739   91.3748
 117.2138 15551.4221  216.5527 -999.9000    0.0000    0.0000    9.8992   91.2661
 114.3435 15708.3015  216.4356 -999.9000    0.0000    0.0000    9.5619   91.1464
 111.5416 15865.1809  216.1703 -999.9000    0.0000    0.0000    8.9646   91.1933
 108.8149 16022.0603  217.4624 -999.9000    0.0000    0.0000    8.1334   91.4869
 106.1648 16178.9397  217.4958 -999.9000    0.0000    0.0000    7.6551   91.3484
 103.5767 16335.8191  217.1087 -999.9000    0.0000    0.0000    6.2078   91.9971
 101.0524 16492.6985  219.1335 -999.9000    0.0000    0.0000    1.7141   90.4089
  98.6148 16649.5779  217.7215 -999.9000    0.0000    0.0000    0.9233   90.4014
  96.2203 16806.4573  216.9613 -999.9000    0.0000    0.0000    0.0821   90.4014
  93.8688 16963.3367  216.2257 -999.9000    0.0000    0.0000    1.1507   90.4014
  91.5836 17120.2161  216.0862 -999.9000    0.0000    0.0000    2.0061   90.4014
  89.3567 17277.0955  216.0462 -999.9000    0.0000    0.0000    2.6291   90.4014
  87.1784 17433.9749  215.5580 -999.9000    0.0000    0.0000    3.3169   90.3927
  85.0453 17590.8543  214.7340 -999.9000    0.0000    0.0000    4.2363   90.0754
  82.9608 17747.7337  214.3978 -999.9000    0.0000    0.0000    5.4143   90.9865
  80.9282 17904.6131  215.0332 -999.9000    0.0000    0.0000    6.5676   90.6807
  78.9484 18061.4925  215.6705 -999.9000    0.0000    0.0000    6.4678   90.4907
  77.0217 18218.3719  216.3400 -999.9000    0.0000    0.0000    5.5180   90.6714
  75.1483 18375.2513  217.3984 -999.9000    0.0000    0.0000    4.5727   90.9237
  73.3271 18532.1307  218.5037 -999.9000    0.0000    0.0000    3.9623   91.0464
  71.5556 18689.0101  218.6359 -999.9000    0.0000    0.0000    3.5086   90.9336
  69.8260 18845.8894  217.5299 -999.9000    0.0000    0.0000    2.9050   91.0562
  68.1227 19002.7688  217.2517 -999.9000    0.0000    0.0000    1.7846   91.7656
  66.4601 19159.6482  217.6162 -999.9000    0.0000    0.0000    0.7780   89.5288
  64.8418 19316.5276  218.1166 -999.9000    0.0000    0.0000    0.4951   87.4851
  63.2670 19473.4070  218.5389 -999.9000    0.0000    0.0000    1.0660   87.9468
  61.7318 19630.2864  219.1208 -999.9000    0.0000    0.0000    1.6818   88.3028
  60.2355 19787.1658  219.3558 -999.9000    0.0000    0.0000    2.4555   88.5476
  58.7762 19944.0452  219.0832 -999.9000    0.0000    0.0000    3.3274   88.9105
  57.3501 20100.9246  218.7291 -999.9000    0.0000    0.0000    3.7927   89.0671
  55.9562 20257.8040  218.4871 -999.9000    0.0000    0.0000    3.7539   88.9446
  54.5968 20414.6834  218.2775 -999.9000    0.0000    0.0000    3.5761   88.7725
  53.2731 20571.5628  218.2518 -999.9000    0.0000    0.0000    3.4224   88.6461
  51.9860 20728.4422  218.7204 -999.9000    0.0000    0.0000    3.3093   88.5640
  50.7361 20885.3216  219.9967 -999.9000    0.0000    0.0000    3.2512   88.5228
  49.5229 21042.2010  221.7914 -999.9000    0.0000    0.0000    3.2312   88.5126
  48.3394 21199.0804  221.1947 -999.9000    0.0000    0.0000    3.5987   88.5757
  47.1874 21355.9598  221.2818 -999.9000    0.0000    0.0000    4.7521   88.7747
  46.0647 21512.8392  221.6908 -999.9000    0.0000    0.0000    5.8066   88.9472
  44.9691 21669.7186  221.9427 -999.9000    0.0000    0.0000    6.0295   88.9570
  43.8989 21826.5980  221.9748 -999.9000    0.0000    0.0000    5.6535   88.8369
  42.8525 21983.4774  221.8478 -999.9000    0.0000    0.0000    5.1948   88.6697
  41.8295 22140.3568  221.6099 -999.9000    0.0000    0.0000    4.9426   88.5214
  40.8309 22297.2362  221.2897 -999.9000    0.0000    0.0000    4.8345   88.4316
  39.8584 22454.1156  220.9168 -999.9000    0.0000    0.0000    4.7788   88.4374
  38.9104 22610.9950  221.3177 -999.9000    0.0000    0.0000    4.9232   88.5046
  37.9838 22767.8744  222.5861 -999.9000    0.0000    0.0000    5.3242   88.5579
  37.0791 22924.7538  223.2859 -999.9000    0.0000    0.0000    5.6504   88.6106
  36.1962 23081.6332  223.3862 -999.9000    0.0000    0.0000    5.8857   88.6649
  35.3349 23238.5126  223.1051 -999.9000    0.0000    0.0000    6.0697   88.7211
  34.4951 23395.3920  222.6603 -999.9000    0.0000    0.0000    6.2422   88.7793
  33.6765 23552.2714  222.2697 -999.9000    0.0000    0.0000    6.4429   88.8396
  32.8792 23709.1508  222.1511 -999.9000    0.0000    0.0000    6.7116   88.9021
  32.1025 23866.0302  222.4468 -999.9000    0.0000    0.0000    7.0607   88.9664
  31.3447 24022.9095  223.0192 -999.9000    0.0000    0.0000    7.4022   89.0294
  30.6036 24179.7889  223.6668 -999.9000    0.0000    0.0000    7.6248   89.0878
  29.8779 24336.6683  224.1621 -999.9000    0.0000    0.0000    7.6368   89.1301
  29.1715 24493.5477  224.2159 -999.9000    0.0000    0.0000    7.5429   89.0898
  28.4842 24650.4271  224.0765 -999.9000    0.0000    0.0000    7.3956   88.9796
  27.8138 24807.3065  224.1127 -999.9000    0.0000    0.0000    7.2094   88.8366
  27.1583 24964.1859  224.6916 -999.9000    0.0000    0.0000    6.9981   88.6979
  26.5173 25121.0653  225.8742 -999.9000    0.0000    0.0000    6.7823   88.5852
  25.8939 25277.9447  227.0723 -999.9000    0.0000    0.0000    6.5968   88.4883
  25.2914 25434.8241  227.6152 -999.9000    0.0000    0.0000    6.4785   88.3927
  24.7096 25591.7035  227.1363 -999.9000    0.0000    0.0000    6.5088   88.3136
  24.1354 25748.5829  226.6210 -999.9000    0.0000    0.0000    6.8484   88.3442
  23.5706 25905.4623  226.4021 -999.9000    0.0000    0.0000    7.3999   88.4419
  23.0189 26062.3417  226.6886 -999.9000    0.0000    0.0000    8.0383   88.5480
  22.4826 26219.2211  227.5458 -999.9000    0.0000    0.0000    8.6632   88.6216
  21.9608 26376.1005  228.6675 -999.9000    0.0000    0.0000    9.2359   88.6692
  21.4521 26532.9799  229.6890 -999.9000    0.0000    0.0000    9.7284   88.7041
  20.9548 26689.8593  230.2450 -999.9000    0.0000    0.0000   10.1122   88.7401
  20.4676 26846.7387  229.9707 -999.9000    0.0000    0.0000   10.3589   88.7908
  19.9891 27003.6181  228.5363 -999.9000    0.0000    0.0000   10.4335   88.8671
  19.5243 27160.4975  227.6631 -999.9000    0.0000    0.0000    9.9739   88.8331
  19.0752 27317.3769  228.1383 -999.9000    0.0000    0.0000    9.0525   88.6652
  18.6391 27474.2563  229.3815 -999.9000    0.0000    0.0000    8.0635   88.4541
  18.2135 27631.1357  230.8123 -999.9000    0.0000    0.0000    7.4018   88.2905
  17.7959 27788.0151  231.8592 -999.9000    0.0000    0.0000    7.4387   88.2601
  17.3864 27944.8945  232.1750 -999.9000    0.0000    0.0000    7.9954   88.3267
  16.9866 28101.7739  231.7860 -999.9000    0.0000    0.0000    8.5909   88.3867
  16.5963 28258.6533  230.9884 -999.9000    0.0000    0.0000    9.1903   88.4341
  16.2153 28415.5327  230.1062 -999.9000    0.0000    0.0000    9.8083   88.4734
  15.8432 28572.4121  229.4630 -999.9000    0.0000    0.0000   10.4594   88.5095
  15.4798 28729.2915  229.3766 -999.9000    0.0000    0.0000   11.1562   88.5468
  15.1246 28886.1709  229.8079 -999.9000    0.0000    0.0000   11.7964   88.5881
  14.7769 29043.0503  230.2001 -999.9000    0.0000    0.0000   12.1163   88.6333
  14.4368 29199.9296  230.3891 -999.9000    0.0000    0.0000   12.0511   88.6841
  14.1043 29356.8090  230.5123 -999.9000    0.0000    0.0000   11.6823   88.7433
  13.7798 29513.6884  230.7130 -999.9000    0.0000    0.0000   11.0943   88.8140
  13.4633 29670.5678  231.1344 -999.9000    0.0000    0.0000   10.3716   88.8992
  13.1552 29827.4472  231.9200 -999.9000    0.0000    0.0000    9.5986   89.0018
  12.8555 29984.3266  233.1561 -999.9000    0.0000    0.0000    8.8578   89.1215
  12.5638 30141.2060  234.5302 -999.9000    0.0000    0.0000    8.2171   89.2343
  12.2794 30298.0854  235.5603 -999.9000    0.0000    0.0000    7.7387   89.3059
  12.0018 30454.9648  235.7636 -999.9000    0.0000    0.0000    7.4847   89.3022
  11.7304 30611.8442  234.9122 -999.9000    0.0000    0.0000    7.4762   89.2026
  11.4650 30768.7236  233.8175 -999.9000    0.0000    0.0000    7.5679   89.0420
  11.2056 30925.6030  233.5560 -999.9000    0.0000    0.0000    7.5722   88.8691
  10.9522 31082.4824  234.7794 -999.9000    0.0000    0.0000    7.3689   88.7216
  10.7056 31239.3618  236.3274 -999.9000    0.0000    0.0000    7.1274   88.5894
  10.4661 31396.2412  236.8817 -999.9000    0.0000    0.0000    7.0447   88.4534
  10.2318 31553.1206  236.5222 -999.9000    0.0000    0.0000    7.1063   88.3118
  10.0000 31710.0000  235.7038 -999.9000    0.0000    0.0000    7.2413   88.1674
