# 06610 LSMP Payerne Observations at 12Z 30 Jul 2008
# Radiosonde file generated by raso.rb
#
  P [hPa],     Z [m],    T [K],   Td [K],   RH [%], r [g/kg], WS [m/s], WD [deg]
 962.0000   491.0000  298.1425 -999.9000   66.1748   13.6900    2.0997   93.0543
 944.6891   647.8794  296.0488 -999.9000   67.7390   12.6302    4.5659   92.6754
 927.6873   804.7588  294.6297 -999.9000   79.4807   13.9071    2.2019   92.9144
 911.0964   961.6382  293.3139 -999.9000   79.9437   14.4362    0.4307   92.0428
 894.7070  1118.5176  292.3571 -999.9000   79.9465   14.3064    1.3825   90.9797
 878.5406  1275.3970  292.0435 -999.9000   80.0138   13.3485    2.3616   90.6229
 862.6769  1432.2764  290.6487 -999.9000   80.9262   13.5129    2.5883   90.4248
 846.9845  1589.1558  289.3916 -999.9000   80.2449   13.9027    4.1906   90.3491
 831.5533  1746.0352  289.0303 -999.9000   80.7191   13.2228    5.0713   90.3950
 816.3570  1902.9146  287.7032 -999.9000   80.6029   11.9693    6.1741   90.4496
 801.3249  2059.7940  286.1016 -999.9000   80.3174   11.5640    6.7945   90.4939
 786.5365  2216.6734  284.7376 -999.9000   80.1561   10.4184    7.5390   90.5367
 771.9169  2373.5528  283.4984 -999.9000   80.5350    8.7627    8.7261   90.5644
 757.5041  2530.4322  282.4370 -999.9000   80.3929    8.5006    9.2522   90.6155
 743.3854  2687.3116  281.8627 -999.9000   77.7413    7.5803    8.1359   90.6080
 729.2940  2844.1910  280.7930 -999.9000   60.3531    5.5688    7.8832   90.6173
 715.5826  3001.0704  279.7538 -999.9000   50.0930    4.3807    9.4519   90.6971
 702.0616  3157.9497  278.5818 -999.9000   51.5675    4.2344   10.7203   90.7782
 688.7126  3314.8291  277.1193 -999.9000   58.8744    4.4448   10.7944   90.8007
 675.5482  3471.7085  275.5103 -999.9000   68.1526    4.6752   11.0269   90.8205
 662.5494  3628.5879  274.0548 -999.9000   74.0802    4.6607   11.6146   90.8487
 649.7305  3785.4673  273.0687 -999.9000   67.2060    4.0055   11.8897   90.8627
 637.1240  3942.3467  272.2408 -999.9000   55.0827    3.1437   11.1896   90.9118
 624.7467  4099.2261  271.2531 -999.9000   50.1084    2.7055    9.6221   91.0167
 612.5275  4256.1055  270.2214 -999.9000   50.0366    2.5464    9.1698   91.0465
 600.5160  4412.9849  269.6434 -999.9000   38.1623    1.8919    9.4306   91.0390
 588.7253  4569.8643  269.0791 -999.9000   22.7328    1.0986    9.5960   91.0433
 577.1128  4726.7437  267.8181 -999.9000   18.1425    0.8108    9.6286   91.0483
 565.6299  4883.6231  267.0154 -999.9000   17.0114    0.7276    9.5743   91.0538
 554.4053  5040.5025  266.4880 -999.9000   13.4803    0.5634    8.8697   91.1400
 543.3471  5197.3819  265.8480 -999.9000   12.8214    0.5190    8.0768   91.2153
 532.4739  5354.2613  264.8584 -999.9000   22.1713    0.8459    8.4693   91.2112
 521.8251  5511.1407  263.8469 -999.9000   24.0153    0.8613    9.2131   91.1806
 511.3144  5668.0201  263.0923 -999.9000   14.0806    0.4842    9.8835   91.1583
 500.9731  5824.8995  261.7863 -999.9000   12.9667    0.4090   10.5763   91.1344
 490.8286  5981.7789  260.2088 -999.9000   18.3920    0.5200   10.7236   91.1143
 480.7236  6138.6583  259.1274 -999.9000   29.2172    0.7703   11.0515   91.0832
 470.8214  6295.5377  257.8697 -999.9000   31.4812    0.7621   11.1444   91.0728
 461.0900  6452.4171  256.4699 -999.9000   30.8169    0.6762   10.8629   90.9894
 451.4963  6609.2965  255.1933 -999.9000   31.9916    0.6422    9.8528   90.8335
 442.0676  6766.1759  254.1381 -999.9000   32.5675    0.6091    8.9618   90.7116
 432.8253  6923.0553  253.1888 -999.9000   32.2860    0.5674    9.8728   90.6964
 423.7241  7079.9347  251.7900 -999.9000   35.9896    0.5712   10.7569   90.7318
 414.7432  7236.8141  250.0875 -999.9000   41.2113    0.5742   10.5595   90.7585
 405.9174  7393.6935  249.0891 -999.9000   31.8081    0.4138   10.7939   90.7794
 397.1974  7550.5729  247.7929 -999.9000   27.2283    0.3219   11.0683   90.7881
 388.6475  7707.4523  246.3849 -999.9000   31.1498    0.3308   11.2204   90.8405
 380.2876  7864.3317  245.3488 -999.9000   34.7985    0.3433   11.4635   90.9010
 372.0784  8021.2111  244.5066 -999.9000   39.0670    0.3645   11.6230   90.8924
 363.9826  8178.0905  243.6842 -999.9000   45.1902    0.3994   11.5447   90.7526
 356.0087  8334.9698  242.7982 -999.9000   54.4256    0.4529   11.5390   90.7678
 348.2042  8491.8492  241.8677 -999.9000   60.5501    0.5188   12.1530   91.3797
 340.5609  8648.7286  240.9761 -999.9000   64.9436    0.5272   12.3993   91.7004
 333.0575  8805.6080  240.0733 -999.9000   65.5569    0.4852   12.3556   91.6152
 325.6771  8962.4874  239.0594 -999.9000   64.9895    0.4338   12.6678   91.4555
 318.4095  9119.3668  237.8186 -999.9000   65.7854    0.3977   13.6045   91.4682
 311.2701  9276.2462  236.1416 -999.9000   60.6900    0.3338   13.7798   91.4746
 304.2599  9433.1256  234.5306 -999.9000   55.5162    0.2938   14.0208   91.4194
 297.3812  9590.0050  233.4076 -999.9000   50.6796    0.2688   14.5190   91.3896
 290.6045  9746.8844  232.1238 -999.9000   45.4780    0.2331   14.8630   91.3805
 283.9369  9903.7638  230.6919 -999.9000   45.7813    0.2031   15.2553   91.3479
 277.3870 10060.6432  229.1578 -999.9000   45.6372    0.1789   15.6580   91.3074
 270.9631 10217.5226  227.5619 -999.9000   45.5794    0.1538   15.9386   91.2950
 264.6694 10374.4020  225.9787 -999.9000   45.6942    0.1244   16.0069   91.3378
 258.4744 10531.2814  224.7156 -999.9000   45.2074    0.1097   16.1634   91.3756
 252.3757 10688.1608  223.6549 -999.9000   45.5283    0.1034   16.4369   91.3933
 246.3812 10845.0402  222.5683 -999.9000   40.2512    0.0916   16.7454   91.3978
 240.4896 11001.9196  221.3487 -999.9000   35.6961    0.0742   17.0356   91.3965
 234.6950 11158.7990  219.9912 -999.9000   35.9530    0.0604   17.2780   91.3968
 229.0082 11315.6784  218.5924 -999.9000   35.4993    0.0528   17.4672   91.3986
 223.4492 11472.5578  217.2996 -999.9000   34.9743    0.0500   17.6097   91.3982
 218.0236 11629.4372  216.0890 -999.9000   30.1298    0.0480   17.4241   91.4126
 212.6609 11786.3166  214.4114 -999.9000   25.6121    0.0350   15.7602   91.5070
 207.3913 11943.1960  213.5779 -999.9000   23.7793    0.0295   14.5983   91.4951
 202.2510 12100.0754  214.2828 -999.9000   18.0133    0.0410   14.3099   91.5711
 197.2536 12256.9548  215.6842 -999.9000    9.1025    0.0304   12.3258   92.1270
 192.4469 12413.8342  218.0805 -999.9000    2.6469    0.0062   12.7913   91.9985
 187.8076 12570.7136  217.9004 -999.9000    0.2371    0.0003   13.0477   91.9213
 183.2603 12727.5930  216.6683 -999.9000    0.2958    0.0003   12.7679   91.8946
 178.8033 12884.4724  216.2585 -999.9000    0.0000    0.0000   12.5458   91.8603
 174.4458 13041.3518  216.6645 -999.9000    0.0133    0.0000   12.6883   91.7991
 170.1876 13198.2312  216.8920 -999.9000    0.0000    0.0000   13.2216   91.6668
 166.0391 13355.1106  217.0612 -999.9000    0.0000    0.0000   13.8481   91.5392
 162.0101 13511.9899  216.6847 -999.9000    0.0002    0.0000   14.1528   91.4198
 158.0706 13668.8693  215.6982 -999.9000    0.0000    0.0000   13.7742   91.3880
 154.1974 13825.7487  214.8211 -999.9000    0.0000    0.0000   12.6165   91.4693
 150.4126 13982.6281  214.7485 -999.9000    0.0000    0.0000   10.7053   91.5650
 146.7292 14139.5075  215.6695 -999.9000    0.0000    0.0000   10.6288   91.5673
 143.1108 14296.3869  213.8823 -999.9000    0.0000    0.0000   10.5483   91.5696
 139.5597 14453.2663  216.2889 -999.9000    0.0000    0.0000   10.5156   91.5684
 136.1266 14610.1457  213.9406 -999.9000    0.0000    0.0000   10.5057   91.5540
 132.7619 14767.0251  213.0584 -999.9000    0.0000    0.0000   10.5000   91.5347
 129.4754 14923.9045  214.0455 -999.9000    0.0000    0.0000   10.4928   91.5197
 126.2897 15080.7839  215.1443 -999.9000    0.0000    0.0000   10.4751   91.5108
 123.1790 15237.6633  216.3672 -999.9000    0.0000    0.0000   10.4852   91.4644
 120.1481 15394.5427  216.8378 -999.9000    0.0000    0.0000   10.3366   91.3748
 117.2138 15551.4221  216.1932 -999.9000    0.0000    0.0000    9.9697   91.2661
 114.3435 15708.3015  216.1000 -999.9000    0.0000    0.0000    9.6419   91.1464
 111.5416 15865.1809  215.8594 -999.9000    0.0000    0.0000    9.0555   91.1933
 108.8149 16022.0603  217.1766 -999.9000    0.0000    0.0000    8.2365   91.4869
 106.1648 16178.9397  217.2355 -999.9000    0.0000    0.0000    7.7711   91.3484
 103.5767 16335.8191  216.8742 -999.9000    0.0000    0.0000    6.3374   91.9971
 101.0524 16492.6985  218.9247 -999.9000    0.0000    0.0000    1.8575   90.4089
  98.6148 16649.5779  217.5383 -999.9000    0.0000    0.0000    1.0807   90.4014
  96.2203 16806.4573  216.8034 -999.9000    0.0000    0.0000    0.2530   90.4014
  93.8688 16963.3367  216.0928 -999.9000    0.0000    0.0000    1.3348   90.4014
  91.5836 17120.2161  215.9776 -999.9000    0.0000    0.0000    2.2024   90.4014
  89.3567 17277.0955  215.9613 -999.9000    0.0000    0.0000    2.8365   90.4014
  87.1784 17433.9749  215.4957 -999.9000    0.0000    0.0000    3.5340   90.3927
  85.0453 17590.8543  214.6933 -999.9000    0.0000    0.0000    4.4615   90.0754
  82.9608 17747.7337  214.3775 -999.9000    0.0000    0.0000    5.6455   90.9865
  80.9282 17904.6131  215.0319 -999.9000    0.0000    0.0000    6.8026   90.6807
  78.9484 18061.4925  215.6869 -999.9000    0.0000    0.0000    6.7042   90.4907
  77.0217 18218.3719  216.3726 -999.9000    0.0000    0.0000    5.7538   90.6714
  75.1483 18375.2513  217.4461 -999.9000    0.0000    0.0000    4.8059   90.9237
  73.3271 18532.1307  218.5654 -999.9000    0.0000    0.0000    4.1910   91.0464
  71.5556 18689.0101  218.7105 -999.9000    0.0000    0.0000    3.7310   90.9336
  69.8260 18845.8894  217.6166 -999.9000    0.0000    0.0000    3.1198   91.0562
  68.1227 19002.7688  217.3497 -999.9000    0.0000    0.0000    1.9904   91.7656
  66.4601 19159.6482  217.7248 -999.9000    0.0000    0.0000    0.9737   89.5288
  64.8418 19316.5276  218.2352 -999.9000    0.0000    0.0000    0.6797   87.4851
  63.2670 19473.4070  218.6671 -999.9000    0.0000    0.0000    1.2386   87.9468
  61.7318 19630.2864  219.2581 -999.9000    0.0000    0.0000    1.8419   88.3028
  60.2355 19787.1658  219.5020 -999.9000    0.0000    0.0000    2.6026   88.5476
  58.7762 19944.0452  219.2382 -999.9000    0.0000    0.0000    3.4611   88.9105
  57.3501 20100.9246  218.8927 -999.9000    0.0000    0.0000    3.9129   89.0671
  55.9562 20257.8040  218.6596 -999.9000    0.0000    0.0000    3.8607   88.9446
  54.5968 20414.6834  218.4589 -999.9000    0.0000    0.0000    3.6697   88.7725
  53.2731 20571.5628  218.4423 -999.9000    0.0000    0.0000    3.5031   88.6461
  51.9860 20728.4422  218.9205 -999.9000    0.0000    0.0000    3.3778   88.5640
  50.7361 20885.3216  220.2067 -999.9000    0.0000    0.0000    3.3080   88.5228
  49.5229 21042.2010  222.0121 -999.9000    0.0000    0.0000    3.2773   88.5126
  48.3394 21199.0804  221.4266 -999.9000    0.0000    0.0000    3.6351   88.5757
  47.1874 21355.9598  221.5258 -999.9000    0.0000    0.0000    4.7801   88.7747
  46.0647 21512.8392  221.9477 -999.9000    0.0000    0.0000    5.8274   88.9472
  44.9691 21669.7186  222.2131 -999.9000    0.0000    0.0000    6.0445   88.9570
  43.8989 21826.5980  222.2590 -999.9000    0.0000    0.0000    5.6641   88.8369
  42.8525 21983.4774  222.1462 -999.9000    0.0000    0.0000    5.2024   88.6697
  41.8295 22140.3568  221.9226 -999.9000    0.0000    0.0000    4.9485   88.5214
  40.8309 22297.2362  221.6165 -999.9000    0.0000    0.0000    4.8401   88.4316
  39.8584 22454.1156  221.2574 -999.9000    0.0000    0.0000    4.7855   88.4374
  38.9104 22610.9950  221.6717 -999.9000    0.0000    0.0000    4.9325   88.5046
  37.9838 22767.8744  222.9528 -999.9000    0.0000    0.0000    5.3375   88.5579
  37.0791 22924.7538  223.6645 -999.9000    0.0000    0.0000    5.6691   88.6106
  36.1962 23081.6332  223.7756 -999.9000    0.0000    0.0000    5.9113   88.6649
  35.3349 23238.5126  223.5042 -999.9000    0.0000    0.0000    6.1037   88.7211
  34.4951 23395.3920  223.0677 -999.9000    0.0000    0.0000    6.2860   88.7793
  33.6765 23552.2714  222.6838 -999.9000    0.0000    0.0000    6.4980   88.8396
  32.8792 23709.1508  222.5701 -999.9000    0.0000    0.0000    6.7796   88.9021
  32.1025 23866.0302  222.8689 -999.9000    0.0000    0.0000    7.1431   88.9664
  31.3447 24022.9095  223.4423 -999.9000    0.0000    0.0000    7.5005   89.0294
  30.6036 24179.7889  224.0885 -999.9000    0.0000    0.0000    7.7406   89.0878
  29.8779 24336.6683  224.5800 -999.9000    0.0000    0.0000    7.7716   89.1301
  29.1715 24493.5477  224.6274 -999.9000    0.0000    0.0000    7.6982   89.0898
  28.4842 24650.4271  224.4787 -999.9000    0.0000    0.0000    7.5731   88.9796
  27.8138 24807.3065  224.5025 -999.9000    0.0000    0.0000    7.4106   88.8366
  27.1583 24964.1859  225.0660 -999.9000    0.0000    0.0000    7.2245   88.6979
  26.5173 25121.0653  226.2303 -999.9000    0.0000    0.0000    7.0354   88.5852
  25.8939 25277.9447  227.4073 -999.9000    0.0000    0.0000    6.8778   88.4883
  25.2914 25434.8241  227.9265 -999.9000    0.0000    0.0000    6.7884   88.3927
  24.7096 25591.7035  227.4216 -999.9000    0.0000    0.0000    6.8483   88.3136
  24.1354 25748.5829  226.8781 -999.9000    0.0000    0.0000    7.2183   88.3442
  23.5706 25905.4623  226.6289 -999.9000    0.0000    0.0000    7.8006   88.4419
  23.0189 26062.3417  226.8832 -999.9000    0.0000    0.0000    8.4701   88.5480
  22.4826 26219.2211  227.7066 -999.9000    0.0000    0.0000    9.1261   88.6216
  21.9608 26376.1005  228.7931 -999.9000    0.0000    0.0000    9.7299   88.6692
  21.4521 26532.9799  229.7779 -999.9000    0.0000    0.0000   10.2532   88.7041
  20.9548 26689.8593  230.2963 -999.9000    0.0000    0.0000   10.6674   88.7401
  20.4676 26846.7387  229.9833 -999.9000    0.0000    0.0000   10.9438   88.7908
  19.9891 27003.6181  228.5095 -999.9000    0.0000    0.0000   11.0472   88.8671
  19.5243 27160.4975  227.5963 -999.9000    0.0000    0.0000   10.6156   88.8331
  19.0752 27317.3769  228.0312 -999.9000    0.0000    0.0000    9.7208   88.6652
  18.6391 27474.2563  229.2338 -999.9000    0.0000    0.0000    8.7572   88.4541
  18.2135 27631.1357  230.6240 -999.9000    0.0000    0.0000    8.1192   88.2905
  17.7959 27788.0151  231.6304 -999.9000    0.0000    0.0000    8.1781   88.2601
  17.3864 27944.8945  231.9062 -999.9000    0.0000    0.0000    8.7550   88.3267
  16.9866 28101.7739  231.4775 -999.9000    0.0000    0.0000    9.3684   88.3867
  16.5963 28258.6533  230.6410 -999.9000    0.0000    0.0000    9.9836   88.4341
  16.2153 28415.5327  229.7208 -999.9000    0.0000    0.0000   10.6147   88.4734
  15.8432 28572.4121  229.0406 -999.9000    0.0000    0.0000   11.2764   88.5095
  15.4798 28729.2915  228.9184 -999.9000    0.0000    0.0000   11.9809   88.5468
  15.1246 28886.1709  229.3154 -999.9000    0.0000    0.0000   12.6258   88.5881
  14.7769 29043.0503  229.6749 -999.9000    0.0000    0.0000   12.9473   88.6333
  14.4368 29199.9296  229.8329 -999.9000    0.0000    0.0000   12.8802   88.6841
  14.1043 29356.8090  229.9271 -999.9000    0.0000    0.0000   12.5058   88.7433
  13.7798 29513.6884  230.1010 -999.9000    0.0000    0.0000   11.9086   88.8140
  13.4633 29670.5678  230.4979 -999.9000    0.0000    0.0000   11.1728   88.8992
  13.1552 29827.4472  231.2615 -999.9000    0.0000    0.0000   10.3825   89.0018
  12.8555 29984.3266  232.4783 -999.9000    0.0000    0.0000    9.6200   89.1215
  12.5638 30141.2060  233.8359 -999.9000    0.0000    0.0000    8.9532   89.2343
  12.2794 30298.0854  234.8526 -999.9000    0.0000    0.0000    8.4441   89.3059
  12.0018 30454.9648  235.0458 -999.9000    0.0000    0.0000    8.1544   89.3022
  11.7304 30611.8442  234.1877 -999.9000    0.0000    0.0000    8.1052   89.2026
  11.4650 30768.7236  233.0898 -999.9000    0.0000    0.0000    8.1510   89.0420
  11.2056 30925.6030  232.8290 -999.9000    0.0000    0.0000    8.1040   88.8691
  10.9522 31082.4824  234.0569 -999.9000    0.0000    0.0000    7.8439   88.7216
  10.7056 31239.3618  235.6137 -999.9000    0.0000    0.0000    7.5397   88.5894
  10.4661 31396.2412  236.1811 -999.9000    0.0000    0.0000    7.3883   88.4534
  10.2318 31553.1206  235.8392 -999.9000    0.0000    0.0000    7.3751   88.3118
  10.0000 31710.0000  235.0430 -999.9000    0.0000    0.0000    7.4290   88.1674
