# 06610 LSMP Payerne Observations at 12Z 30 Jul 2008
# Radiosonde file generated by raso.rb
#
  P [hPa],     Z [m],    T [K],   Td [K],   RH [%], r [g/kg], WS [m/s], WD [deg]
 962.0000   491.0000  298.4184 -999.9000   66.1956   13.6900    1.6112   93.0543
 944.6891   647.8794  296.2966 -999.9000   67.7554   12.6302    4.0730   92.6754
 927.6873   804.7588  294.8502 -999.9000   79.4953   13.9071    1.7087   92.9144
 911.0964   961.6382  293.5078 -999.9000   79.9548   14.4362    0.0587   88.9012
 894.7070  1118.5176  292.5252 -999.9000   79.9552   14.3064    0.9006   90.9797
 878.5406  1275.3970  292.1865 -999.9000   80.0210   13.3485    1.8908   90.6229
 862.6769  1432.2764  290.7674 -999.9000   80.9329   13.5129    2.1321   90.4248
 846.9845  1589.1558  289.4868 -999.9000   80.2519   13.9027    3.7520   90.3491
 831.5533  1746.0352  289.1028 -999.9000   80.7272   13.2228    4.6533   90.3950
 816.3570  1902.9146  287.7538 -999.9000   80.6129   11.9693    5.7795   90.4496
 801.3249  2059.7940  286.1311 -999.9000   80.3301   11.5640    6.4258   90.4939
 786.5365  2216.6734  284.7468 -999.9000   80.1721   10.4184    7.1987   90.5367
 771.9169  2373.5528  283.4881 -999.9000   80.5551    8.7627    8.4162   90.5644
 757.5041  2530.4322  282.4081 -999.9000   80.4175    8.5006    8.9746   90.6155
 743.3854  2687.3116  281.8160 -999.9000   77.7701    7.5803    7.8924   90.6080
 729.2940  2844.1910  280.7292 -999.9000   60.3797    5.5688    7.6752   90.6173
 715.5826  3001.0704  279.6739 -999.9000   50.1188    4.3807    9.2808   90.6971
 702.0616  3157.9497  278.4867 -999.9000   51.5982    4.2344   10.5873   90.7782
 688.7126  3314.8291  277.0098 -999.9000   58.9145    4.4448   10.7002   90.8007
 675.5482  3471.7085  275.3873 -999.9000   68.2050    4.6752   10.9723   90.8205
 662.5494  3628.5879  273.9191 -999.9000   74.1438    4.6607   11.6000   90.8487
 649.7305  3785.4673  272.9213 -999.9000   67.2700    4.0055   11.9155   90.8627
 637.1240  3942.3467  272.0826 -999.9000   55.1404    3.1437   11.2558   90.9118
 624.7467  4099.2261  271.0850 -999.9000   50.1657    2.7055    9.7285   91.0167
 612.5275  4256.1055  270.0443 -999.9000   50.0987    2.5464    9.3161   91.0465
 600.5160  4412.9849  269.4582 -999.9000   38.2133    1.8919    9.6163   91.0390
 588.7253  4569.8643  268.8868 -999.9000   22.7653    1.0986    9.8203   91.0433
 577.1128  4726.7437  267.6195 -999.9000   18.1702    0.8108    9.8906   91.0483
 565.6299  4883.6231  266.8116 -999.9000   17.0389    0.7276    9.8727   91.0538
 554.4053  5040.5025  266.2799 -999.9000   13.5033    0.5634    9.2032   91.1400
 543.3471  5197.3819  265.6365 -999.9000   12.8444    0.5190    8.4438   91.2153
 532.4739  5354.2613  264.6446 -999.9000   22.2129    0.8459    8.8680   91.2112
 521.8251  5511.1407  263.6317 -999.9000   24.0622    0.8613    9.6415   91.1806
 511.3144  5668.0201  262.8766 -999.9000   14.1091    0.4842   10.3393   91.1583
 500.9731  5824.8995  261.5712 -999.9000   12.9938    0.4090   11.0572   91.1344
 490.8286  5981.7789  259.9953 -999.9000   18.4317    0.5200   11.2269   91.1143
 480.7236  6138.6583  258.9166 -999.9000   29.2817    0.7703   11.5745   91.0832
 470.8214  6295.5377  257.6625 -999.9000   31.5522    0.7621   11.6840   91.0728
 461.0900  6452.4171  256.2674 -999.9000   30.8875    0.6762   11.4157   90.9894
 451.4963  6609.2965  254.9964 -999.9000   32.0659    0.6422   10.4155   90.8335
 442.0676  6766.1759  253.9480 -999.9000   32.6437    0.6091    9.5307   90.7116
 432.8253  6923.0553  253.0064 -999.9000   32.3619    0.5674   10.4441   90.6964
 423.7241  7079.9347  251.6165 -999.9000   36.0741    0.5712   11.3265   90.7318
 414.7432  7236.8141  249.9239 -999.9000   41.3075    0.5742   11.1232   90.7585
 405.9174  7393.6935  248.9365 -999.9000   31.8816    0.4138   11.3470   90.7794
 397.1974  7550.5729  247.6524 -999.9000   27.2902    0.3219   11.6063   90.7881
 388.6475  7707.4523  246.2575 -999.9000   31.2190    0.3308   11.7389   90.8405
 380.2876  7864.3317  245.2354 -999.9000   34.8737    0.3433   11.9584   90.9010
 372.0784  8021.2111  244.4082 -999.9000   39.1486    0.3645   12.0908   90.8924
 363.9826  8178.0905  243.6018 -999.9000   45.2810    0.3994   11.9820   90.7526
 356.0087  8334.9698  242.7325 -999.9000   54.5300    0.4529   11.9431   90.7678
 348.2042  8491.8492  241.8196 -999.9000   60.6603    0.5188   12.5213   91.3797
 340.5609  8648.7286  240.9461 -999.9000   65.0550    0.5272   12.7299   91.7004
 333.0575  8805.6080  240.0622 -999.9000   65.6620    0.4852   12.6469   91.6152
 325.6771  8962.4874  239.0679 -999.9000   65.0860    0.4338   12.9186   91.4555
 318.4095  9119.3668  237.8472 -999.9000   65.8752    0.3977   13.8139   91.4682
 311.2701  9276.2462  236.1907 -999.9000   60.7651    0.3338   13.9474   91.4746
 304.2599  9433.1256  234.6007 -999.9000   55.5778    0.2938   14.1465   91.4194
 297.3812  9590.0050  233.4991 -999.9000   50.7292    0.2688   14.6033   91.3896
 290.6045  9746.8844  232.2371 -999.9000   45.5165    0.2331   14.9066   91.3805
 283.9369  9903.7638  230.8272 -999.9000   45.8140    0.2031   15.2593   91.3479
 277.3870 10060.6432  229.3154 -999.9000   45.6637    0.1789   15.6241   91.3074
 270.9631 10217.5226  227.7419 -999.9000   45.5999    0.1538   15.8688   91.2950
 264.6694 10374.4020  226.1813 -999.9000   45.7088    0.1244   15.9035   91.3378
 258.4744 10531.2814  224.9409 -999.9000   45.2161    0.1097   16.0292   91.3756
 252.3757 10688.1608  223.9029 -999.9000   45.5314    0.1034   16.2750   91.3933
 246.3812 10845.0402  222.8389 -999.9000   40.2492    0.0916   16.5594   91.3978
 240.4896 11001.9196  221.6418 -999.9000   35.6903    0.0742   16.8295   91.3965
 234.6950 11158.7990  220.3068 -999.9000   35.9432    0.0604   17.0557   91.3968
 229.0082 11315.6784  218.9300 -999.9000   35.4860    0.0528   17.2325   91.3986
 223.4492 11472.5578  217.6590 -999.9000   34.9578    0.0500   17.3661   91.3982
 218.0236 11629.4372  216.4696 -999.9000   30.1128    0.0480   17.1750   91.4126
 212.6609 11786.3166  214.8126 -999.9000   25.5955    0.0350   15.5087   91.5070
 207.3913 11943.1960  213.9990 -999.9000   23.7620    0.0295   14.3472   91.4951
 202.2510 12100.0754  214.7231 -999.9000   17.9989    0.0410   14.0621   91.5711
 197.2536 12256.9548  216.1428 -999.9000    9.0947    0.0304   12.0837   92.1270
 192.4469 12413.8342  218.5563 -999.9000    2.6445    0.0062   12.5571   91.9985
 187.8076 12570.7136  218.3924 -999.9000    0.2369    0.0003   12.8236   91.9213
 183.2603 12727.5930  217.1752 -999.9000    0.2955    0.0003   12.5557   91.8946
 178.8033 12884.4724  216.7791 -999.9000    0.0000    0.0000   12.3470   91.8603
 174.4458 13041.3518  217.1973 -999.9000    0.0133    0.0000   12.5045   91.7991
 170.1876 13198.2312  217.4355 -999.9000    0.0000    0.0000   13.0539   91.6668
 166.0391 13355.1106  217.6138 -999.9000    0.0000    0.0000   13.6976   91.5392
 162.0101 13511.9899  217.2447 -999.9000    0.0002    0.0000   14.0202   91.4198
 158.0706 13668.8693  216.2638 -999.9000    0.0000    0.0000   13.6602   91.3880
 154.1974 13825.7487  215.3903 -999.9000    0.0000    0.0000   12.5215   91.4693
 150.4126 13982.6281  215.3192 -999.9000    0.0000    0.0000   10.6293   91.5650
 146.7292 14139.5075  216.2397 -999.9000    0.0000    0.0000   10.5719   91.5673
 143.1108 14296.3869  214.4497 -999.9000    0.0000    0.0000   10.5102   91.5696
 139.5597 14453.2663  216.8512 -999.9000    0.0000    0.0000   10.4958   91.5684
 136.1266 14610.1457  214.4956 -999.9000    0.0000    0.0000   10.5035   91.5540
 132.7619 14767.0251  213.6039 -999.9000    0.0000    0.0000   10.5149   91.5347
 129.4754 14923.9045  214.5795 -999.9000    0.0000    0.0000   10.5239   91.5197
 126.2897 15080.7839  215.6651 -999.9000    0.0000    0.0000   10.5214   91.5108
 123.1790 15237.6633  216.8733 -999.9000    0.0000    0.0000   10.5458   91.4644
 120.1481 15394.5427  217.3278 -999.9000    0.0000    0.0000   10.4104   91.3748
 117.2138 15551.4221  216.6657 -999.9000    0.0000    0.0000   10.0556   91.2661
 114.3435 15708.3015  216.5541 -999.9000    0.0000    0.0000    9.7385   91.1464
 111.5416 15865.1809  216.2942 -999.9000    0.0000    0.0000    9.1616   91.1933
 108.8149 16022.0603  217.5914 -999.9000    0.0000    0.0000    8.3505   91.4869
 106.1648 16178.9397  217.6299 -999.9000    0.0000    0.0000    7.8915   91.3484
 103.5767 16335.8191  217.2476 -999.9000    0.0000    0.0000    6.4627   91.9971
 101.0524 16492.6985  219.2772 -999.9000    0.0000    0.0000    1.9858   90.4089
  98.6148 16649.5779  217.8698 -999.9000    0.0000    0.0000    1.2101   90.4014
  96.2203 16806.4573  217.1141 -999.9000    0.0000    0.0000    0.3818   90.4014
  93.8688 16963.3367  216.3831 -999.9000    0.0000    0.0000    1.4609   90.4014
  91.5836 17120.2161  216.2480 -999.9000    0.0000    0.0000    2.3237   90.4014
  89.3567 17277.0955  216.2125 -999.9000    0.0000    0.0000    2.9508   90.4014
  87.1784 17433.9749  215.7287 -999.9000    0.0000    0.0000    3.6390   90.3927
  85.0453 17590.8543  214.9091 -999.9000    0.0000    0.0000    4.5548   90.0754
  82.9608 17747.7337  214.5774 -999.9000    0.0000    0.0000    5.7247   90.9865
  80.9282 17904.6131  215.2173 -999.9000    0.0000    0.0000    6.8651   90.6807
  78.9484 18061.4925  215.8593 -999.9000    0.0000    0.0000    6.7476   90.4907
  77.0217 18218.3719  216.5334 -999.9000    0.0000    0.0000    5.7758   90.6714
  75.1483 18375.2513  217.5965 -999.9000    0.0000    0.0000    4.8046   90.9237
  73.3271 18532.1307  218.7066 -999.9000    0.0000    0.0000    4.1648   91.0464
  71.5556 18689.0101  218.8435 -999.9000    0.0000    0.0000    3.6786   90.9336
  69.8260 18845.8894  217.7424 -999.9000    0.0000    0.0000    3.0401   91.0562
  68.1227 19002.7688  217.4691 -999.9000    0.0000    0.0000    1.8828   91.7656
  66.4601 19159.6482  217.8385 -999.9000    0.0000    0.0000    0.8376   89.5288
  64.8418 19316.5276  218.3438 -999.9000    0.0000    0.0000    0.5150   87.4851
  63.2670 19473.4070  218.7710 -999.9000    0.0000    0.0000    1.0455   87.9468
  61.7318 19630.2864  219.3579 -999.9000    0.0000    0.0000    1.6207   88.3028
  60.2355 19787.1658  219.5978 -999.9000    0.0000    0.0000    2.3541   88.5476
  58.7762 19944.0452  219.3302 -999.9000    0.0000    0.0000    3.1862   88.9105
  57.3501 20100.9246  218.9811 -999.9000    0.0000    0.0000    3.6130   89.0671
  55.9562 20257.8040  218.7442 -999.9000    0.0000    0.0000    3.5373   88.9446
  54.5968 20414.6834  218.5396 -999.9000    0.0000    0.0000    3.3247   88.7725
  53.2731 20571.5628  218.5188 -999.9000    0.0000    0.0000    3.1386   88.6461
  51.9860 20728.4422  218.9924 -999.9000    0.0000    0.0000    2.9963   88.5640
  50.7361 20885.3216  220.2736 -999.9000    0.0000    0.0000    2.9123   88.5228
  49.5229 21042.2010  222.0733 -999.9000    0.0000    0.0000    2.8704   88.5126
  48.3394 21199.0804  221.4815 -999.9000    0.0000    0.0000    3.2203   88.5757
  47.1874 21355.9598  221.5735 -999.9000    0.0000    0.0000    4.3610   88.7747
  46.0647 21512.8392  221.9873 -999.9000    0.0000    0.0000    5.4078   88.9472
  44.9691 21669.7186  222.2440 -999.9000    0.0000    0.0000    5.6278   88.9570
  43.8989 21826.5980  222.2806 -999.9000    0.0000    0.0000    5.2534   88.8369
  42.8525 21983.4774  222.1579 -999.9000    0.0000    0.0000    4.8006   88.6697
  41.8295 22140.3568  221.9240 -999.9000    0.0000    0.0000    4.5582   88.5214
  40.8309 22297.2362  221.6076 -999.9000    0.0000    0.0000    4.4636   88.4316
  39.8584 22454.1156  221.2379 -999.9000    0.0000    0.0000    4.4248   88.4374
  38.9104 22610.9950  221.6416 -999.9000    0.0000    0.0000    4.5894   88.5046
  37.9838 22767.8744  222.9123 -999.9000    0.0000    0.0000    5.0134   88.5579
  37.0791 22924.7538  223.6139 -999.9000    0.0000    0.0000    5.3653   88.6106
  36.1962 23081.6332  223.7154 -999.9000    0.0000    0.0000    5.6286   88.6649
  35.3349 23238.5126  223.4347 -999.9000    0.0000    0.0000    5.8427   88.7211
  34.4951 23395.3920  222.9896 -999.9000    0.0000    0.0000    6.0472   88.7793
  33.6765 23552.2714  222.5979 -999.9000    0.0000    0.0000    6.2813   88.8396
  32.8792 23709.1508  222.4773 -999.9000    0.0000    0.0000    6.5848   88.9021
  32.1025 23866.0302  222.7701 -999.9000    0.0000    0.0000    6.9697   88.9664
  31.3447 24022.9095  223.3387 -999.9000    0.0000    0.0000    7.3477   89.0294
  30.6036 24179.7889  223.9813 -999.9000    0.0000    0.0000    7.6073   89.0878
  29.8779 24336.6683  224.4706 -999.9000    0.0000    0.0000    7.6566   89.1301
  29.1715 24493.5477  224.5173 -999.9000    0.0000    0.0000    7.5997   89.0898
  28.4842 24650.4271  224.3695 -999.9000    0.0000    0.0000    7.4893   88.9796
  27.8138 24807.3065  224.3961 -999.9000    0.0000    0.0000    7.3393   88.8366
  27.1583 24964.1859  224.9641 -999.9000    0.0000    0.0000    7.1633   88.6979
  26.5173 25121.0653  226.1345 -999.9000    0.0000    0.0000    6.9820   88.5852
  25.8939 25277.9447  227.3193 -999.9000    0.0000    0.0000    6.8302   88.4883
  25.2914 25434.8241  227.8476 -999.9000    0.0000    0.0000    6.7446   88.3927
  24.7096 25591.7035  227.3532 -999.9000    0.0000    0.0000    6.8066   88.3136
  24.1354 25748.5829  226.8213 -999.9000    0.0000    0.0000    7.1770   88.3442
  23.5706 25905.4623  226.5847 -999.9000    0.0000    0.0000    7.7581   88.4419
  23.0189 26062.3417  226.8527 -999.9000    0.0000    0.0000    8.4250   88.5480
  22.4826 26219.2211  227.6904 -999.9000    0.0000    0.0000    9.0773   88.6216
  21.9608 26376.1005  228.7919 -999.9000    0.0000    0.0000    9.6762   88.6692
  21.4521 26532.9799  229.7924 -999.9000    0.0000    0.0000   10.1937   88.7041
  20.9548 26689.8593  230.3267 -999.9000    0.0000    0.0000   10.6013   88.7401
  20.4676 26846.7387  230.0300 -999.9000    0.0000    0.0000   10.8705   88.7908
  19.9891 27003.6181  228.5725 -999.9000    0.0000    0.0000   10.9662   88.8671
  19.5243 27160.4975  227.6758 -999.9000    0.0000    0.0000   10.5264   88.8331
  19.0752 27317.3769  228.1270 -999.9000    0.0000    0.0000    9.6233   88.6652
  18.6391 27474.2563  229.3456 -999.9000    0.0000    0.0000    8.6513   88.4541
  18.2135 27631.1357  230.7514 -999.9000    0.0000    0.0000    8.0049   88.2905
  17.7959 27788.0151  231.7730 -999.9000    0.0000    0.0000    8.0558   88.2601
  17.3864 27944.8945  232.0633 -999.9000    0.0000    0.0000    8.6248   88.3267
  16.9866 28101.7739  231.6484 -999.9000    0.0000    0.0000    9.2310   88.3867
  16.5963 28258.6533  230.8248 -999.9000    0.0000    0.0000    9.8396   88.4341
  16.2153 28415.5327  229.9165 -999.9000    0.0000    0.0000   10.4649   88.4734
  15.8432 28572.4121  229.2471 -999.9000    0.0000    0.0000   11.1217   88.5095
  15.4798 28729.2915  229.1344 -999.9000    0.0000    0.0000   11.8224   88.5468
  15.1246 28886.1709  229.5394 -999.9000    0.0000    0.0000   12.4647   88.5881
  14.7769 29043.0503  229.9055 -999.9000    0.0000    0.0000   12.7849   88.6333
  14.4368 29199.9296  230.0684 -999.9000    0.0000    0.0000   12.7180   88.6841
  14.1043 29356.8090  230.1658 -999.9000    0.0000    0.0000   12.3456   88.7433
  13.7798 29513.6884  230.3408 -999.9000    0.0000    0.0000   11.7522   88.8140
  13.4633 29670.5678  230.7369 -999.9000    0.0000    0.0000   11.0220   88.8992
  13.1552 29827.4472  231.4975 -999.9000    0.0000    0.0000   10.2395   89.0018
  12.8555 29984.3266  232.7090 -999.9000    0.0000    0.0000    9.4870   89.1215
  12.5638 30141.2060  234.0589 -999.9000    0.0000    0.0000    8.8326   89.2343
  12.2794 30298.0854  235.0653 -999.9000    0.0000    0.0000    8.3383   89.3059
  12.0018 30454.9648  235.2455 -999.9000    0.0000    0.0000    8.0662   89.3022
  11.7304 30611.8442  234.3716 -999.9000    0.0000    0.0000    8.0374   89.2026
  11.4650 30768.7236  233.2550 -999.9000    0.0000    0.0000    8.1065   89.0420
  11.2056 30925.6030  232.9723 -999.9000    0.0000    0.0000    8.0859   88.8691
  10.9522 31082.4824  234.1753 -999.9000    0.0000    0.0000    7.8554   88.7216
  10.7056 31239.3618  235.7037 -999.9000    0.0000    0.0000    7.5843   88.5894
  10.4661 31396.2412  236.2393 -999.9000    0.0000    0.0000    7.4695   88.4534
  10.2318 31553.1206  235.8621 -999.9000    0.0000    0.0000    7.4965   88.3118
  10.0000 31710.0000  235.0268 -999.9000    0.0000    0.0000    7.5944   88.1674
