# 06610 LSMP Payerne Observations at 12Z 30 Jul 2008
# Radiosonde file generated by raso.rb
#
  P [hPa],     Z [m],    T [K],   Td [K],   RH [%], r [g/kg], WS [m/s], WD [deg]
 962.0000   491.0000  298.5974 -999.9000   66.2265   13.6900    2.4434   93.0543
 944.6891   647.8794  296.6117 -999.9000   67.7847   12.6302    4.8091   92.6754
 927.6873   804.7588  295.2890 -999.9000   79.5272   13.9071    2.3533   92.9144
 911.0964   961.6382  294.0587 -999.9000   79.9847   14.4362    0.4988   92.0428
 894.7070  1118.5176  293.1765 -999.9000   79.9831   14.3064    1.3755   90.9797
 878.5406  1275.3970  292.9274 -999.9000   80.0471   13.3485    2.2872   90.6229
 862.6769  1432.2764  291.5871 -999.9000   80.9577   13.5129    2.4542   90.4248
 846.9845  1589.1558  290.3751 -999.9000   80.2750   13.9027    4.0040   90.3491
 831.5533  1746.0352  290.0499 -999.9000   80.7493   13.2228    4.8392   90.3950
 816.3570  1902.9146  288.7502 -999.9000   80.6338   11.9693    5.9031   90.4496
 801.3249  2059.7940  287.1678 -999.9000   80.3499   11.5640    6.4910   90.4939
 786.5365  2216.6734  285.8153 -999.9000   80.1910   10.4184    7.2091   90.5367
 771.9169  2373.5528  284.5801 -999.9000   80.5733    8.7627    8.3755   90.5644
 757.5041  2530.4322  283.5158 -999.9000   80.4350    8.5006    8.8863   90.6155
 743.3854  2687.3116  282.9320 -999.9000   77.7864    7.5803    7.7599   90.6080
 729.2940  2844.1910  281.8466 -999.9000   60.3919    5.5688    7.5019   90.6173
 715.5826  3001.0704  280.7860 -999.9000   50.1286    4.3807    9.0698   90.6971
 702.0616  3157.9497  279.5873 -999.9000   51.6078    4.2344   10.3418   90.7782
 688.7126  3314.8291  278.0930 -999.9000   58.9251    4.4448   10.4233   90.8007
 675.5482  3471.7085  276.4479 -999.9000   68.2167    4.6752   10.6670   90.8205
 662.5494  3628.5879  274.9521 -999.9000   74.1560    4.6607   11.2691   90.8487
 649.7305  3785.4673  273.9220 -999.9000   67.2805    4.0055   11.5617   90.8627
 637.1240  3942.3467  273.0470 -999.9000   55.1485    3.1437   10.8818   90.9118
 624.7467  4099.2261  272.0092 -999.9000   50.1725    2.7055    9.3370   91.0167
 612.5275  4256.1055  270.9250 -999.9000   50.1049    2.5464    8.9094   91.0465
 600.5160  4412.9849  270.2924 -999.9000   38.2175    1.8919    9.1969   91.0390
 588.7253  4569.8643  269.6719 -999.9000   22.7675    1.0986    9.3905   91.0433
 577.1128  4726.7437  268.3535 -999.9000   18.1716    0.8108    9.4525   91.0483
 565.6299  4883.6231  267.4926 -999.9000   17.0399    0.7276    9.4285   91.0538
 554.4053  5040.5025  266.9066 -999.9000   13.5039    0.5634    8.7548   91.1400
 543.3471  5197.3819  266.2080 -999.9000   12.8446    0.5190    7.9932   91.2153
 532.4739  5354.2613  265.1603 -999.9000   22.2126    0.8459    8.4170   91.2112
 521.8251  5511.1407  264.0916 -999.9000   24.0612    0.8613    9.1918   91.1806
 511.3144  5668.0201  263.2809 -999.9000   14.1080    0.4842    9.8927   91.1583
 500.9731  5824.8995  261.9205 -999.9000   12.9924    0.4090   10.6150   91.1344
 490.8286  5981.7789  260.2908 -999.9000   18.4289    0.5200   10.7907   91.1143
 480.7236  6138.6583  259.1596 -999.9000   29.2760    0.7703   11.1456   91.0832
 470.8214  6295.5377  257.8551 -999.9000   31.5445    0.7621   11.2636   91.0728
 461.0900  6452.4171  256.4117 -999.9000   30.8784    0.6762   11.0051   90.9894
 451.4963  6609.2965  255.0953 -999.9000   32.0546    0.6422   10.0157   90.8335
 442.0676  6766.1759  254.0044 -999.9000   32.6303    0.6091    9.1426   90.7116
 432.8253  6923.0553  253.0240 -999.9000   32.3465    0.5674   10.0686   90.6964
 423.7241  7079.9347  251.5990 -999.9000   36.0543    0.5712   10.9644   90.7318
 414.7432  7236.8141  249.8758 -999.9000   41.2817    0.5742   10.7752   90.7585
 405.9174  7393.6935  248.8624 -999.9000   31.8591    0.4138   11.0137   90.7794
 397.1974  7550.5729  247.5574 -999.9000   27.2686    0.3219   11.2882   90.7881
 388.6475  7707.4523  246.1465 -999.9000   31.1915    0.3308   11.4363   90.8405
 380.2876  7864.3317  245.1129 -999.9000   34.8396    0.3433   11.6716   90.9010
 372.0784  8021.2111  244.2782 -999.9000   39.1065    0.3645   11.8199   90.8924
 363.9826  8178.0905  243.4679 -999.9000   45.2278    0.3994   11.7269   90.7526
 356.0087  8334.9698  242.5980 -999.9000   54.4606    0.4529   11.7037   90.7678
 348.2042  8491.8492  241.6872 -999.9000   60.5771    0.5188   12.2972   91.3797
 340.5609  8648.7286  240.8184 -999.9000   64.9594    0.5272   12.5207   91.7004
 333.0575  8805.6080  239.9410 -999.9000   65.5594    0.4852   12.4520   91.6152
 325.6771  8962.4874  238.9548 -999.9000   64.9785    0.4338   12.7371   91.4555
 318.4095  9119.3668  237.7433 -999.9000   65.7607    0.3977   13.6451   91.4682
 311.2701  9276.2462  236.0969 -999.9000   60.6548    0.3338   13.7902   91.4746
 304.2599  9433.1256  234.5172 -999.9000   55.4730    0.2938   13.9998   91.4194
 297.3812  9590.0050  233.4259 -999.9000   50.6304    0.2688   14.4658   91.3896
 290.6045  9746.8844  232.1736 -999.9000   45.4254    0.2331   14.7769   91.3805
 283.9369  9903.7638  230.7725 -999.9000   45.7204    0.2031   15.1358   91.3479
 277.3870 10060.6432  229.2681 -999.9000   45.5691    0.1789   15.5051   91.3074
 270.9631 10217.5226  227.7003 -999.9000   45.5047    0.1538   15.7523   91.2950
 264.6694 10374.4020  226.1433 -999.9000   45.6133    0.1244   15.7876   91.3378
 258.4744 10531.2814  224.9037 -999.9000   45.1221    0.1097   15.9119   91.3756
 252.3757 10688.1608  223.8637 -999.9000   45.4382    0.1034   16.1540   91.3933
 246.3812 10845.0402  222.7942 -999.9000   40.1686    0.0916   16.4323   91.3978
 240.4896 11001.9196  221.5878 -999.9000   35.6212    0.0742   16.6936   91.3965
 234.6950 11158.7990  220.2398 -999.9000   35.8766    0.0604   16.9088   91.3968
 229.0082 11315.6784  218.8468 -999.9000   35.4237    0.0528   17.0724   91.3986
 223.4492 11472.5578  217.5566 -999.9000   34.9004    0.0500   17.1910   91.3982
 218.0236 11629.4372  216.3457 -999.9000   30.0671    0.0480   16.9833   91.4126
 212.6609 11786.3166  214.6652 -999.9000   25.5601    0.0350   15.2992   91.5070
 207.3913 11943.1960  213.8264 -999.9000   23.7325    0.0295   14.1190   91.4951
 202.2510 12100.0754  214.5241 -999.9000   17.9793    0.0410   13.8143   91.5711
 197.2536 12256.9548  215.9166 -999.9000    9.0861    0.0304   11.8160   92.1270
 192.4469 12413.8342  218.3026 -999.9000    2.6424    0.0062   12.2694   91.9985
 187.8076 12570.7136  218.1113 -999.9000    0.2368    0.0003   12.5160   91.9213
 183.2603 12727.5930  216.8672 -999.9000    0.2953    0.0003   12.2286   91.8946
 178.8033 12884.4724  216.4450 -999.9000    0.0000    0.0000   12.0012   91.8603
 174.4458 13041.3518  216.8385 -999.9000    0.0133    0.0000   12.1409   91.7991
 170.1876 13198.2312  217.0537 -999.9000    0.0000    0.0000   12.6739   91.6668
 166.0391 13355.1106  217.2112 -999.9000    0.0000    0.0000   13.3028   91.5392
 162.0101 13511.9899  216.8238 -999.9000    0.0002    0.0000   13.6124   91.4198
 158.0706 13668.8693  215.8276 -999.9000    0.0000    0.0000   13.2414   91.3880
 154.1974 13825.7487  214.9422 -999.9000    0.0000    0.0000   12.0942   91.4693
 150.4126 13982.6281  214.8631 -999.9000    0.0000    0.0000   10.1963   91.5650
 146.7292 14139.5075  215.7798 -999.9000    0.0000    0.0000   10.1361   91.5673
 143.1108 14296.3869  213.9907 -999.9000    0.0000    0.0000   10.0749   91.5696
 139.5597 14453.2663  216.3981 -999.9000    0.0000    0.0000   10.0645   91.5684
 136.1266 14610.1457  214.0534 -999.9000    0.0000    0.0000   10.0799   91.5540
 132.7619 14767.0251  213.1771 -999.9000    0.0000    0.0000   10.1022   91.5347
 129.4754 14923.9045  214.1722 -999.9000    0.0000    0.0000   10.1253   91.5197
 126.2897 15080.7839  215.2810 -999.9000    0.0000    0.0000   10.1400   91.5108
 123.1790 15237.6633  216.5155 -999.9000    0.0000    0.0000   10.1842   91.4644
 120.1481 15394.5427  216.9989 -999.9000    0.0000    0.0000   10.0713   91.3748
 117.2138 15551.4221  216.3680 -999.9000    0.0000    0.0000    9.7412   91.2661
 114.3435 15708.3015  216.2894 -999.9000    0.0000    0.0000    9.4512   91.1464
 111.5416 15865.1809  216.0638 -999.9000    0.0000    0.0000    8.9031   91.1933
 108.8149 16022.0603  217.3962 -999.9000    0.0000    0.0000    8.1228   91.4869
 106.1648 16178.9397  217.4701 -999.9000    0.0000    0.0000    7.6961   91.3484
 103.5767 16335.8191  217.1233 -999.9000    0.0000    0.0000    6.3008   91.9971
 101.0524 16492.6985  219.1877 -999.9000    0.0000    0.0000    1.8588   90.4089
  98.6148 16649.5779  217.8141 -999.9000    0.0000    0.0000    1.1189   90.4014
  96.2203 16806.4573  217.0909 -999.9000    0.0000    0.0000    0.3271   90.4014
  93.8688 16963.3367  216.3903 -999.9000    0.0000    0.0000    1.4433   90.4014
  91.5836 17120.2161  216.2833 -999.9000    0.0000    0.0000    2.3435   90.4014
  89.3567 17277.0955  216.2730 -999.9000    0.0000    0.0000    3.0083   90.4014
  87.1784 17433.9749  215.8110 -999.9000    0.0000    0.0000    3.7341   90.3927
  85.0453 17590.8543  215.0095 -999.9000    0.0000    0.0000    4.6873   90.0754
  82.9608 17747.7337  214.6916 -999.9000    0.0000    0.0000    5.8941   90.9865
  80.9282 17904.6131  215.3407 -999.9000    0.0000    0.0000    7.0708   90.6807
  78.9484 18061.4925  215.9871 -999.9000    0.0000    0.0000    6.9888   90.4907
  77.0217 18218.3719  216.6612 -999.9000    0.0000    0.0000    6.0516   90.6714
  75.1483 18375.2513  217.7205 -999.9000    0.0000    0.0000    5.1139   90.9237
  73.3271 18532.1307  218.8234 -999.9000    0.0000    0.0000    4.5064   91.0464
  71.5556 18689.0101  218.9502 -999.9000    0.0000    0.0000    4.0513   90.9336
  69.8260 18845.8894  217.8364 -999.9000    0.0000    0.0000    3.4424   91.0562
  68.1227 19002.7688  217.5484 -999.9000    0.0000    0.0000    2.3130   91.7656
  66.4601 19159.6482  217.9014 -999.9000    0.0000    0.0000    1.2942   89.5288
  64.8418 19316.5276  218.3893 -999.9000    0.0000    0.0000    0.9961   87.4851
  63.2670 19473.4070  218.7983 -999.9000    0.0000    0.0000    1.5491   87.9468
  61.7318 19630.2864  219.3667 -999.9000    0.0000    0.0000    2.1448   88.3028
  60.2355 19787.1658  219.5885 -999.9000    0.0000    0.0000    2.8965   88.5476
  58.7762 19944.0452  219.3034 -999.9000    0.0000    0.0000    3.7446   88.9105
  57.3501 20100.9246  218.9378 -999.9000    0.0000    0.0000    4.1848   89.0671
  55.9562 20257.8040  218.6860 -999.9000    0.0000    0.0000    4.1200   88.9446
  54.5968 20414.6834  218.4685 -999.9000    0.0000    0.0000    3.9156   88.7725
  53.2731 20571.5628  218.4373 -999.9000    0.0000    0.0000    3.7349   88.6461
  51.9860 20728.4422  218.9035 -999.9000    0.0000    0.0000    3.5949   88.5640
  50.7361 20885.3216  220.1805 -999.9000    0.0000    0.0000    3.5102   88.5228
  49.5229 21042.2010  221.9799 -999.9000    0.0000    0.0000    3.4643   88.5126
  48.3394 21199.0804  221.3921 -999.9000    0.0000    0.0000    3.8070   88.5757
  47.1874 21355.9598  221.4928 -999.9000    0.0000    0.0000    4.9369   88.7747
  46.0647 21512.8392  221.9201 -999.9000    0.0000    0.0000    5.9694   88.9472
  44.9691 21669.7186  222.1947 -999.9000    0.0000    0.0000    6.1719   88.9570
  43.8989 21826.5980  222.2531 -999.9000    0.0000    0.0000    5.7770   88.8369
  42.8525 21983.4774  222.1556 -999.9000    0.0000    0.0000    5.3008   88.6697
  41.8295 22140.3568  221.9499 -999.9000    0.0000    0.0000    5.0326   88.5214
  40.8309 22297.2362  221.6639 -999.9000    0.0000    0.0000    4.9098   88.4316
  39.8584 22454.1156  221.3267 -999.9000    0.0000    0.0000    4.8407   88.4374
  38.9104 22610.9950  221.7644 -999.9000    0.0000    0.0000    4.9731   88.5046
  37.9838 22767.8744  223.0699 -999.9000    0.0000    0.0000    5.3633   88.5579
  37.0791 22924.7538  223.8068 -999.9000    0.0000    0.0000    5.6799   88.6106
  36.1962 23081.6332  223.9435 -999.9000    0.0000    0.0000    5.9069   88.6649
  35.3349 23238.5126  223.6977 -999.9000    0.0000    0.0000    6.0836   88.7211
  34.4951 23395.3920  223.2863 -999.9000    0.0000    0.0000    6.2501   88.7793
  33.6765 23552.2714  222.9269 -999.9000    0.0000    0.0000    6.4457   88.8396
  32.8792 23709.1508  222.8366 -999.9000    0.0000    0.0000    6.7104   88.9021
  32.1025 23866.0302  223.1572 -999.9000    0.0000    0.0000    7.0566   88.9664
  31.3447 24022.9095  223.7506 -999.9000    0.0000    0.0000    7.3960   89.0294
  30.6036 24179.7889  224.4147 -999.9000    0.0000    0.0000    7.6175   89.0878
  29.8779 24336.6683  224.9214 -999.9000    0.0000    0.0000    7.6293   89.1301
  29.1715 24493.5477  224.9812 -999.9000    0.0000    0.0000    7.5359   89.0898
  28.4842 24650.4271  224.8415 -999.9000    0.0000    0.0000    7.3901   88.9796
  27.8138 24807.3065  224.8708 -999.9000    0.0000    0.0000    7.2061   88.8366
  27.1583 24964.1859  225.4358 -999.9000    0.0000    0.0000    6.9976   88.6979
  26.5173 25121.0653  226.5980 -999.9000    0.0000    0.0000    6.7854   88.5852
  25.8939 25277.9447  227.7696 -999.9000    0.0000    0.0000    6.6041   88.4883
  25.2914 25434.8241  228.2801 -999.9000    0.0000    0.0000    6.4905   88.3927
  24.7096 25591.7035  227.7637 -999.9000    0.0000    0.0000    6.5259   88.3136
  24.1354 25748.5829  227.2060 -999.9000    0.0000    0.0000    6.8712   88.3442
  23.5706 25905.4623  226.9402 -999.9000    0.0000    0.0000    7.4285   88.4419
  23.0189 26062.3417  227.1758 -999.9000    0.0000    0.0000    8.0731   88.5480
  22.4826 26219.2211  227.9786 -999.9000    0.0000    0.0000    8.7042   88.6216
  21.9608 26376.1005  229.0427 -999.9000    0.0000    0.0000    9.2834   88.6692
  21.4521 26532.9799  230.0039 -999.9000    0.0000    0.0000    9.7825   88.7041
  20.9548 26689.8593  230.4974 -999.9000    0.0000    0.0000   10.1728   88.7401
  20.4676 26846.7387  230.1586 -999.9000    0.0000    0.0000   10.4261   88.7908
  19.9891 27003.6181  228.6583 -999.9000    0.0000    0.0000   10.5070   88.8671
  19.5243 27160.4975  227.7182 -999.9000    0.0000    0.0000   10.0536   88.8331
  19.0752 27317.3769  228.1261 -999.9000    0.0000    0.0000    9.1380   88.6652
  18.6391 27474.2563  229.3017 -999.9000    0.0000    0.0000    8.1547   88.4541
  18.2135 27631.1357  230.6652 -999.9000    0.0000    0.0000    7.4981   88.2905
  17.7959 27788.0151  231.6456 -999.9000    0.0000    0.0000    7.5397   88.2601
  17.3864 27944.8945  231.8960 -999.9000    0.0000    0.0000    8.1006   88.3267
  16.9866 28101.7739  231.4431 -999.9000    0.0000    0.0000    8.6997   88.3867
  16.5963 28258.6533  230.5837 -999.9000    0.0000    0.0000    9.3021   88.4341
  16.2153 28415.5327  229.6422 -999.9000    0.0000    0.0000    9.9223   88.4734
  15.8432 28572.4121  228.9424 -999.9000    0.0000    0.0000   10.5749   88.5095
  15.4798 28729.2915  228.8028 -999.9000    0.0000    0.0000   11.2722   88.5468
  15.1246 28886.1709  229.1846 -999.9000    0.0000    0.0000   11.9121   88.5881
  14.7769 29043.0503  229.5315 -999.9000    0.0000    0.0000   12.2307   88.6333
  14.4368 29199.9296  229.6797 -999.9000    0.0000    0.0000   12.1631   88.6841
  14.1043 29356.8090  229.7671 -999.9000    0.0000    0.0000   11.7907   88.7433
  13.7798 29513.6884  229.9375 -999.9000    0.0000    0.0000   11.1982   88.8140
  13.4633 29670.5678  230.3345 -999.9000    0.0000    0.0000   10.4695   88.8992
  13.1552 29827.4472  231.1019 -999.9000    0.0000    0.0000    9.6893   89.0018
  12.8555 29984.3266  232.3266 -999.9000    0.0000    0.0000    8.9398   89.1215
  12.5638 30141.2060  233.6964 -999.9000    0.0000    0.0000    8.2891   89.2343
  12.2794 30298.0854  234.7298 -999.9000    0.0000    0.0000    7.7991   89.3059
  12.0018 30454.9648  234.9445 -999.9000    0.0000    0.0000    7.5320   89.3022
  11.7304 30611.8442  234.1128 -999.9000    0.0000    0.0000    7.5087   89.2026
  11.4650 30768.7236  233.0468 -999.9000    0.0000    0.0000    7.5838   89.0420
  11.2056 30925.6030  232.8233 -999.9000    0.0000    0.0000    7.5699   88.8691
  10.9522 31082.4824  234.0943 -999.9000    0.0000    0.0000    7.3465   88.7216
  10.7056 31239.3618  235.7002 -999.9000    0.0000    0.0000    7.0830   88.5894
  10.4661 31396.2412  236.3229 -999.9000    0.0000    0.0000    6.9763   88.4534
  10.2318 31553.1206  236.0429 -999.9000    0.0000    0.0000    7.0118   88.3118
  10.0000 31710.0000  235.3154 -999.9000    0.0000    0.0000    7.1187   88.1674
