# 06610 LSMP Payerne Observations at 12Z 30 Jul 2008
# Radiosonde file generated by raso.rb
#
  P [hPa],     Z [m],    T [K],   Td [K],   RH [%], r [g/kg], WS [m/s], WD [deg]
 962.0000   491.0000  298.0977 -999.9000   66.1892   13.6900    2.0893   93.0543
 944.6891   647.8794  296.0841 -999.9000   67.7429   12.6302    4.5531   92.6754
 927.6873   804.7588  294.7366 -999.9000   79.4741   13.9071    2.1887   92.9144
 911.0964   961.6382  293.4843 -999.9000   79.9273   14.4362    0.4189   92.0428
 894.7070  1118.5176  292.5830 -999.9000   79.9219   14.3064    1.3739   90.9797
 878.5406  1275.3970  292.3174 -999.9000   79.9824   13.3485    2.3577   90.6229
 862.6769  1432.2764  290.9634 -999.9000   80.8888   13.5129    2.5906   90.4248
 846.9845  1589.1558  289.7402 -999.9000   80.2037   13.9027    4.2005   90.3491
 831.5533  1746.0352  289.4062 -999.9000   80.6746   13.2228    5.0901   90.3950
 816.3570  1902.9146  288.1003 -999.9000   80.5566   11.9693    6.2028   90.4496
 801.3249  2059.7940  286.5138 -999.9000   80.2705   11.5640    6.8343   90.4939
 786.5365  2216.6734  285.1595 -999.9000   80.1095   10.4184    7.5908   90.5367
 771.9169  2373.5528  283.9246 -999.9000   80.4895    8.7627    8.7907   90.5644
 757.5041  2530.4322  282.8626 -999.9000   80.3496    8.5006    9.3303   90.6155
 743.3854  2687.3116  282.2832 -999.9000   77.7024    7.5803    8.2281   90.6080
 729.2940  2844.1910  281.2040 -999.9000   60.3257    5.5688    7.9899   90.6173
 715.5826  3001.0704  280.1514 -999.9000   50.0731    4.3807    9.5736   90.6971
 702.0616  3157.9497  278.9624 -999.9000   51.5502    4.2344   10.8573   90.7782
 688.7126  3314.8291  277.4795 -999.9000   58.8589    4.4448   10.9467   90.8007
 675.5482  3471.7085  275.8473 -999.9000   68.1400    4.6752   11.1946   90.8205
 662.5494  3628.5879  274.3658 -999.9000   74.0726    4.6607   11.7977   90.8487
 649.7305  3785.4673  273.3515 -999.9000   67.2051    4.0055   12.0879   90.8627
 637.1240  3942.3467  272.4934 -999.9000   55.0871    3.1437   11.4027   90.9118
 624.7467  4099.2261  271.4738 -999.9000   50.1172    2.7055    9.8496   91.0167
 612.5275  4256.1055  270.4089 -999.9000   50.0503    2.5464    9.4112   91.0465
 600.5160  4412.9849  269.7967 -999.9000   38.1766    1.8919    9.6853   91.0390
 588.7253  4569.8643  269.1975 -999.9000   22.7436    1.0986    9.8632   91.0433
 577.1128  4726.7437  267.9012 -999.9000   18.1530    0.8108    9.9075   91.0483
 565.6299  4883.6231  267.0632 -999.9000   17.0229    0.7276    9.8639   91.0538
 554.4053  5040.5025  266.5008 -999.9000   13.4908    0.5634    9.1689   91.1400
 543.3471  5197.3819  265.8265 -999.9000   12.8327    0.5190    8.3845   91.2153
 532.4739  5354.2613  264.8035 -999.9000   22.1929    0.8459    8.7841   91.2112
 521.8251  5511.1407  263.7599 -999.9000   24.0409    0.8613    9.5336   91.1806
 511.3144  5668.0201  262.9748 -999.9000   14.0968    0.4842   10.2082   91.1583
 500.9731  5824.8995  261.6402 -999.9000   12.9827    0.4090   10.9035   91.1344
 490.8286  5981.7789  260.0363 -999.9000   18.4161    0.5200   11.0516   91.1143
 480.7236  6138.6583  258.9313 -999.9000   29.2574    0.7703   11.3785   91.0832
 470.8214  6295.5377  257.6528 -999.9000   31.5265    0.7621   11.4684   91.0728
 461.0900  6452.4171  256.2354 -999.9000   30.8629    0.6762   11.1817   90.9894
 451.4963  6609.2965  254.9448 -999.9000   32.0407    0.6422   10.1642   90.8335
 442.0676  6766.1759  253.8795 -999.9000   32.6186    0.6091    9.2636   90.7116
 432.8253  6923.0553  252.9243 -999.9000   32.3375    0.5674   10.1625   90.6964
 423.7241  7079.9347  251.5241 -999.9000   36.0473    0.5712   11.0320   90.7318
 414.7432  7236.8141  249.8252 -999.9000   41.2773    0.5742   10.8175   90.7585
 405.9174  7393.6935  248.8356 -999.9000   31.8587    0.4138   11.0318   90.7794
 397.1974  7550.5729  247.5536 -999.9000   27.2708    0.3219   11.2834   90.7881
 388.6475  7707.4523  246.1650 -999.9000   31.1972    0.3308   11.4100   90.8405
 380.2876  7864.3317  245.1531 -999.9000   34.8496    0.3433   11.6253   90.9010
 372.0784  8021.2111  244.3393 -999.9000   39.1218    0.3645   11.7550   90.8924
 363.9826  8178.0905  243.5491 -999.9000   45.2503    0.3994   11.6451   90.7526
 356.0087  8334.9698  242.6986 -999.9000   54.4934    0.4529   11.6066   90.7678
 348.2042  8491.8492  241.8064 -999.9000   60.6200    0.5188   12.1865   91.3797
 340.5609  8648.7286  240.9553 -999.9000   65.0122    0.5272   12.3981   91.7004
 333.0575  8805.6080  240.0948 -999.9000   65.6194    0.4852   12.3192   91.6152
 325.6771  8962.4874  239.1247 -999.9000   65.0444    0.4338   12.5961   91.4555
 318.4095  9119.3668  237.9285 -999.9000   65.8337    0.3977   13.4977   91.4682
 311.2701  9276.2462  236.2964 -999.9000   60.7276    0.3338   13.6383   91.4746
 304.2599  9433.1256  234.7302 -999.9000   55.5442    0.2938   13.8455   91.4194
 297.3812  9590.0050  233.6513 -999.9000   50.6993    0.2688   14.3111   91.3896
 290.6045  9746.8844  232.4107 -999.9000   45.4904    0.2331   14.6239   91.3805
 283.9369  9903.7638  231.0202 -999.9000   45.7887    0.2031   14.9867   91.3479
 277.3870 10060.6432  229.5256 -999.9000   45.6394    0.1789   15.3621   91.3074
 270.9631 10217.5226  227.9665 -999.9000   45.5769    0.1538   15.6178   91.2950
 264.6694 10374.4020  226.4172 -999.9000   45.6870    0.1244   15.6638   91.3378
 258.4744 10531.2814  225.1843 -999.9000   45.1959    0.1097   15.8011   91.3756
 252.3757 10688.1608  224.1500 -999.9000   45.5128    0.1034   16.0587   91.3933
 246.3812 10845.0402  223.0851 -999.9000   40.2343    0.0916   16.3550   91.3978
 240.4896 11001.9196  221.8823 -999.9000   35.6786    0.0742   16.6369   91.3965
 234.6950 11158.7990  220.5367 -999.9000   35.9332    0.0604   16.8749   91.3968
 229.0082 11315.6784  219.1452 -999.9000   35.4779    0.0528   17.0633   91.3986
 223.4492 11472.5578  217.8554 -999.9000   34.9517    0.0500   17.2085   91.3982
 218.0236 11629.4372  216.6438 -999.9000   30.1094    0.0480   17.0285   91.4126
 212.6609 11786.3166  214.9615 -999.9000   25.5941    0.0350   15.3731   91.5070
 207.3913 11943.1960  214.1200 -999.9000   23.7621    0.0295   14.2222   91.4951
 202.2510 12100.0754  214.8138 -999.9000   18.0001    0.0410   13.9471   91.5711
 197.2536 12256.9548  216.2015 -999.9000    9.0959    0.0304   11.9783   92.1270
 192.4469 12413.8342  218.5817 -999.9000    2.6450    0.0062   12.4608   91.9985
 187.8076 12570.7136  218.3835 -999.9000    0.2370    0.0003   12.7357   91.9213
 183.2603 12727.5930  217.1315 -999.9000    0.2956    0.0003   12.4755   91.8946
 178.8033 12884.4724  216.7004 -999.9000    0.0000    0.0000   12.2739   91.8603
 174.4458 13041.3518  217.0840 -999.9000    0.0133    0.0000   12.4375   91.7991
 170.1876 13198.2312  217.2883 -999.9000    0.0000    0.0000   12.9923   91.6668
 166.0391 13355.1106  217.4339 -999.9000    0.0000    0.0000   13.6404   91.5392
 162.0101 13511.9899  217.0336 -999.9000    0.0002    0.0000   13.9664   91.4198
 158.0706 13668.8693  216.0236 -999.9000    0.0000    0.0000   13.6088   91.3880
 154.1974 13825.7487  215.1234 -999.9000    0.0000    0.0000   12.4713   91.4693
 150.4126 13982.6281  215.0285 -999.9000    0.0000    0.0000   10.5792   91.5650
 146.7292 14139.5075  215.9284 -999.9000    0.0000    0.0000   10.5207   91.5673
 143.1108 14296.3869  214.1216 -999.9000    0.0000    0.0000   10.4565   91.5696
 139.5597 14453.2663  216.5104 -999.9000    0.0000    0.0000   10.4383   91.5684
 136.1266 14610.1457  214.1461 -999.9000    0.0000    0.0000   10.4410   91.5540
 132.7619 14767.0251  213.2496 -999.9000    0.0000    0.0000   10.4463   91.5347
 129.4754 14923.9045  214.2241 -999.9000    0.0000    0.0000   10.4482   91.5197
 126.2897 15080.7839  215.3117 -999.9000    0.0000    0.0000   10.4380   91.5108
 123.1790 15237.6633  216.5249 -999.9000    0.0000    0.0000   10.4541   91.4644
 120.1481 15394.5427  216.9870 -999.9000    0.0000    0.0000   10.3102   91.3748
 117.2138 15551.4221  216.3349 -999.9000    0.0000    0.0000    9.9465   91.2661
 114.3435 15708.3015  216.2353 -999.9000    0.0000    0.0000    9.6208   91.1464
 111.5416 15865.1809  215.9892 -999.9000    0.0000    0.0000    9.0354   91.1933
 108.8149 16022.0603  217.3016 -999.9000    0.0000    0.0000    8.2163   91.4869
 106.1648 16178.9397  217.3564 -999.9000    0.0000    0.0000    7.7498   91.3484
 103.5767 16335.8191  216.9914 -999.9000    0.0000    0.0000    6.3143   91.9971
 101.0524 16492.6985  219.0387 -999.9000    0.0000    0.0000    1.8318   90.4089
  98.6148 16649.5779  217.6492 -999.9000    0.0000    0.0000    1.0517   90.4014
  96.2203 16806.4573  216.9115 -999.9000    0.0000    0.0000    0.2202   90.4014
  93.8688 16963.3367  216.1981 -999.9000    0.0000    0.0000    1.2977   90.4014
  91.5836 17120.2161  216.0799 -999.9000    0.0000    0.0000    2.1607   90.4014
  89.3567 17277.0955  216.0603 -999.9000    0.0000    0.0000    2.7899   90.4014
  87.1784 17433.9749  215.5912 -999.9000    0.0000    0.0000    3.4823   90.3927
  85.0453 17590.8543  214.7848 -999.9000    0.0000    0.0000    4.4047   90.0754
  82.9608 17747.7337  214.4643 -999.9000    0.0000    0.0000    5.5836   90.9865
  80.9282 17904.6131  215.1134 -999.9000    0.0000    0.0000    6.7357   90.6807
  78.9484 18061.4925  215.7622 -999.9000    0.0000    0.0000    6.6325   90.4907
  77.0217 18218.3719  216.4411 -999.9000    0.0000    0.0000    5.6773   90.6714
  75.1483 18375.2513  217.5071 -999.9000    0.0000    0.0000    4.7247   90.9237
  73.3271 18532.1307  218.6185 -999.9000    0.0000    0.0000    4.1053   91.0464
  71.5556 18689.0101  218.7551 -999.9000    0.0000    0.0000    3.6409   90.9336
  69.8260 18845.8894  217.6524 -999.9000    0.0000    0.0000    3.0251   91.0562
  68.1227 19002.7688  217.3763 -999.9000    0.0000    0.0000    1.8912   91.7656
  66.4601 19159.6482  217.7419 -999.9000    0.0000    0.0000    0.8700   89.5288
  64.8418 19316.5276  218.2427 -999.9000    0.0000    0.0000    0.5714   87.4851
  63.2670 19473.4070  218.6648 -999.9000    0.0000    0.0000    1.1256   87.9468
  61.7318 19630.2864  219.2461 -999.9000    0.0000    0.0000    1.7240   88.3028
  60.2355 19787.1658  219.4802 -999.9000    0.0000    0.0000    2.4798   88.5476
  58.7762 19944.0452  219.2068 -999.9000    0.0000    0.0000    3.3331   88.9105
  57.3501 20100.9246  218.8519 -999.9000    0.0000    0.0000    3.7795   89.0671
  55.9562 20257.8040  218.6096 -999.9000    0.0000    0.0000    3.7217   88.9446
  54.5968 20414.6834  218.4000 -999.9000    0.0000    0.0000    3.5248   88.7725
  53.2731 20571.5628  218.3750 -999.9000    0.0000    0.0000    3.3520   88.6461
  51.9860 20728.4422  218.8452 -999.9000    0.0000    0.0000    3.2201   88.5640
  50.7361 20885.3216  220.1240 -999.9000    0.0000    0.0000    3.1434   88.5228
  49.5229 21042.2010  221.9225 -999.9000    0.0000    0.0000    3.1055   88.5126
  48.3394 21199.0804  221.3309 -999.9000    0.0000    0.0000    3.4556   88.5757
  47.1874 21355.9598  221.4247 -999.9000    0.0000    0.0000    4.5925   88.7747
  46.0647 21512.8392  221.8420 -999.9000    0.0000    0.0000    5.6313   88.9472
  44.9691 21669.7186  222.1036 -999.9000    0.0000    0.0000    5.8394   88.9570
  43.8989 21826.5980  222.1466 -999.9000    0.0000    0.0000    5.4495   88.8369
  42.8525 21983.4774  222.0314 -999.9000    0.0000    0.0000    4.9780   88.6697
  41.8295 22140.3568  221.8062 -999.9000    0.0000    0.0000    4.7139   88.5214
  40.8309 22297.2362  221.4993 -999.9000    0.0000    0.0000    4.5949   88.4316
  39.8584 22454.1156  221.1399 -999.9000    0.0000    0.0000    4.5294   88.4374
  38.9104 22610.9950  221.5546 -999.9000    0.0000    0.0000    4.6650   88.5046
  37.9838 22767.8744  222.8368 -999.9000    0.0000    0.0000    5.0584   88.5579
  37.0791 22924.7538  223.5501 -999.9000    0.0000    0.0000    5.3780   88.6106
  36.1962 23081.6332  223.6635 -999.9000    0.0000    0.0000    5.6079   88.6649
  35.3349 23238.5126  223.3949 -999.9000    0.0000    0.0000    5.7877   88.7211
  34.4951 23395.3920  222.9616 -999.9000    0.0000    0.0000    5.9572   88.7793
  33.6765 23552.2714  222.5816 -999.9000    0.0000    0.0000    6.1561   88.8396
  32.8792 23709.1508  222.4723 -999.9000    0.0000    0.0000    6.4243   88.9021
  32.1025 23866.0302  222.7758 -999.9000    0.0000    0.0000    6.7742   88.9664
  31.3447 24022.9095  223.3544 -999.9000    0.0000    0.0000    7.1177   89.0294
  30.6036 24179.7889  224.0062 -999.9000    0.0000    0.0000    7.3437   89.0878
  29.8779 24336.6683  224.5038 -999.9000    0.0000    0.0000    7.3605   89.1301
  29.1715 24493.5477  224.5576 -999.9000    0.0000    0.0000    7.2727   89.0898
  28.4842 24650.4271  224.4156 -999.9000    0.0000    0.0000    7.1330   88.9796
  27.8138 24807.3065  224.4466 -999.9000    0.0000    0.0000    6.9558   88.8366
  27.1583 24964.1859  225.0175 -999.9000    0.0000    0.0000    6.7548   88.6979
  26.5173 25121.0653  226.1894 -999.9000    0.0000    0.0000    6.5507   88.5852
  25.8939 25277.9447  227.3745 -999.9000    0.0000    0.0000    6.3780   88.4883
  25.2914 25434.8241  227.9020 -999.9000    0.0000    0.0000    6.2736   88.3927
  24.7096 25591.7035  227.4056 -999.9000    0.0000    0.0000    6.3184   88.3136
  24.1354 25748.5829  226.8710 -999.9000    0.0000    0.0000    6.6734   88.3442
  23.5706 25905.4623  226.6309 -999.9000    0.0000    0.0000    7.2408   88.4419
  23.0189 26062.3417  226.8946 -999.9000    0.0000    0.0000    7.8955   88.5480
  22.4826 26219.2211  227.7276 -999.9000    0.0000    0.0000    8.5368   88.6216
  21.9608 26376.1005  228.8240 -999.9000    0.0000    0.0000    9.1262   88.6692
  21.4521 26532.9799  229.8190 -999.9000    0.0000    0.0000    9.6352   88.7041
  20.9548 26689.8593  230.3477 -999.9000    0.0000    0.0000   10.0354   88.7401
  20.4676 26846.7387  230.0454 -999.9000    0.0000    0.0000   10.2982   88.7908
  19.9891 27003.6181  228.5824 -999.9000    0.0000    0.0000   10.3883   88.8671
  19.5243 27160.4975  227.6803 -999.9000    0.0000    0.0000    9.9436   88.8331
  19.0752 27317.3769  228.1265 -999.9000    0.0000    0.0000    9.0363   88.6652
  18.6391 27474.2563  229.3405 -999.9000    0.0000    0.0000    8.0606   88.4541
  18.2135 27631.1357  230.7424 -999.9000    0.0000    0.0000    7.4109   88.2905
  17.7959 27788.0151  231.7607 -999.9000    0.0000    0.0000    7.4587   88.2601
  17.3864 27944.8945  232.0485 -999.9000    0.0000    0.0000    8.0250   88.3267
  16.9866 28101.7739  231.6320 -999.9000    0.0000    0.0000    8.6284   88.3867
  16.5963 28258.6533  230.8079 -999.9000    0.0000    0.0000    9.2342   88.4341
  16.2153 28415.5327  229.9003 -999.9000    0.0000    0.0000    9.8566   88.4734
  15.8432 28572.4121  229.2328 -999.9000    0.0000    0.0000   10.5103   88.5095
  15.4798 28729.2915  229.1235 -999.9000    0.0000    0.0000   11.2075   88.5468
  15.1246 28886.1709  229.5336 -999.9000    0.0000    0.0000   11.8458   88.5881
  14.7769 29043.0503  229.9062 -999.9000    0.0000    0.0000   12.1615   88.6333
  14.4368 29199.9296  230.0776 -999.9000    0.0000    0.0000   12.0895   88.6841
  14.1043 29356.8090  230.1852 -999.9000    0.0000    0.0000   11.7111   88.7433
  13.7798 29513.6884  230.3726 -999.9000    0.0000    0.0000   11.1109   88.8140
  13.4633 29670.5678  230.7833 -999.9000    0.0000    0.0000   10.3728   88.8992
  13.1552 29827.4472  231.5607 -999.9000    0.0000    0.0000    9.5813   89.0018
  12.8555 29984.3266  232.7914 -999.9000    0.0000    0.0000    8.8186   89.1215
  12.5638 30141.2060  234.1630 -999.9000    0.0000    0.0000    8.1527   89.2343
  12.2794 30298.0854  235.1937 -999.9000    0.0000    0.0000    7.6455   89.3059
  12.0018 30454.9648  235.4011 -999.9000    0.0000    0.0000    7.3590   89.3022
  11.7304 30611.8442  234.5572 -999.9000    0.0000    0.0000    7.3140   89.2026
  11.4650 30768.7236  233.4737 -999.9000    0.0000    0.0000    7.3652   89.0420
  11.2056 30925.6030  233.2272 -999.9000    0.0000    0.0000    7.3249   88.8691
  10.9522 31082.4824  234.4696 -999.9000    0.0000    0.0000    7.0727   88.7216
  10.7056 31239.3618  236.0408 -999.9000    0.0000    0.0000    6.7778   88.5894
  10.4661 31396.2412  236.6227 -999.9000    0.0000    0.0000    6.6370   88.4534
  10.2318 31553.1206  236.2954 -999.9000    0.0000    0.0000    6.6357   88.3118
  10.0000 31710.0000  235.5138 -999.9000    0.0000    0.0000    6.7030   88.1674
