# 06610 LSMP Payerne Observations at 12Z 30 Jul 2008
# Radiosonde file generated by raso.rb
#
  P [hPa],     Z [m],    T [K],   Td [K],   RH [%], r [g/kg], WS [m/s], WD [deg]
 962.0000   491.0000  298.3760 -999.9000   66.2028   13.6900    1.6892   93.0543
 944.6891   647.8794  296.3719 -999.9000   67.7667   12.6302    4.2484   92.6754
 927.6873   804.7588  295.0330 -999.9000   79.5127   13.9071    1.9716   92.9144
 911.0964   961.6382  293.7883 -999.9000   79.9759   14.4362    0.2821   92.0428
 894.7070  1118.5176  292.8938 -999.9000   79.9794   14.3064    1.3102   90.9797
 878.5406  1275.3970  292.6341 -999.9000   80.0478   13.3485    2.3603   90.6229
 862.6769  1432.2764  291.2852 -999.9000   80.9621   13.5129    2.6529   90.4248
 846.9845  1589.1558  290.0662 -999.9000   80.2825   13.9027    4.3161   90.3491
 831.5533  1746.0352  289.7357 -999.9000   80.7593   13.2228    5.2529   90.3950
 816.3570  1902.9146  288.4325 -999.9000   80.6457   11.9693    6.4072   90.4496
 801.3249  2059.7940  286.8480 -999.9000   80.3632   11.5640    7.0745   90.4939
 786.5365  2216.6734  285.4950 -999.9000   80.2052   10.4184    7.8616   90.5367
 771.9169  2373.5528  284.2607 -999.9000   80.5881    8.7627    9.0870   90.5644
 757.5041  2530.4322  283.1987 -999.9000   80.4499    8.5006    9.6473   90.6155
 743.3854  2687.3116  282.6186 -999.9000   77.8005    7.5803    8.5614   90.6080
 729.2940  2844.1910  281.5382 -999.9000   60.4024    5.5688    8.3352   90.6173
 715.5826  3001.0704  280.4838 -999.9000   50.1369    4.3807    9.9268   90.6971
 702.0616  3157.9497  279.2925 -999.9000   51.6157    4.2344   11.2147   90.7782
 688.7126  3314.8291  277.8068 -999.9000   58.9331    4.4448   11.3049   90.8007
 675.5482  3471.7085  276.1712 -999.9000   68.2249    4.6752   11.5503   90.8205
 662.5494  3628.5879  274.6859 -999.9000   74.1635    4.6607   12.1479   90.8487
 649.7305  3785.4673  273.6674 -999.9000   67.2860    4.0055   12.4300   90.8627
 637.1240  3942.3467  272.8047 -999.9000   55.1519    3.1437   11.7342   90.9118
 624.7467  4099.2261  271.7801 -999.9000   50.1746    2.7055   10.1683   91.0167
 612.5275  4256.1055  270.7099 -999.9000   50.1060    2.5464    9.7152   91.0465
 600.5160  4412.9849  270.0920 -999.9000   38.2177    1.8919    9.9730   91.0390
 588.7253  4569.8643  269.4869 -999.9000   22.7672    1.0986   10.1332   91.0433
 577.1128  4726.7437  268.1844 -999.9000   18.1711    0.8108   10.1586   91.0483
 565.6299  4883.6231  267.3399 -999.9000   17.0392    0.7276   10.0952   91.0538
 554.4053  5040.5025  266.7709 -999.9000   13.5032    0.5634    9.3799   91.1400
 543.3471  5197.3819  266.0896 -999.9000   12.8439    0.5190    8.5747   91.2153
 532.4739  5354.2613  265.0597 -999.9000   22.2114    0.8459    8.9535   91.2112
 521.8251  5511.1407  264.0090 -999.9000   24.0599    0.8613    9.6823   91.1806
 511.3144  5668.0201  263.2166 -999.9000   14.1074    0.4842   10.3367   91.1583
 500.9731  5824.8995  261.8747 -999.9000   12.9920    0.4090   11.0124   91.1344
 490.8286  5981.7789  260.2635 -999.9000   18.4287    0.5200   11.1419   91.1143
 480.7236  6138.6583  259.1511 -999.9000   29.2764    0.7703   11.4514   91.0832
 470.8214  6295.5377  257.8652 -999.9000   31.5460    0.7621   11.5253   91.0728
 461.0900  6452.4171  256.4405 -999.9000   30.8812    0.6762   11.2243   90.9894
 451.4963  6609.2965  255.1426 -999.9000   32.0591    0.6422   10.1947   90.8335
 442.0676  6766.1759  254.0702 -999.9000   32.6366    0.6091    9.2840   90.7116
 432.8253  6923.0553  253.1079 -999.9000   32.3550    0.5674   10.1755   90.6964
 423.7241  7079.9347  251.7009 -999.9000   36.0665    0.5712   11.0402   90.7318
 414.7432  7236.8141  249.9952 -999.9000   41.2992    0.5742   10.8240   90.7585
 405.9174  7393.6935  248.9990 -999.9000   31.8757    0.4138   11.0399   90.7794
 397.1974  7550.5729  247.7107 -999.9000   27.2857    0.3219   11.2965   90.7881
 388.6475  7707.4523  246.3160 -999.9000   31.2147    0.3308   11.4315   90.8405
 380.2876  7864.3317  245.2979 -999.9000   34.8699    0.3433   11.6580   90.9010
 372.0784  8021.2111  244.4780 -999.9000   39.1457    0.3645   11.8013   90.8924
 363.9826  8178.0905  243.6816 -999.9000   45.2793    0.3994   11.7071   90.7526
 356.0087  8334.9698  242.8247 -999.9000   54.5302    0.4529   11.6858   90.7678
 348.2042  8491.8492  241.9257 -999.9000   60.6631    0.5188   12.2842   91.3797
 340.5609  8648.7286  241.0675 -999.9000   65.0608    0.5272   12.5149   91.7004
 333.0575  8805.6080  240.1995 -999.9000   65.6708    0.4852   12.4556   91.6152
 325.6771  8962.4874  239.2212 -999.9000   65.0978    0.4338   12.7519   91.4555
 318.4095  9119.3668  238.0162 -999.9000   65.8900    0.3977   13.6724   91.4682
 311.2701  9276.2462  236.3746 -999.9000   60.7816    0.3338   13.8311   91.4746
 304.2599  9433.1256  234.7979 -999.9000   55.5953    0.2938   14.0549   91.4194
 297.3812  9590.0050  233.7078 -999.9000   50.7474    0.2688   14.5354   91.3896
 290.6045  9746.8844  232.4548 -999.9000   45.5346    0.2331   14.8609   91.3805
 283.9369  9903.7638  231.0509 -999.9000   45.8340    0.2031   15.2339   91.3479
 277.3870 10060.6432  229.5416 -999.9000   45.6852    0.1789   15.6164   91.3074
 270.9631 10217.5226  227.9666 -999.9000   45.6228    0.1538   15.8757   91.2950
 264.6694 10374.4020  226.3999 -999.9000   45.7330    0.1244   15.9215   91.3378
 258.4744 10531.2814  225.1483 -999.9000   45.2409    0.1097   16.0543   91.3756
 252.3757 10688.1608  224.0936 -999.9000   45.5572    0.1034   16.3027   91.3933
 246.3812 10845.0402  223.0067 -999.9000   40.2724    0.0916   16.5847   91.3978
 240.4896 11001.9196  221.7801 -999.9000   35.7110    0.0742   16.8468   91.3965
 234.6950 11158.7990  220.4092 -999.9000   35.9640    0.0604   17.0598   91.3968
 229.0082 11315.6784  218.9911 -999.9000   35.5061    0.0528   17.2185   91.3986
 223.4492 11472.5578  217.6737 -999.9000   34.9771    0.0500   17.3299   91.3982
 218.0236 11629.4372  216.4338 -999.9000   30.1289    0.0480   17.1128   91.4126
 212.6609 11786.3166  214.7228 -999.9000   25.6085    0.0350   15.4175   91.5070
 207.3913 11943.1960  213.8525 -999.9000   23.7733    0.0295   14.2244   91.4951
 202.2510 12100.0754  214.5178 -999.9000   18.0068    0.0410   13.9056   91.5711
 197.2536 12256.9548  215.8774 -999.9000    9.0983    0.0304   11.8922   92.1270
 192.4469 12413.8342  218.2302 -999.9000    2.6454    0.0062   12.3297   91.9985
 187.8076 12570.7136  218.0058 -999.9000    0.2370    0.0003   12.5599   91.9213
 183.2603 12727.5930  216.7289 -999.9000    0.2955    0.0003   12.2560   91.8946
 178.8033 12884.4724  216.2746 -999.9000    0.0000    0.0000   12.0121   91.8603
 174.4458 13041.3518  216.6370 -999.9000    0.0133    0.0000   12.1357   91.7991
 170.1876 13198.2312  216.8223 -999.9000    0.0000    0.0000   12.6532   91.6668
 166.0391 13355.1106  216.9515 -999.9000    0.0000    0.0000   13.2674   91.5392
 162.0101 13511.9899  216.5377 -999.9000    0.0002    0.0000   13.5635   91.4198
 158.0706 13668.8693  215.5173 -999.9000    0.0000    0.0000   13.1806   91.3880
 154.1974 13825.7487  214.6102 -999.9000    0.0000    0.0000   12.0230   91.4693
 150.4126 13982.6281  214.5121 -999.9000    0.0000    0.0000   10.1168   91.5650
 146.7292 14139.5075  215.4128 -999.9000    0.0000    0.0000   10.0505   91.5673
 143.1108 14296.3869  213.6112 -999.9000    0.0000    0.0000    9.9858   91.5696
 139.5597 14453.2663  216.0097 -999.9000    0.0000    0.0000    9.9746   91.5684
 136.1266 14610.1457  213.6598 -999.9000    0.0000    0.0000    9.9920   91.5540
 132.7619 14767.0251  212.7818 -999.9000    0.0000    0.0000   10.0187   91.5347
 129.4754 14923.9045  213.7785 -999.9000    0.0000    0.0000   10.0483   91.5197
 126.2897 15080.7839  214.8920 -999.9000    0.0000    0.0000   10.0713   91.5108
 123.1790 15237.6633  216.1340 -999.9000    0.0000    0.0000   10.1253   91.4644
 120.1481 15394.5427  216.6276 -999.9000    0.0000    0.0000   10.0232   91.3748
 117.2138 15551.4221  216.0093 -999.9000    0.0000    0.0000    9.7048   91.2661
 114.3435 15708.3015  215.9455 -999.9000    0.0000    0.0000    9.4270   91.1464
 111.5416 15865.1809  215.7368 -999.9000    0.0000    0.0000    8.8913   91.1933
 108.8149 16022.0603  217.0879 -999.9000    0.0000    0.0000    8.1231   91.4869
 106.1648 16178.9397  217.1821 -999.9000    0.0000    0.0000    7.7081   91.3484
 103.5767 16335.8191  216.8570 -999.9000    0.0000    0.0000    6.3237   91.9971
 101.0524 16492.6985  218.9443 -999.9000    0.0000    0.0000    1.8914   90.4089
  98.6148 16649.5779  217.5946 -999.9000    0.0000    0.0000    1.1599   90.4014
  96.2203 16806.4573  216.8960 -999.9000    0.0000    0.0000    0.3746   90.4014
  93.8688 16963.3367  216.2206 -999.9000    0.0000    0.0000    1.4952   90.4014
  91.5836 17120.2161  216.1392 -999.9000    0.0000    0.0000    2.3974   90.4014
  89.3567 17277.0955  216.1546 -999.9000    0.0000    0.0000    3.0615   90.4014
  87.1784 17433.9749  215.7183 -999.9000    0.0000    0.0000    3.7835   90.3927
  85.0453 17590.8543  214.9421 -999.9000    0.0000    0.0000    4.7294   90.0754
  82.9608 17747.7337  214.6492 -999.9000    0.0000    0.0000    5.9253   90.9865
  80.9282 17904.6131  215.3225 -999.9000    0.0000    0.0000    7.0871   90.6807
  78.9484 18061.4925  215.9922 -999.9000    0.0000    0.0000    6.9861   90.4907
  77.0217 18218.3719  216.6887 -999.9000    0.0000    0.0000    6.0265   90.6714
  75.1483 18375.2513  217.7693 -999.9000    0.0000    0.0000    5.0635   90.9237
  73.3271 18532.1307  218.8922 -999.9000    0.0000    0.0000    4.4283   91.0464
  71.5556 18689.0101  219.0377 -999.9000    0.0000    0.0000    3.9436   90.9336
  69.8260 18845.8894  217.9410 -999.9000    0.0000    0.0000    3.3037   91.0562
  68.1227 19002.7688  217.6685 -999.9000    0.0000    0.0000    2.1426   91.7656
  66.4601 19159.6482  218.0354 -999.9000    0.0000    0.0000    1.0918   89.5288
  64.8418 19316.5276  218.5352 -999.9000    0.0000    0.0000    0.7619   87.4851
  63.2670 19473.4070  218.9541 -999.9000    0.0000    0.0000    1.2838   87.9468
  61.7318 19630.2864  219.5303 -999.9000    0.0000    0.0000    1.8497   88.3028
  60.2355 19787.1658  219.7577 -999.9000    0.0000    0.0000    2.5734   88.5476
  58.7762 19944.0452  219.4757 -999.9000    0.0000    0.0000    3.3959   88.9105
  57.3501 20100.9246  219.1108 -999.9000    0.0000    0.0000    3.8134   89.0671
  55.9562 20257.8040  218.8570 -999.9000    0.0000    0.0000    3.7292   88.9446
  54.5968 20414.6834  218.6348 -999.9000    0.0000    0.0000    3.5094   88.7725
  53.2731 20571.5628  218.5961 -999.9000    0.0000    0.0000    3.3178   88.6461
  51.9860 20728.4422  219.0516 -999.9000    0.0000    0.0000    3.1718   88.5640
  50.7361 20885.3216  220.3150 -999.9000    0.0000    0.0000    3.0866   88.5228
  49.5229 21042.2010  222.0974 -999.9000    0.0000    0.0000    3.0464   88.5126
  48.3394 21199.0804  221.4891 -999.9000    0.0000    0.0000    3.4011   88.5757
  47.1874 21355.9598  221.5660 -999.9000    0.0000    0.0000    4.5503   88.7747
  46.0647 21512.8392  221.9659 -999.9000    0.0000    0.0000    5.6092   88.9472
  44.9691 21669.7186  222.2102 -999.9000    0.0000    0.0000    5.8447   88.9570
  43.8989 21826.5980  222.2356 -999.9000    0.0000    0.0000    5.4887   88.8369
  42.8525 21983.4774  222.1031 -999.9000    0.0000    0.0000    5.0567   88.6697
  41.8295 22140.3568  221.8606 -999.9000    0.0000    0.0000    4.8373   88.5214
  40.8309 22297.2362  221.5366 -999.9000    0.0000    0.0000    4.7673   88.4316
  39.8584 22454.1156  221.1605 -999.9000    0.0000    0.0000    4.7544   88.4374
  38.9104 22610.9950  221.5589 -999.9000    0.0000    0.0000    4.9456   88.5046
  37.9838 22767.8744  222.8253 -999.9000    0.0000    0.0000    5.3968   88.5579
  37.0791 22924.7538  223.5235 -999.9000    0.0000    0.0000    5.7757   88.6106
  36.1962 23081.6332  223.6224 -999.9000    0.0000    0.0000    6.0657   88.6649
  35.3349 23238.5126  223.3401 -999.9000    0.0000    0.0000    6.3056   88.7211
  34.4951 23395.3920  222.8940 -999.9000    0.0000    0.0000    6.5346   88.7793
  33.6765 23552.2714  222.5022 -999.9000    0.0000    0.0000    6.7916   88.8396
  32.8792 23709.1508  222.3821 -999.9000    0.0000    0.0000    7.1159   88.9021
  32.1025 23866.0302  222.6761 -999.9000    0.0000    0.0000    7.5191   88.9664
  31.3447 24022.9095  223.2465 -999.9000    0.0000    0.0000    7.9125   89.0294
  30.6036 24179.7889  223.8914 -999.9000    0.0000    0.0000    8.1841   89.0878
  29.8779 24336.6683  224.3835 -999.9000    0.0000    0.0000    8.2416   89.1301
  29.1715 24493.5477  224.4334 -999.9000    0.0000    0.0000    8.1889   89.0898
  28.4842 24650.4271  224.2892 -999.9000    0.0000    0.0000    8.0779   88.9796
  27.8138 24807.3065  224.3197 -999.9000    0.0000    0.0000    7.9224   88.8366
  27.1583 24964.1859  224.8918 -999.9000    0.0000    0.0000    7.7357   88.6979
  26.5173 25121.0653  226.0667 -999.9000    0.0000    0.0000    7.5388   88.5852
  25.8939 25277.9447  227.2562 -999.9000    0.0000    0.0000    7.3668   88.4883
  25.2914 25434.8241  227.7895 -999.9000    0.0000    0.0000    7.2567   88.3927
  24.7096 25591.7035  227.3003 -999.9000    0.0000    0.0000    7.2903   88.3136
  24.1354 25748.5829  226.7738 -999.9000    0.0000    0.0000    7.6287   88.3442
  23.5706 25905.4623  226.5429 -999.9000    0.0000    0.0000    8.1746   88.4419
  23.0189 26062.3417  226.8167 -999.9000    0.0000    0.0000    8.8035   88.5480
  22.4826 26219.2211  227.6604 -999.9000    0.0000    0.0000    9.4150   88.6216
  21.9608 26376.1005  228.7681 -999.9000    0.0000    0.0000    9.9710   88.6692
  21.4521 26532.9799  229.7749 -999.9000    0.0000    0.0000   10.4436   88.7041
  20.9548 26689.8593  230.3157 -999.9000    0.0000    0.0000   10.8048   88.7401
  20.4676 26846.7387  230.0256 -999.9000    0.0000    0.0000   11.0263   88.7908
  19.9891 27003.6181  228.5749 -999.9000    0.0000    0.0000   11.0735   88.8671
  19.5243 27160.4975  227.6850 -999.9000    0.0000    0.0000   10.5846   88.8331
  19.0752 27317.3769  228.1432 -999.9000    0.0000    0.0000    9.6321   88.6652
  18.6391 27474.2563  229.3689 -999.9000    0.0000    0.0000    8.6108   88.4541
  18.2135 27631.1357  230.7818 -999.9000    0.0000    0.0000    7.9157   88.2905
  17.7959 27788.0151  231.8107 -999.9000    0.0000    0.0000    7.9184   88.2601
  17.3864 27944.8945  232.1082 -999.9000    0.0000    0.0000    8.4406   88.3267
  16.9866 28101.7739  231.7006 -999.9000    0.0000    0.0000    9.0013   88.3867
  16.5963 28258.6533  230.8843 -999.9000    0.0000    0.0000    9.5661   88.4341
  16.2153 28415.5327  229.9833 -999.9000    0.0000    0.0000   10.1498   88.4734
  15.8432 28572.4121  229.3212 -999.9000    0.0000    0.0000   10.7675   88.5095
  15.4798 28729.2915  229.2158 -999.9000    0.0000    0.0000   11.4318   88.5468
  15.1246 28886.1709  229.6281 -999.9000    0.0000    0.0000   12.0409   88.5881
  14.7769 29043.0503  230.0015 -999.9000    0.0000    0.0000   12.3313   88.6333
  14.4368 29199.9296  230.1716 -999.9000    0.0000    0.0000   12.2385   88.6841
  14.1043 29356.8090  230.2761 -999.9000    0.0000    0.0000   11.8442   88.7433
  13.7798 29513.6884  230.4582 -999.9000    0.0000    0.0000   11.2333   88.8140
  13.4633 29670.5678  230.8613 -999.9000    0.0000    0.0000   10.4905   88.8992
  13.1552 29827.4472  231.6288 -999.9000    0.0000    0.0000    9.7005   89.0018
  12.8555 29984.3266  232.8471 -999.9000    0.0000    0.0000    8.9460   89.1215
  12.5638 30141.2060  234.2037 -999.9000    0.0000    0.0000    8.2953   89.2343
  12.2794 30298.0854  235.2166 -999.9000    0.0000    0.0000    7.8110   89.3059
  12.0018 30454.9648  235.4033 -999.9000    0.0000    0.0000    7.5553   89.3022
  11.7304 30611.8442  234.5356 -999.9000    0.0000    0.0000    7.5496   89.2026
  11.4650 30768.7236  233.4251 -999.9000    0.0000    0.0000    7.6490   89.0420
  11.2056 30925.6030  233.1483 -999.9000    0.0000    0.0000    7.6662   88.8691
  10.9522 31082.4824  234.3570 -999.9000    0.0000    0.0000    7.4813   88.7216
  10.7056 31239.3618  235.8909 -999.9000    0.0000    0.0000    7.2640   88.5894
  10.4661 31396.2412  236.4318 -999.9000    0.0000    0.0000    7.2114   88.4534
  10.2318 31553.1206  236.0596 -999.9000    0.0000    0.0000    7.3095   88.3118
  10.0000 31710.0000  235.2292 -999.9000    0.0000    0.0000    7.4876   88.1674
