# 06610 LSMP Payerne Observations at 12Z 30 Jul 2008
# Radiosonde file generated by raso.rb
#
  P [hPa],     Z [m],    T [K],   Td [K],   RH [%], r [g/kg], WS [m/s], WD [deg]
 962.0000   491.0000  298.4721 -999.9000   66.3532   13.6900    2.1983   93.0543
 944.6891   647.8794  296.3751 -999.9000   67.9147   12.6302    4.6065   92.6754
 927.6873   804.7588  294.9507 -999.9000   79.6795   13.9071    2.1916   92.9144
 911.0964   961.6382  293.6277 -999.9000   80.1368   14.4362    0.3764   92.0428
 894.7070  1118.5176  292.6619 -999.9000   80.1334   14.3064    1.2907   90.9797
 878.5406  1275.3970  292.3377 -999.9000   80.1952   13.3485    2.2384   90.6229
 862.6769  1432.2764  290.9306 -999.9000   81.1044   13.5129    2.4399   90.4248
 846.9845  1589.1558  289.6597 -999.9000   80.4171   13.9027    4.0225   90.3491
 831.5533  1746.0352  289.2833 -999.9000   80.8882   13.2228    4.8889   90.3950
 816.3570  1902.9146  287.9398 -999.9000   80.7681   11.9693    5.9826   90.4496
 801.3249  2059.7940  286.3206 -999.9000   80.4788   11.5640    6.5987   90.4939
 786.5365  2216.6734  284.9380 -999.9000   80.3145   10.4184    7.3436   90.5367
 771.9169  2373.5528  283.6792 -999.9000   80.6920    8.7627    8.5352   90.5644
 757.5041  2530.4322  282.5974 -999.9000   80.5478    8.5006    9.0699   90.6155
 743.3854  2687.3116  282.0019 -999.9000   77.8897    7.5803    7.9659   90.6080
 729.2940  2844.1910  280.9103 -999.9000   60.4676    5.5688    7.7289   90.6173
 715.5826  3001.0704  279.8487 -999.9000   50.1876    4.3807    9.3165   90.6971
 702.0616  3157.9497  278.6539 -999.9000   51.6646    4.2344   10.6068   90.7782
 688.7126  3314.8291  277.1681 -999.9000   58.9853    4.4448   10.7053   90.8007
 675.5482  3471.7085  275.5357 -999.9000   68.2813    4.6752   10.9645   90.8205
 662.5494  3628.5879  274.0566 -999.9000   74.2206    4.6607   11.5810   90.8487
 649.7305  3785.4673  273.0469 -999.9000   67.3342    4.0055   11.8867   90.8627
 637.1240  3942.3467  272.1955 -999.9000   55.1885    3.1437   11.2187   90.9118
 624.7467  4099.2261  271.1845 -999.9000   50.2055    2.7055    9.6844   91.0167
 612.5275  4256.1055  270.1298 -999.9000   50.1345    2.5464    9.2662   91.0465
 600.5160  4412.9849  269.5291 -999.9000   38.2378    1.8919    9.5619   91.0390
 588.7253  4569.8643  268.9426 -999.9000   22.7783    1.0986    9.7625   91.0433
 577.1128  4726.7437  267.6600 -999.9000   18.1793    0.8108    9.8304   91.0483
 565.6299  4883.6231  266.8364 -999.9000   17.0464    0.7276    9.8112   91.0538
 554.4053  5040.5025  266.2889 -999.9000   13.5084    0.5634    9.1412   91.1400
 543.3471  5197.3819  265.6297 -999.9000   12.8486    0.5190    8.3822   91.2153
 532.4739  5354.2613  264.6220 -999.9000   22.2190    0.8459    8.8076   91.2112
 521.8251  5511.1407  263.5934 -999.9000   24.0677    0.8613    9.5830   91.1806
 511.3144  5668.0201  262.8229 -999.9000   14.1117    0.4842   10.2833   91.1583
 500.9731  5824.8995  261.5024 -999.9000   12.9958    0.4090   11.0042   91.1344
 490.8286  5981.7789  259.9118 -999.9000   18.4340    0.5200   11.1775   91.1143
 480.7236  6138.6583  258.8189 -999.9000   29.2848    0.7703   11.5289   91.0832
 470.8214  6295.5377  257.5512 -999.9000   31.5551    0.7621   11.6426   91.0728
 461.0900  6452.4171  256.1432 -999.9000   30.8902    0.6762   11.3789   90.9894
 451.4963  6609.2965  254.8602 -999.9000   32.0687    0.6422   10.3833   90.8335
 442.0676  6766.1759  253.8006 -999.9000   32.6470    0.6091    9.5034   90.7116
 432.8253  6923.0553  252.8489 -999.9000   32.3658    0.5674   10.4215   90.6964
 423.7241  7079.9347  251.4498 -999.9000   36.0795    0.5712   11.3087   90.7318
 414.7432  7236.8141  249.7493 -999.9000   41.3152    0.5742   11.1101   90.7585
 405.9174  7393.6935  248.7553 -999.9000   31.8891    0.4138   11.3384   90.7794
 397.1974  7550.5729  247.4660 -999.9000   27.2983    0.3219   11.6020   90.7881
 388.6475  7707.4523  246.0672 -999.9000   31.2304    0.3308   11.7385   90.8405
 380.2876  7864.3317  245.0423 -999.9000   34.8891    0.3433   11.9618   90.9010
 372.0784  8021.2111  244.2134 -999.9000   39.1693    0.3645   12.0977   90.8924
 363.9826  8178.0905  243.4062 -999.9000   45.3091    0.3994   11.9922   90.7526
 356.0087  8334.9698  242.5370 -999.9000   54.5693    0.4529   11.9563   90.7678
 348.2042  8491.8492  241.6247 -999.9000   60.7104    0.5188   12.5374   91.3797
 340.5609  8648.7286  240.7525 -999.9000   65.1158    0.5272   12.7487   91.7004
 333.0575  8805.6080  239.8703 -999.9000   65.7309    0.4852   12.6682   91.6152
 325.6771  8962.4874  238.8780 -999.9000   65.1619    0.4338   12.9421   91.4555
 318.4095  9119.3668  237.6595 -999.9000   65.9598    0.3977   13.8396   91.4682
 311.2701  9276.2462  236.0054 -999.9000   60.8505    0.3338   13.9750   91.4746
 304.2599  9433.1256  234.4176 -999.9000   55.6626    0.2938   14.1760   91.4194
 297.3812  9590.0050  233.3180 -999.9000   50.8127    0.2688   14.6345   91.3896
 290.6045  9746.8844  232.0577 -999.9000   45.5969    0.2331   14.9394   91.3805
 283.9369  9903.7638  230.6491 -999.9000   45.9003    0.2031   15.2936   91.3479
 277.3870 10060.6432  229.1381 -999.9000   45.7549    0.1789   15.6598   91.3074
 270.9631 10217.5226  227.5647 -999.9000   45.6961    0.1538   15.9058   91.2950
 264.6694 10374.4020  226.0034 -999.9000   45.8101    0.1244   15.9416   91.3378
 258.4744 10531.2814  224.7612 -999.9000   45.3208    0.1097   16.0685   91.3756
 252.3757 10688.1608  223.7206 -999.9000   45.6412    0.1034   16.3155   91.3933
 246.3812 10845.0402  222.6527 -999.9000   40.3498    0.0916   16.6009   91.3978
 240.4896 11001.9196  221.4505 -999.9000   35.7823    0.0742   16.8720   91.3965
 234.6950 11158.7990  220.1090 -999.9000   36.0385    0.0604   17.0992   91.3968
 229.0082 11315.6784  218.7249 -999.9000   35.5823    0.0528   17.2769   91.3986
 223.4492 11472.5578  217.4457 -999.9000   35.0546    0.0500   17.4113   91.3982
 218.0236 11629.4372  216.2476 -999.9000   30.1977    0.0480   17.2209   91.4126
 212.6609 11786.3166  214.5814 -999.9000   25.6686    0.0350   15.5551   91.5070
 207.3913 11943.1960  213.7585 -999.9000   23.8306    0.0295   14.3940   91.4951
 202.2510 12100.0754  214.4731 -999.9000   18.0513    0.0410   14.1090   91.5711
 197.2536 12256.9548  215.8836 -999.9000    9.1213    0.0304   12.1305   92.1270
 192.4469 12413.8342  218.2883 -999.9000    2.6522    0.0062   12.6036   91.9985
 187.8076 12570.7136  218.1162 -999.9000    0.2376    0.0003   12.8695   91.9213
 183.2603 12727.5930  216.8916 -999.9000    0.2963    0.0003   12.6007   91.8946
 178.8033 12884.4724  216.4890 -999.9000    0.0000    0.0000   12.3908   91.8603
 174.4458 13041.3518  216.9021 -999.9000    0.0133    0.0000   12.5467   91.7991
 170.1876 13198.2312  217.1364 -999.9000    0.0000    0.0000   13.0941   91.6668
 166.0391 13355.1106  217.3125 -999.9000    0.0000    0.0000   13.7354   91.5392
 162.0101 13511.9899  216.9429 -999.9000    0.0002    0.0000   14.0552   91.4198
 158.0706 13668.8693  215.9636 -999.9000    0.0000    0.0000   13.6919   91.3880
 154.1974 13825.7487  215.0938 -999.9000    0.0000    0.0000   12.5494   91.4693
 150.4126 13982.6281  215.0289 -999.9000    0.0000    0.0000   10.6530   91.5650
 146.7292 14139.5075  215.9580 -999.9000    0.0000    0.0000   10.5908   91.5673
 143.1108 14296.3869  214.1796 -999.9000    0.0000    0.0000   10.5237   91.5696
 139.5597 14453.2663  216.5955 -999.9000    0.0000    0.0000   10.5033   91.5684
 136.1266 14610.1457  214.2573 -999.9000    0.0000    0.0000   10.5046   91.5540
 132.7619 14767.0251  213.3855 -999.9000    0.0000    0.0000   10.5090   91.5347
 129.4754 14923.9045  214.3834 -999.9000    0.0000    0.0000   10.5107   91.5197
 126.2897 15080.7839  215.4933 -999.9000    0.0000    0.0000   10.5008   91.5108
 123.1790 15237.6633  216.7274 -999.9000    0.0000    0.0000   10.5175   91.4644
 120.1481 15394.5427  217.2092 -999.9000    0.0000    0.0000   10.3746   91.3748
 117.2138 15551.4221  216.5755 -999.9000    0.0000    0.0000   10.0121   91.2661
 114.3435 15708.3015  216.4931 -999.9000    0.0000    0.0000    9.6878   91.1464
 111.5416 15865.1809  216.2628 -999.9000    0.0000    0.0000    9.1038   91.1933
 108.8149 16022.0603  217.5898 -999.9000    0.0000    0.0000    8.2860   91.4869
 106.1648 16178.9397  217.6578 -999.9000    0.0000    0.0000    7.8209   91.3484
 103.5767 16335.8191  217.3048 -999.9000    0.0000    0.0000    6.3865   91.9971
 101.0524 16492.6985  219.3627 -999.9000    0.0000    0.0000    1.9048   90.4089
  98.6148 16649.5779  217.9826 -999.9000    0.0000    0.0000    1.1252   90.4014
  96.2203 16806.4573  217.2528 -999.9000    0.0000    0.0000    0.2938   90.4014
  93.8688 16963.3367  216.5460 -999.9000    0.0000    0.0000    1.3708   90.4014
  91.5836 17120.2161  216.4332 -999.9000    0.0000    0.0000    2.2327   90.4014
  89.3567 17277.0955  216.4176 -999.9000    0.0000    0.0000    2.8602   90.4014
  87.1784 17433.9749  215.9512 -999.9000    0.0000    0.0000    3.5501   90.3927
  85.0453 17590.8543  215.1460 -999.9000    0.0000    0.0000    4.4691   90.0754
  82.9608 17747.7337  214.8255 -999.9000    0.0000    0.0000    5.6437   90.9865
  80.9282 17904.6131  215.4731 -999.9000    0.0000    0.0000    6.7904   90.6807
  78.9484 18061.4925  216.1192 -999.9000    0.0000    0.0000    6.6809   90.4907
  77.0217 18218.3719  216.7942 -999.9000    0.0000    0.0000    5.7185   90.6714
  75.1483 18375.2513  217.8553 -999.9000    0.0000    0.0000    4.7580   90.9237
  73.3271 18532.1307  218.9608 -999.9000    0.0000    0.0000    4.1300   91.0464
  71.5556 18689.0101  219.0909 -999.9000    0.0000    0.0000    3.6566   90.9336
  69.8260 18845.8894  217.9810 -999.9000    0.0000    0.0000    3.0316   91.0562
  68.1227 19002.7688  217.6973 -999.9000    0.0000    0.0000    1.8882   91.7656
  66.4601 19159.6482  218.0550 -999.9000    0.0000    0.0000    0.8575   89.5288
  64.8418 19316.5276  218.5476 -999.9000    0.0000    0.0000    0.5495   87.4851
  63.2670 19473.4070  218.9615 -999.9000    0.0000    0.0000    1.0945   87.9468
  61.7318 19630.2864  219.5346 -999.9000    0.0000    0.0000    1.6841   88.3028
  60.2355 19787.1658  219.7609 -999.9000    0.0000    0.0000    2.4316   88.5476
  58.7762 19944.0452  219.4799 -999.9000    0.0000    0.0000    3.2772   88.9105
  57.3501 20100.9246  219.1181 -999.9000    0.0000    0.0000    3.7168   89.0671
  55.9562 20257.8040  218.8693 -999.9000    0.0000    0.0000    3.6531   88.9446
  54.5968 20414.6834  218.6542 -999.9000    0.0000    0.0000    3.4513   88.7725
  53.2731 20571.5628  218.6245 -999.9000    0.0000    0.0000    3.2749   88.6461
  51.9860 20728.4422  219.0912 -999.9000    0.0000    0.0000    3.1407   88.5640
  50.7361 20885.3216  220.3676 -999.9000    0.0000    0.0000    3.0632   88.5228
  49.5229 21042.2010  222.1651 -999.9000    0.0000    0.0000    3.0260   88.5126
  48.3394 21199.0804  221.5739 -999.9000    0.0000    0.0000    3.3787   88.5757
  47.1874 21355.9598  221.6698 -999.9000    0.0000    0.0000    4.5200   88.7747
  46.0647 21512.8392  222.0908 -999.9000    0.0000    0.0000    5.5652   88.9472
  44.9691 21669.7186  222.3576 -999.9000    0.0000    0.0000    5.7815   88.9570
  43.8989 21826.5980  222.4071 -999.9000    0.0000    0.0000    5.4015   88.8369
  42.8525 21983.4774  222.2995 -999.9000    0.0000    0.0000    4.9413   88.6697
  41.8295 22140.3568  222.0829 -999.9000    0.0000    0.0000    4.6901   88.5214
  40.8309 22297.2362  221.7853 -999.9000    0.0000    0.0000    4.5852   88.4316
  39.8584 22454.1156  221.4358 -999.9000    0.0000    0.0000    4.5349   88.4374
  38.9104 22610.9950  221.8608 -999.9000    0.0000    0.0000    4.6868   88.5046
  37.9838 22767.8744  223.1535 -999.9000    0.0000    0.0000    5.0973   88.5579
  37.0791 22924.7538  223.8774 -999.9000    0.0000    0.0000    5.4348   88.6106
  36.1962 23081.6332  224.0013 -999.9000    0.0000    0.0000    5.6832   88.6649
  35.3349 23238.5126  223.7428 -999.9000    0.0000    0.0000    5.8820   88.7211
  34.4951 23395.3920  223.3191 -999.9000    0.0000    0.0000    6.0708   88.7793
  33.6765 23552.2714  222.9480 -999.9000    0.0000    0.0000    6.2893   88.8396
  32.8792 23709.1508  222.8468 -999.9000    0.0000    0.0000    6.5771   88.9021
  32.1025 23866.0302  223.1574 -999.9000    0.0000    0.0000    6.9466   88.9664
  31.3447 24022.9095  223.7419 -999.9000    0.0000    0.0000    7.3096   89.0294
  30.6036 24179.7889  224.3982 -999.9000    0.0000    0.0000    7.5547   89.0878
  29.8779 24336.6683  224.8986 -999.9000    0.0000    0.0000    7.5902   89.1301
  29.1715 24493.5477  224.9536 -999.9000    0.0000    0.0000    7.5204   89.0898
  28.4842 24650.4271  224.8109 -999.9000    0.0000    0.0000    7.3982   88.9796
  27.8138 24807.3065  224.8390 -999.9000    0.0000    0.0000    7.2375   88.8366
  27.1583 24964.1859  225.4048 -999.9000    0.0000    0.0000    7.0522   88.6979
  26.5173 25121.0653  226.5695 -999.9000    0.0000    0.0000    6.8629   88.5852
  25.8939 25277.9447  227.7454 -999.9000    0.0000    0.0000    6.7043   88.4883
  25.2914 25434.8241  228.2617 -999.9000    0.0000    0.0000    6.6131   88.3927
  24.7096 25591.7035  227.7524 -999.9000    0.0000    0.0000    6.6707   88.3136
  24.1354 25748.5829  227.2030 -999.9000    0.0000    0.0000    7.0378   88.3442
  23.5706 25905.4623  226.9465 -999.9000    0.0000    0.0000    7.6168   88.4419
  23.0189 26062.3417  227.1924 -999.9000    0.0000    0.0000    8.2827   88.5480
  22.4826 26219.2211  228.0060 -999.9000    0.0000    0.0000    8.9349   88.6216
  21.9608 26376.1005  229.0817 -999.9000    0.0000    0.0000    9.5349   88.6692
  21.4521 26532.9799  230.0548 -999.9000    0.0000    0.0000   10.0544   88.7041
  20.9548 26689.8593  230.5604 -999.9000    0.0000    0.0000   10.4648   88.7401
  20.4676 26846.7387  230.2339 -999.9000    0.0000    0.0000   10.7378   88.7908
  19.9891 27003.6181  228.7459 -999.9000    0.0000    0.0000   10.8382   88.8671
  19.5243 27160.4975  227.8178 -999.9000    0.0000    0.0000   10.4039   88.8331
  19.0752 27317.3769  228.2373 -999.9000    0.0000    0.0000    9.5071   88.6652
  18.6391 27474.2563  229.4240 -999.9000    0.0000    0.0000    8.5422   88.4541
  18.2135 27631.1357  230.7979 -999.9000    0.0000    0.0000    7.9036   88.2905
  17.7959 27788.0151  231.7879 -999.9000    0.0000    0.0000    7.9629   88.2601
  17.3864 27944.8945  232.0469 -999.9000    0.0000    0.0000    8.5411   88.3267
  16.9866 28101.7739  231.6014 -999.9000    0.0000    0.0000    9.1570   88.3867
  16.5963 28258.6533  230.7482 -999.9000    0.0000    0.0000    9.7759   88.4341
  16.2153 28415.5327  229.8113 -999.9000    0.0000    0.0000   10.4120   88.4734
  15.8432 28572.4121  229.1146 -999.9000    0.0000    0.0000   11.0802   88.5095
  15.4798 28729.2915  228.9761 -999.9000    0.0000    0.0000   11.7928   88.5468
  15.1246 28886.1709  229.3573 -999.9000    0.0000    0.0000   12.4474   88.5881
  14.7769 29043.0503  229.7014 -999.9000    0.0000    0.0000   12.7803   88.6333
  14.4368 29199.9296  229.8446 -999.9000    0.0000    0.0000   12.7266   88.6841
  14.1043 29356.8090  229.9246 -999.9000    0.0000    0.0000   12.3676   88.7433
  13.7798 29513.6884  230.0850 -999.9000    0.0000    0.0000   11.7879   88.8140
  13.4633 29670.5678  230.4693 -999.9000    0.0000    0.0000   11.0716   88.8992
  13.1552 29827.4472  231.2211 -999.9000    0.0000    0.0000   10.3033   89.0018
  12.8555 29984.3266  232.4272 -999.9000    0.0000    0.0000    9.5652   89.1215
  12.5638 30141.2060  233.7753 -999.9000    0.0000    0.0000    8.9254   89.2343
  12.2794 30298.0854  234.7835 -999.9000    0.0000    0.0000    8.4458   89.3059
  12.0018 30454.9648  234.9696 -999.9000    0.0000    0.0000    8.1886   89.3022
  11.7304 30611.8442  234.1056 -999.9000    0.0000    0.0000    8.1746   89.2026
  11.4650 30768.7236  233.0035 -999.9000    0.0000    0.0000    8.2585   89.0420
  11.2056 30925.6030  232.7399 -999.9000    0.0000    0.0000    8.2527   88.8691
  10.9522 31082.4824  233.9668 -999.9000    0.0000    0.0000    8.0371   88.7216
  10.7056 31239.3618  235.5241 -999.9000    0.0000    0.0000    7.7806   88.5894
  10.4661 31396.2412  236.0940 -999.9000    0.0000    0.0000    7.6804   88.4534
  10.2318 31553.1206  235.7565 -999.9000    0.0000    0.0000    7.7218   88.3118
  10.0000 31710.0000  234.9667 -999.9000    0.0000    0.0000    7.8340   88.1674
