# 06610 LSMP Payerne Observations at 12Z 30 Jul 2008
# Radiosonde file generated by raso.rb
#
  P [hPa],     Z [m],    T [K],   Td [K],   RH [%], r [g/kg], WS [m/s], WD [deg]
 962.0000   491.0000  297.6485 -999.9000   66.2956   13.6900    1.9911   93.0543
 944.6891   647.8794  295.6744 -999.9000   67.8694   12.6302    4.4358   92.6754
 927.6873   804.7588  294.3652 -999.9000   79.6408   13.9071    2.0526   92.9144
 911.0964   961.6382  293.1501 -999.9000   80.1110   14.4362    0.2643   92.0428
 894.7070  1118.5176  292.2850 -999.9000   80.1193   14.3064    1.2011   90.9797
 878.5406  1275.3970  292.0544 -999.9000   80.1915   13.3485    2.1672   90.6229
 862.6769  1432.2764  290.7343 -999.9000   81.1100   13.5129    2.3829   90.4248
 846.9845  1589.1558  289.5438 -999.9000   80.4304   13.9027    3.9760   90.3491
 831.5533  1746.0352  289.2413 -999.9000   80.9083   13.2228    4.8493   90.3950
 816.3570  1902.9146  287.9656 -999.9000   80.7937   11.9693    5.9465   90.4496
 801.3249  2059.7940  286.4082 -999.9000   80.5088   11.5640    6.5629   90.4939
 786.5365  2216.6734  285.0817 -999.9000   80.3478   10.4184    7.3052   90.5367
 771.9169  2373.5528  283.8733 -999.9000   80.7278    8.7627    8.4915   90.5644
 757.5041  2530.4322  282.8365 -999.9000   80.5850    8.5006    9.0182   90.6155
 743.3854  2687.3116  282.2808 -999.9000   77.9262    7.5803    7.9041   90.6080
 729.2940  2844.1910  281.2241 -999.9000   60.4956    5.5688    7.6547   90.6173
 715.5826  3001.0704  280.1925 -999.9000   50.2101    4.3807    9.2282   90.6971
 702.0616  3157.9497  279.0232 -999.9000   51.6865    4.2344   10.5026   90.7782
 688.7126  3314.8291  277.5585 -999.9000   59.0084    4.4448   10.5837   90.8007
 675.5482  3471.7085  275.9430 -999.9000   68.3052    4.6752   10.8244   90.8205
 662.5494  3628.5879  274.4767 -999.9000   74.2430    4.6607   11.4213   90.8487
 649.7305  3785.4673  273.4761 -999.9000   67.3507    4.0055   11.7065   90.8627
 637.1240  3942.3467  272.6302 -999.9000   55.1986    3.1437   11.0174   90.9118
 624.7467  4099.2261  271.6213 -999.9000   50.2113    2.7055    9.4617   91.0167
 612.5275  4256.1055  270.5654 -999.9000   50.1367    2.5464    9.0219   91.0465
 600.5160  4412.9849  269.9606 -999.9000   38.2365    1.8919    9.2960   91.0390
 588.7253  4569.8643  269.3671 -999.9000   22.7756    1.0986    9.4753   91.0433
 577.1128  4726.7437  268.0750 -999.9000   18.1756    0.8108    9.5223   91.0483
 565.6299  4883.6231  267.2394 -999.9000   17.0414    0.7276    9.4828   91.0538
 554.4053  5040.5025  266.6778 -999.9000   13.5033    0.5634    8.7935   91.1400
 543.3471  5197.3819  266.0024 -999.9000   12.8425    0.5190    8.0163   91.2153
 532.4739  5354.2613  264.9767 -999.9000   22.2064    0.8459    8.4247   91.2112
 521.8251  5511.1407  263.9285 -999.9000   24.0518    0.8613    9.1846   91.1806
 511.3144  5668.0201  263.1370 -999.9000   14.1012    0.4842    9.8713   91.1583
 500.9731  5824.8995  261.7942 -999.9000   12.9849    0.4090   10.5804   91.1344
 490.8286  5981.7789  260.1804 -999.9000   18.4168    0.5200   10.7441   91.1143
 480.7236  6138.6583  259.0634 -999.9000   29.2549    0.7703   11.0883   91.0832
 470.8214  6295.5377  257.7710 -999.9000   31.5202    0.7621   11.1975   91.0728
 461.0900  6452.4171  256.3379 -999.9000   30.8535    0.6762   10.9319   90.9894
 451.4963  6609.2965  255.0296 -999.9000   32.0282    0.6422    9.9376   90.8335
 442.0676  6766.1759  253.9446 -999.9000   32.6033    0.6091    9.0620   90.7116
 432.8253  6923.0553  252.9677 -999.9000   32.3203    0.5674    9.9881   90.6964
 423.7241  7079.9347  251.5439 -999.9000   36.0265    0.5712   10.8868   90.7318
 414.7432  7236.8141  249.8192 -999.9000   41.2523    0.5742   10.7035   90.7585
 405.9174  7393.6935  248.8017 -999.9000   31.8390    0.4138   10.9514   90.7794
 397.1974  7550.5729  247.4899 -999.9000   27.2542    0.3219   11.2386   90.7881
 388.6475  7707.4523  246.0696 -999.9000   31.1790    0.3308   11.4028   90.8405
 380.2876  7864.3317  245.0244 -999.9000   34.8307    0.3433   11.6574   90.9010
 372.0784  8021.2111  244.1761 -999.9000   39.1029    0.3645   11.8275   90.8924
 363.9826  8178.0905  243.3507 -999.9000   45.2316    0.3994   11.7588   90.7526
 356.0087  8334.9698  242.4645 -999.9000   54.4753    0.4529   11.7620   90.7678
 348.2042  8491.8492  241.5364 -999.9000   60.6055    0.5188   12.3838   91.3797
 340.5609  8648.7286  240.6495 -999.9000   65.0031    0.5272   12.6369   91.7004
 333.0575  8805.6080  239.7539 -999.9000   65.6171    0.4852   12.5989   91.6152
 325.6771  8962.4874  238.7494 -999.9000   65.0493    0.4338   12.9157   91.4555
 318.4095  9119.3668  237.5201 -999.9000   65.8461    0.3977   13.8559   91.4682
 311.2701  9276.2462  235.8564 -999.9000   60.7460    0.3338   14.0334   91.4746
 304.2599  9433.1256  234.2604 -999.9000   55.5674    0.2938   14.2753   91.4194
 297.3812  9590.0050  233.1540 -999.9000   50.7261    0.2688   14.7732   91.3896
 290.6045  9746.8844  231.8883 -999.9000   45.5194    0.2331   15.1154   91.3805
 283.9369  9903.7638  230.4757 -999.9000   45.8225    0.2031   15.5044   91.3479
 277.3870 10060.6432  228.9621 -999.9000   45.6775    0.1789   15.9025   91.3074
 270.9631 10217.5226  227.3876 -999.9000   45.6188    0.1538   16.1769   91.2950
 264.6694 10374.4020  225.8268 -999.9000   45.7325    0.1244   16.2373   91.3378
 258.4744 10531.2814  224.5866 -999.9000   45.2437    0.1097   16.3844   91.3756
 252.3757 10688.1608  223.5496 -999.9000   45.5631    0.1034   16.6467   91.3933
 246.3812 10845.0402  222.4868 -999.9000   40.2801    0.0916   16.9423   91.3978
 240.4896 11001.9196  221.2914 -999.9000   35.7198    0.0742   17.2178   91.3965
 234.6950 11158.7990  219.9583 -999.9000   35.9746    0.0604   17.4439   91.3968
 229.0082 11315.6784  218.5839 -999.9000   35.5181    0.0528   17.6154   91.3986
 223.4492 11472.5578  217.3157 -999.9000   34.9901    0.0500   17.7390   91.3982
 218.0236 11629.4372  216.1295 -999.9000   30.1409    0.0480   17.5337   91.4126
 212.6609 11786.3166  214.4764 -999.9000   25.6193    0.0350   15.8496   91.5070
 207.3913 11943.1960  213.6673 -999.9000   23.7838    0.0295   14.6670   91.4951
 202.2510 12100.0754  214.3964 -999.9000   18.0150    0.0410   14.3580   91.5711
 197.2536 12256.9548  215.8218 -999.9000    9.1025    0.0304   12.3534   92.1270
 192.4469 12413.8342  218.2418 -999.9000    2.6466    0.0062   12.7988   91.9985
 187.8076 12570.7136  218.0853 -999.9000    0.2371    0.0003   13.0359   91.9213
 183.2603 12727.5930  216.8763 -999.9000    0.2957    0.0003   12.7377   91.8946
 178.8033 12884.4724  216.4892 -999.9000    0.0000    0.0000   12.4984   91.8603
 174.4458 13041.3518  216.9175 -999.9000    0.0133    0.0000   12.6253   91.7991
 170.1876 13198.2312  217.1668 -999.9000    0.0000    0.0000   13.1446   91.6668
 166.0391 13355.1106  217.3572 -999.9000    0.0000    0.0000   13.7593   91.5392
 162.0101 13511.9899  217.0014 -999.9000    0.0002    0.0000   14.0543   91.4198
 158.0706 13668.8693  216.0349 -999.9000    0.0000    0.0000   13.6686   91.3880
 154.1974 13825.7487  215.1771 -999.9000    0.0000    0.0000   12.5066   91.4693
 150.4126 13982.6281  215.1230 -999.9000    0.0000    0.0000   10.5941   91.5650
 146.7292 14139.5075  216.0617 -999.9000    0.0000    0.0000   10.5198   91.5673
 143.1108 14296.3869  214.2914 -999.9000    0.0000    0.0000   10.4450   91.5696
 139.5597 14453.2663  216.7139 -999.9000    0.0000    0.0000   10.4217   91.5684
 136.1266 14610.1457  214.3807 -999.9000    0.0000    0.0000   10.4250   91.5540
 132.7619 14767.0251  213.5125 -999.9000    0.0000    0.0000   10.4359   91.5347
 129.4754 14923.9045  214.5125 -999.9000    0.0000    0.0000   10.4483   91.5197
 126.2897 15080.7839  215.6231 -999.9000    0.0000    0.0000   10.4529   91.5108
 123.1790 15237.6633  216.8568 -999.9000    0.0000    0.0000   10.4874   91.4644
 120.1481 15394.5427  217.3369 -999.9000    0.0000    0.0000   10.3653   91.3748
 117.2138 15551.4221  216.7005 -999.9000    0.0000    0.0000   10.0263   91.2661
 114.3435 15708.3015  216.6143 -999.9000    0.0000    0.0000    9.7277   91.1464
 111.5416 15865.1809  216.3793 -999.9000    0.0000    0.0000    9.1712   91.1933
 108.8149 16022.0603  217.7008 -999.9000    0.0000    0.0000    8.3825   91.4869
 106.1648 16178.9397  217.7625 -999.9000    0.0000    0.0000    7.9475   91.3484
 103.5767 16335.8191  217.4024 -999.9000    0.0000    0.0000    6.5439   91.9971
 101.0524 16492.6985  219.4528 -999.9000    0.0000    0.0000    2.0933   90.4089
  98.6148 16649.5779  218.0645 -999.9000    0.0000    0.0000    1.3448   90.4014
  96.2203 16806.4573  217.3262 -999.9000    0.0000    0.0000    0.5441   90.4014
  93.8688 16963.3367  216.6105 -999.9000    0.0000    0.0000    1.6509   90.4014
  91.5836 17120.2161  216.4884 -999.9000    0.0000    0.0000    2.5414   90.4014
  89.3567 17277.0955  216.4634 -999.9000    0.0000    0.0000    3.1960   90.4014
  87.1784 17433.9749  215.9874 -999.9000    0.0000    0.0000    3.9110   90.3927
  85.0453 17590.8543  215.1726 -999.9000    0.0000    0.0000    4.8527   90.0754
  82.9608 17747.7337  214.8425 -999.9000    0.0000    0.0000    6.0473   90.9865
  80.9282 17904.6131  215.4807 -999.9000    0.0000    0.0000    7.2110   90.6807
  78.9484 18061.4925  216.1174 -999.9000    0.0000    0.0000    7.1151   90.4907
  77.0217 18218.3719  216.7831 -999.9000    0.0000    0.0000    6.1634   90.6714
  75.1483 18375.2513  217.8348 -999.9000    0.0000    0.0000    5.2107   90.9237
  73.3271 18532.1307  218.9307 -999.9000    0.0000    0.0000    4.5878   91.0464
  71.5556 18689.0101  219.0510 -999.9000    0.0000    0.0000    4.1171   90.9336
  69.8260 18845.8894  217.9307 -999.9000    0.0000    0.0000    3.4923   91.0562
  68.1227 19002.7688  217.6362 -999.9000    0.0000    0.0000    2.3472   91.7656
  66.4601 19159.6482  217.9826 -999.9000    0.0000    0.0000    1.3127   89.5288
  64.8418 19316.5276  218.4632 -999.9000    0.0000    0.0000    0.9993   87.4851
  63.2670 19473.4070  218.8642 -999.9000    0.0000    0.0000    1.5373   87.9468
  61.7318 19630.2864  219.4235 -999.9000    0.0000    0.0000    2.1185   88.3028
  60.2355 19787.1658  219.6351 -999.9000    0.0000    0.0000    2.8564   88.5476
  58.7762 19944.0452  219.3383 -999.9000    0.0000    0.0000    3.6916   88.9105
  57.3501 20100.9246  218.9593 -999.9000    0.0000    0.0000    4.1198   89.0671
  55.9562 20257.8040  218.6922 -999.9000    0.0000    0.0000    4.0441   88.9446
  54.5968 20414.6834  218.4573 -999.9000    0.0000    0.0000    3.8299   88.7725
  53.2731 20571.5628  218.4063 -999.9000    0.0000    0.0000    3.6409   88.6461
  51.9860 20728.4422  218.8500 -999.9000    0.0000    0.0000    3.4940   88.5640
  50.7361 20885.3216  220.1018 -999.9000    0.0000    0.0000    3.4040   88.5228
  49.5229 21042.2010  221.8729 -999.9000    0.0000    0.0000    3.3545   88.5126
  48.3394 21199.0804  221.2534 -999.9000    0.0000    0.0000    3.6955   88.5757
  47.1874 21355.9598  221.3189 -999.9000    0.0000    0.0000    4.8258   88.7747
  46.0647 21512.8392  221.7076 -999.9000    0.0000    0.0000    5.8607   88.9472
  44.9691 21669.7186  221.9405 -999.9000    0.0000    0.0000    6.0676   88.9570
  43.8989 21826.5980  221.9548 -999.9000    0.0000    0.0000    5.6788   88.8369
  42.8525 21983.4774  221.8114 -999.9000    0.0000    0.0000    5.2106   88.6697
  41.8295 22140.3568  221.5583 -999.9000    0.0000    0.0000    4.9519   88.5214
  40.8309 22297.2362  221.2242 -999.9000    0.0000    0.0000    4.8402   88.4316
  39.8584 22454.1156  220.8385 -999.9000    0.0000    0.0000    4.7836   88.4374
  38.9104 22610.9950  221.2280 -999.9000    0.0000    0.0000    4.9298   88.5046
  37.9838 22767.8744  222.4861 -999.9000    0.0000    0.0000    5.3350   88.5579
  37.0791 22924.7538  223.1770 -999.9000    0.0000    0.0000    5.6678   88.6106
  36.1962 23081.6332  223.2695 -999.9000    0.0000    0.0000    5.9118   88.6649
  35.3349 23238.5126  222.9818 -999.9000    0.0000    0.0000    6.1065   88.7211
  34.4951 23395.3920  222.5316 -999.9000    0.0000    0.0000    6.2916   88.7793
  33.6765 23552.2714  222.1368 -999.9000    0.0000    0.0000    6.5066   88.8396
  32.8792 23709.1508  222.0152 -999.9000    0.0000    0.0000    6.7912   88.9021
  32.1025 23866.0302  222.3090 -999.9000    0.0000    0.0000    7.1577   88.9664
  31.3447 24022.9095  222.8807 -999.9000    0.0000    0.0000    7.5178   89.0294
  30.6036 24179.7889  223.5287 -999.9000    0.0000    0.0000    7.7602   89.0878
  29.8779 24336.6683  224.0256 -999.9000    0.0000    0.0000    7.7930   89.1301
  29.1715 24493.5477  224.0822 -999.9000    0.0000    0.0000    7.7207   89.0898
  28.4842 24650.4271  223.9466 -999.9000    0.0000    0.0000    7.5958   88.9796
  27.8138 24807.3065  223.9878 -999.9000    0.0000    0.0000    7.4324   88.8366
  27.1583 24964.1859  224.5727 -999.9000    0.0000    0.0000    7.2444   88.6979
  26.5173 25121.0653  225.7623 -999.9000    0.0000    0.0000    7.0522   88.5852
  25.8939 25277.9447  226.9683 -999.9000    0.0000    0.0000    6.8905   88.4883
  25.2914 25434.8241  227.5197 -999.9000    0.0000    0.0000    6.7961   88.3927
  24.7096 25591.7035  227.0501 -999.9000    0.0000    0.0000    6.8501   88.3136
  24.1354 25748.5829  226.5446 -999.9000    0.0000    0.0000    7.2134   88.3442
  23.5706 25905.4623  226.3359 -999.9000    0.0000    0.0000    7.7883   88.4419
  23.0189 26062.3417  226.6328 -999.9000    0.0000    0.0000    8.4497   88.5480
  22.4826 26219.2211  227.5006 -999.9000    0.0000    0.0000    9.0970   88.6216
  21.9608 26376.1005  228.6331 -999.9000    0.0000    0.0000    9.6915   88.6692
  21.4521 26532.9799  229.6652 -999.9000    0.0000    0.0000   10.2051   88.7041
  20.9548 26689.8593  230.2318 -999.9000    0.0000    0.0000   10.6091   88.7401
  20.4676 26846.7387  229.9677 -999.9000    0.0000    0.0000   10.8751   88.7908
  19.9891 27003.6181  228.5431 -999.9000    0.0000    0.0000   10.9678   88.8671
  19.5243 27160.4975  227.6793 -999.9000    0.0000    0.0000   10.5253   88.8331
  19.0752 27317.3769  228.1634 -999.9000    0.0000    0.0000    9.6195   88.6652
  18.6391 27474.2563  229.4146 -999.9000    0.0000    0.0000    8.6447   88.4541
  18.2135 27631.1357  230.8526 -999.9000    0.0000    0.0000    7.9956   88.2905
  17.7959 27788.0151  231.9058 -999.9000    0.0000    0.0000    8.0435   88.2601
  17.3864 27944.8945  232.2269 -999.9000    0.0000    0.0000    8.6095   88.3267
  16.9866 28101.7739  231.8419 -999.9000    0.0000    0.0000    9.2122   88.3867
  16.5963 28258.6533  231.0472 -999.9000    0.0000    0.0000    9.8169   88.4341
  16.2153 28415.5327  230.1664 -999.9000    0.0000    0.0000   10.4380   88.4734
  15.8432 28572.4121  229.5231 -999.9000    0.0000    0.0000   11.0901   88.5095
  15.4798 28729.2915  229.4349 -999.9000    0.0000    0.0000   11.7854   88.5468
  15.1246 28886.1709  229.8628 -999.9000    0.0000    0.0000   12.4216   88.5881
  14.7769 29043.0503  230.2497 -999.9000    0.0000    0.0000   12.7350   88.6333
  14.4368 29199.9296  230.4314 -999.9000    0.0000    0.0000   12.6605   88.6841
  14.1043 29356.8090  230.5453 -999.9000    0.0000    0.0000   12.2795   88.7433
  13.7798 29513.6884  230.7345 -999.9000    0.0000    0.0000   11.6766   88.8140
  13.4633 29670.5678  231.1422 -999.9000    0.0000    0.0000   10.9358   88.8992
  13.1552 29827.4472  231.9116 -999.9000    0.0000    0.0000   10.1415   89.0018
  12.8555 29984.3266  233.1290 -999.9000    0.0000    0.0000    9.3761   89.1215
  12.5638 30141.2060  234.4818 -999.9000    0.0000    0.0000    8.7074   89.2343
  12.2794 30298.0854  235.4877 -999.9000    0.0000    0.0000    8.1975   89.3059
  12.0018 30454.9648  235.6642 -999.9000    0.0000    0.0000    7.9084   89.3022
  11.7304 30611.8442  234.7829 -999.9000    0.0000    0.0000    7.8610   89.2026
  11.4650 30768.7236  233.6552 -999.9000    0.0000    0.0000    7.9098   89.0420
  11.2056 30925.6030  233.3575 -999.9000    0.0000    0.0000    7.8674   88.8691
  10.9522 31082.4824  234.5415 -999.9000    0.0000    0.0000    7.6133   88.7216
  10.7056 31239.3618  236.0466 -999.9000    0.0000    0.0000    7.3167   88.5894
  10.4661 31396.2412  236.5545 -999.9000    0.0000    0.0000    7.1746   88.4534
  10.2318 31553.1206  236.1450 -999.9000    0.0000    0.0000    7.1723   88.3118
  10.0000 31710.0000  235.2727 -999.9000    0.0000    0.0000    7.2388   88.1674
