# 06610 LSMP Payerne Observations at 12Z 30 Jul 2008
# Radiosonde file generated by raso.rb
#
  P [hPa],     Z [m],    T [K],   Td [K],   RH [%], r [g/kg], WS [m/s], WD [deg]
 962.0000   491.0000  298.4347 -999.9000   66.2271   13.6900    1.9429   93.0543
 944.6891   647.8794  296.3808 -999.9000   67.7824   12.6302    4.4104   92.6754
 927.6873   804.7588  294.9964 -999.9000   79.5214   13.9071    2.0484   92.9144
 911.0964   961.6382  293.7105 -999.9000   79.9760   14.4362    0.2797   92.0428
 894.7070  1118.5176  292.7788 -999.9000   79.9719   14.3064    1.2345   90.9797
 878.5406  1275.3970  292.4859 -999.9000   80.0338   13.3485    2.2171   90.6229
 862.6769  1432.2764  291.1076 -999.9000   80.9424   13.5129    2.4478   90.4248
 846.9845  1589.1558  289.8628 -999.9000   80.2584   13.9027    4.0545   90.3491
 831.5533  1746.0352  289.5099 -999.9000   80.7313   13.2228    4.9401   90.3950
 816.3570  1902.9146  288.1876 -999.9000   80.6150   11.9693    6.0481   90.4496
 801.3249  2059.7940  286.5872 -999.9000   80.3305   11.5640    6.6740   90.4939
 786.5365  2216.6734  285.2212 -999.9000   80.1713   10.4184    7.4245   90.5367
 771.9169  2373.5528  283.9769 -999.9000   80.5535    8.7627    8.6178   90.5644
 757.5041  2530.4322  282.9075 -999.9000   80.4155    8.5006    9.1503   90.6155
 743.3854  2687.3116  282.3224 -999.9000   77.7680    7.5803    8.0408   90.6080
 729.2940  2844.1910  281.2394 -999.9000   60.3782    5.5688    7.7950   90.6173
 715.5826  3001.0704  280.1846 -999.9000   50.1179    4.3807    9.3708   90.6971
 702.0616  3157.9497  278.9950 -999.9000   51.5976    4.2344   10.6465   90.7782
 688.7126  3314.8291  277.5128 -999.9000   58.9145    4.4448   10.7280   90.8007
 675.5482  3471.7085  275.8825 -999.9000   68.2060    4.6752   10.9680   90.8205
 662.5494  3628.5879  274.4041 -999.9000   74.1462    4.6607   11.5632   90.8487
 649.7305  3785.4673  273.3937 -999.9000   67.2734    4.0055   11.8459   90.8627
 637.1240  3942.3467  272.5405 -999.9000   55.1443    3.1437   11.1534   90.9118
 624.7467  4099.2261  271.5265 -999.9000   50.1704    2.7055    9.5935   91.0167
 612.5275  4256.1055  270.4678 -999.9000   50.1045    2.5464    9.1487   91.0465
 600.5160  4412.9849  269.8622 -999.9000   38.2187    1.8919    9.4170   91.0390
 588.7253  4569.8643  269.2700 -999.9000   22.7691    1.0986    9.5897   91.0433
 577.1128  4726.7437  267.9808 -999.9000   18.1736    0.8108    9.6296   91.0483
 565.6299  4883.6231  267.1501 -999.9000   17.0426    0.7276    9.5823   91.0538
 554.4053  5040.5025  266.5948 -999.9000   13.5066    0.5634    8.8845   91.1400
 543.3471  5197.3819  265.9274 -999.9000   12.8479    0.5190    8.0983   91.2153
 532.4739  5354.2613  264.9111 -999.9000   22.2194    0.8459    8.4972   91.2112
 521.8251  5511.1407  263.8737 -999.9000   24.0697    0.8613    9.2471   91.1806
 511.3144  5668.0201  263.0941 -999.9000   14.1138    0.4842    9.9232   91.1583
 500.9731  5824.8995  261.7644 -999.9000   12.9984    0.4090   10.6215   91.1344
 490.8286  5981.7789  260.1646 -999.9000   18.4385    0.5200   10.7739   91.1143
 480.7236  6138.6583  259.0626 -999.9000   29.2930    0.7703   11.1065   91.0832
 470.8214  6295.5377  257.7861 -999.9000   31.5647    0.7621   11.2037   91.0728
 461.0900  6452.4171  256.3694 -999.9000   30.9001    0.6762   10.9259   90.9894
 451.4963  6609.2965  255.0781 -999.9000   32.0792    0.6422    9.9192   90.8335
 442.0676  6766.1759  254.0107 -999.9000   32.6573    0.6091    9.0310   90.7116
 432.8253  6923.0553  253.0517 -999.9000   32.3754    0.5674    9.9443   90.6964
 423.7241  7079.9347  251.6460 -999.9000   36.0890    0.5712   10.8301   90.7318
 414.7432  7236.8141  249.9396 -999.9000   41.3242    0.5742   10.6339   90.7585
 405.9174  7393.6935  248.9406 -999.9000   31.8941    0.4138   10.8687   90.7794
 397.1974  7550.5729  247.6470 -999.9000   27.3004    0.3219   11.1430   90.7881
 388.6475  7707.4523  246.2448 -999.9000   31.2300    0.3308   11.2942   90.8405
 380.2876  7864.3317  245.2172 -999.9000   34.8851    0.3433   11.5357   90.9010
 372.0784  8021.2111  244.3860 -999.9000   39.1602    0.3645   11.6927   90.8924
 363.9826  8178.0905  243.5767 -999.9000   45.2930    0.3994   11.6109   90.7526
 356.0087  8334.9698  242.7055 -999.9000   54.5428    0.4529   11.6008   90.7678
 348.2042  8491.8492  241.7912 -999.9000   60.6725    0.5188   12.2092   91.3797
 340.5609  8648.7286  240.9168 -999.9000   65.0658    0.5272   12.4489   91.7004
 333.0575  8805.6080  240.0318 -999.9000   65.6708    0.4852   12.3974   91.6152
 325.6771  8962.4874  239.0361 -999.9000   65.0928    0.4338   12.7005   91.4555
 318.4095  9119.3668  237.8134 -999.9000   65.8800    0.3977   13.6268   91.4682
 311.2701  9276.2462  236.1542 -999.9000   60.7681    0.3338   13.7902   91.4746
 304.2599  9433.1256  234.5601 -999.9000   55.5792    0.2938   14.0178   91.4194
 297.3812  9590.0050  233.4529 -999.9000   50.7296    0.2688   14.5012   91.3896
 290.6045  9746.8844  232.1835 -999.9000   45.5162    0.2331   14.8287   91.3805
 283.9369  9903.7638  230.7641 -999.9000   45.8133    0.2031   15.2028   91.3479
 277.3870 10060.6432  229.2404 -999.9000   45.6630    0.1789   15.5856   91.3074
 270.9631 10217.5226  227.6522 -999.9000   45.5995    0.1538   15.8444   91.2950
 264.6694 10374.4020  226.0740 -999.9000   45.7090    0.1244   15.8890   91.3378
 258.4744 10531.2814  224.8125 -999.9000   45.2173    0.1097   16.0199   91.3756
 252.3757 10688.1608  223.7500 -999.9000   45.5341    0.1034   16.2657   91.3933
 246.3812 10845.0402  222.6575 -999.9000   40.2533    0.0916   16.5445   91.3978
 240.4896 11001.9196  221.4277 -999.9000   35.6957    0.0742   16.8027   91.3965
 234.6950 11158.7990  220.0560 -999.9000   35.9510    0.0604   17.0113   91.3968
 229.0082 11315.6784  218.6395 -999.9000   35.4962    0.0528   17.1651   91.3986
 223.4492 11472.5578  217.3261 -999.9000   34.9707    0.0500   17.2711   91.3982
 218.0236 11629.4372  216.0925 -999.9000   30.1265    0.0480   17.0483   91.4126
 212.6609 11786.3166  214.3900 -999.9000   25.6095    0.0350   15.3469   91.5070
 207.3913 11943.1960  213.5304 -999.9000   23.7773    0.0295   14.1475   91.4951
 202.2510 12100.0754  214.2084 -999.9000   18.0123    0.0410   13.8221   91.5711
 197.2536 12256.9548  215.5828 -999.9000    9.1024    0.0304   11.8019   92.1270
 192.4469 12413.8342  217.9525 -999.9000    2.6470    0.0062   12.2326   91.9985
 187.8076 12570.7136  217.7468 -999.9000    0.2372    0.0003   12.4559   91.9213
 183.2603 12727.5930  216.4906 -999.9000    0.2958    0.0003   12.1451   91.8946
 178.8033 12884.4724  216.0587 -999.9000    0.0000    0.0000   11.8944   91.8603
 174.4458 13041.3518  216.4453 -999.9000    0.0133    0.0000   12.0113   91.7991
 170.1876 13198.2312  216.6565 -999.9000    0.0000    0.0000   12.5222   91.6668
 166.0391 13355.1106  216.8133 -999.9000    0.0000    0.0000   13.1301   91.5392
 162.0101 13511.9899  216.4286 -999.9000    0.0002    0.0000   13.4202   91.4198
 158.0706 13668.8693  215.4388 -999.9000    0.0000    0.0000   13.0316   91.3880
 154.1974 13825.7487  214.5638 -999.9000    0.0000    0.0000   11.8688   91.4693
 150.4126 13982.6281  214.4993 -999.9000    0.0000    0.0000    9.9577   91.5650
 146.7292 14139.5075  215.4349 -999.9000    0.0000    0.0000    9.8872   91.5673
 143.1108 14296.3869  213.6694 -999.9000    0.0000    0.0000    9.8186   91.5696
 139.5597 14453.2663  216.1053 -999.9000    0.0000    0.0000    9.8044   91.5684
 136.1266 14610.1457  213.7938 -999.9000    0.0000    0.0000    9.8192   91.5540
 132.7619 14767.0251  212.9549 -999.9000    0.0000    0.0000    9.8442   91.5347
 129.4754 14923.9045  213.9912 -999.9000    0.0000    0.0000    9.8727   91.5197
 126.2897 15080.7839  215.1444 -999.9000    0.0000    0.0000    9.8953   91.5108
 123.1790 15237.6633  216.4259 -999.9000    0.0000    0.0000    9.9495   91.4644
 120.1481 15394.5427  216.9585 -999.9000    0.0000    0.0000    9.8485   91.3748
 117.2138 15551.4221  216.3785 -999.9000    0.0000    0.0000    9.5319   91.2661
 114.3435 15708.3015  216.3519 -999.9000    0.0000    0.0000    9.2566   91.1464
 111.5416 15865.1809  216.1790 -999.9000    0.0000    0.0000    8.7242   91.1933
 108.8149 16022.0603  217.5641 -999.9000    0.0000    0.0000    7.9602   91.4869
 106.1648 16178.9397  217.6903 -999.9000    0.0000    0.0000    7.5501   91.3484
 103.5767 16335.8191  217.3950 -999.9000    0.0000    0.0000    6.1715   91.9971
 101.0524 16492.6985  219.5094 -999.9000    0.0000    0.0000    1.7458   90.4089
  98.6148 16649.5779  218.1840 -999.9000    0.0000    0.0000    1.0216   90.4014
  96.2203 16806.4573  217.5064 -999.9000    0.0000    0.0000    0.2447   90.4014
  93.8688 16963.3367  216.8485 -999.9000    0.0000    0.0000    1.3744   90.4014
  91.5836 17120.2161  216.7807 -999.9000    0.0000    0.0000    2.2867   90.4014
  89.3567 17277.0955  216.8055 -999.9000    0.0000    0.0000    2.9618   90.4014
  87.1784 17433.9749  216.3743 -999.9000    0.0000    0.0000    3.6957   90.3927
  85.0453 17590.8543  215.5985 -999.9000    0.0000    0.0000    4.6545   90.0754
  82.9608 17747.7337  215.3009 -999.9000    0.0000    0.0000    5.8642   90.9865
  80.9282 17904.6131  215.9641 -999.9000    0.0000    0.0000    7.0407   90.6807
  78.9484 18061.4925  216.6185 -999.9000    0.0000    0.0000    6.9554   90.4907
  77.0217 18218.3719  217.2948 -999.9000    0.0000    0.0000    6.0121   90.6714
  75.1483 18375.2513  218.3508 -999.9000    0.0000    0.0000    5.0656   90.9237
  73.3271 18532.1307  219.4452 -999.9000    0.0000    0.0000    4.4470   91.0464
  71.5556 18689.0101  219.5587 -999.9000    0.0000    0.0000    3.9786   90.9336
  69.8260 18845.8894  218.4271 -999.9000    0.0000    0.0000    3.3546   91.0562
  68.1227 19002.7688  218.1172 -999.9000    0.0000    0.0000    2.2087   91.7656
  66.4601 19159.6482  218.4445 -999.9000    0.0000    0.0000    1.1718   89.5288
  64.8418 19316.5276  218.9032 -999.9000    0.0000    0.0000    0.8547   87.4851
  63.2670 19473.4070  219.2799 -999.9000    0.0000    0.0000    1.3878   87.9468
  61.7318 19630.2864  219.8131 -999.9000    0.0000    0.0000    1.9631   88.3028
  60.2355 19787.1658  219.9973 -999.9000    0.0000    0.0000    2.6940   88.5476
  58.7762 19944.0452  219.6724 -999.9000    0.0000    0.0000    3.5213   88.9105
  57.3501 20100.9246  219.2653 -999.9000    0.0000    0.0000    3.9410   89.0671
  55.9562 20257.8040  218.9705 -999.9000    0.0000    0.0000    3.8561   88.9446
  54.5968 20414.6834  218.7089 -999.9000    0.0000    0.0000    3.6323   88.7725
  53.2731 20571.5628  218.6330 -999.9000    0.0000    0.0000    3.4332   88.6461
  51.9860 20728.4422  219.0538 -999.9000    0.0000    0.0000    3.2760   88.5640
  50.7361 20885.3216  220.2855 -999.9000    0.0000    0.0000    3.1756   88.5228
  49.5229 21042.2010  222.0398 -999.9000    0.0000    0.0000    3.1159   88.5126
  48.3394 21199.0804  221.4073 -999.9000    0.0000    0.0000    3.4466   88.5757
  47.1874 21355.9598  221.4644 -999.9000    0.0000    0.0000    4.5669   88.7747
  46.0647 21512.8392  221.8493 -999.9000    0.0000    0.0000    5.5921   88.9472
  44.9691 21669.7186  222.0826 -999.9000    0.0000    0.0000    5.7898   88.9570
  43.8989 21826.5980  222.1012 -999.9000    0.0000    0.0000    5.3922   88.8369
  42.8525 21983.4774  221.9655 -999.9000    0.0000    0.0000    4.9157   88.6697
  41.8295 22140.3568  221.7231 -999.9000    0.0000    0.0000    4.6493   88.5214
  40.8309 22297.2362  221.4023 -999.9000    0.0000    0.0000    4.5305   88.4316
  39.8584 22454.1156  221.0321 -999.9000    0.0000    0.0000    4.4674   88.4374
  38.9104 22610.9950  221.4388 -999.9000    0.0000    0.0000    4.6078   88.5046
  37.9838 22767.8744  222.7154 -999.9000    0.0000    0.0000    5.0081   88.5579
  37.0791 22924.7538  223.4256 -999.9000    0.0000    0.0000    5.3366   88.6106
  36.1962 23081.6332  223.5380 -999.9000    0.0000    0.0000    5.5772   88.6649
  35.3349 23238.5126  223.2702 -999.9000    0.0000    0.0000    5.7695   88.7211
  34.4951 23395.3920  222.8395 -999.9000    0.0000    0.0000    5.9531   88.7793
  33.6765 23552.2714  222.4634 -999.9000    0.0000    0.0000    6.1676   88.8396
  32.8792 23709.1508  222.3593 -999.9000    0.0000    0.0000    6.4529   88.9021
  32.1025 23866.0302  222.6689 -999.9000    0.0000    0.0000    6.8210   88.9664
  31.3447 24022.9095  223.2545 -999.9000    0.0000    0.0000    7.1840   89.0294
  30.6036 24179.7889  223.9138 -999.9000    0.0000    0.0000    7.4304   89.0878
  29.8779 24336.6683  224.4190 -999.9000    0.0000    0.0000    7.4686   89.1301
  29.1715 24493.5477  224.4807 -999.9000    0.0000    0.0000    7.4028   89.0898
  28.4842 24650.4271  224.3464 -999.9000    0.0000    0.0000    7.2859   88.9796
  27.8138 24807.3065  224.3846 -999.9000    0.0000    0.0000    7.1320   88.8366
  27.1583 24964.1859  224.9623 -999.9000    0.0000    0.0000    6.9547   88.6979
  26.5173 25121.0653  226.1405 -999.9000    0.0000    0.0000    6.7747   88.5852
  25.8939 25277.9447  227.3313 -999.9000    0.0000    0.0000    6.6263   88.4883
  25.2914 25434.8241  227.8642 -999.9000    0.0000    0.0000    6.5462   88.3927
  24.7096 25591.7035  227.3728 -999.9000    0.0000    0.0000    6.6156   88.3136
  24.1354 25748.5829  226.8428 -999.9000    0.0000    0.0000    6.9951   88.3442
  23.5706 25905.4623  226.6071 -999.9000    0.0000    0.0000    7.5869   88.4419
  23.0189 26062.3417  226.8749 -999.9000    0.0000    0.0000    8.2658   88.5480
  22.4826 26219.2211  227.7119 -999.9000    0.0000    0.0000    8.9311   88.6216
  21.9608 26376.1005  228.8119 -999.9000    0.0000    0.0000    9.5441   88.6692
  21.4521 26532.9799  229.8105 -999.9000    0.0000    0.0000   10.0763   88.7041
  20.9548 26689.8593  230.3428 -999.9000    0.0000    0.0000   10.4991   88.7401
  20.4676 26846.7387  230.0439 -999.9000    0.0000    0.0000   10.7840   88.7908
  19.9891 27003.6181  228.5844 -999.9000    0.0000    0.0000   10.8954   88.8671
  19.5243 27160.4975  227.6858 -999.9000    0.0000    0.0000   10.4714   88.8331
  19.0752 27317.3769  228.1355 -999.9000    0.0000    0.0000    9.5838   88.6652
  18.6391 27474.2563  229.3533 -999.9000    0.0000    0.0000    8.6268   88.4541
  18.2135 27631.1357  230.7590 -999.9000    0.0000    0.0000    7.9949   88.2905
  17.7959 27788.0151  231.7814 -999.9000    0.0000    0.0000    8.0593   88.2601
  17.3864 27944.8945  232.0735 -999.9000    0.0000    0.0000    8.6410   88.3267
  16.9866 28101.7739  231.6617 -999.9000    0.0000    0.0000    9.2586   88.3867
  16.5963 28258.6533  230.8426 -999.9000    0.0000    0.0000    9.8772   88.4341
  16.2153 28415.5327  229.9403 -999.9000    0.0000    0.0000   10.5110   88.4734
  15.8432 28572.4121  229.2785 -999.9000    0.0000    0.0000   11.1744   88.5095
  15.4798 28729.2915  229.1754 -999.9000    0.0000    0.0000   11.8798   88.5468
  15.1246 28886.1709  229.5922 -999.9000    0.0000    0.0000   12.5247   88.5881
  14.7769 29043.0503  229.9721 -999.9000    0.0000    0.0000   12.8450   88.6333
  14.4368 29199.9296  230.1513 -999.9000    0.0000    0.0000   12.7758   88.6841
  14.1043 29356.8090  230.2674 -999.9000    0.0000    0.0000   12.3983   88.7433
  13.7798 29513.6884  230.4639 -999.9000    0.0000    0.0000   11.7968   88.8140
  13.4633 29670.5678  230.8844 -999.9000    0.0000    0.0000   11.0554   88.8992
  13.1552 29827.4472  231.6724 -999.9000    0.0000    0.0000   10.2583   89.0018
  12.8555 29984.3266  232.9145 -999.9000    0.0000    0.0000    9.4878   89.1215
  12.5638 30141.2060  234.2983 -999.9000    0.0000    0.0000    8.8117   89.2343
  12.2794 30298.0854  235.3422 -999.9000    0.0000    0.0000    8.2917   89.3059
  12.0018 30454.9648  235.5636 -999.9000    0.0000    0.0000    7.9899   89.3022
  11.7304 30611.8442  234.7346 -999.9000    0.0000    0.0000    7.9271   89.2026
  11.4650 30768.7236  233.6671 -999.9000    0.0000    0.0000    7.9576   89.0420
  11.2056 30925.6030  233.4377 -999.9000    0.0000    0.0000    7.8938   88.8691
  10.9522 31082.4824  234.6982 -999.9000    0.0000    0.0000    7.6153   88.7216
  10.7056 31239.3618  236.2887 -999.9000    0.0000    0.0000    7.2910   88.5894
  10.4661 31396.2412  236.8910 -999.9000    0.0000    0.0000    7.1179   88.4534
  10.2318 31553.1206  236.5853 -999.9000    0.0000    0.0000    7.0811   88.3118
  10.0000 31710.0000  235.8266 -999.9000    0.0000    0.0000    7.1095   88.1674
