# 06610 LSMP Payerne Observations at 12Z 30 Jul 2008
# Radiosonde file generated by raso.rb
#
  P [hPa],     Z [m],    T [K],   Td [K],   RH [%], r [g/kg], WS [m/s], WD [deg]
 962.0000   491.0000  298.2668 -999.9000   66.2106   13.6900    2.0543   93.0543
 944.6891   647.8794  296.2668 -999.9000   67.7756   12.6302    4.4710   92.6754
 927.6873   804.7588  294.9310 -999.9000   79.5239   13.9071    2.0634   92.9144
 911.0964   961.6382  293.6885 -999.9000   79.9877   14.4362    0.2544   92.0428
 894.7070  1118.5176  292.7952 -999.9000   79.9916   14.3064    1.1738   90.9797
 878.5406  1275.3970  292.5360 -999.9000   80.0602   13.3485    2.1256   90.6229
 862.6769  1432.2764  291.1866 -999.9000   80.9747   13.5129    2.3302   90.4248
 846.9845  1589.1558  289.9663 -999.9000   80.2949   13.9027    3.9151   90.3491
 831.5533  1746.0352  289.6338 -999.9000   80.7715   13.2228    4.7829   90.3950
 816.3570  1902.9146  288.3277 -999.9000   80.6575   11.9693    5.8771   90.4496
 801.3249  2059.7940  286.7398 -999.9000   80.3744   11.5640    6.4929   90.4939
 786.5365  2216.6734  285.3826 -999.9000   80.2157   10.4184    7.2369   90.5367
 771.9169  2373.5528  284.1435 -999.9000   80.5979    8.7627    8.4269   90.5644
 757.5041  2530.4322  283.0761 -999.9000   80.4588    8.5006    8.9593   90.6155
 743.3854  2687.3116  282.4900 -999.9000   77.8083    7.5803    7.8525   90.6080
 729.2940  2844.1910  281.4030 -999.9000   60.4077    5.5688    7.6122   90.6173
 715.5826  3001.0704  280.3415 -999.9000   50.1405    4.3807    9.1960   90.6971
 702.0616  3157.9497  279.1427 -999.9000   51.6186    4.2344   10.4821   90.7782
 688.7126  3314.8291  277.6490 -999.9000   58.9355    4.4448   10.5760   90.8007
 675.5482  3471.7085  276.0050 -999.9000   68.2265    4.6752   10.8303   90.8205
 662.5494  3628.5879  274.5110 -999.9000   74.1640    4.6607   11.4416   90.8487
 649.7305  3785.4673  273.4833 -999.9000   67.2852    4.0055   11.7419   90.8627
 637.1240  3942.3467  272.6112 -999.9000   55.1502    3.1437   11.0683   90.9118
 624.7467  4099.2261  271.5769 -999.9000   50.1721    2.7055    9.5284   91.0167
 612.5275  4256.1055  270.4967 -999.9000   50.1026    2.5464    9.1045   91.0465
 600.5160  4412.9849  269.8687 -999.9000   38.2144    1.8919    9.3944   91.0390
 588.7253  4569.8643  269.2533 -999.9000   22.7648    1.0986    9.5893   91.0433
 577.1128  4726.7437  267.9403 -999.9000   18.1688    0.8108    9.6515   91.0483
 565.6299  4883.6231  267.0853 -999.9000   17.0368    0.7276    9.6268   91.0538
 554.4053  5040.5025  266.5056 -999.9000   13.5010    0.5634    8.9515   91.1400
 543.3471  5197.3819  265.8137 -999.9000   12.8416    0.5190    8.1873   91.2153
 532.4739  5354.2613  264.7731 -999.9000   22.2070    0.8459    8.6079   91.2112
 521.8251  5511.1407  263.7116 -999.9000   24.0548    0.8613    9.3787   91.1806
 511.3144  5668.0201  262.9086 -999.9000   14.1042    0.4842   10.0750   91.1583
 500.9731  5824.8995  261.5562 -999.9000   12.9888    0.4090   10.7922   91.1344
 490.8286  5981.7789  259.9347 -999.9000   18.4239    0.5200   10.9622   91.1143
 480.7236  6138.6583  258.8120 -999.9000   29.2684    0.7703   11.3110   91.0832
 470.8214  6295.5377  257.5161 -999.9000   31.5370    0.7621   11.4226   91.0728
 461.0900  6452.4171  256.0816 -999.9000   30.8720    0.6762   11.1574   90.9894
 451.4963  6609.2965  254.7741 -999.9000   32.0492    0.6422   10.1610   90.8335
 442.0676  6766.1759  253.6924 -999.9000   32.6264    0.6091    9.2810   90.7116
 432.8253  6923.0553  252.7212 -999.9000   32.3445    0.5674   10.1999   90.6964
 423.7241  7079.9347  251.3056 -999.9000   36.0547    0.5712   11.0886   90.7318
 414.7432  7236.8141  249.5917 -999.9000   41.2856    0.5742   10.8924   90.7585
 405.9174  7393.6935  248.5878 -999.9000   31.8651    0.4138   11.1241   90.7794
 397.1974  7550.5729  247.2922 -999.9000   27.2766    0.3219   11.3920   90.7881
 388.6475  7707.4523  245.8907 -999.9000   31.2044    0.3308   11.5338   90.8405
 380.2876  7864.3317  244.8664 -999.9000   34.8586    0.3433   11.7633   90.9010
 372.0784  8021.2111  244.0410 -999.9000   39.1332    0.3645   11.9060   90.8924
 363.9826  8178.0905  243.2398 -999.9000   45.2653    0.3994   11.8082   90.7526
 356.0087  8334.9698  242.3788 -999.9000   54.5139    0.4529   11.7806   90.7678
 348.2042  8491.8492  241.4767 -999.9000   60.6459    0.5188   12.3706   91.3797
 340.5609  8648.7286  240.6162 -999.9000   65.0435    0.5272   12.5912   91.7004
 333.0575  8805.6080  239.7470 -999.9000   65.6548    0.4852   12.5205   91.6152
 325.6771  8962.4874  238.7685 -999.9000   65.0834    0.4338   12.8046   91.4555
 318.4095  9119.3668  237.5644 -999.9000   65.8774    0.3977   13.7125   91.4682
 311.2701  9276.2462  235.9249 -999.9000   60.7718    0.3338   13.8586   91.4746
 304.2599  9433.1256  234.3516 -999.9000   55.5883    0.2938   14.0703   91.4194
 297.3812  9590.0050  233.2661 -999.9000   50.7430    0.2688   14.5397   91.3896
 290.6045  9746.8844  232.0192 -999.9000   45.5327    0.2331   14.8554   91.3805
 283.9369  9903.7638  230.6228 -999.9000   45.8342    0.2031   15.2204   91.3479
 277.3870 10060.6432  229.1226 -999.9000   45.6877    0.1789   15.5973   91.3074
 270.9631 10217.5226  227.5582 -999.9000   45.6279    0.1538   15.8536   91.2950
 264.6694 10374.4020  226.0038 -999.9000   45.7409    0.1244   15.8996   91.3378
 258.4744 10531.2814  224.7662 -999.9000   45.2518    0.1097   16.0363   91.3756
 252.3757 10688.1608  223.7273 -999.9000   45.5713    0.1034   16.2925   91.3933
 246.3812 10845.0402  222.6581 -999.9000   40.2880    0.0916   16.5868   91.3978
 240.4896 11001.9196  221.4511 -999.9000   35.7277    0.0742   16.8661   91.3965
 234.6950 11158.7990  220.1017 -999.9000   35.9839    0.0604   17.1010   91.3968
 229.0082 11315.6784  218.7067 -999.9000   35.5290    0.0528   17.2857   91.3986
 223.4492 11472.5578  217.4140 -999.9000   35.0029    0.0500   17.4267   91.3982
 218.0236 11629.4372  216.2004 -999.9000   30.1540    0.0480   17.2422   91.4126
 212.6609 11786.3166  214.5170 -999.9000   25.6323    0.0350   15.5820   91.5070
 207.3913 11943.1960  213.6754 -999.9000   23.7977    0.0295   14.4258   91.4951
 202.2510 12100.0754  214.3705 -999.9000   18.0271    0.0410   14.1453   91.5711
 197.2536 12256.9548  215.7609 -999.9000    9.1094    0.0304   12.1710   92.1270
 192.4469 12413.8342  218.1453 -999.9000    2.6489    0.0062   12.6477   91.9985
 187.8076 12570.7136  217.9531 -999.9000    0.2373    0.0003   12.9168   91.9213
 183.2603 12727.5930  216.7091 -999.9000    0.2960    0.0003   12.6508   91.8946
 178.8033 12884.4724  216.2880 -999.9000    0.0000    0.0000   12.4434   91.8603
 174.4458 13041.3518  216.6839 -999.9000    0.0133    0.0000   12.6014   91.7991
 170.1876 13198.2312  216.9029 -999.9000    0.0000    0.0000   13.1507   91.6668
 166.0391 13355.1106  217.0657 -999.9000    0.0000    0.0000   13.7935   91.5392
 162.0101 13511.9899  216.6855 -999.9000    0.0002    0.0000   14.1145   91.4198
 158.0706 13668.8693  215.6984 -999.9000    0.0000    0.0000   13.7522   91.3880
 154.1974 13825.7487  214.8242 -999.9000    0.0000    0.0000   12.6104   91.4693
 150.4126 13982.6281  214.7585 -999.9000    0.0000    0.0000   10.7144   91.5650
 146.7292 14139.5075  215.6910 -999.9000    0.0000    0.0000   10.6525   91.5673
 143.1108 14296.3869  213.9204 -999.9000    0.0000    0.0000   10.5855   91.5696
 139.5597 14453.2663  216.3490 -999.9000    0.0000    0.0000   10.5650   91.5684
 136.1266 14610.1457  214.0282 -999.9000    0.0000    0.0000   10.5660   91.5540
 132.7619 14767.0251  213.1782 -999.9000    0.0000    0.0000   10.5701   91.5347
 129.4754 14923.9045  214.2017 -999.9000    0.0000    0.0000   10.5713   91.5197
 126.2897 15080.7839  215.3407 -999.9000    0.0000    0.0000   10.5607   91.5108
 123.1790 15237.6633  216.6067 -999.9000    0.0000    0.0000   10.5765   91.4644
 120.1481 15394.5427  217.1229 -999.9000    0.0000    0.0000   10.4326   91.3748
 117.2138 15551.4221  216.5256 -999.9000    0.0000    0.0000   10.0691   91.2661
 114.3435 15708.3015  216.4811 -999.9000    0.0000    0.0000    9.7434   91.1464
 111.5416 15865.1809  216.2899 -999.9000    0.0000    0.0000    9.1580   91.1933
 108.8149 16022.0603  217.6565 -999.9000    0.0000    0.0000    8.3387   91.4869
 106.1648 16178.9397  217.7644 -999.9000    0.0000    0.0000    7.8719   91.3484
 103.5767 16335.8191  217.4508 -999.9000    0.0000    0.0000    6.4357   91.9971
 101.0524 16492.6985  219.5475 -999.9000    0.0000    0.0000    1.9521   90.4089
  98.6148 16649.5779  218.2048 -999.9000    0.0000    0.0000    1.1704   90.4014
  96.2203 16806.4573  217.5109 -999.9000    0.0000    0.0000    0.3368   90.4014
  93.8688 16963.3367  216.8378 -999.9000    0.0000    0.0000    1.4114   90.4014
  91.5836 17120.2161  216.7560 -999.9000    0.0000    0.0000    2.2709   90.4014
  89.3567 17277.0955  216.7683 -999.9000    0.0000    0.0000    2.8958   90.4014
  87.1784 17433.9749  216.3263 -999.9000    0.0000    0.0000    3.5830   90.3927
  85.0453 17590.8543  215.5415 -999.9000    0.0000    0.0000    4.4991   90.0754
  82.9608 17747.7337  215.2369 -999.9000    0.0000    0.0000    5.6707   90.9865
  80.9282 17904.6131  215.8955 -999.9000    0.0000    0.0000    6.8144   90.6807
  78.9484 18061.4925  216.5476 -999.9000    0.0000    0.0000    6.7017   90.4907
  77.0217 18218.3719  217.2237 -999.9000    0.0000    0.0000    5.7361   90.6714
  75.1483 18375.2513  218.2814 -999.9000    0.0000    0.0000    4.7724   90.9237
  73.3271 18532.1307  219.3793 -999.9000    0.0000    0.0000    4.1413   91.0464
  71.5556 18689.0101  219.4978 -999.9000    0.0000    0.0000    3.6649   90.9336
  69.8260 18845.8894  218.3724 -999.9000    0.0000    0.0000    3.0370   91.0562
  68.1227 19002.7688  218.0698 -999.9000    0.0000    0.0000    1.8910   91.7656
  66.4601 19159.6482  218.4054 -999.9000    0.0000    0.0000    0.8579   89.5288
  64.8418 19316.5276  218.8730 -999.9000    0.0000    0.0000    0.5479   87.4851
  63.2670 19473.4070  219.2591 -999.9000    0.0000    0.0000    1.0913   87.9468
  61.7318 19630.2864  219.8021 -999.9000    0.0000    0.0000    1.6797   88.3028
  60.2355 19787.1658  219.9961 -999.9000    0.0000    0.0000    2.4265   88.5476
  58.7762 19944.0452  219.6810 -999.9000    0.0000    0.0000    3.2720   88.9105
  57.3501 20100.9246  219.2834 -999.9000    0.0000    0.0000    3.7120   89.0671
  55.9562 20257.8040  218.9975 -999.9000    0.0000    0.0000    3.6493   88.9446
  54.5968 20414.6834  218.7441 -999.9000    0.0000    0.0000    3.4493   88.7725
  53.2731 20571.5628  218.6755 -999.9000    0.0000    0.0000    3.2754   88.6461
  51.9860 20728.4422  219.1025 -999.9000    0.0000    0.0000    3.1446   88.5640
  50.7361 20885.3216  220.3390 -999.9000    0.0000    0.0000    3.0713   88.5228
  49.5229 21042.2010  222.0967 -999.9000    0.0000    0.0000    3.0393   88.5126
  48.3394 21199.0804  221.4658 -999.9000    0.0000    0.0000    3.3980   88.5757
  47.1874 21355.9598  221.5226 -999.9000    0.0000    0.0000    4.5465   88.7747
  46.0647 21512.8392  221.9052 -999.9000    0.0000    0.0000    5.5997   88.9472
  44.9691 21669.7186  222.1344 -999.9000    0.0000    0.0000    5.8250   88.9570
  43.8989 21826.5980  222.1471 -999.9000    0.0000    0.0000    5.4545   88.8369
  42.8525 21983.4774  222.0038 -999.9000    0.0000    0.0000    5.0045   88.6697
  41.8295 22140.3568  221.7525 -999.9000    0.0000    0.0000    4.7637   88.5214
  40.8309 22297.2362  221.4214 -999.9000    0.0000    0.0000    4.6694   88.4316
  39.8584 22454.1156  221.0396 -999.9000    0.0000    0.0000    4.6298   88.4374
  38.9104 22610.9950  221.4338 -999.9000    0.0000    0.0000    4.7922   88.5046
  37.9838 22767.8744  222.6970 -999.9000    0.0000    0.0000    5.2128   88.5579
  37.0791 22924.7538  223.3929 -999.9000    0.0000    0.0000    5.5600   88.6106
  36.1962 23081.6332  223.4905 -999.9000    0.0000    0.0000    5.8175   88.6649
  35.3349 23238.5126  223.2073 -999.9000    0.0000    0.0000    6.0245   88.7211
  34.4951 23395.3920  222.7609 -999.9000    0.0000    0.0000    6.2206   88.7793
  33.6765 23552.2714  222.3688 -999.9000    0.0000    0.0000    6.4451   88.8396
  32.8792 23709.1508  222.2486 -999.9000    0.0000    0.0000    6.7378   88.9021
  32.1025 23866.0302  222.5423 -999.9000    0.0000    0.0000    7.1107   88.9664
  31.3447 24022.9095  223.1120 -999.9000    0.0000    0.0000    7.4753   89.0294
  30.6036 24179.7889  223.7558 -999.9000    0.0000    0.0000    7.7204   89.0878
  29.8779 24336.6683  224.2460 -999.9000    0.0000    0.0000    7.7538   89.1301
  29.1715 24493.5477  224.2932 -999.9000    0.0000    0.0000    7.6799   89.0898
  28.4842 24650.4271  224.1452 -999.9000    0.0000    0.0000    7.5511   88.9796
  27.8138 24807.3065  224.1706 -999.9000    0.0000    0.0000    7.3815   88.8366
  27.1583 24964.1859  224.7364 -999.9000    0.0000    0.0000    7.1848   88.6979
  26.5173 25121.0653  225.9036 -999.9000    0.0000    0.0000    6.9817   88.5852
  25.8939 25277.9447  227.0843 -999.9000    0.0000    0.0000    6.8070   88.4883
  25.2914 25434.8241  227.6078 -999.9000    0.0000    0.0000    6.6977   88.3927
  24.7096 25591.7035  227.1080 -999.9000    0.0000    0.0000    6.7353   88.3136
  24.1354 25748.5829  226.5701 -999.9000    0.0000    0.0000    7.0808   88.3442
  23.5706 25905.4623  226.3271 -999.9000    0.0000    0.0000    7.6365   88.4419
  23.0189 26062.3417  226.5883 -999.9000    0.0000    0.0000    8.2778   88.5480
  22.4826 26219.2211  227.4192 -999.9000    0.0000    0.0000    8.9042   88.6216
  21.9608 26376.1005  228.5136 -999.9000    0.0000    0.0000    9.4772   88.6692
  21.4521 26532.9799  229.5071 -999.9000    0.0000    0.0000    9.9689   88.7041
  20.9548 26689.8593  230.0345 -999.9000    0.0000    0.0000   10.3509   88.7401
  20.4676 26846.7387  229.7311 -999.9000    0.0000    0.0000   10.5948   88.7908
  19.9891 27003.6181  228.2674 -999.9000    0.0000    0.0000   10.6658   88.8671
  19.5243 27160.4975  227.3648 -999.9000    0.0000    0.0000   10.2018   88.8331
  19.0752 27317.3769  227.8107 -999.9000    0.0000    0.0000    9.2753   88.6652
  18.6391 27474.2563  229.0247 -999.9000    0.0000    0.0000    8.2807   88.4541
  18.2135 27631.1357  230.4267 -999.9000    0.0000    0.0000    7.6128   88.2905
  17.7959 27788.0151  231.4454 -999.9000    0.0000    0.0000    7.6432   88.2601
  17.3864 27944.8945  231.7338 -999.9000    0.0000    0.0000    8.1932   88.3267
  16.9866 28101.7739  231.3181 -999.9000    0.0000    0.0000    8.7816   88.3867
  16.5963 28258.6533  230.4950 -999.9000    0.0000    0.0000    9.3739   88.4341
  16.2153 28415.5327  229.5885 -999.9000    0.0000    0.0000    9.9846   88.4734
  15.8432 28572.4121  228.9222 -999.9000    0.0000    0.0000   10.6287   88.5095
  15.4798 28729.2915  228.8143 -999.9000    0.0000    0.0000   11.3185   88.5468
  15.1246 28886.1709  229.2258 -999.9000    0.0000    0.0000   11.9520   88.5881
  14.7769 29043.0503  229.6001 -999.9000    0.0000    0.0000   12.2655   88.6333
  14.4368 29199.9296  229.7732 -999.9000    0.0000    0.0000   12.1944   88.6841
  14.1043 29356.8090  229.8826 -999.9000    0.0000    0.0000   11.8201   88.7433
  13.7798 29513.6884  230.0719 -999.9000    0.0000    0.0000   11.2273   88.8140
  13.4633 29670.5678  230.4845 -999.9000    0.0000    0.0000   10.5005   88.8992
  13.1552 29827.4472  231.2639 -999.9000    0.0000    0.0000    9.7242   89.0018
  12.8555 29984.3266  232.4966 -999.9000    0.0000    0.0000    8.9809   89.1215
  12.5638 30141.2060  233.8703 -999.9000    0.0000    0.0000    8.3388   89.2343
  12.2794 30298.0854  234.9031 -999.9000    0.0000    0.0000    7.8601   89.3059
  12.0018 30454.9648  235.1125 -999.9000    0.0000    0.0000    7.6069   89.3022
  11.7304 30611.8442  234.2707 -999.9000    0.0000    0.0000    7.6004   89.2026
  11.4650 30768.7236  233.1892 -999.9000    0.0000    0.0000    7.6955   89.0420
  11.2056 30925.6030  232.9448 -999.9000    0.0000    0.0000    7.7046   88.8691
  10.9522 31082.4824  234.1891 -999.9000    0.0000    0.0000    7.5078   88.7216
  10.7056 31239.3618  235.7623 -999.9000    0.0000    0.0000    7.2743   88.5894
  10.4661 31396.2412  236.3460 -999.9000    0.0000    0.0000    7.2013   88.4534
  10.2318 31553.1206  236.0205 -999.9000    0.0000    0.0000    7.2744   88.3118
  10.0000 31710.0000  235.2406 -999.9000    0.0000    0.0000    7.4228   88.1674
