# 06610 LSMP Payerne Observations at 12Z 30 Jul 2008
# Radiosonde file generated by raso.rb
#
  P [hPa],     Z [m],    T [K],   Td [K],   RH [%], r [g/kg], WS [m/s], WD [deg]
 962.0000   491.0000  298.3767 -999.9000   66.2804   13.6900    2.2169   93.0543
 944.6891   647.8794  296.2621 -999.9000   67.8268   12.6302    4.6524   92.6754
 927.6873   804.7588  294.8230 -999.9000   79.5628   13.9071    2.2605   92.9144
 911.0964   961.6382  293.4883 -999.9000   80.0079   14.4362    0.4640   92.0428
 894.7070  1118.5176  292.5134 -999.9000   79.9951   14.3064    1.3932   90.9797
 878.5406  1275.3970  292.1828 -999.9000   80.0493   13.3485    2.3520   90.6229
 862.6769  1432.2764  290.7720 -999.9000   80.9512   13.5129    2.5610   90.4248
 846.9845  1589.1558  289.4997 -999.9000   80.2612   13.9027    4.1478   90.3491
 831.5533  1746.0352  289.1242 -999.9000   80.7291   13.2228    5.0151   90.3950
 816.3570  1902.9146  287.7837 -999.9000   80.6085   11.9693    6.1068   90.4496
 801.3249  2059.7940  286.1696 -999.9000   80.3206   11.5640    6.7180   90.4939
 786.5365  2216.6734  284.7940 -999.9000   80.1586   10.4184    7.4554   90.5367
 771.9169  2373.5528  283.5441 -999.9000   80.5387    8.7627    8.6372   90.5644
 757.5041  2530.4322  282.4727 -999.9000   80.3992    8.5006    9.1597   90.6155
 743.3854  2687.3116  281.8893 -999.9000   77.7514    7.5803    8.0415   90.6080
 729.2940  2844.1910  280.8112 -999.9000   60.3650    5.5688    7.7885   90.6173
 715.5826  3001.0704  279.7643 -999.9000   50.1070    4.3807    9.3584   90.6971
 702.0616  3157.9497  278.5856 -999.9000   51.5868    4.2344   10.6295   90.7782
 688.7126  3314.8291  277.1169 -999.9000   58.9030    4.4448   10.7075   90.8007
 675.5482  3471.7085  275.5025 -999.9000   68.1938    4.6752   10.9452   90.8205
 662.5494  3628.5879  274.0423 -999.9000   74.1344    4.6607   11.5392   90.8487
 649.7305  3785.4673  273.0521 -999.9000   67.2644    4.0055   11.8218   90.8627
 637.1240  3942.3467  272.2209 -999.9000   55.1384    3.1437   11.1300   90.9118
 624.7467  4099.2261  271.2305 -999.9000   50.1663    2.7055    9.5717   91.0167
 612.5275  4256.1055  270.1967 -999.9000   50.1020    2.5464    9.1294   91.0465
 600.5160  4412.9849  269.6172 -999.9000   38.2180    1.8919    9.4010   91.0390
 588.7253  4569.8643  269.0521 -999.9000   22.7694    1.0986    9.5777   91.0433
 577.1128  4726.7437  267.7907 -999.9000   18.1744    0.8108    9.6222   91.0483
 565.6299  4883.6231  266.9883 -999.9000   17.0439    0.7276    9.5801   91.0538
 554.4053  5040.5025  266.4616 -999.9000   13.5080    0.5634    8.8881   91.1400
 543.3471  5197.3819  265.8229 -999.9000   12.8495    0.5190    8.1081   91.2153
 532.4739  5354.2613  264.8352 -999.9000   22.2228    0.8459    8.5137   91.2112
 521.8251  5511.1407  263.8260 -999.9000   24.0740    0.8613    9.2706   91.1806
 511.3144  5668.0201  263.0741 -999.9000   14.1166    0.4842    9.9541   91.1583
 500.9731  5824.8995  261.7713 -999.9000   13.0011    0.4090   10.6598   91.1344
 490.8286  5981.7789  260.1974 -999.9000   18.4425    0.5200   10.8199   91.1143
 480.7236  6138.6583  259.1202 -999.9000   29.2995    0.7703   11.1604   91.0832
 470.8214  6295.5377  257.8669 -999.9000   31.5717    0.7621   11.2654   91.0728
 461.0900  6452.4171  256.4719 -999.9000   30.9067    0.6762   10.9955   90.9894
 451.4963  6609.2965  255.2005 -999.9000   32.0855    0.6422    9.9966   90.8335
 442.0676  6766.1759  254.1509 -999.9000   32.6631    0.6091    9.1161   90.7116
 432.8253  6923.0553  253.2074 -999.9000   32.3801    0.5674   10.0369   90.6964
 423.7241  7079.9347  251.8148 -999.9000   36.0928    0.5712   10.9299   90.7318
 414.7432  7236.8141  250.1188 -999.9000   41.3266    0.5742   10.7406   90.7585
 405.9174  7393.6935  249.1271 -999.9000   31.8940    0.4138   10.9820   90.7794
 397.1974  7550.5729  247.8380 -999.9000   27.2985    0.3219   11.2624   90.7881
 388.6475  7707.4523  246.4372 -999.9000   31.2254    0.3308   11.4194   90.8405
 380.2876  7864.3317  245.4084 -999.9000   34.8769    0.3433   11.6664   90.9010
 372.0784  8021.2111  244.5735 -999.9000   39.1474    0.3645   11.8290   90.8924
 363.9826  8178.0905  243.7585 -999.9000   45.2736    0.3994   11.7527   90.7526
 356.0087  8334.9698  242.8798 -999.9000   54.5135    0.4529   11.7484   90.7678
 348.2042  8491.8492  241.9564 -999.9000   60.6333    0.5188   12.3629   91.3797
 340.5609  8648.7286  241.0716 -999.9000   65.0164    0.5272   12.6092   91.7004
 333.0575  8805.6080  240.1753 -999.9000   65.6135    0.4852   12.5648   91.6152
 325.6771  8962.4874  239.1677 -999.9000   65.0283    0.4338   12.8757   91.4555
 318.4095  9119.3668  237.9326 -999.9000   65.8072    0.3977   13.8108   91.4682
 311.2701  9276.2462  236.2608 -999.9000   60.6940    0.3338   13.9839   91.4746
 304.2599  9433.1256  234.6544 -999.9000   55.5052    0.2938   14.2224   91.4194
 297.3812  9590.0050  233.5353 -999.9000   50.6566    0.2688   14.7178   91.3896
 290.6045  9746.8844  232.2548 -999.9000   45.4460    0.2331   15.0588   91.3805
 283.9369  9903.7638  230.8252 -999.9000   45.7382    0.2031   15.4479   91.3479
 277.3870 10060.6432  229.2926 -999.9000   45.5840    0.1789   15.8473   91.3074
 270.9631 10217.5226  227.6972 -999.9000   45.5168    0.1538   16.1246   91.2950
 264.6694 10374.4020  226.1136 -999.9000   45.6228    0.1244   16.1896   91.3378
 258.4744 10531.2814  224.8489 -999.9000   45.1292    0.1097   16.3429   91.3756
 252.3757 10688.1608  223.7855 -999.9000   45.4430    0.1034   16.6134   91.3933
 246.3812 10845.0402  222.6948 -999.9000   40.1712    0.0916   16.9191   91.3978
 240.4896 11001.9196  221.4699 -999.9000   35.6220    0.0742   17.2067   91.3965
 234.6950 11158.7990  220.1059 -999.9000   35.8763    0.0604   17.4469   91.3968
 229.0082 11315.6784  218.6995 -999.9000   35.4225    0.0528   17.6341   91.3986
 223.4492 11472.5578  217.3983 -999.9000   34.8984    0.0500   17.7749   91.3982
 218.0236 11629.4372  216.1786 -999.9000   30.0649    0.0480   17.5879   91.4126
 212.6609 11786.3166  214.4914 -999.9000   25.5579    0.0350   15.9230   91.5070
 207.3913 11943.1960  213.6478 -999.9000   23.7303    0.0295   14.7602   91.4951
 202.2510 12100.0754  214.3426 -999.9000   17.9775    0.0410   14.4712   91.5711
 197.2536 12256.9548  215.7339 -999.9000    9.0852    0.0304   12.4869   92.1270
 192.4469 12413.8342  218.1202 -999.9000    2.6421    0.0062   12.9523   91.9985
 187.8076 12570.7136  217.9306 -999.9000    0.2367    0.0003   13.2090   91.9213
 183.2603 12727.5930  216.6894 -999.9000    0.2953    0.0003   12.9297   91.8946
 178.8033 12884.4724  216.2713 -999.9000    0.0000    0.0000   12.7083   91.8603
 174.4458 13041.3518  216.6699 -999.9000    0.0133    0.0000   12.8517   91.7991
 170.1876 13198.2312  216.8911 -999.9000    0.0000    0.0000   13.3862   91.6668
 166.0391 13355.1106  217.0552 -999.9000    0.0000    0.0000   14.0142   91.5392
 162.0101 13511.9899  216.6751 -999.9000    0.0002    0.0000   14.3204   91.4198
 158.0706 13668.8693  215.6866 -999.9000    0.0000    0.0000   13.9437   91.3880
 154.1974 13825.7487  214.8092 -999.9000    0.0000    0.0000   12.7882   91.4693
 150.4126 13982.6281  214.7383 -999.9000    0.0000    0.0000   10.8792   91.5650
 146.7292 14139.5075  215.6632 -999.9000    0.0000    0.0000   10.8053   91.5673
 143.1108 14296.3869  213.8822 -999.9000    0.0000    0.0000   10.7275   91.5696
 139.5597 14453.2663  216.2974 -999.9000    0.0000    0.0000   10.6977   91.5684
 136.1266 14610.1457  213.9602 -999.9000    0.0000    0.0000   10.6908   91.5540
 132.7619 14767.0251  213.0911 -999.9000    0.0000    0.0000   10.6884   91.5347
 129.4754 14923.9045  214.0931 -999.9000    0.0000    0.0000   10.6845   91.5197
 126.2897 15080.7839  215.2084 -999.9000    0.0000    0.0000   10.6701   91.5108
 123.1790 15237.6633  216.4490 -999.9000    0.0000    0.0000   10.6835   91.4644
 120.1481 15394.5427  216.9382 -999.9000    0.0000    0.0000   10.5382   91.3748
 117.2138 15551.4221  216.3126 -999.9000    0.0000    0.0000   10.1745   91.2661
 114.3435 15708.3015  216.2389 -999.9000    0.0000    0.0000    9.8498   91.1464
 111.5416 15865.1809  216.0177 -999.9000    0.0000    0.0000    9.2663   91.1933
 108.8149 16022.0603  217.3541 -999.9000    0.0000    0.0000    8.4500   91.4869
 106.1648 16178.9397  217.4315 -999.9000    0.0000    0.0000    7.9871   91.3484
 103.5767 16335.8191  217.0878 -999.9000    0.0000    0.0000    6.5556   91.9971
 101.0524 16492.6985  219.1547 -999.9000    0.0000    0.0000    2.0775   90.4089
  98.6148 16649.5779  217.7832 -999.9000    0.0000    0.0000    1.3020   90.4014
  96.2203 16806.4573  217.0615 -999.9000    0.0000    0.0000    0.4754   90.4014
  93.8688 16963.3367  216.3618 -999.9000    0.0000    0.0000    1.5577   90.4014
  91.5836 17120.2161  216.2552 -999.9000    0.0000    0.0000    2.4254   90.4014
  89.3567 17277.0955  216.2447 -999.9000    0.0000    0.0000    3.0590   90.4014
  87.1784 17433.9749  215.7819 -999.9000    0.0000    0.0000    3.7555   90.3927
  85.0453 17590.8543  214.9790 -999.9000    0.0000    0.0000    4.6812   90.0754
  82.9608 17747.7337  214.6591 -999.9000    0.0000    0.0000    5.8629   90.9865
  80.9282 17904.6131  215.3056 -999.9000    0.0000    0.0000    7.0169   90.6807
  78.9484 18061.4925  215.9486 -999.9000    0.0000    0.0000    6.9147   90.4907
  77.0217 18218.3719  216.6189 -999.9000    0.0000    0.0000    5.9598   90.6714
  75.1483 18375.2513  217.6737 -999.9000    0.0000    0.0000    5.0067   90.9237
  73.3271 18532.1307  218.7716 -999.9000    0.0000    0.0000    4.3860   91.0464
  71.5556 18689.0101  218.8929 -999.9000    0.0000    0.0000    3.9198   90.9336
  69.8260 18845.8894  217.7730 -999.9000    0.0000    0.0000    3.3018   91.0562
  68.1227 19002.7688  217.4785 -999.9000    0.0000    0.0000    2.1652   91.7656
  66.4601 19159.6482  217.8247 -999.9000    0.0000    0.0000    1.1408   89.5288
  64.8418 19316.5276  218.3053 -999.9000    0.0000    0.0000    0.8388   87.4851
  63.2670 19473.4070  218.7067 -999.9000    0.0000    0.0000    1.3893   87.9468
  61.7318 19630.2864  219.2671 -999.9000    0.0000    0.0000    1.9838   88.3028
  60.2355 19787.1658  219.4806 -999.9000    0.0000    0.0000    2.7356   88.5476
  58.7762 19944.0452  219.1869 -999.9000    0.0000    0.0000    3.5849   88.9105
  57.3501 20100.9246  218.8125 -999.9000    0.0000    0.0000    4.0274   89.0671
  55.9562 20257.8040  218.5517 -999.9000    0.0000    0.0000    3.9657   88.9446
  54.5968 20414.6834  218.3250 -999.9000    0.0000    0.0000    3.7652   88.7725
  53.2731 20571.5628  218.2845 -999.9000    0.0000    0.0000    3.5890   88.6461
  51.9860 20728.4422  218.7412 -999.9000    0.0000    0.0000    3.4540   88.5640
  50.7361 20885.3216  220.0087 -999.9000    0.0000    0.0000    3.3747   88.5228
  49.5229 21042.2010  221.7985 -999.9000    0.0000    0.0000    3.3345   88.5126
  48.3394 21199.0804  221.2010 -999.9000    0.0000    0.0000    3.6830   88.5757
  47.1874 21355.9598  221.2921 -999.9000    0.0000    0.0000    4.8188   88.7747
  46.0647 21512.8392  221.7098 -999.9000    0.0000    0.0000    5.8571   88.9472
  44.9691 21669.7186  221.9749 -999.9000    0.0000    0.0000    6.0653   88.9570
  43.8989 21826.5980  222.0241 -999.9000    0.0000    0.0000    5.6759   88.8369
  42.8525 21983.4774  221.9177 -999.9000    0.0000    0.0000    5.2051   88.6697
  41.8295 22140.3568  221.7035 -999.9000    0.0000    0.0000    4.9420   88.5214
  40.8309 22297.2362  221.4095 -999.9000    0.0000    0.0000    4.8241   88.4316
  39.8584 22454.1156  221.0649 -999.9000    0.0000    0.0000    4.7596   88.4374
  38.9104 22610.9950  221.4959 -999.9000    0.0000    0.0000    4.8962   88.5046
  37.9838 22767.8744  222.7955 -999.9000    0.0000    0.0000    5.2902   88.5579
  37.0791 22924.7538  223.5274 -999.9000    0.0000    0.0000    5.6103   88.6106
  36.1962 23081.6332  223.6601 -999.9000    0.0000    0.0000    5.8401   88.6649
  35.3349 23238.5126  223.4112 -999.9000    0.0000    0.0000    6.0193   88.7211
  34.4951 23395.3920  222.9980 -999.9000    0.0000    0.0000    6.1876   88.7793
  33.6765 23552.2714  222.6379 -999.9000    0.0000    0.0000    6.3845   88.8396
  32.8792 23709.1508  222.5483 -999.9000    0.0000    0.0000    6.6499   88.9021
  32.1025 23866.0302  222.8711 -999.9000    0.0000    0.0000    6.9961   88.9664
  31.3447 24022.9095  223.4682 -999.9000    0.0000    0.0000    7.3348   89.0294
  30.6036 24179.7889  224.1375 -999.9000    0.0000    0.0000    7.5548   89.0878
  29.8779 24336.6683  224.6512 -999.9000    0.0000    0.0000    7.5644   89.1301
  29.1715 24493.5477  224.7197 -999.9000    0.0000    0.0000    7.4679   89.0898
  28.4842 24650.4271  224.5907 -999.9000    0.0000    0.0000    7.3181   88.9796
  27.8138 24807.3065  224.6326 -999.9000    0.0000    0.0000    7.1292   88.8366
  27.1583 24964.1859  225.2122 -999.9000    0.0000    0.0000    6.9150   88.6979
  26.5173 25121.0653  226.3908 -999.9000    0.0000    0.0000    6.6962   88.5852
  25.8939 25277.9447  227.5806 -999.9000    0.0000    0.0000    6.5076   88.4883
  25.2914 25434.8241  228.1109 -999.9000    0.0000    0.0000    6.3862   88.3927
  24.7096 25591.7035  227.6156 -999.9000    0.0000    0.0000    6.4133   88.3136
  24.1354 25748.5829  227.0803 -999.9000    0.0000    0.0000    6.7498   88.3442
  23.5706 25905.4623  226.8381 -999.9000    0.0000    0.0000    7.2983   88.4419
  23.0189 26062.3417  227.0982 -999.9000    0.0000    0.0000    7.9338   88.5480
  22.4826 26219.2211  227.9262 -999.9000    0.0000    0.0000    8.5559   88.6216
  21.9608 26376.1005  229.0164 -999.9000    0.0000    0.0000    9.1262   88.6692
  21.4521 26532.9799  230.0040 -999.9000    0.0000    0.0000    9.6165   88.7041
  20.9548 26689.8593  230.5244 -999.9000    0.0000    0.0000    9.9984   88.7401
  20.4676 26846.7387  230.2127 -999.9000    0.0000    0.0000   10.2437   88.7908
  19.9891 27003.6181  228.7396 -999.9000    0.0000    0.0000   10.3172   88.8671
  19.5243 27160.4975  227.8266 -999.9000    0.0000    0.0000    9.8571   88.8331
  19.0752 27317.3769  228.2613 -999.9000    0.0000    0.0000    8.9355   88.6652
  18.6391 27474.2563  229.4634 -999.9000    0.0000    0.0000    7.9471   88.4541
  18.2135 27631.1357  230.8528 -999.9000    0.0000    0.0000    7.2864   88.2905
  17.7959 27788.0151  231.8584 -999.9000    0.0000    0.0000    7.3251   88.2601
  17.3864 27944.8945  232.1333 -999.9000    0.0000    0.0000    7.8843   88.3267
  16.9866 28101.7739  231.7039 -999.9000    0.0000    0.0000    8.4830   88.3867
  16.5963 28258.6533  230.8668 -999.9000    0.0000    0.0000    9.0865   88.4341
  16.2153 28415.5327  229.9463 -999.9000    0.0000    0.0000    9.7093   88.4734
  15.8432 28572.4121  229.2662 -999.9000    0.0000    0.0000   10.3662   88.5095
  15.4798 28729.2915  229.1446 -999.9000    0.0000    0.0000   11.0698   88.5468
  15.1246 28886.1709  229.5427 -999.9000    0.0000    0.0000   11.7177   88.5881
  14.7769 29043.0503  229.9041 -999.9000    0.0000    0.0000   12.0463   88.6333
  14.4368 29199.9296  230.0647 -999.9000    0.0000    0.0000   11.9910   88.6841
  14.1043 29356.8090  230.1624 -999.9000    0.0000    0.0000   11.6330   88.7433
  13.7798 29513.6884  230.3407 -999.9000    0.0000    0.0000   11.0573   88.8140
  13.4633 29670.5678  230.7432 -999.9000    0.0000    0.0000   10.3479   88.8992
  13.1552 29827.4472  231.5134 -999.9000    0.0000    0.0000    9.5896   89.0018
  12.8555 29984.3266  232.7382 -999.9000    0.0000    0.0000    8.8647   89.1215
  12.5638 30141.2060  234.1052 -999.9000    0.0000    0.0000    8.2413   89.2343
  12.2794 30298.0854  235.1326 -999.9000    0.0000    0.0000    7.7817   89.3059
  12.0018 30454.9648  235.3382 -999.9000    0.0000    0.0000    7.5479   89.3022
  11.7304 30611.8442  234.4940 -999.9000    0.0000    0.0000    7.5611   89.2026
  11.4650 30768.7236  233.4120 -999.9000    0.0000    0.0000    7.6761   89.0420
  11.2056 30925.6030  233.1687 -999.9000    0.0000    0.0000    7.7053   88.8691
  10.9522 31082.4824  234.4163 -999.9000    0.0000    0.0000    7.5286   88.7216
  10.7056 31239.3618  235.9947 -999.9000    0.0000    0.0000    7.3153   88.5894
  10.4661 31396.2412  236.5858 -999.9000    0.0000    0.0000    7.2626   88.4534
  10.2318 31553.1206  236.2700 -999.9000    0.0000    0.0000    7.3560   88.3118
  10.0000 31710.0000  235.5022 -999.9000    0.0000    0.0000    7.5246   88.1674
