# 06610 LSMP Payerne Observations at 12Z 30 Jul 2008
# Radiosonde file generated by raso.rb
#
  P [hPa],     Z [m],    T [K],   Td [K],   RH [%], r [g/kg], WS [m/s], WD [deg]
 962.0000   491.0000  297.9339 -999.9000   66.2052   13.6900    2.0572   93.0543
 944.6891   647.8794  296.0257 -999.9000   67.7697   12.6302    4.5037   92.6754
 927.6873   804.7588  294.7727 -999.9000   79.5169   13.9071    2.1226   92.9144
 911.0964   961.6382  293.6043 -999.9000   79.9807   14.4362    0.3366   92.0428
 894.7070  1118.5176  292.7769 -999.9000   79.9848   14.3064    1.2758   90.9797
 878.5406  1275.3970  292.5754 -999.9000   80.0538   13.3485    2.2445   90.6229
 862.6769  1432.2764  291.2762 -999.9000   80.9688   13.5129    2.4630   90.4248
 846.9845  1589.1558  290.0989 -999.9000   80.2897   13.9027    4.0590   90.3491
 831.5533  1746.0352  289.8024 -999.9000   80.7671   13.2228    4.9354   90.3950
 816.3570  1902.9146  288.5259 -999.9000   80.6541   11.9693    6.0357   90.4496
 801.3249  2059.7940  286.9612 -999.9000   80.3720   11.5640    6.6553   90.4939
 786.5365  2216.6734  285.6213 -999.9000   80.2144   10.4184    7.4009   90.5367
 771.9169  2373.5528  284.3941 -999.9000   80.5977    8.7627    8.5905   90.5644
 757.5041  2530.4322  283.3334 -999.9000   80.4598    8.5006    9.1207   90.6155
 743.3854  2687.3116  282.7492 -999.9000   77.8103    7.5803    8.0099   90.6080
 729.2940  2844.1910  281.6596 -999.9000   60.4102    5.5688    7.7640   90.6173
 715.5826  3001.0704  280.5915 -999.9000   50.1433    4.3807    9.3408   90.6971
 702.0616  3157.9497  279.3822 -999.9000   51.6222    4.2344   10.6186   90.7782
 688.7126  3314.8291  277.8747 -999.9000   58.9405    4.4448   10.7030   90.8007
 675.5482  3471.7085  276.2138 -999.9000   68.2332    4.6752   10.9469   90.8205
 662.5494  3628.5879  274.7002 -999.9000   74.1721    4.6607   11.5469   90.8487
 649.7305  3785.4673  273.6506 -999.9000   67.2933    4.0055   11.8352   90.8627
 637.1240  3942.3467  272.7545 -999.9000   55.1574    3.1437   11.1491   90.9118
 624.7467  4099.2261  271.6947 -999.9000   50.1791    2.7055    9.5961   91.0167
 612.5275  4256.1055  270.5876 -999.9000   50.1099    2.5464    9.1590   91.0465
 600.5160  4412.9849  269.9317 -999.9000   38.2201    1.8919    9.4356   91.0390
 588.7253  4569.8643  269.2878 -999.9000   22.7683    1.0986    9.6171   91.0433
 577.1128  4726.7437  267.9461 -999.9000   18.1716    0.8108    9.6662   91.0483
 565.6299  4883.6231  267.0625 -999.9000   17.0393    0.7276    9.6286   91.0538
 554.4053  5040.5025  266.4546 -999.9000   13.5030    0.5634    8.9410   91.1400
 543.3471  5197.3819  265.7354 -999.9000   12.8434    0.5190    8.1651   91.2153
 532.4739  5354.2613  264.6686 -999.9000   22.2098    0.8459    8.5747   91.2112
 521.8251  5511.1407  263.5825 -999.9000   24.0574    0.8613    9.3354   91.1806
 511.3144  5668.0201  262.7566 -999.9000   14.1055    0.4842   10.0225   91.1583
 500.9731  5824.8995  261.3836 -999.9000   12.9897    0.4090   10.7319   91.1344
 490.8286  5981.7789  259.7440 -999.9000   18.4247    0.5200   10.8954   91.1143
 480.7236  6138.6583  258.6062 -999.9000   29.2688    0.7703   11.2391   91.0832
 470.8214  6295.5377  257.2983 -999.9000   31.5363    0.7621   11.3474   91.0728
 461.0900  6452.4171  255.8556 -999.9000   30.8701    0.6762   11.0805   90.9894
 451.4963  6609.2965  254.5438 -999.9000   32.0458    0.6422   10.0845   90.8335
 442.0676  6766.1759  253.4620 -999.9000   32.6213    0.6091    9.2069   90.7116
 432.8253  6923.0553  252.4955 -999.9000   32.3378    0.5674   10.1304   90.6964
 423.7241  7079.9347  251.0896 -999.9000   36.0451    0.5712   11.0261   90.7318
 414.7432  7236.8141  249.3907 -999.9000   41.2718    0.5742   10.8394   90.7585
 405.9174  7393.6935  248.4076 -999.9000   31.8522    0.4138   11.0832   90.7794
 397.1974  7550.5729  247.1387 -999.9000   27.2636    0.3219   11.3660   90.7881
 388.6475  7707.4523  245.7697 -999.9000   31.1869    0.3308   11.5253   90.8405
 380.2876  7864.3317  244.7830 -999.9000   34.8360    0.3433   11.7744   90.9010
 372.0784  8021.2111  243.9995 -999.9000   39.1043    0.3645   11.9388   90.8924
 363.9826  8178.0905  243.2443 -999.9000   45.2275    0.3994   11.8641   90.7526
 356.0087  8334.9698  242.4326 -999.9000   54.4631    0.4529   11.8610   90.7678
 348.2042  8491.8492  241.5824 -999.9000   60.5833    0.5188   12.4762   91.3797
 340.5609  8648.7286  240.7761 -999.9000   64.9698    0.5272   12.7227   91.7004
 333.0575  8805.6080  239.9625 -999.9000   65.5737    0.4852   12.6780   91.6152
 325.6771  8962.4874  239.0406 -999.9000   64.9964    0.4338   12.9881   91.4555
 318.4095  9119.3668  237.8935 -999.9000   65.7825    0.3977   13.9215   91.4682
 311.2701  9276.2462  236.3108 -999.9000   60.6782    0.3338   14.0922   91.4746
 304.2599  9433.1256  234.7934 -999.9000   55.4972    0.2938   14.3276   91.4194
 297.3812  9590.0050  233.7625 -999.9000   50.6549    0.2688   14.8190   91.3896
 290.6045  9746.8844  232.5681 -999.9000   45.4493    0.2331   15.1550   91.3805
 283.9369  9903.7638  231.2216 -999.9000   45.7462    0.2031   15.5382   91.3479
 277.3870 10060.6432  229.7681 -999.9000   45.5961    0.1789   15.9307   91.3074
 270.9631 10217.5226  228.2466 -999.9000   45.5327    0.1538   16.1999   91.2950
 264.6694 10374.4020  226.7308 -999.9000   45.6420    0.1244   16.2556   91.3378
 258.4744 10531.2814  225.5268 -999.9000   45.1508    0.1097   16.3985   91.3756
 252.3757 10688.1608  224.5160 -999.9000   45.4668    0.1034   16.6571   91.3933
 246.3812 10845.0402  223.4686 -999.9000   40.1934    0.0916   16.9497   91.3978
 240.4896 11001.9196  222.2769 -999.9000   35.6421    0.0742   17.2228   91.3965
 234.6950 11158.7990  220.9360 -999.9000   35.8964    0.0604   17.4471   91.3968
 229.0082 11315.6784  219.5432 -999.9000   35.4416    0.0528   17.6173   91.3986
 223.4492 11472.5578  218.2470 -999.9000   34.9160    0.0500   17.7402   91.3982
 218.0236 11629.4372  217.0242 -999.9000   30.0787    0.0480   17.5345   91.4126
 212.6609 11786.3166  215.3267 -999.9000   25.5682    0.0350   15.8504   91.5070
 207.3913 11943.1960  214.4663 -999.9000   23.7384    0.0295   14.6680   91.4951
 202.2510 12100.0754  215.1383 -999.9000   17.9823    0.0410   14.3593   91.5711
 197.2536 12256.9548  216.5016 -999.9000    9.0870    0.0304   12.3552   92.1270
 192.4469 12413.8342  218.8555 -999.9000    2.6424    0.0062   12.8010   91.9985
 187.8076 12570.7136  218.6298 -999.9000    0.2368    0.0003   13.0386   91.9213
 183.2603 12727.5930  217.3494 -999.9000    0.2953    0.0003   12.7407   91.8946
 178.8033 12884.4724  216.8897 -999.9000    0.0000    0.0000   12.5014   91.8603
 174.4458 13041.3518  217.2451 -999.9000    0.0133    0.0000   12.6280   91.7991
 170.1876 13198.2312  217.4221 -999.9000    0.0000    0.0000   13.1468   91.6668
 166.0391 13355.1106  217.5419 -999.9000    0.0000    0.0000   13.7604   91.5392
 162.0101 13511.9899  217.1178 -999.9000    0.0002    0.0000   14.0538   91.4198
 158.0706 13668.8693  216.0867 -999.9000    0.0000    0.0000   13.6660   91.3880
 154.1974 13825.7487  215.1684 -999.9000    0.0000    0.0000   12.5012   91.4693
 150.4126 13982.6281  215.0593 -999.9000    0.0000    0.0000   10.5851   91.5650
 146.7292 14139.5075  215.9492 -999.9000    0.0000    0.0000   10.5063   91.5673
 143.1108 14296.3869  214.1372 -999.9000    0.0000    0.0000   10.4262   91.5696
 139.5597 14453.2663  216.5261 -999.9000    0.0000    0.0000   10.3966   91.5684
 136.1266 14610.1457  214.1675 -999.9000    0.0000    0.0000   10.3926   91.5540
 132.7619 14767.0251  213.2814 -999.9000    0.0000    0.0000   10.3954   91.5347
 129.4754 14923.9045  214.2706 -999.9000    0.0000    0.0000   10.3989   91.5197
 126.2897 15080.7839  215.3769 -999.9000    0.0000    0.0000   10.3939   91.5108
 123.1790 15237.6633  216.6120 -999.9000    0.0000    0.0000   10.4182   91.4644
 120.1481 15394.5427  217.0989 -999.9000    0.0000    0.0000   10.2853   91.3748
 117.2138 15551.4221  216.4738 -999.9000    0.0000    0.0000    9.9352   91.2661
 114.3435 15708.3015  216.4030 -999.9000    0.0000    0.0000    9.6251   91.1464
 111.5416 15865.1809  216.1870 -999.9000    0.0000    0.0000    9.0569   91.1933
 108.8149 16022.0603  217.5303 -999.9000    0.0000    0.0000    8.2564   91.4869
 106.1648 16178.9397  217.6162 -999.9000    0.0000    0.0000    7.8095   91.3484
 103.5767 16335.8191  217.2820 -999.9000    0.0000    0.0000    6.3940   91.9971
 101.0524 16492.6985  219.3593 -999.9000    0.0000    0.0000    1.9318   90.4089
  98.6148 16649.5779  217.9986 -999.9000    0.0000    0.0000    1.1717   90.4014
  96.2203 16806.4573  217.2879 -999.9000    0.0000    0.0000    0.3598   90.4014
  93.8688 16963.3367  216.5990 -999.9000    0.0000    0.0000    1.4559   90.4014
  91.5836 17120.2161  216.5026 -999.9000    0.0000    0.0000    2.3361   90.4014
  89.3567 17277.0955  216.5015 -999.9000    0.0000    0.0000    2.9810   90.4014
  87.1784 17433.9749  216.0469 -999.9000    0.0000    0.0000    3.6870   90.3927
  85.0453 17590.8543  215.2506 -999.9000    0.0000    0.0000    4.6204   90.0754
  82.9608 17747.7337  214.9355 -999.9000    0.0000    0.0000    5.8076   90.9865
  80.9282 17904.6131  215.5845 -999.9000    0.0000    0.0000    6.9649   90.6807
  78.9484 18061.4925  216.2277 -999.9000    0.0000    0.0000    6.8636   90.4907
  77.0217 18218.3719  216.8960 -999.9000    0.0000    0.0000    5.9075   90.6714
  75.1483 18375.2513  217.9467 -999.9000    0.0000    0.0000    4.9513   90.9237
  73.3271 18532.1307  219.0384 -999.9000    0.0000    0.0000    4.3258   91.0464
  71.5556 18689.0101  219.1517 -999.9000    0.0000    0.0000    3.8534   90.9336
  69.8260 18845.8894  218.0221 -999.9000    0.0000    0.0000    3.2280   91.0562
  68.1227 19002.7688  217.7161 -999.9000    0.0000    0.0000    2.0830   91.7656
  66.4601 19159.6482  218.0493 -999.9000    0.0000    0.0000    1.0496   89.5288
  64.8418 19316.5276  218.5154 -999.9000    0.0000    0.0000    0.7380   87.4851
  63.2670 19473.4070  218.9011 -999.9000    0.0000    0.0000    1.2788   87.9468
  61.7318 19630.2864  219.4446 -999.9000    0.0000    0.0000    1.8636   88.3028
  60.2355 19787.1658  219.6400 -999.9000    0.0000    0.0000    2.6058   88.5476
  58.7762 19944.0452  219.3273 -999.9000    0.0000    0.0000    3.4461   88.9105
  57.3501 20100.9246  218.9331 -999.9000    0.0000    0.0000    3.8803   89.0671
  55.9562 20257.8040  218.6517 -999.9000    0.0000    0.0000    3.8112   88.9446
  54.5968 20414.6834  218.4038 -999.9000    0.0000    0.0000    3.6044   88.7725
  53.2731 20571.5628  218.3416 -999.9000    0.0000    0.0000    3.4235   88.6461
  51.9860 20728.4422  218.7761 -999.9000    0.0000    0.0000    3.2854   88.5640
  50.7361 20885.3216  220.0212 -999.9000    0.0000    0.0000    3.2048   88.5228
  49.5229 21042.2010  221.7884 -999.9000    0.0000    0.0000    3.1656   88.5126
  48.3394 21199.0804  221.1683 -999.9000    0.0000    0.0000    3.5173   88.5757
  47.1874 21355.9598  221.2368 -999.9000    0.0000    0.0000    4.6590   88.7747
  46.0647 21512.8392  221.6321 -999.9000    0.0000    0.0000    5.7059   88.9472
  44.9691 21669.7186  221.8749 -999.9000    0.0000    0.0000    5.9253   88.9570
  43.8989 21826.5980  221.9020 -999.9000    0.0000    0.0000    5.5495   88.8369
  42.8525 21983.4774  221.7737 -999.9000    0.0000    0.0000    5.0947   88.6697
  41.8295 22140.3568  221.5378 -999.9000    0.0000    0.0000    4.8497   88.5214
  40.8309 22297.2362  221.2224 -999.9000    0.0000    0.0000    4.7521   88.4316
  39.8584 22454.1156  220.8565 -999.9000    0.0000    0.0000    4.7098   88.4374
  38.9104 22610.9950  221.2665 -999.9000    0.0000    0.0000    4.8704   88.5046
  37.9838 22767.8744  222.5454 -999.9000    0.0000    0.0000    5.2901   88.5579
  37.0791 22924.7538  223.2568 -999.9000    0.0000    0.0000    5.6374   88.6106
  36.1962 23081.6332  223.3693 -999.9000    0.0000    0.0000    5.8960   88.6649
  35.3349 23238.5126  223.1006 -999.9000    0.0000    0.0000    6.1051   88.7211
  34.4951 23395.3920  222.6678 -999.9000    0.0000    0.0000    6.3046   88.7793
  33.6765 23552.2714  222.2886 -999.9000    0.0000    0.0000    6.5337   88.8396
  32.8792 23709.1508  222.1801 -999.9000    0.0000    0.0000    6.8322   88.9021
  32.1025 23866.0302  222.4844 -999.9000    0.0000    0.0000    7.2122   88.9664
  31.3447 24022.9095  223.0635 -999.9000    0.0000    0.0000    7.5855   89.0294
  30.6036 24179.7889  223.7151 -999.9000    0.0000    0.0000    7.8406   89.0878
  29.8779 24336.6683  224.2115 -999.9000    0.0000    0.0000    7.8856   89.1301
  29.1715 24493.5477  224.2632 -999.9000    0.0000    0.0000    7.8249   89.0898
  28.4842 24650.4271  224.1177 -999.9000    0.0000    0.0000    7.7109   88.9796
  27.8138 24807.3065  224.1437 -999.9000    0.0000    0.0000    7.5579   88.8366
  27.1583 24964.1859  224.7079 -999.9000    0.0000    0.0000    7.3794   88.6979
  26.5173 25121.0653  225.8716 -999.9000    0.0000    0.0000    7.1960   88.5852
  25.8939 25277.9447  227.0471 -999.9000    0.0000    0.0000    7.0424   88.4883
  25.2914 25434.8241  227.5637 -999.9000    0.0000    0.0000    6.9552   88.3927
  24.7096 25591.7035  227.0556 -999.9000    0.0000    0.0000    7.0158   88.3136
  24.1354 25748.5829  226.5082 -999.9000    0.0000    0.0000    7.3848   88.3442
  23.5706 25905.4623  226.2548 -999.9000    0.0000    0.0000    7.9645   88.4419
  23.0189 26062.3417  226.5046 -999.9000    0.0000    0.0000    8.6299   88.5480
  22.4826 26219.2211  227.3233 -999.9000    0.0000    0.0000    9.2804   88.6216
  21.9608 26376.1005  228.4051 -999.9000    0.0000    0.0000    9.8773   88.6692
  21.4521 26532.9799  229.3856 -999.9000    0.0000    0.0000   10.3924   88.7041
  20.9548 26689.8593  229.9000 -999.9000    0.0000    0.0000   10.7971   88.7401
  20.4676 26846.7387  229.5835 -999.9000    0.0000    0.0000   11.0629   88.7908
  19.9891 27003.6181  228.1069 -999.9000    0.0000    0.0000   11.1545   88.8671
  19.5243 27160.4975  227.1918 -999.9000    0.0000    0.0000   10.7099   88.8331
  19.0752 27317.3769  227.6258 -999.9000    0.0000    0.0000    9.8011   88.6652
  18.6391 27474.2563  228.8287 -999.9000    0.0000    0.0000    8.8225   88.4541
  18.2135 27631.1357  230.2204 -999.9000    0.0000    0.0000    8.1685   88.2905
  17.7959 27788.0151  231.2300 -999.9000    0.0000    0.0000    8.2107   88.2601
  17.3864 27944.8945  231.5104 -999.9000    0.0000    0.0000    8.7699   88.3267
  16.9866 28101.7739  231.0883 -999.9000    0.0000    0.0000    9.3650   88.3867
  16.5963 28258.6533  230.2603 -999.9000    0.0000    0.0000    9.9610   88.4341
  16.2153 28415.5327  229.3508 -999.9000    0.0000    0.0000   10.5724   88.4734
  15.8432 28572.4121  228.6836 -999.9000    0.0000    0.0000   11.2138   88.5095
  15.4798 28729.2915  228.5768 -999.9000    0.0000    0.0000   11.8974   88.5468
  15.1246 28886.1709  228.9919 -999.9000    0.0000    0.0000   12.5209   88.5881
  14.7769 29043.0503  229.3722 -999.9000    0.0000    0.0000   12.8205   88.6333
  14.4368 29199.9296  229.5540 -999.9000    0.0000    0.0000   12.7312   88.6841
  14.1043 29356.8090  229.6751 -999.9000    0.0000    0.0000   12.3344   88.7433
  13.7798 29513.6884  229.8791 -999.9000    0.0000    0.0000   11.7144   88.8140
  13.4633 29670.5678  230.3096 -999.9000    0.0000    0.0000   10.9556   88.8992
  13.1552 29827.4472  231.1103 -999.9000    0.0000    0.0000   10.1422   89.0018
  12.8555 29984.3266  232.3680 -999.9000    0.0000    0.0000    9.3564   89.1215
  12.5638 30141.2060  233.7704 -999.9000    0.0000    0.0000    8.6664   89.2343
  12.2794 30298.0854  234.8359 -999.9000    0.0000    0.0000    8.1340   89.3059
  12.0018 30454.9648  235.0822 -999.9000    0.0000    0.0000    7.8212   89.3022
  11.7304 30611.8442  234.2815 -999.9000    0.0000    0.0000    7.7490   89.2026
  11.4650 30768.7236  233.2456 -999.9000    0.0000    0.0000    7.7719   89.0420
  11.2056 30925.6030  233.0515 -999.9000    0.0000    0.0000    7.7022   88.8691
  10.9522 31082.4824  234.3510 -999.9000    0.0000    0.0000    7.4198   88.7216
  10.7056 31239.3618  235.9843 -999.9000    0.0000    0.0000    7.0937   88.5894
  10.4661 31396.2412  236.6335 -999.9000    0.0000    0.0000    6.9207   88.4534
  10.2318 31553.1206  236.3787 -999.9000    0.0000    0.0000    6.8864   88.3118
  10.0000 31710.0000  235.6752 -999.9000    0.0000    0.0000    6.9197   88.1674
