# 06610 LSMP Payerne Observations at 12Z 30 Jul 2008
# Radiosonde file generated by raso.rb
#
  P [hPa],     Z [m],    T [K],   Td [K],   RH [%], r [g/kg], WS [m/s], WD [deg]
 962.0000   491.0000  298.2377 -999.9000   66.1810   13.6900    1.3705   93.0543
 944.6891   647.8794  296.2315 -999.9000   67.7574   12.6302    3.7915   92.6754
 927.6873   804.7588  294.8905 -999.9000   79.5156   13.9071    1.3908   92.9144
 911.0964   961.6382  293.6438 -999.9000   79.9915   14.4362    0.4088   88.9012
 894.7070  1118.5176  292.7472 -999.9000   80.0063   14.3064    0.5224   90.9797
 878.5406  1275.3970  292.4856 -999.9000   80.0849   13.3485    1.4883   90.6229
 862.6769  1432.2764  291.1347 -999.9000   81.0087   13.5129    1.7089   90.4248
 846.9845  1589.1558  289.9139 -999.9000   80.3366   13.9027    3.3119   90.3491
 831.5533  1746.0352  289.5815 -999.9000   80.8206   13.2228    4.1995   90.3950
 816.3570  1902.9146  288.2764 -999.9000   80.7128   11.9693    5.3153   90.4496
 801.3249  2059.7940  286.6901 -999.9000   80.4348   11.5640    5.9543   90.4939
 786.5365  2216.6734  285.3353 -999.9000   80.2805   10.4184    6.7228   90.5367
 771.9169  2373.5528  284.0993 -999.9000   80.6667    8.7627    7.9387   90.5644
 757.5041  2530.4322  283.0355 -999.9000   80.5305    8.5006    8.4981   90.6155
 743.3854  2687.3116  282.4536 -999.9000   77.8797    7.5803    7.4193   90.6080
 729.2940  2844.1910  281.3714 -999.9000   60.4643    5.5688    7.2079   90.6173
 715.5826  3001.0704  280.3152 -999.9000   50.1881    4.3807    8.8214   90.6971
 702.0616  3157.9497  279.1221 -999.9000   51.6678    4.2344   10.1377   90.7782
 688.7126  3314.8291  277.6345 -999.9000   58.9915    4.4448   10.2623   90.8007
 675.5482  3471.7085  275.9971 -999.9000   68.2907    4.6752   10.5478   90.8205
 662.5494  3628.5879  274.5100 -999.9000   74.2326    4.6607   11.1904   90.8487
 649.7305  3785.4673  273.4896 -999.9000   67.3461    4.0055   11.5221   90.8627
 637.1240  3942.3467  272.6250 -999.9000   55.1986    3.1437   10.8798   90.9118
 624.7467  4099.2261  271.5985 -999.9000   50.2146    2.7055    9.3709   91.0167
 612.5275  4256.1055  270.5262 -999.9000   50.1432    2.5464    8.9779   91.0465
 600.5160  4412.9849  269.9063 -999.9000   38.2438    1.8919    9.2981   91.0390
 588.7253  4569.8643  269.2991 -999.9000   22.7814    1.0986    9.5227   91.0433
 577.1128  4726.7437  267.9945 -999.9000   18.1812    0.8108    9.6140   91.0483
 565.6299  4883.6231  267.1479 -999.9000   17.0476    0.7276    9.6173   91.0538
 554.4053  5040.5025  266.5766 -999.9000   13.5089    0.5634    8.9692   91.1400
 543.3471  5197.3819  265.8931 -999.9000   12.8484    0.5190    8.2311   91.2153
 532.4739  5354.2613  264.8608 -999.9000   22.2176    0.8459    8.6764   91.2112
 521.8251  5511.1407  263.8076 -999.9000   24.0649    0.8613    9.4705   91.1806
 511.3144  5668.0201  263.0127 -999.9000   14.1094    0.4842   10.1885   91.1583
 500.9731  5824.8995  261.6682 -999.9000   12.9929    0.4090   10.9258   91.1344
 490.8286  5981.7789  260.0543 -999.9000   18.4287    0.5200   11.1142   91.1143
 480.7236  6138.6583  258.9391 -999.9000   29.2745    0.7703   11.4793   91.0832
 470.8214  6295.5377  257.6504 -999.9000   31.5420    0.7621   11.6052   91.0728
 461.0900  6452.4171  256.2227 -999.9000   30.8753    0.6762   11.3520   90.9894
 451.4963  6609.2965  254.9217 -999.9000   32.0512    0.6422   10.3654   90.8335
 442.0676  6766.1759  253.8461 -999.9000   32.6269    0.6091    9.4926   90.7116
 432.8253  6923.0553  252.8806 -999.9000   32.3438    0.5674   10.4162   90.6964
 423.7241  7079.9347  251.4701 -999.9000   36.0526    0.5712   11.3067   90.7318
 414.7432  7236.8141  249.7609 -999.9000   41.2819    0.5742   11.1095   90.7585
 405.9174  7393.6935  248.7611 -999.9000   31.8613    0.4138   11.3372   90.7794
 397.1974  7550.5729  247.4690 -999.9000   27.2728    0.3219   11.5979   90.7881
 388.6475  7707.4523  246.0705 -999.9000   31.1995    0.3308   11.7296   90.8405
 380.2876  7864.3317  245.0486 -999.9000   34.8527    0.3433   11.9463   90.9010
 372.0784  8021.2111  244.2251 -999.9000   39.1262    0.3645   12.0738   90.8924
 363.9826  8178.0905  243.4254 -999.9000   45.2569    0.3994   11.9586   90.7526
 356.0087  8334.9698  242.5654 -999.9000   54.5035    0.4529   11.9119   90.7678
 348.2042  8491.8492  241.6640 -999.9000   60.6342    0.5188   12.4812   91.3797
 340.5609  8648.7286  240.8038 -999.9000   65.0308    0.5272   12.6799   91.7004
 333.0575  8805.6080  239.9346 -999.9000   65.6418    0.4852   12.5862   91.6152
 325.6771  8962.4874  238.9558 -999.9000   65.0705    0.4338   12.8466   91.4555
 318.4095  9119.3668  237.7512 -999.9000   65.8640    0.3977   13.7304   91.4682
 311.2701  9276.2462  236.1109 -999.9000   60.7592    0.3338   13.8523   91.4746
 304.2599  9433.1256  234.5368 -999.9000   55.5764    0.2938   14.0400   91.4194
 297.3812  9590.0050  233.4502 -999.9000   50.7316    0.2688   14.4857   91.3896
 290.6045  9746.8844  232.2022 -999.9000   45.5218    0.2331   14.7785   91.3805
 283.9369  9903.7638  230.8046 -999.9000   45.8224    0.2031   15.1216   91.3479
 277.3870 10060.6432  229.3032 -999.9000   45.6749    0.1789   15.4778   91.3074
 270.9631 10217.5226  227.7376 -999.9000   45.6138    0.1538   15.7151   91.2950
 264.6694 10374.4020  226.1821 -999.9000   45.7252    0.1244   15.7438   91.3378
 258.4744 10531.2814  224.9434 -999.9000   45.2343    0.1097   15.8653   91.3756
 252.3757 10688.1608  223.9036 -999.9000   45.5515    0.1034   16.1089   91.3933
 246.3812 10845.0402  222.8335 -999.9000   40.2681    0.0916   16.3932   91.3978
 240.4896 11001.9196  221.6260 -999.9000   35.7077    0.0742   16.6654   91.3965
 234.6950 11158.7990  220.2761 -999.9000   35.9611    0.0604   16.8962   91.3968
 229.0082 11315.6784  218.8807 -999.9000   35.5036    0.0528   17.0795   91.3986
 223.4492 11472.5578  217.5877 -999.9000   34.9749    0.0500   17.2216   91.3982
 218.0236 11629.4372  216.3735 -999.9000   30.1271    0.0480   17.0407   91.4126
 212.6609 11786.3166  214.6894 -999.9000   25.6070    0.0350   15.3861   91.5070
 207.3913 11943.1960  213.8469 -999.9000   23.7720    0.0295   14.2376   91.4951
 202.2510 12100.0754  214.5408 -999.9000   18.0058    0.0410   13.9665   91.5711
 197.2536 12256.9548  215.9294 -999.9000    9.0978    0.0304   12.0031   92.1270
 192.4469 12413.8342  218.3116 -999.9000    2.6453    0.0062   12.4921   91.9985
 187.8076 12570.7136  218.1166 -999.9000    0.2370    0.0003   12.7748   91.9213
 183.2603 12727.5930  216.8690 -999.9000    0.2955    0.0003   12.5233   91.8946
 178.8033 12884.4724  216.4436 -999.9000    0.0000    0.0000   12.3312   91.8603
 174.4458 13041.3518  216.8344 -999.9000    0.0133    0.0000   12.5051   91.7991
 170.1876 13198.2312  217.0473 -999.9000    0.0000    0.0000   13.0707   91.6668
 166.0391 13355.1106  217.2031 -999.9000    0.0000    0.0000   13.7300   91.5392
 162.0101 13511.9899  216.8147 -999.9000    0.0002    0.0000   14.0675   91.4198
 158.0706 13668.8693  215.8182 -999.9000    0.0000    0.0000   13.7214   91.3880
 154.1974 13825.7487  214.9334 -999.9000    0.0000    0.0000   12.5956   91.4693
 150.4126 13982.6281  214.8558 -999.9000    0.0000    0.0000   10.7149   91.5650
 146.7292 14139.5075  215.7749 -999.9000    0.0000    0.0000   10.6676   91.5673
 143.1108 14296.3869  213.9894 -999.9000    0.0000    0.0000   10.6142   91.5696
 139.5597 14453.2663  216.4015 -999.9000    0.0000    0.0000   10.6061   91.5684
 136.1266 14610.1457  214.0627 -999.9000    0.0000    0.0000   10.6184   91.5540
 132.7619 14767.0251  213.1933 -999.9000    0.0000    0.0000   10.6326   91.5347
 129.4754 14923.9045  214.1962 -999.9000    0.0000    0.0000   10.6428   91.5197
 126.2897 15080.7839  215.3135 -999.9000    0.0000    0.0000   10.6404   91.5108
 123.1790 15237.6633  216.5570 -999.9000    0.0000    0.0000   10.6635   91.4644
 120.1481 15394.5427  217.0499 -999.9000    0.0000    0.0000   10.5261   91.3748
 117.2138 15551.4221  216.4289 -999.9000    0.0000    0.0000   10.1684   91.2661
 114.3435 15708.3015  216.3603 -999.9000    0.0000    0.0000    9.8479   91.1464
 111.5416 15865.1809  216.1447 -999.9000    0.0000    0.0000    9.2672   91.1933
 108.8149 16022.0603  217.4870 -999.9000    0.0000    0.0000    8.4522   91.4869
 106.1648 16178.9397  217.5706 -999.9000    0.0000    0.0000    7.9894   91.3484
 103.5767 16335.8191  217.2330 -999.9000    0.0000    0.0000    6.5568   91.9971
 101.0524 16492.6985  219.3062 -999.9000    0.0000    0.0000    2.0767   90.4089
  98.6148 16649.5779  217.9407 -999.9000    0.0000    0.0000    1.2984   90.4014
  96.2203 16806.4573  217.2248 -999.9000    0.0000    0.0000    0.4682   90.4014
  93.8688 16963.3367  216.5306 -999.9000    0.0000    0.0000    1.5464   90.4014
  91.5836 17120.2161  216.4288 -999.9000    0.0000    0.0000    2.4095   90.4014
  89.3567 17277.0955  216.4225 -999.9000    0.0000    0.0000    3.0383   90.4014
  87.1784 17433.9749  215.9633 -999.9000    0.0000    0.0000    3.7298   90.3927
  85.0453 17590.8543  215.1629 -999.9000    0.0000    0.0000    4.6507   90.0754
  82.9608 17747.7337  214.8446 -999.9000    0.0000    0.0000    5.8276   90.9865
  80.9282 17904.6131  215.4915 -999.9000    0.0000    0.0000    6.9771   90.6807
  78.9484 18061.4925  216.1338 -999.9000    0.0000    0.0000    6.8708   90.4907
  77.0217 18218.3719  216.8022 -999.9000    0.0000    0.0000    5.9122   90.6714
  75.1483 18375.2513  217.8541 -999.9000    0.0000    0.0000    4.9556   90.9237
  73.3271 18532.1307  218.9480 -999.9000    0.0000    0.0000    4.3318   91.0464
  71.5556 18689.0101  219.0644 -999.9000    0.0000    0.0000    3.8626   90.9336
  69.8260 18845.8894  217.9388 -999.9000    0.0000    0.0000    3.2419   91.0562
  68.1227 19002.7688  217.6376 -999.9000    0.0000    0.0000    2.1027   91.7656
  66.4601 19159.6482  217.9764 -999.9000    0.0000    0.0000    1.0759   89.5288
  64.8418 19316.5276  218.4487 -999.9000    0.0000    0.0000    0.7716   87.4851
  63.2670 19473.4070  218.8413 -999.9000    0.0000    0.0000    1.3200   87.9468
  61.7318 19630.2864  219.3922 -999.9000    0.0000    0.0000    1.9124   88.3028
  60.2355 19787.1658  219.5956 -999.9000    0.0000    0.0000    2.6621   88.5476
  58.7762 19944.0452  219.2913 -999.9000    0.0000    0.0000    3.5093   88.9105
  57.3501 20100.9246  218.9059 -999.9000    0.0000    0.0000    3.9497   89.0671
  55.9562 20257.8040  218.6336 -999.9000    0.0000    0.0000    3.8858   88.9446
  54.5968 20414.6834  218.3952 -999.9000    0.0000    0.0000    3.6830   88.7725
  53.2731 20571.5628  218.3426 -999.9000    0.0000    0.0000    3.5044   88.6461
  51.9860 20728.4422  218.7869 -999.9000    0.0000    0.0000    3.3669   88.5640
  50.7361 20885.3216  220.0419 -999.9000    0.0000    0.0000    3.2849   88.5228
  49.5229 21042.2010  221.8191 -999.9000    0.0000    0.0000    3.2417   88.5126
  48.3394 21199.0804  221.2088 -999.9000    0.0000    0.0000    3.5870   88.5757
  47.1874 21355.9598  221.2872 -999.9000    0.0000    0.0000    4.7194   88.7747
  46.0647 21512.8392  221.6922 -999.9000    0.0000    0.0000    5.7540   88.9472
  44.9691 21669.7186  221.9448 -999.9000    0.0000    0.0000    5.9582   88.9570
  43.8989 21826.5980  221.9817 -999.9000    0.0000    0.0000    5.5648   88.8369
  42.8525 21983.4774  221.8633 -999.9000    0.0000    0.0000    5.0900   88.6697
  41.8295 22140.3568  221.6376 -999.9000    0.0000    0.0000    4.8228   88.5214
  40.8309 22297.2362  221.3327 -999.9000    0.0000    0.0000    4.7011   88.4316
  39.8584 22454.1156  220.9777 -999.9000    0.0000    0.0000    4.6329   88.4374
  38.9104 22610.9950  221.3991 -999.9000    0.0000    0.0000    4.7662   88.5046
  37.9838 22767.8744  222.6900 -999.9000    0.0000    0.0000    5.1572   88.5579
  37.0791 22924.7538  223.4140 -999.9000    0.0000    0.0000    5.4747   88.6106
  36.1962 23081.6332  223.5398 -999.9000    0.0000    0.0000    5.7026   88.6649
  35.3349 23238.5126  223.2852 -999.9000    0.0000    0.0000    5.8805   88.7211
  34.4951 23395.3920  222.8674 -999.9000    0.0000    0.0000    6.0481   88.7793
  33.6765 23552.2714  222.5042 -999.9000    0.0000    0.0000    6.2451   88.8396
  32.8792 23709.1508  222.4128 -999.9000    0.0000    0.0000    6.5115   88.9021
  32.1025 23866.0302  222.7353 -999.9000    0.0000    0.0000    6.8595   88.9664
  31.3447 24022.9095  223.3337 -999.9000    0.0000    0.0000    7.2011   89.0294
  30.6036 24179.7889  224.0060 -999.9000    0.0000    0.0000    7.4252   89.0878
  29.8779 24336.6683  224.5246 -999.9000    0.0000    0.0000    7.4399   89.1301
  29.1715 24493.5477  224.5998 -999.9000    0.0000    0.0000    7.3500   89.0898
  28.4842 24650.4271  224.4794 -999.9000    0.0000    0.0000    7.2080   88.9796
  27.8138 24807.3065  224.5321 -999.9000    0.0000    0.0000    7.0283   88.8366
  27.1583 24964.1859  225.1247 -999.9000    0.0000    0.0000    6.8247   88.6979
  26.5173 25121.0653  226.3181 -999.9000    0.0000    0.0000    6.6179   88.5852
  25.8939 25277.9447  227.5243 -999.9000    0.0000    0.0000    6.4424   88.4883
  25.2914 25434.8241  228.0726 -999.9000    0.0000    0.0000    6.3349   88.3927
  24.7096 25591.7035  227.5967 -999.9000    0.0000    0.0000    6.3768   88.3136
  24.1354 25748.5829  227.0818 -999.9000    0.0000    0.0000    6.7288   88.3442
  23.5706 25905.4623  226.8609 -999.9000    0.0000    0.0000    7.2931   88.4419
  23.0189 26062.3417  227.1430 -999.9000    0.0000    0.0000    7.9448   88.5480
  22.4826 26219.2211  227.9936 -999.9000    0.0000    0.0000    8.5831   88.6216
  21.9608 26376.1005  229.1065 -999.9000    0.0000    0.0000    9.1696   88.6692
  21.4521 26532.9799  230.1170 -999.9000    0.0000    0.0000    9.6759   88.7041
  20.9548 26689.8593  230.6601 -999.9000    0.0000    0.0000   10.0734   88.7401
  20.4676 26846.7387  230.3709 -999.9000    0.0000    0.0000   10.3338   88.7908
  19.9891 27003.6181  228.9196 -999.9000    0.0000    0.0000   10.4216   88.8671
  19.5243 27160.4975  228.0278 -999.9000    0.0000    0.0000    9.9750   88.8331
  19.0752 27317.3769  228.4827 -999.9000    0.0000    0.0000    9.0659   88.6652
  18.6391 27474.2563  229.7039 -999.9000    0.0000    0.0000    8.0886   88.4541
  18.2135 27631.1357  231.1111 -999.9000    0.0000    0.0000    7.4378   88.2905
  17.7959 27788.0151  232.1329 -999.9000    0.0000    0.0000    7.4848   88.2601
  17.3864 27944.8945  232.4222 -999.9000    0.0000    0.0000    8.0506   88.3267
  16.9866 28101.7739  232.0053 -999.9000    0.0000    0.0000    8.6539   88.3867
  16.5963 28258.6533  231.1785 -999.9000    0.0000    0.0000    9.2601   88.4341
  16.2153 28415.5327  230.2660 -999.9000    0.0000    0.0000    9.8834   88.4734
  15.8432 28572.4121  229.5913 -999.9000    0.0000    0.0000   10.5384   88.5095
  15.4798 28729.2915  229.4724 -999.9000    0.0000    0.0000   11.2374   88.5468
  15.1246 28886.1709  229.8702 -999.9000    0.0000    0.0000   11.8781   88.5881
  14.7769 29043.0503  230.2280 -999.9000    0.0000    0.0000   12.1967   88.6333
  14.4368 29199.9296  230.3818 -999.9000    0.0000    0.0000   12.1283   88.6841
  14.1043 29356.8090  230.4690 -999.9000    0.0000    0.0000   11.7540   88.7433
  13.7798 29513.6884  230.6331 -999.9000    0.0000    0.0000   11.1586   88.8140
  13.4633 29670.5678  231.0173 -999.9000    0.0000    0.0000   10.4260   88.8992
  13.1552 29827.4472  231.7652 -999.9000    0.0000    0.0000    9.6408   89.0018
  12.8555 29984.3266  232.9631 -999.9000    0.0000    0.0000    8.8851   89.1215
  12.5638 30141.2060  234.2986 -999.9000    0.0000    0.0000    8.2269   89.2343
  12.2794 30298.0854  235.2899 -999.9000    0.0000    0.0000    7.7282   89.3059
  12.0018 30454.9648  235.4542 -999.9000    0.0000    0.0000    7.4510   89.3022
  11.7304 30611.8442  234.5636 -999.9000    0.0000    0.0000    7.4163   89.2026
  11.4650 30768.7236  233.4297 -999.9000    0.0000    0.0000    7.4786   89.0420
  11.2056 30925.6030  233.1290 -999.9000    0.0000    0.0000    7.4503   88.8691
  10.9522 31082.4824  234.3132 -999.9000    0.0000    0.0000    7.2110   88.7216
  10.7056 31239.3618  235.8223 -999.9000    0.0000    0.0000    6.9300   88.5894
  10.4661 31396.2412  236.3379 -999.9000    0.0000    0.0000    6.8042   88.4534
  10.2318 31553.1206  235.9401 -999.9000    0.0000    0.0000    6.8189   88.3118
  10.0000 31710.0000  235.0837 -999.9000    0.0000    0.0000    6.9031   88.1674
