# 06610 LSMP Payerne Observations at 12Z 30 Jul 2008
# Radiosonde file generated by raso.rb
#
  P [hPa],     Z [m],    T [K],   Td [K],   RH [%], r [g/kg], WS [m/s], WD [deg]
 962.0000   491.0000  298.4623 -999.9000   66.1340   13.6900    2.0358   93.0543
 944.6891   647.8794  296.3875 -999.9000   67.6973   12.6302    4.4513   92.6754
 927.6873   804.7588  294.9830 -999.9000   79.4328   13.9071    2.0431   92.9144
 911.0964   961.6382  293.6777 -999.9000   79.8972   14.4362    0.2338   92.0428
 894.7070  1118.5176  292.7274 -999.9000   79.9026   14.3064    1.1534   90.9797
 878.5406  1275.3970  292.4166 -999.9000   79.9731   13.3485    2.1058   90.6229
 862.6769  1432.2764  291.0211 -999.9000   80.8889   13.5129    2.3113   90.4248
 846.9845  1589.1558  289.7599 -999.9000   80.2125   13.9027    3.8974   90.3491
 831.5533  1746.0352  289.3914 -999.9000   80.6916   13.2228    4.7667   90.3950
 816.3570  1902.9146  288.0541 -999.9000   80.5810   11.9693    5.8627   90.4496
 801.3249  2059.7940  286.4394 -999.9000   80.3017   11.5640    6.4806   90.4939
 786.5365  2216.6734  285.0598 -999.9000   80.1469   10.4184    7.2267   90.5367
 771.9169  2373.5528  283.8026 -999.9000   80.5327    8.7627    8.4191   90.5644
 757.5041  2530.4322  282.7209 -999.9000   80.3978    8.5006    8.9540   90.6155
 743.3854  2687.3116  282.1243 -999.9000   77.7534    7.5803    7.8498   90.6080
 729.2940  2844.1910  281.0303 -999.9000   60.3683    5.5688    7.6121   90.6173
 715.5826  3001.0704  279.9652 -999.9000   50.1106    4.3807    9.1986   90.6971
 702.0616  3157.9497  278.7659 -999.9000   51.5908    4.2344   10.4873   90.7782
 688.7126  3314.8291  277.2746 -999.9000   58.9071    4.4448   10.5838   90.8007
 675.5482  3471.7085  275.6358 -999.9000   68.1975    4.6752   10.8407   90.8205
 662.5494  3628.5879  274.1496 -999.9000   74.1366    4.6607   11.4545   90.8487
 649.7305  3785.4673  273.1319 -999.9000   67.2642    4.0055   11.7571   90.8627
 637.1240  3942.3467  272.2720 -999.9000   55.1360    3.1437   11.0857   90.9118
 624.7467  4099.2261  271.2519 -999.9000   50.1619    2.7055    9.5477   91.0167
 612.5275  4256.1055  270.1876 -999.9000   50.0950    2.5464    9.1255   91.0465
 600.5160  4412.9849  269.5770 -999.9000   38.2105    1.8919    9.4169   91.0390
 588.7253  4569.8643  268.9802 -999.9000   22.7636    1.0986    9.6130   91.0433
 577.1128  4726.7437  267.6871 -999.9000   18.1687    0.8108    9.6761   91.0483
 565.6299  4883.6231  266.8529 -999.9000   17.0374    0.7276    9.6518   91.0538
 554.4053  5040.5025  266.2948 -999.9000   13.5020    0.5634    8.9766   91.1400
 543.3471  5197.3819  265.6249 -999.9000   12.8430    0.5190    8.2122   91.2153
 532.4739  5354.2613  264.6067 -999.9000   22.2102    0.8459    8.6320   91.2112
 521.8251  5511.1407  263.5677 -999.9000   24.0589    0.8613    9.4016   91.1806
 511.3144  5668.0201  262.7872 -999.9000   14.1069    0.4842   10.0961   91.1583
 500.9731  5824.8995  261.4569 -999.9000   12.9915    0.4090   10.8109   91.1344
 490.8286  5981.7789  259.8570 -999.9000   18.4280    0.5200   10.9781   91.1143
 480.7236  6138.6583  258.7553 -999.9000   29.2751    0.7703   11.3233   91.0832
 470.8214  6295.5377  257.4795 -999.9000   31.5443    0.7621   11.4308   91.0728
 461.0900  6452.4171  256.0640 -999.9000   30.8789    0.6762   11.1607   90.9894
 451.4963  6609.2965  254.7743 -999.9000   32.0560    0.6422   10.1588   90.8335
 442.0676  6766.1759  253.7088 -999.9000   32.6326    0.6091    9.2725   90.7116
 432.8253  6923.0553  252.7522 -999.9000   32.3499    0.5674   10.1843   90.6964
 423.7241  7079.9347  251.3493 -999.9000   36.0594    0.5712   11.0652   90.7318
 414.7432  7236.8141  249.6460 -999.9000   41.2892    0.5742   10.8602   90.7585
 405.9174  7393.6935  248.6504 -999.9000   31.8663    0.4138   11.0824   90.7794
 397.1974  7550.5729  247.3607 -999.9000   27.2760    0.3219   11.3397   90.7881
 388.6475  7707.4523  245.9626 -999.9000   31.2016    0.3308   11.4702   90.8405
 380.2876  7864.3317  244.9396 -999.9000   34.8529    0.3433   11.6874   90.9010
 372.0784  8021.2111  244.1133 -999.9000   39.1236    0.3645   11.8173   90.8924
 363.9826  8178.0905  243.3093 -999.9000   45.2504    0.3994   11.7057   90.7526
 356.0087  8334.9698  242.4438 -999.9000   54.4912    0.4529   11.6639   90.7678
 348.2042  8491.8492  241.5356 -999.9000   60.6150    0.5188   12.2390   91.3797
 340.5609  8648.7286  240.6677 -999.9000   65.0044    0.5272   12.4442   91.7004
 333.0575  8805.6080  239.7897 -999.9000   65.6093    0.4852   12.3576   91.6152
 325.6771  8962.4874  238.8014 -999.9000   65.0323    0.4338   12.6254   91.4555
 318.4095  9119.3668  237.5866 -999.9000   65.8197    0.3977   13.5166   91.4682
 311.2701  9276.2462  235.9356 -999.9000   60.7134    0.3338   13.6457   91.4746
 304.2599  9433.1256  234.3503 -999.9000   55.5302    0.2938   13.8403   91.4194
 297.3812  9590.0050  233.2524 -999.9000   50.6860    0.2688   14.2922   91.3896
 290.6045  9746.8844  231.9929 -999.9000   45.4783    0.2331   14.5904   91.3805
 283.9369  9903.7638  230.5837 -999.9000   45.7765    0.2031   14.9377   91.3479
 277.3870 10060.6432  229.0709 -999.9000   45.6276    0.1789   15.2968   91.3074
 270.9631 10217.5226  227.4941 -999.9000   45.5658    0.1538   15.5355   91.2950
 264.6694 10374.4020  225.9278 -999.9000   45.6770    0.1244   15.5640   91.3378
 258.4744 10531.2814  224.6788 -999.9000   45.1875    0.1097   15.6832   91.3756
 252.3757 10688.1608  223.6293 -999.9000   45.5061    0.1034   15.9222   91.3933
 246.3812 10845.0402  222.5504 -999.9000   40.2304    0.0916   16.1995   91.3978
 240.4896 11001.9196  221.3348 -999.9000   35.6772    0.0742   16.4621   91.3965
 234.6950 11158.7990  219.9779 -999.9000   35.9342    0.0604   16.6807   91.3968
 229.0082 11315.6784  218.5764 -999.9000   35.4816    0.0528   16.8496   91.3986
 223.4492 11472.5578  217.2782 -999.9000   34.9581    0.0500   16.9753   91.3982
 218.0236 11629.4372  216.0599 -999.9000   30.1174    0.0480   16.7762   91.4126
 212.6609 11786.3166  214.3727 -999.9000   25.6031    0.0350   15.1020   91.5070
 207.3913 11943.1960  213.5280 -999.9000   23.7726    0.0295   13.9328   91.4951
 202.2510 12100.0754  214.2207 -999.9000   18.0097    0.0410   13.6402   91.5711
 197.2536 12256.9548  215.6092 -999.9000    9.1015    0.0304   11.6546   92.1270
 192.4469 12413.8342  217.9923 -999.9000    2.6468    0.0062   12.1212   91.9985
 187.8076 12570.7136  217.7993 -999.9000    0.2372    0.0003   12.3815   91.9213
 183.2603 12727.5930  216.5547 -999.9000    0.2958    0.0003   12.1078   91.8946
 178.8033 12884.4724  216.1334 -999.9000    0.0000    0.0000   11.8941   91.8603
 174.4458 13041.3518  216.5293 -999.9000    0.0133    0.0000   12.0472   91.7991
 170.1876 13198.2312  216.7485 -999.9000    0.0000    0.0000   12.5931   91.6668
 166.0391 13355.1106  216.9116 -999.9000    0.0000    0.0000   13.2341   91.5392
 162.0101 13511.9899  216.5316 -999.9000    0.0002    0.0000   13.5550   91.4198
 158.0706 13668.8693  215.5447 -999.9000    0.0000    0.0000   13.1944   91.3880
 154.1974 13825.7487  214.6705 -999.9000    0.0000    0.0000   12.0561   91.4693
 150.4126 13982.6281  214.6047 -999.9000    0.0000    0.0000   10.1657   91.5650
 146.7292 14139.5075  215.5368 -999.9000    0.0000    0.0000   10.1113   91.5673
 143.1108 14296.3869  213.7653 -999.9000    0.0000    0.0000   10.0540   91.5696
 139.5597 14453.2663  216.1927 -999.9000    0.0000    0.0000   10.0454   91.5684
 136.1266 14610.1457  213.8703 -999.9000    0.0000    0.0000   10.0605   91.5540
 132.7619 14767.0251  213.0182 -999.9000    0.0000    0.0000   10.0806   91.5347
 129.4754 14923.9045  214.0392 -999.9000    0.0000    0.0000   10.0998   91.5197
 126.2897 15080.7839  215.1753 -999.9000    0.0000    0.0000   10.1090   91.5108
 123.1790 15237.6633  216.4382 -999.9000    0.0000    0.0000   10.1463   91.4644
 120.1481 15394.5427  216.9509 -999.9000    0.0000    0.0000   10.0252   91.3748
 117.2138 15551.4221  216.3499 -999.9000    0.0000    0.0000    9.6859   91.2661
 114.3435 15708.3015  216.3014 -999.9000    0.0000    0.0000    9.3857   91.1464
 111.5416 15865.1809  216.1060 -999.9000    0.0000    0.0000    8.8269   91.1933
 108.8149 16022.0603  217.4683 -999.9000    0.0000    0.0000    8.0351   91.4869
 106.1648 16178.9397  217.5716 -999.9000    0.0000    0.0000    7.5966   91.3484
 103.5767 16335.8191  217.2534 -999.9000    0.0000    0.0000    6.1893   91.9971
 101.0524 16492.6985  219.3453 -999.9000    0.0000    0.0000    1.7352   90.4089
  98.6148 16649.5779  217.9979 -999.9000    0.0000    0.0000    0.9834   90.4014
  96.2203 16806.4573  217.2992 -999.9000    0.0000    0.0000    0.1799   90.4014
  93.8688 16963.3367  216.6212 -999.9000    0.0000    0.0000    1.2849   90.4014
  91.5836 17120.2161  216.5345 -999.9000    0.0000    0.0000    2.1746   90.4014
  89.3567 17277.0955  216.5421 -999.9000    0.0000    0.0000    2.8296   90.4014
  87.1784 17433.9749  216.0954 -999.9000    0.0000    0.0000    3.5466   90.3927
  85.0453 17590.8543  215.3061 -999.9000    0.0000    0.0000    4.4921   90.0754
  82.9608 17747.7337  214.9970 -999.9000    0.0000    0.0000    5.6926   90.9865
  80.9282 17904.6131  215.6514 -999.9000    0.0000    0.0000    6.8644   90.6807
  78.9484 18061.4925  216.2994 -999.9000    0.0000    0.0000    6.7790   90.4907
  77.0217 18218.3719  216.9717 -999.9000    0.0000    0.0000    5.8398   90.6714
  75.1483 18375.2513  218.0259 -999.9000    0.0000    0.0000    4.9013   90.9237
  73.3271 18532.1307  219.1204 -999.9000    0.0000    0.0000    4.2940   91.0464
  71.5556 18689.0101  219.2359 -999.9000    0.0000    0.0000    3.8401   90.9336
  69.8260 18845.8894  218.1078 -999.9000    0.0000    0.0000    3.2331   91.0562
  68.1227 19002.7688  217.8029 -999.9000    0.0000    0.0000    2.1063   91.7656
  66.4601 19159.6482  218.1366 -999.9000    0.0000    0.0000    1.0904   89.5288
  64.8418 19316.5276  218.6026 -999.9000    0.0000    0.0000    0.7957   87.4851
  63.2670 19473.4070  218.9876 -999.9000    0.0000    0.0000    1.3521   87.9468
  61.7318 19630.2864  219.5300 -999.9000    0.0000    0.0000    1.9513   88.3028
  60.2355 19787.1658  219.7238 -999.9000    0.0000    0.0000    2.7063   88.5476
  58.7762 19944.0452  219.4090 -999.9000    0.0000    0.0000    3.5574   88.9105
  57.3501 20100.9246  219.0121 -999.9000    0.0000    0.0000    4.0003   89.0671
  55.9562 20257.8040  218.7277 -999.9000    0.0000    0.0000    3.9375   88.9446
  54.5968 20414.6834  218.4763 -999.9000    0.0000    0.0000    3.7345   88.7725
  53.2731 20571.5628  218.4102 -999.9000    0.0000    0.0000    3.5542   88.6461
  51.9860 20728.4422  218.8404 -999.9000    0.0000    0.0000    3.4136   88.5640
  50.7361 20885.3216  220.0809 -999.9000    0.0000    0.0000    3.3271   88.5228
  49.5229 21042.2010  221.8430 -999.9000    0.0000    0.0000    3.2782   88.5126
  48.3394 21199.0804  221.2175 -999.9000    0.0000    0.0000    3.6162   88.5757
  47.1874 21355.9598  221.2802 -999.9000    0.0000    0.0000    4.7400   88.7747
  46.0647 21512.8392  221.6695 -999.9000    0.0000    0.0000    5.7646   88.9472
  44.9691 21669.7186  221.9061 -999.9000    0.0000    0.0000    5.9579   88.9570
  43.8989 21826.5980  221.9269 -999.9000    0.0000    0.0000    5.5525   88.8369
  42.8525 21983.4774  221.7924 -999.9000    0.0000    0.0000    5.0650   88.6697
  41.8295 22140.3568  221.5504 -999.9000    0.0000    0.0000    4.7847   88.5214
  40.8309 22297.2362  221.2292 -999.9000    0.0000    0.0000    4.6494   88.4316
  39.8584 22454.1156  220.8579 -999.9000    0.0000    0.0000    4.5676   88.4374
  38.9104 22610.9950  221.2630 -999.9000    0.0000    0.0000    4.6872   88.5046
  37.9838 22767.8744  222.5376 -999.9000    0.0000    0.0000    5.0649   88.5579
  37.0791 22924.7538  223.2454 -999.9000    0.0000    0.0000    5.3695   88.6106
  36.1962 23081.6332  223.3552 -999.9000    0.0000    0.0000    5.5851   88.6649
  35.3349 23238.5126  223.0847 -999.9000    0.0000    0.0000    5.7515   88.7211
  34.4951 23395.3920  222.6512 -999.9000    0.0000    0.0000    5.9088   88.7793
  33.6765 23552.2714  222.2724 -999.9000    0.0000    0.0000    6.0966   88.8396
  32.8792 23709.1508  222.1657 -999.9000    0.0000    0.0000    6.3553   88.9021
  32.1025 23866.0302  222.4731 -999.9000    0.0000    0.0000    6.6972   88.9664
  31.3447 24022.9095  223.0568 -999.9000    0.0000    0.0000    7.0345   89.0294
  30.6036 24179.7889  223.7147 -999.9000    0.0000    0.0000    7.2563   89.0878
  29.8779 24336.6683  224.2191 -999.9000    0.0000    0.0000    7.2710   89.1301
  29.1715 24493.5477  224.2806 -999.9000    0.0000    0.0000    7.1834   89.0898
  28.4842 24650.4271  224.1470 -999.9000    0.0000    0.0000    7.0464   88.9796
  27.8138 24807.3065  224.1869 -999.9000    0.0000    0.0000    6.8745   88.8366
  27.1583 24964.1859  224.7671 -999.9000    0.0000    0.0000    6.6816   88.6979
  26.5173 25121.0653  225.9487 -999.9000    0.0000    0.0000    6.4880   88.5852
  25.8939 25277.9447  227.1436 -999.9000    0.0000    0.0000    6.3284   88.4883
  25.2914 25434.8241  227.6813 -999.9000    0.0000    0.0000    6.2391   88.3927
  24.7096 25591.7035  227.1953 -999.9000    0.0000    0.0000    6.3013   88.3136
  24.1354 25748.5829  226.6710 -999.9000    0.0000    0.0000    6.6755   88.3442
  23.5706 25905.4623  226.4413 -999.9000    0.0000    0.0000    7.2637   88.4419
  23.0189 26062.3417  226.7155 -999.9000    0.0000    0.0000    7.9409   88.5480
  22.4826 26219.2211  227.5588 -999.9000    0.0000    0.0000    8.6060   88.6216
  21.9608 26376.1005  228.6653 -999.9000    0.0000    0.0000    9.2204   88.6692
  21.4521 26532.9799  229.6703 -999.9000    0.0000    0.0000    9.7555   88.7041
  20.9548 26689.8593  230.2087 -999.9000    0.0000    0.0000   10.1827   88.7401
  20.4676 26846.7387  229.9156 -999.9000    0.0000    0.0000   10.4731   88.7908
  19.9891 27003.6181  228.4615 -999.9000    0.0000    0.0000   10.5914   88.8671
  19.5243 27160.4975  227.5679 -999.9000    0.0000    0.0000   10.1754   88.8331
  19.0752 27317.3769  228.0219 -999.9000    0.0000    0.0000    9.2968   88.6652
  18.6391 27474.2563  229.2433 -999.9000    0.0000    0.0000    8.3498   88.4541
  18.2135 27631.1357  230.6518 -999.9000    0.0000    0.0000    7.7288   88.2905
  17.7959 27788.0151  231.6760 -999.9000    0.0000    0.0000    7.8050   88.2601
  17.3864 27944.8945  231.9689 -999.9000    0.0000    0.0000    8.3991   88.3267
  16.9866 28101.7739  231.5567 -999.9000    0.0000    0.0000    9.0298   88.3867
  16.5963 28258.6533  230.7360 -999.9000    0.0000    0.0000    9.6619   88.4341
  16.2153 28415.5327  229.8308 -999.9000    0.0000    0.0000   10.3098   88.4734
  15.8432 28572.4121  229.1646 -999.9000    0.0000    0.0000   10.9877   88.5095
  15.4798 28729.2915  229.0555 -999.9000    0.0000    0.0000   11.7079   88.5468
  15.1246 28886.1709  229.4647 -999.9000    0.0000    0.0000   12.3677   88.5881
  14.7769 29043.0503  229.8352 -999.9000    0.0000    0.0000   12.7031   88.6333
  14.4368 29199.9296  230.0031 -999.9000    0.0000    0.0000   12.6491   88.6841
  14.1043 29356.8090  230.1059 -999.9000    0.0000    0.0000   12.2866   88.7433
  13.7798 29513.6884  230.2871 -999.9000    0.0000    0.0000   11.7001   88.8140
  13.4633 29670.5678  230.6901 -999.9000    0.0000    0.0000   10.9735   88.8992
  13.1552 29827.4472  231.4582 -999.9000    0.0000    0.0000   10.1909   89.0018
  12.8555 29984.3266  232.6780 -999.9000    0.0000    0.0000    9.4345   89.1215
  12.5638 30141.2060  234.0371 -999.9000    0.0000    0.0000    8.7720   89.2343
  12.2794 30298.0854  235.0536 -999.9000    0.0000    0.0000    8.2652   89.3059
  12.0018 30454.9648  235.2449 -999.9000    0.0000    0.0000    7.9758   89.3022
  11.7304 30611.8442  234.3831 -999.9000    0.0000    0.0000    7.9247   89.2026
  11.4650 30768.7236  233.2797 -999.9000    0.0000    0.0000    7.9662   89.0420
  11.2056 30925.6030  233.0114 -999.9000    0.0000    0.0000    7.9125   88.8691
  10.9522 31082.4824  234.2299 -999.9000    0.0000    0.0000    7.6430   88.7216
  10.7056 31239.3618  235.7752 -999.9000    0.0000    0.0000    7.3268   88.5894
  10.4661 31396.2412  236.3289 -999.9000    0.0000    0.0000    7.1605   88.4534
  10.2318 31553.1206  235.9712 -999.9000    0.0000    0.0000    7.1294   88.3118
  10.0000 31710.0000  235.1569 -999.9000    0.0000    0.0000    7.1623   88.1674
