# 06610 LSMP Payerne Observations at 12Z 30 Jul 2008
# Radiosonde file generated by raso.rb
#
  P [hPa],     Z [m],    T [K],   Td [K],   RH [%], r [g/kg], WS [m/s], WD [deg]
 962.0000   491.0000  297.6242 -999.9000   66.2848   13.6900    2.1818   93.0543
 944.6891   647.8794  295.5977 -999.9000   67.8623   12.6302    4.5919   92.6754
 927.6873   804.7588  294.2389 -999.9000   79.6368   13.9071    2.1787   92.9144
 911.0964   961.6382  292.9767 -999.9000   80.1110   14.4362    0.3648   92.0428
 894.7070  1118.5176  292.0671 -999.9000   80.1231   14.3064    1.2801   90.9797
 878.5406  1275.3970  291.7948 -999.9000   80.1987   13.3485    2.2287   90.6229
 862.6769  1432.2764  290.4354 -999.9000   81.1203   13.5129    2.4307   90.4248
 846.9845  1589.1558  289.2081 -999.9000   80.4436   13.9027    4.0138   90.3491
 831.5533  1746.0352  288.8715 -999.9000   80.9242   13.2228    4.8805   90.3950
 816.3570  1902.9146  287.5642 -999.9000   80.8119   11.9693    5.9743   90.4496
 801.3249  2059.7940  285.9777 -999.9000   80.5291   11.5640    6.5904   90.4939
 786.5365  2216.6734  284.6246 -999.9000   80.3699   10.4184    7.3353   90.5367
 771.9169  2373.5528  283.3921 -999.9000   80.7516    8.7627    8.5269   90.5644
 757.5041  2530.4322  282.3336 -999.9000   80.6102    8.5006    9.0614   90.6155
 743.3854  2687.3116  281.7588 -999.9000   77.9518    7.5803    7.9574   90.6080
 729.2940  2844.1910  280.6853 -999.9000   60.5163    5.5688    7.7204   90.6173
 715.5826  3001.0704  279.6395 -999.9000   50.2279    4.3807    9.3080   90.6971
 702.0616  3157.9497  278.4582 -999.9000   51.7053    4.2344   10.5985   90.7782
 688.7126  3314.8291  276.9841 -999.9000   59.0303    4.4448   10.6972   90.8007
 675.5482  3471.7085  275.3614 -999.9000   68.3309    4.6752   10.9569   90.8205
 662.5494  3628.5879  273.8905 -999.9000   74.2713    4.6607   11.5740   90.8487
 649.7305  3785.4673  272.8874 -999.9000   67.3766    4.0055   11.8806   90.8627
 637.1240  3942.3467  272.0415 -999.9000   55.2200    3.1437   11.2136   90.9118
 624.7467  4099.2261  271.0348 -999.9000   50.2307    2.7055    9.6806   91.0167
 612.5275  4256.1055  269.9835 -999.9000   50.1560    2.5464    9.2642   91.0465
 600.5160  4412.9849  269.3855 -999.9000   38.2512    1.8919    9.5618   91.0390
 588.7253  4569.8643  268.8012 -999.9000   22.7844    1.0986    9.7648   91.0433
 577.1128  4726.7437  267.5205 -999.9000   18.1826    0.8108    9.8354   91.0483
 565.6299  4883.6231  266.6986 -999.9000   17.0479    0.7276    9.8193   91.0538
 554.4053  5040.5025  266.1528 -999.9000   13.5084    0.5634    9.1529   91.1400
 543.3471  5197.3819  265.4955 -999.9000   12.8473    0.5190    8.3980   91.2153
 532.4739  5354.2613  264.4901 -999.9000   22.2147    0.8459    8.8279   91.2112
 521.8251  5511.1407  263.4644 -999.9000   24.0608    0.8613    9.6083   91.1806
 511.3144  5668.0201  262.6975 -999.9000   14.1064    0.4842   10.3143   91.1583
 500.9731  5824.8995  261.3815 -999.9000   12.9897    0.4090   11.0414   91.1344
 490.8286  5981.7789  259.7966 -999.9000   18.4236    0.5200   11.2215   91.1143
 480.7236  6138.6583  258.7107 -999.9000   29.2657    0.7703   11.5804   91.0832
 470.8214  6295.5377  257.4515 -999.9000   31.5319    0.7621   11.7022   91.0728
 461.0900  6452.4171  256.0536 -999.9000   30.8650    0.6762   11.4473   90.9894
 451.4963  6609.2965  254.7826 -999.9000   32.0402    0.6422   10.4614   90.8335
 442.0676  6766.1759  253.7370 -999.9000   32.6157    0.6091    9.5917   90.7116
 432.8253  6923.0553  252.8016 -999.9000   32.3329    0.5674   10.5210   90.6964
 423.7241  7079.9347  251.4213 -999.9000   36.0408    0.5712   11.4200   90.7318
 414.7432  7236.8141  249.7420 -999.9000   41.2691    0.5742   11.2342   90.7585
 405.9174  7393.6935  248.7721 -999.9000   31.8524    0.4138   11.4761   90.7794
 397.1974  7550.5729  247.5097 -999.9000   27.2661    0.3219   11.7542   90.7881
 388.6475  7707.4523  246.1405 -999.9000   31.1931    0.3308   11.9059   90.8405
 380.2876  7864.3317  245.1476 -999.9000   34.8471    0.3433   12.1450   90.9010
 372.0784  8021.2111  244.3526 -999.9000   39.1221    0.3645   12.2969   90.8924
 363.9826  8178.0905  243.5808 -999.9000   45.2548    0.3994   12.2074   90.7526
 356.0087  8334.9698  242.7481 -999.9000   54.5046    0.4529   12.1875   90.7678
 348.2042  8491.8492  241.8731 -999.9000   60.6395    0.5188   12.7842   91.3797
 340.5609  8648.7286  241.0386 -999.9000   65.0412    0.5272   13.0104   91.7004
 333.0575  8805.6080  240.1940 -999.9000   65.6572    0.4852   12.9440   91.6152
 325.6771  8962.4874  239.2388 -999.9000   65.0908    0.4338   13.2310   91.4555
 318.4095  9119.3668  238.0567 -999.9000   65.8898    0.3977   14.1403   91.4682
 311.2701  9276.2462  236.4377 -999.9000   60.7879    0.3338   14.2861   91.4746
 304.2599  9433.1256  234.8835 -999.9000   55.6071    0.2938   14.4957   91.4194
 297.3812  9590.0050  233.8155 -999.9000   50.7637    0.2688   14.9609   91.3896
 290.6045  9746.8844  232.5845 -999.9000   45.5542    0.2331   15.2703   91.3805
 283.9369  9903.7638  231.2023 -999.9000   45.8586    0.2031   15.6267   91.3479
 277.3870 10060.6432  229.7146 -999.9000   45.7145    0.1789   15.9925   91.3074
 270.9631 10217.5226  228.1610 -999.9000   45.6568    0.1538   16.2352   91.2950
 264.6694 10374.4020  226.6155 -999.9000   45.7714    0.1244   16.2647   91.3378
 258.4744 10531.2814  225.3849 -999.9000   45.2831    0.1097   16.3821   91.3756
 252.3757 10688.1608  224.3511 -999.9000   45.6035    0.1034   16.6160   91.3933
 246.3812 10845.0402  223.2849 -999.9000   40.3164    0.0916   16.8847   91.3978
 240.4896 11001.9196  222.0790 -999.9000   35.7524    0.0742   17.1351   91.3965
 234.6950 11158.7990  220.7285 -999.9000   36.0077    0.0604   17.3380   91.3968
 229.0082 11315.6784  219.3305 -999.9000   35.5511    0.0528   17.4879   91.3986
 223.4492 11472.5578  218.0329 -999.9000   35.0228    0.0500   17.5917   91.3982
 218.0236 11629.4372  216.8124 -999.9000   30.1693    0.0480   17.3681   91.4126
 212.6609 11786.3166  215.1204 -999.9000   25.6435    0.0350   15.6670   91.5070
 207.3913 11943.1960  214.2684 -999.9000   23.8064    0.0295   14.4689   91.4951
 202.2510 12100.0754  214.9514 -999.9000   18.0322    0.0410   14.1454   91.5711
 197.2536 12256.9548  216.3279 -999.9000    9.1112    0.0304   12.1276   92.1270
 192.4469 12413.8342  218.6970 -999.9000    2.6492    0.0062   12.5609   91.9985
 187.8076 12570.7136  218.4878 -999.9000    0.2373    0.0003   12.7867   91.9213
 183.2603 12727.5930  217.2253 -999.9000    0.2960    0.0003   12.4782   91.8946
 178.8033 12884.4724  216.7844 -999.9000    0.0000    0.0000   12.2292   91.8603
 174.4458 13041.3518  217.1590 -999.9000    0.0133    0.0000   12.3470   91.7991
 170.1876 13198.2312  217.3554 -999.9000    0.0000    0.0000   12.8579   91.6668
 166.0391 13355.1106  217.4944 -999.9000    0.0000    0.0000   13.4645   91.5392
 162.0101 13511.9899  217.0890 -999.9000    0.0002    0.0000   13.7519   91.4198
 158.0706 13668.8693  216.0756 -999.9000    0.0000    0.0000   13.3588   91.3880
 154.1974 13825.7487  215.1740 -999.9000    0.0000    0.0000   12.1896   91.4693
 150.4126 13982.6281  215.0800 -999.9000    0.0000    0.0000   10.2698   91.5650
 146.7292 14139.5075  215.9830 -999.9000    0.0000    0.0000   10.1882   91.5673
 143.1108 14296.3869  214.1820 -999.9000    0.0000    0.0000   10.1060   91.5696
 139.5597 14453.2663  216.5794 -999.9000    0.0000    0.0000   10.0751   91.5684
 136.1266 14610.1457  214.2265 -999.9000    0.0000    0.0000   10.0705   91.5540
 132.7619 14767.0251  213.3439 -999.9000    0.0000    0.0000   10.0734   91.5347
 129.4754 14923.9045  214.3344 -999.9000    0.0000    0.0000   10.0777   91.5197
 126.2897 15080.7839  215.4400 -999.9000    0.0000    0.0000   10.0742   91.5108
 123.1790 15237.6633  216.6728 -999.9000    0.0000    0.0000   10.1008   91.4644
 120.1481 15394.5427  217.1558 -999.9000    0.0000    0.0000    9.9709   91.3748
 117.2138 15551.4221  216.5257 -999.9000    0.0000    0.0000    9.6245   91.2661
 114.3435 15708.3015  216.4488 -999.9000    0.0000    0.0000    9.3187   91.1464
 111.5416 15865.1809  216.2259 -999.9000    0.0000    0.0000    8.7555   91.1933
 108.8149 16022.0603  217.5618 -999.9000    0.0000    0.0000    7.9607   91.4869
 106.1648 16178.9397  217.6399 -999.9000    0.0000    0.0000    7.5202   91.3484
 103.5767 16335.8191  217.2978 -999.9000    0.0000    0.0000    6.1118   91.9971
 101.0524 16492.6985  219.3673 -999.9000    0.0000    0.0000    1.6573   90.4089
  98.6148 16649.5779  217.9992 -999.9000    0.0000    0.0000    0.9057   90.4014
  96.2203 16806.4573  217.2816 -999.9000    0.0000    0.0000    0.1028   90.4014
  93.8688 16963.3367  216.5866 -999.9000    0.0000    0.0000    1.2086   90.4014
  91.5836 17120.2161  216.4852 -999.9000    0.0000    0.0000    2.0992   90.4014
  89.3567 17277.0955  216.4802 -999.9000    0.0000    0.0000    2.7551   90.4014
  87.1784 17433.9749  216.0233 -999.9000    0.0000    0.0000    3.4727   90.3927
  85.0453 17590.8543  215.2264 -999.9000    0.0000    0.0000    4.4185   90.0754
  82.9608 17747.7337  214.9126 -999.9000    0.0000    0.0000    5.6186   90.9865
  80.9282 17904.6131  215.5650 -999.9000    0.0000    0.0000    6.7894   90.6807
  78.9484 18061.4925  216.2138 -999.9000    0.0000    0.0000    6.7022   90.4907
  77.0217 18218.3719  216.8897 -999.9000    0.0000    0.0000    5.7605   90.6714
  75.1483 18375.2513  217.9497 -999.9000    0.0000    0.0000    4.8190   90.9237
  73.3271 18532.1307  219.0524 -999.9000    0.0000    0.0000    4.2083   91.0464
  71.5556 18689.0101  219.1780 -999.9000    0.0000    0.0000    3.7506   90.9336
  69.8260 18845.8894  218.0618 -999.9000    0.0000    0.0000    3.1395   91.0562
  68.1227 19002.7688  217.7702 -999.9000    0.0000    0.0000    2.0084   91.7656
  66.4601 19159.6482  218.1186 -999.9000    0.0000    0.0000    0.9883   89.5288
  64.8418 19316.5276  218.6004 -999.9000    0.0000    0.0000    0.6893   87.4851
  63.2670 19473.4070  219.0021 -999.9000    0.0000    0.0000    1.2417   87.9468
  61.7318 19630.2864  219.5617 -999.9000    0.0000    0.0000    1.8370   88.3028
  60.2355 19787.1658  219.7733 -999.9000    0.0000    0.0000    2.5886   88.5476
  58.7762 19944.0452  219.4764 -999.9000    0.0000    0.0000    3.4367   88.9105
  57.3501 20100.9246  219.0975 -999.9000    0.0000    0.0000    3.8771   89.0671
  55.9562 20257.8040  218.8307 -999.9000    0.0000    0.0000    3.8125   88.9446
  54.5968 20414.6834  218.5966 -999.9000    0.0000    0.0000    3.6084   88.7725
  53.2731 20571.5628  218.5470 -999.9000    0.0000    0.0000    3.4279   88.6461
  51.9860 20728.4422  218.9929 -999.9000    0.0000    0.0000    3.2881   88.5640
  50.7361 20885.3216  220.2478 -999.9000    0.0000    0.0000    3.2034   88.5228
  49.5229 21042.2010  222.0231 -999.9000    0.0000    0.0000    3.1574   88.5126
  48.3394 21199.0804  221.4091 -999.9000    0.0000    0.0000    3.4997   88.5757
  47.1874 21355.9598  221.4817 -999.9000    0.0000    0.0000    4.6290   88.7747
  46.0647 21512.8392  221.8789 -999.9000    0.0000    0.0000    5.6606   88.9472
  44.9691 21669.7186  222.1216 -999.9000    0.0000    0.0000    5.8620   88.9570
  43.8989 21826.5980  222.1468 -999.9000    0.0000    0.0000    5.4659   88.8369
  42.8525 21983.4774  222.0150 -999.9000    0.0000    0.0000    4.9886   88.6697
  41.8295 22140.3568  221.7743 -999.9000    0.0000    0.0000    4.7193   88.5214
  40.8309 22297.2362  221.4529 -999.9000    0.0000    0.0000    4.5956   88.4316
  39.8584 22454.1156  221.0801 -999.9000    0.0000    0.0000    4.5259   88.4374
  38.9104 22610.9950  221.4824 -999.9000    0.0000    0.0000    4.6580   88.5046
  37.9838 22767.8744  222.7530 -999.9000    0.0000    0.0000    5.0485   88.5579
  37.0791 22924.7538  223.4559 -999.9000    0.0000    0.0000    5.3658   88.6106
  36.1962 23081.6332  223.5597 -999.9000    0.0000    0.0000    5.5941   88.6649
  35.3349 23238.5126  223.2824 -999.9000    0.0000    0.0000    5.7730   88.7211
  34.4951 23395.3920  222.8413 -999.9000    0.0000    0.0000    5.9424   88.7793
  33.6765 23552.2714  222.4543 -999.9000    0.0000    0.0000    6.1418   88.8396
  32.8792 23709.1508  222.3388 -999.9000    0.0000    0.0000    6.4113   88.9021
  32.1025 23866.0302  222.6369 -999.9000    0.0000    0.0000    6.7634   88.9664
  31.3447 24022.9095  223.2109 -999.9000    0.0000    0.0000    7.1099   89.0294
  30.6036 24179.7889  223.8588 -999.9000    0.0000    0.0000    7.3397   89.0878
  29.8779 24336.6683  224.3530 -999.9000    0.0000    0.0000    7.3612   89.1301
  29.1715 24493.5477  224.4042 -999.9000    0.0000    0.0000    7.2790   89.0898
  28.4842 24650.4271  224.2603 -999.9000    0.0000    0.0000    7.1459   88.9796
  27.8138 24807.3065  224.2900 -999.9000    0.0000    0.0000    6.9762   88.8366
  27.1583 24964.1859  224.8601 -999.9000    0.0000    0.0000    6.7836   88.6979
  26.5173 25121.0653  226.0317 -999.9000    0.0000    0.0000    6.5889   88.5852
  25.8939 25277.9447  227.2169 -999.9000    0.0000    0.0000    6.4264   88.4883
  25.2914 25434.8241  227.7449 -999.9000    0.0000    0.0000    6.3329   88.3927
  24.7096 25591.7035  227.2494 -999.9000    0.0000    0.0000    6.3894   88.3136
  24.1354 25748.5829  226.7157 -999.9000    0.0000    0.0000    6.7567   88.3442
  23.5706 25905.4623  226.4768 -999.9000    0.0000    0.0000    7.3369   88.4419
  23.0189 26062.3417  226.7417 -999.9000    0.0000    0.0000    8.0050   88.5480
  22.4826 26219.2211  227.5760 -999.9000    0.0000    0.0000    8.6601   88.6216
  21.9608 26376.1005  228.6735 -999.9000    0.0000    0.0000    9.2636   88.6692
  21.4521 26532.9799  229.6696 -999.9000    0.0000    0.0000    9.7871   88.7041
  20.9548 26689.8593  230.1991 -999.9000    0.0000    0.0000   10.2020   88.7401
  20.4676 26846.7387  229.8973 -999.9000    0.0000    0.0000   10.4796   88.7908
  19.9891 27003.6181  228.4345 -999.9000    0.0000    0.0000   10.5847   88.8671
  19.5243 27160.4975  227.5322 -999.9000    0.0000    0.0000   10.1551   88.8331
  19.0752 27317.3769  227.9777 -999.9000    0.0000    0.0000    9.2627   88.6652
  18.6391 27474.2563  229.1906 -999.9000    0.0000    0.0000    8.3018   88.4541
  18.2135 27631.1357  230.5905 -999.9000    0.0000    0.0000    7.6669   88.2905
  17.7959 27788.0151  231.6063 -999.9000    0.0000    0.0000    7.7292   88.2601
  17.3864 27944.8945  231.8908 -999.9000    0.0000    0.0000    8.3097   88.3267
  16.9866 28101.7739  231.4702 -999.9000    0.0000    0.0000    8.9270   88.3867
  16.5963 28258.6533  230.6410 -999.9000    0.0000    0.0000    9.5462   88.4341
  16.2153 28415.5327  229.7274 -999.9000    0.0000    0.0000   10.1816   88.4734
  15.8432 28572.4121  229.0528 -999.9000    0.0000    0.0000   10.8477   88.5095
  15.4798 28729.2915  228.9353 -999.9000    0.0000    0.0000   11.5567   88.5468
  15.1246 28886.1709  229.3360 -999.9000    0.0000    0.0000   12.2061   88.5881
  14.7769 29043.0503  229.6980 -999.9000    0.0000    0.0000   12.5321   88.6333
  14.4368 29199.9296  229.8574 -999.9000    0.0000    0.0000   12.4696   88.6841
  14.1043 29356.8090  229.9517 -999.9000    0.0000    0.0000   12.0999   88.7433
  13.7798 29513.6884  230.1243 -999.9000    0.0000    0.0000   11.5073   88.8140
  13.4633 29670.5678  230.5186 -999.9000    0.0000    0.0000   10.7759   88.8992
  13.1552 29827.4472  231.2780 -999.9000    0.0000    0.0000    9.9900   89.0018
  12.8555 29984.3266  232.4891 -999.9000    0.0000    0.0000    9.2317   89.1215
  12.5638 30141.2060  233.8393 -999.9000    0.0000    0.0000    8.5690   89.2343
  12.2794 30298.0854  234.8469 -999.9000    0.0000    0.0000    8.0638   89.3059
  12.0018 30454.9648  235.0292 -999.9000    0.0000    0.0000    7.7778   89.3022
  11.7304 30611.8442  234.1582 -999.9000    0.0000    0.0000    7.7321   89.2026
  11.4650 30768.7236  233.0457 -999.9000    0.0000    0.0000    7.7810   89.0420
  11.2056 30925.6030  232.7680 -999.9000    0.0000    0.0000    7.7368   88.8691
  10.9522 31082.4824  233.9771 -999.9000    0.0000    0.0000    7.4791   88.7216
  10.7056 31239.3618  235.5128 -999.9000    0.0000    0.0000    7.1771   88.5894
  10.4661 31396.2412  236.0568 -999.9000    0.0000    0.0000    7.0274   88.4534
  10.2318 31553.1206  235.6893 -999.9000    0.0000    0.0000    7.0155   88.3118
  10.0000 31710.0000  234.8650 -999.9000    0.0000    0.0000    7.0702   88.1674
