# 06610 LSMP Payerne Observations at 12Z 30 Jul 2008
# Radiosonde file generated by raso.rb
#
  P [hPa],     Z [m],    T [K],   Td [K],   RH [%], r [g/kg], WS [m/s], WD [deg]
 962.0000   491.0000  298.3462 -999.9000   66.2868   13.6900    1.8681   93.0543
 944.6891   647.8794  296.2949 -999.9000   67.8343   12.6302    4.2885   92.6754
 927.6873   804.7588  294.9130 -999.9000   79.5713   13.9071    1.8844   92.9144
 911.0964   961.6382  293.6293 -999.9000   80.0151   14.4362    0.0787   92.0428
 894.7070  1118.5176  292.6998 -999.9000   79.9997   14.3064    1.0013   90.9797
 878.5406  1275.3970  292.4089 -999.9000   80.0503   13.3485    1.9562   90.6229
 862.6769  1432.2764  291.0324 -999.9000   80.9476   13.5129    2.1636   90.4248
 846.9845  1589.1558  289.7893 -999.9000   80.2522   13.9027    3.7513   90.3491
 831.5533  1746.0352  289.4379 -999.9000   80.7137   13.2228    4.6218   90.3950
 816.3570  1902.9146  288.1169 -999.9000   80.5861   11.9693    5.7187   90.4496
 801.3249  2059.7940  286.5178 -999.9000   80.2906   11.5640    6.3372   90.4939
 786.5365  2216.6734  285.1528 -999.9000   80.1205   10.4184    7.0838   90.5367
 771.9169  2373.5528  283.9093 -999.9000   80.4916    8.7627    8.2764   90.5644
 757.5041  2530.4322  282.8406 -999.9000   80.3430    8.5006    8.8115   90.6155
 743.3854  2687.3116  282.2561 -999.9000   77.6878    7.5803    7.7074   90.6080
 729.2940  2844.1910  281.1734 -999.9000   60.3083    5.5688    7.4699   90.6173
 715.5826  3001.0704  280.1189 -999.9000   50.0538    4.3807    9.0566   90.6971
 702.0616  3157.9497  278.9293 -999.9000   51.5255    4.2344   10.3456   90.7782
 688.7126  3314.8291  277.4470 -999.9000   58.8255    4.4448   10.4426   90.8007
 675.5482  3471.7085  275.8164 -999.9000   68.0955    4.6752   10.7002   90.8205
 662.5494  3628.5879  274.3376 -999.9000   74.0185    4.6607   11.3149   90.8487
 649.7305  3785.4673  273.3266 -999.9000   67.1510    4.0055   11.6188   90.8627
 637.1240  3942.3467  272.4727 -999.9000   55.0390    3.1437   10.9489   90.9118
 624.7467  4099.2261  271.4577 -999.9000   50.0702    2.7055    9.4130   91.0167
 612.5275  4256.1055  270.3979 -999.9000   50.0006    2.5464    8.9934   91.0465
 600.5160  4412.9849  269.7911 -999.9000   38.1368    1.8919    9.2879   91.0390
 588.7253  4569.8643  269.1974 -999.9000   22.7189    1.0986    9.4876   91.0433
 577.1128  4726.7437  267.9067 -999.9000   18.1326    0.8108    9.5550   91.0483
 565.6299  4883.6231  267.0742 -999.9000   17.0033    0.7276    9.5357   91.0538
 554.4053  5040.5025  266.5171 -999.9000   13.4750    0.5634    8.8662   91.1400
 543.3471  5197.3819  265.8476 -999.9000   12.8174    0.5190    8.1083   91.2153
 532.4739  5354.2613  264.8291 -999.9000   22.1663    0.8459    8.5354   91.2112
 521.8251  5511.1407  263.7892 -999.9000   24.0121    0.8613    9.3132   91.1806
 511.3144  5668.0201  263.0071 -999.9000   14.0801    0.4842   10.0169   91.1583
 500.9731  5824.8995  261.6747 -999.9000   12.9675    0.4090   10.7419   91.1344
 490.8286  5981.7789  260.0720 -999.9000   18.3951    0.5200   10.9203   91.1143
 480.7236  6138.6583  258.9669 -999.9000   29.2252    0.7703   11.2779   91.0832
 470.8214  6295.5377  257.6871 -999.9000   31.4932    0.7621   11.3989   91.0728
 461.0900  6452.4171  256.2670 -999.9000   30.8321    0.6762   11.1435   90.9894
 451.4963  6609.2965  254.9721 -999.9000   32.0109    0.6422   10.1577   90.8335
 442.0676  6766.1759  253.9010 -999.9000   32.5908    0.6091    9.2886   90.7116
 432.8253  6923.0553  252.9381 -999.9000   32.3128    0.5674   10.2191   90.6964
 423.7241  7079.9347  251.5283 -999.9000   36.0234    0.5712   11.1200   90.7318
 414.7432  7236.8141  249.8177 -999.9000   41.2545    0.5742   10.9367   90.7585
 405.9174  7393.6935  248.8142 -999.9000   31.8449    0.4138   11.1819   90.7794
 397.1974  7550.5729  247.5161 -999.9000   27.2627    0.3219   11.4639   90.7881
 388.6475  7707.4523  246.1093 -999.9000   31.1924    0.3308   11.6204   90.8405
 380.2876  7864.3317  245.0772 -999.9000   34.8496    0.3433   11.8649   90.9010
 372.0784  8021.2111  244.2418 -999.9000   39.1282    0.3645   12.0228   90.8924
 363.9826  8178.0905  243.4289 -999.9000   45.2653    0.3994   11.9401   90.7526
 356.0087  8334.9698  242.5547 -999.9000   54.5208    0.4529   11.9274   90.7678
 348.2042  8491.8492  241.6382 -999.9000   60.6611    0.5188   12.5319   91.3797
 340.5609  8648.7286  240.7625 -999.9000   65.0677    0.5272   12.7664   91.7004
 333.0575  8805.6080  239.8775 -999.9000   65.6870    0.4852   12.7088   91.6152
 325.6771  8962.4874  238.8831 -999.9000   65.1227    0.4338   13.0050   91.4555
 318.4095  9119.3668  237.6633 -999.9000   65.9241    0.3977   13.9239   91.4682
 311.2701  9276.2462  236.0085 -999.9000   60.8211    0.3338   14.0795   91.4746
 304.2599  9433.1256  234.4208 -999.9000   55.6385    0.2938   14.2994   91.4194
 297.3812  9590.0050  233.3220 -999.9000   50.7931    0.2688   14.7750   91.3896
 290.6045  9746.8844  232.0632 -999.9000   45.5810    0.2331   15.0952   91.3805
 283.9369  9903.7638  230.6567 -999.9000   45.8857    0.2031   15.4624   91.3479
 277.3870 10060.6432  229.1485 -999.9000   45.7415    0.1789   15.8392   91.3074
 270.9631 10217.5226  227.5786 -999.9000   45.6835    0.1538   16.0931   91.2950
 264.6694 10374.4020  226.0215 -999.9000   45.7978    0.1244   16.1339   91.3378
 258.4744 10531.2814  224.7842 -999.9000   45.3087    0.1097   16.2624   91.3756
 252.3757 10688.1608  223.7491 -999.9000   45.6286    0.1034   16.5075   91.3933
 246.3812 10845.0402  222.6874 -999.9000   40.3378    0.0916   16.7875   91.3978
 240.4896 11001.9196  221.4919 -999.9000   35.7706    0.0742   17.0490   91.3965
 234.6950 11158.7990  220.1579 -999.9000   36.0253    0.0604   17.2628   91.3968
 229.0082 11315.6784  218.7817 -999.9000   35.5676    0.0528   17.4235   91.3986
 223.4492 11472.5578  217.5109 -999.9000   35.0381    0.0500   17.5379   91.3982
 218.0236 11629.4372  216.3215 -999.9000   30.1815    0.0480   17.3247   91.4126
 212.6609 11786.3166  214.6644 -999.9000   25.6531    0.0350   15.6338   91.5070
 207.3913 11943.1960  213.8507 -999.9000   23.8145    0.0295   14.4456   91.4951
 202.2510 12100.0754  214.5748 -999.9000   18.0377    0.0410   14.1318   91.5711
 197.2536 12256.9548  215.9947 -999.9000    9.1137    0.0304   12.1233   92.1270
 192.4469 12413.8342  218.4089 -999.9000    2.6498    0.0062   12.5654   91.9985
 187.8076 12570.7136  218.2462 -999.9000    0.2374    0.0003   12.7998   91.9213
 183.2603 12727.5930  217.0308 -999.9000    0.2960    0.0003   12.4994   91.8946
 178.8033 12884.4724  216.6372 -999.9000    0.0000    0.0000   12.2581   91.8603
 174.4458 13041.3518  217.0589 -999.9000    0.0133    0.0000   12.3832   91.7991
 170.1876 13198.2312  217.3015 -999.9000    0.0000    0.0000   12.9008   91.6668
 166.0391 13355.1106  217.4854 -999.9000    0.0000    0.0000   13.5136   91.5392
 162.0101 13511.9899  217.1231 -999.9000    0.0002    0.0000   13.8066   91.4198
 158.0706 13668.8693  216.1504 -999.9000    0.0000    0.0000   13.4186   91.3880
 154.1974 13825.7487  215.2866 -999.9000    0.0000    0.0000   12.2538   91.4693
 150.4126 13982.6281  215.2269 -999.9000    0.0000    0.0000   10.3379   91.5650
 146.7292 14139.5075  216.1604 -999.9000    0.0000    0.0000   10.2594   91.5673
 143.1108 14296.3869  214.3854 -999.9000    0.0000    0.0000   10.1796   91.5696
 139.5597 14453.2663  216.8038 -999.9000    0.0000    0.0000   10.1504   91.5684
 136.1266 14610.1457  214.4669 -999.9000    0.0000    0.0000   10.1467   91.5540
 132.7619 14767.0251  213.5956 -999.9000    0.0000    0.0000   10.1499   91.5347
 129.4754 14923.9045  214.5929 -999.9000    0.0000    0.0000   10.1537   91.5197
 126.2897 15080.7839  215.7013 -999.9000    0.0000    0.0000   10.1490   91.5108
 123.1790 15237.6633  216.9329 -999.9000    0.0000    0.0000   10.1737   91.4644
 120.1481 15394.5427  217.4113 -999.9000    0.0000    0.0000   10.0413   91.3748
 117.2138 15551.4221  216.7733 -999.9000    0.0000    0.0000    9.6916   91.2661
 114.3435 15708.3015  216.6856 -999.9000    0.0000    0.0000    9.3819   91.1464
 111.5416 15865.1809  216.4492 -999.9000    0.0000    0.0000    8.8142   91.1933
 108.8149 16022.0603  217.7692 -999.9000    0.0000    0.0000    8.0142   91.4869
 106.1648 16178.9397  217.8293 -999.9000    0.0000    0.0000    7.5679   91.3484
 103.5767 16335.8191  217.4675 -999.9000    0.0000    0.0000    6.1530   91.9971
 101.0524 16492.6985  219.5159 -999.9000    0.0000    0.0000    1.6915   90.4089
  98.6148 16649.5779  218.1255 -999.9000    0.0000    0.0000    0.9322   90.4014
  96.2203 16806.4573  217.3846 -999.9000    0.0000    0.0000    0.1211   90.4014
  93.8688 16963.3367  216.6659 -999.9000    0.0000    0.0000    1.2181   90.4014
  91.5836 17120.2161  216.5404 -999.9000    0.0000    0.0000    2.0993   90.4014
  89.3567 17277.0955  216.5115 -999.9000    0.0000    0.0000    2.7452   90.4014
  87.1784 17433.9749  216.0309 -999.9000    0.0000    0.0000    3.4524   90.3927
  85.0453 17590.8543  215.2109 -999.9000    0.0000    0.0000    4.3871   90.0754
  82.9608 17747.7337  214.8748 -999.9000    0.0000    0.0000    5.5757   90.9865
  80.9282 17904.6131  215.5063 -999.9000    0.0000    0.0000    6.7345   90.6807
  78.9484 18061.4925  216.1355 -999.9000    0.0000    0.0000    6.6348   90.4907
  77.0217 18218.3719  216.7931 -999.9000    0.0000    0.0000    5.6804   90.6714
  75.1483 18375.2513  217.8362 -999.9000    0.0000    0.0000    4.7261   90.9237
  73.3271 18532.1307  218.9231 -999.9000    0.0000    0.0000    4.1028   91.0464
  71.5556 18689.0101  219.0342 -999.9000    0.0000    0.0000    3.6327   90.9336
  69.8260 18845.8894  217.9048 -999.9000    0.0000    0.0000    3.0098   91.0562
  68.1227 19002.7688  217.6012 -999.9000    0.0000    0.0000    1.8676   91.7656
  66.4601 19159.6482  217.9386 -999.9000    0.0000    0.0000    0.8372   89.5288
  64.8418 19316.5276  218.4107 -999.9000    0.0000    0.0000    0.5290   87.4851
  63.2670 19473.4070  218.8037 -999.9000    0.0000    0.0000    1.0734   87.9468
  61.7318 19630.2864  219.3557 -999.9000    0.0000    0.0000    1.6622   88.3028
  60.2355 19787.1658  219.5607 -999.9000    0.0000    0.0000    2.4087   88.5476
  58.7762 19944.0452  219.2582 -999.9000    0.0000    0.0000    3.2537   88.9105
  57.3501 20100.9246  218.8747 -999.9000    0.0000    0.0000    3.6929   89.0671
  55.9562 20257.8040  218.6043 -999.9000    0.0000    0.0000    3.6293   88.9446
  54.5968 20414.6834  218.3674 -999.9000    0.0000    0.0000    3.4284   88.7725
  53.2731 20571.5628  218.3160 -999.9000    0.0000    0.0000    3.2537   88.6461
  51.9860 20728.4422  218.7609 -999.9000    0.0000    0.0000    3.1225   88.5640
  50.7361 20885.3216  220.0157 -999.9000    0.0000    0.0000    3.0492   88.5228
  49.5229 21042.2010  221.7917 -999.9000    0.0000    0.0000    3.0177   88.5126
  48.3394 21199.0804  221.1792 -999.9000    0.0000    0.0000    3.3777   88.5757
  47.1874 21355.9598  221.2539 -999.9000    0.0000    0.0000    4.5283   88.7747
  46.0647 21512.8392  221.6540 -999.9000    0.0000    0.0000    5.5845   88.9472
  44.9691 21669.7186  221.9003 -999.9000    0.0000    0.0000    5.8136   88.9570
  43.8989 21826.5980  221.9298 -999.9000    0.0000    0.0000    5.4478   88.8369
  42.8525 21983.4774  221.8031 -999.9000    0.0000    0.0000    5.0031   88.6697
  41.8295 22140.3568  221.5681 -999.9000    0.0000    0.0000    4.7681   88.5214
  40.8309 22297.2362  221.2530 -999.9000    0.0000    0.0000    4.6803   88.4316
  39.8584 22454.1156  220.8873 -999.9000    0.0000    0.0000    4.6474   88.4374
  38.9104 22610.9950  221.2973 -999.9000    0.0000    0.0000    4.8170   88.5046
  37.9838 22767.8744  222.5764 -999.9000    0.0000    0.0000    5.2452   88.5579
  37.0791 22924.7538  223.2883 -999.9000    0.0000    0.0000    5.6001   88.6106
  36.1962 23081.6332  223.4019 -999.9000    0.0000    0.0000    5.8654   88.6649
  35.3349 23238.5126  223.1349 -999.9000    0.0000    0.0000    6.0803   88.7211
  34.4951 23395.3920  222.7048 -999.9000    0.0000    0.0000    6.2843   88.7793
  33.6765 23552.2714  222.3294 -999.9000    0.0000    0.0000    6.5167   88.8396
  32.8792 23709.1508  222.2261 -999.9000    0.0000    0.0000    6.8169   88.9021
  32.1025 23866.0302  222.5370 -999.9000    0.0000    0.0000    7.1971   88.9664
  31.3447 24022.9095  223.1244 -999.9000    0.0000    0.0000    7.5688   89.0294
  30.6036 24179.7889  223.7864 -999.9000    0.0000    0.0000    7.8205   89.0878
  29.8779 24336.6683  224.2953 -999.9000    0.0000    0.0000    7.8600   89.1301
  29.1715 24493.5477  224.3617 -999.9000    0.0000    0.0000    7.7917   89.0898
  28.4842 24650.4271  224.2336 -999.9000    0.0000    0.0000    7.6679   88.9796
  27.8138 24807.3065  224.2796 -999.9000    0.0000    0.0000    7.5025   88.8366
  27.1583 24964.1859  224.8666 -999.9000    0.0000    0.0000    7.3092   88.6979
  26.5173 25121.0653  226.0556 -999.9000    0.0000    0.0000    7.1088   88.5852
  25.8939 25277.9447  227.2586 -999.9000    0.0000    0.0000    6.9362   88.4883
  25.2914 25434.8241  227.8048 -999.9000    0.0000    0.0000    6.8283   88.3927
  24.7096 25591.7035  227.3279 -999.9000    0.0000    0.0000    6.8666   88.3136
  24.1354 25748.5829  226.8130 -999.9000    0.0000    0.0000    7.2122   88.3442
  23.5706 25905.4623  226.5932 -999.9000    0.0000    0.0000    7.7676   88.4419
  23.0189 26062.3417  226.8774 -999.9000    0.0000    0.0000    8.4080   88.5480
  22.4826 26219.2211  227.7310 -999.9000    0.0000    0.0000    9.0329   88.6216
  21.9608 26376.1005  228.8479 -999.9000    0.0000    0.0000    9.6042   88.6692
  21.4521 26532.9799  229.8634 -999.9000    0.0000    0.0000   10.0937   88.7041
  20.9548 26689.8593  230.4124 -999.9000    0.0000    0.0000   10.4730   88.7401
  20.4676 26846.7387  230.1298 -999.9000    0.0000    0.0000   10.7141   88.7908
  19.9891 27003.6181  228.6862 -999.9000    0.0000    0.0000   10.7818   88.8671
  19.5243 27160.4975  227.8028 -999.9000    0.0000    0.0000   10.3144   88.8331
  19.0752 27317.3769  228.2670 -999.9000    0.0000    0.0000    9.3842   88.6652
  18.6391 27474.2563  229.4982 -999.9000    0.0000    0.0000    8.3858   88.4541
  18.2135 27631.1357  230.9162 -999.9000    0.0000    0.0000    7.7138   88.2905
  17.7959 27788.0151  231.9495 -999.9000    0.0000    0.0000    7.7401   88.2601
  17.3864 27944.8945  232.2510 -999.9000    0.0000    0.0000    8.2859   88.3267
  16.9866 28101.7739  231.8470 -999.9000    0.0000    0.0000    8.8701   88.3867
  16.5963 28258.6533  231.0338 -999.9000    0.0000    0.0000    9.4581   88.4341
  16.2153 28415.5327  230.1355 -999.9000    0.0000    0.0000   10.0647   88.4734
  15.8432 28572.4121  229.4756 -999.9000    0.0000    0.0000   10.7046   88.5095
  15.4798 28729.2915  229.3720 -999.9000    0.0000    0.0000   11.3905   88.5468
  15.1246 28886.1709  229.7857 -999.9000    0.0000    0.0000   12.0201   88.5881
  14.7769 29043.0503  230.1600 -999.9000    0.0000    0.0000   12.3300   88.6333
  14.4368 29199.9296  230.3308 -999.9000    0.0000    0.0000   12.2554   88.6841
  14.1043 29356.8090  230.4354 -999.9000    0.0000    0.0000   11.8779   88.7433
  13.7798 29513.6884  230.6174 -999.9000    0.0000    0.0000   11.2823   88.8140
  13.4633 29670.5678  231.0200 -999.9000    0.0000    0.0000   10.5529   88.8992
  13.1552 29827.4472  231.7866 -999.9000    0.0000    0.0000    9.7745   89.0018
  12.8555 29984.3266  233.0036 -999.9000    0.0000    0.0000    9.0294   89.1215
  12.5638 30141.2060  234.3586 -999.9000    0.0000    0.0000    8.3860   89.2343
  12.2794 30298.0854  235.3696 -999.9000    0.0000    0.0000    7.9063   89.3059
  12.0018 30454.9648  235.5541 -999.9000    0.0000    0.0000    7.6528   89.3022
  11.7304 30611.8442  234.6838 -999.9000    0.0000    0.0000    7.6466   89.2026
  11.4650 30768.7236  233.5706 -999.9000    0.0000    0.0000    7.7424   89.0420
  11.2056 30925.6030  233.2907 -999.9000    0.0000    0.0000    7.7530   88.8691
  10.9522 31082.4824  234.4960 -999.9000    0.0000    0.0000    7.5583   88.7216
  10.7056 31239.3618  236.0263 -999.9000    0.0000    0.0000    7.3276   88.5894
  10.4661 31396.2412  236.5633 -999.9000    0.0000    0.0000    7.2581   88.4534
  10.2318 31553.1206  236.1870 -999.9000    0.0000    0.0000    7.3355   88.3118
  10.0000 31710.0000  235.3522 -999.9000    0.0000    0.0000    7.4890   88.1674
