# 06610 LSMP Payerne Observations at 12Z 30 Jul 2008
# Radiosonde file generated by raso.rb
#
  P [hPa],     Z [m],    T [K],   Td [K],   RH [%], r [g/kg], WS [m/s], WD [deg]
 962.0000   491.0000  298.1421 -999.9000   66.2456   13.6900    2.2601   93.0543
 944.6891   647.8794  296.1346 -999.9000   67.8232   12.6302    4.7866   92.6754
 927.6873   804.7588  294.7925 -999.9000   79.5923   13.9071    2.4775   92.9144
 911.0964   961.6382  293.5447 -999.9000   80.0679   14.4362    0.7560   92.0428
 894.7070  1118.5176  292.6473 -999.9000   80.0817   14.3064    1.7525   90.9797
 878.5406  1275.3970  292.3849 -999.9000   80.1591   13.3485    2.7714   90.6229
 862.6769  1432.2764  291.0334 -999.9000   81.0824   13.5129    3.0333   90.4248
 846.9845  1589.1558  289.8120 -999.9000   80.4081   13.9027    4.6662   90.3491
 831.5533  1746.0352  289.4792 -999.9000   80.8907   13.2228    5.5732   90.3950
 816.3570  1902.9146  288.1738 -999.9000   80.7809   11.9693    6.6982   90.4496
 801.3249  2059.7940  286.5872 -999.9000   80.5005   11.5640    7.3369   90.4939
 786.5365  2216.6734  285.2322 -999.9000   80.3438   10.4184    8.0959   90.5367
 771.9169  2373.5528  283.9960 -999.9000   80.7278    8.7627    9.2939   90.5644
 757.5041  2530.4322  282.9322 -999.9000   80.5888    8.5006    9.8274   90.6155
 743.3854  2687.3116  282.3503 -999.9000   77.9335    7.5803    8.7154   90.6080
 729.2940  2844.1910  281.2681 -999.9000   60.5038    5.5688    8.4638   90.6173
 715.5826  3001.0704  280.2119 -999.9000   50.2190    4.3807   10.0308   90.6971
 702.0616  3157.9497  279.0189 -999.9000   51.6976    4.2344   11.2949   90.7782
 688.7126  3314.8291  277.5315 -999.9000   59.0231    4.4448   11.3620   90.8007
 675.5482  3471.7085  275.8942 -999.9000   68.3244    4.6752   11.5853   90.8205
 662.5494  3628.5879  274.4072 -999.9000   74.2659    4.6607   12.1616   90.8487
 649.7305  3785.4673  273.3869 -999.9000   67.3733    4.0055   12.4233   90.8627
 637.1240  3942.3467  272.5224 -999.9000   55.2184    3.1437   11.7081   90.9118
 624.7467  4099.2261  271.4960 -999.9000   50.2302    2.7055   10.1237   91.0167
 612.5275  4256.1055  270.4238 -999.9000   50.1563    2.5464    9.6532   91.0465
 600.5160  4412.9849  269.8039 -999.9000   38.2520    1.8919    9.8946   91.0390
 588.7253  4569.8643  269.1967 -999.9000   22.7851    1.0986   10.0394   91.0433
 577.1128  4726.7437  267.8920 -999.9000   18.1832    0.8108   10.0506   91.0483
 565.6299  4883.6231  267.0453 -999.9000   17.0486    0.7276    9.9741   91.0538
 554.4053  5040.5025  266.4738 -999.9000   13.5090    0.5634    9.2468   91.1400
 543.3471  5197.3819  265.7900 -999.9000   12.8478    0.5190    8.4309   91.2153
 532.4739  5354.2613  264.7574 -999.9000   22.2154    0.8459    8.8002   91.2112
 521.8251  5511.1407  263.7038 -999.9000   24.0613    0.8613    9.5207   91.1806
 511.3144  5668.0201  262.9084 -999.9000   14.1065    0.4842   10.1681   91.1583
 500.9731  5824.8995  261.5633 -999.9000   12.9895    0.4090   10.8382   91.1344
 490.8286  5981.7789  259.9487 -999.9000   18.4229    0.5200   10.9634   91.1143
 480.7236  6138.6583  258.8326 -999.9000   29.2638    0.7703   11.2699   91.0832
 470.8214  6295.5377  257.5429 -999.9000   31.5287    0.7621   11.3423   91.0728
 461.0900  6452.4171  256.1141 -999.9000   30.8607    0.6762   11.0413   90.9894
 451.4963  6609.2965  254.8119 -999.9000   32.0342    0.6422   10.0131   90.8335
 442.0676  6766.1759  253.7348 -999.9000   32.6080    0.6091    9.1053   90.7116
 432.8253  6923.0553  252.7678 -999.9000   32.3233    0.5674   10.0013   90.6964
 423.7241  7079.9347  251.3556 -999.9000   36.0278    0.5712   10.8720   90.7318
 414.7432  7236.8141  249.6445 -999.9000   41.2514    0.5742   10.6634   90.7585
 405.9174  7393.6935  248.6426 -999.9000   31.8362    0.4138   10.8886   90.7794
 397.1974  7550.5729  247.3483 -999.9000   27.2499    0.3219   11.1562   90.7881
 388.6475  7707.4523  245.9474 -999.9000   31.1718    0.3308   11.3037   90.8405
 380.2876  7864.3317  244.9231 -999.9000   34.8200    0.3433   11.5443   90.9010
 372.0784  8021.2111  244.0971 -999.9000   39.0878    0.3645   11.7031   90.8924
 363.9826  8178.0905  243.2950 -999.9000   45.2105    0.3994   11.6258   90.7526
 356.0087  8334.9698  242.4328 -999.9000   54.4456    0.4529   11.6226   90.7678
 348.2042  8491.8492  241.5293 -999.9000   60.5676    0.5188   12.2403   91.3797
 340.5609  8648.7286  240.6674 -999.9000   64.9575    0.5272   12.4915   91.7004
 333.0575  8805.6080  239.7966 -999.9000   65.5662    0.4852   12.4536   91.6152
 325.6771  8962.4874  238.8168 -999.9000   64.9942    0.4338   12.7724   91.4555
 318.4095  9119.3668  237.6116 -999.9000   65.7859    0.3977   13.7162   91.4682
 311.2701  9276.2462  235.9713 -999.9000   60.6867    0.3338   13.8989   91.4746
 304.2599  9433.1256  234.3977 -999.9000   55.5101    0.2938   14.1476   91.4194
 297.3812  9590.0050  233.3124 -999.9000   50.6714    0.2688   14.6534   91.3896
 290.6045  9746.8844  232.0664 -999.9000   45.4686    0.2331   15.0049   91.3805
 283.9369  9903.7638  230.6716 -999.9000   45.7700    0.2031   15.4042   91.3479
 277.3870 10060.6432  229.1738 -999.9000   45.6242    0.1789   15.8134   91.3074
 270.9631 10217.5226  227.6128 -999.9000   45.5652    0.1538   16.0997   91.2950
 264.6694 10374.4020  226.0629 -999.9000   45.6790    0.1244   16.1727   91.3378
 258.4744 10531.2814  224.8309 -999.9000   45.1916    0.1097   16.3328   91.3756
 252.3757 10688.1608  223.7989 -999.9000   45.5120    0.1034   16.6086   91.3933
 246.3812 10845.0402  222.7379 -999.9000   40.2368    0.0916   16.9179   91.3978
 240.4896 11001.9196  221.5407 -999.9000   35.6836    0.0742   17.2072   91.3965
 234.6950 11158.7990  220.2022 -999.9000   35.9409    0.0604   17.4470   91.3968
 229.0082 11315.6784  218.8193 -999.9000   35.4881    0.0528   17.6320   91.3986
 223.4492 11472.5578  217.5394 -999.9000   34.9642    0.0500   17.7689   91.3982
 218.0236 11629.4372  216.3390 -999.9000   30.1221    0.0480   17.5763   91.4126
 212.6609 11786.3166  214.6690 -999.9000   25.6065    0.0350   15.9043   91.5070
 207.3913 11943.1960  213.8407 -999.9000   23.7751    0.0295   14.7331   91.4951
 202.2510 12100.0754  214.5487 -999.9000   18.0109    0.0410   14.4345   91.5711
 197.2536 12256.9548  215.9512 -999.9000    9.1018    0.0304   12.4394   92.1270
 192.4469 12413.8342  218.3468 -999.9000    2.6468    0.0062   12.8930   91.9985
 187.8076 12570.7136  218.1645 -999.9000    0.2372    0.0003   13.1370   91.9213
 183.2603 12727.5930  216.9287 -999.9000    0.2958    0.0003   12.8442   91.8946
 178.8033 12884.4724  216.5140 -999.9000    0.0000    0.0000   12.6087   91.8603
 174.4458 13041.3518  216.9142 -999.9000    0.0133    0.0000   12.7376   91.7991
 170.1876 13198.2312  217.1351 -999.9000    0.0000    0.0000   13.2571   91.6668
 166.0391 13355.1106  217.2971 -999.9000    0.0000    0.0000   13.8698   91.5392
 162.0101 13511.9899  216.9129 -999.9000    0.0002    0.0000   14.1606   91.4198
 158.0706 13668.8693  215.9186 -999.9000    0.0000    0.0000   13.7685   91.3880
 154.1974 13825.7487  215.0336 -999.9000    0.0000    0.0000   12.5976   91.4693
 150.4126 13982.6281  214.9533 -999.9000    0.0000    0.0000   10.6735   91.5650
 146.7292 14139.5075  215.8670 -999.9000    0.0000    0.0000   10.5849   91.5673
 143.1108 14296.3869  214.0731 -999.9000    0.0000    0.0000   10.4928   91.5696
 139.5597 14453.2663  216.4737 -999.9000    0.0000    0.0000   10.4492   91.5684
 136.1266 14610.1457  214.1204 -999.9000    0.0000    0.0000   10.4292   91.5540
 132.7619 14767.0251  213.2338 -999.9000    0.0000    0.0000   10.4143   91.5347
 129.4754 14923.9045  214.2172 -999.9000    0.0000    0.0000   10.3985   91.5197
 126.2897 15080.7839  215.3132 -999.9000    0.0000    0.0000   10.3727   91.5108
 123.1790 15237.6633  216.5338 -999.9000    0.0000    0.0000   10.3751   91.4644
 120.1481 15394.5427  217.0028 -999.9000    0.0000    0.0000   10.2195   91.3748
 117.2138 15551.4221  216.3570 -999.9000    0.0000    0.0000    9.8457   91.2661
 114.3435 15708.3015  216.2632 -999.9000    0.0000    0.0000    9.5115   91.1464
 111.5416 15865.1809  216.0225 -999.9000    0.0000    0.0000    8.9188   91.1933
 108.8149 16022.0603  217.3400 -999.9000    0.0000    0.0000    8.0936   91.4869
 106.1648 16178.9397  217.3995 -999.9000    0.0000    0.0000    7.6222   91.3484
 103.5767 16335.8191  217.0391 -999.9000    0.0000    0.0000    6.1825   91.9971
 101.0524 16492.6985  219.0909 -999.9000    0.0000    0.0000    1.6964   90.4089
  98.6148 16649.5779  217.7060 -999.9000    0.0000    0.0000    0.9132   90.4014
  96.2203 16806.4573  216.9728 -999.9000    0.0000    0.0000    0.0791   90.4014
  93.8688 16963.3367  216.2640 -999.9000    0.0000    0.0000    1.1540   90.4014
  91.5836 17120.2161  216.1507 -999.9000    0.0000    0.0000    2.0144   90.4014
  89.3567 17277.0955  216.1363 -999.9000    0.0000    0.0000    2.6410   90.4014
  87.1784 17433.9749  215.6727 -999.9000    0.0000    0.0000    3.3303   90.3927
  85.0453 17590.8543  214.8722 -999.9000    0.0000    0.0000    4.2491   90.0754
  82.9608 17747.7337  214.5582 -999.9000    0.0000    0.0000    5.4238   90.9865
  80.9282 17904.6131  215.2143 -999.9000    0.0000    0.0000    6.5708   90.6807
  78.9484 18061.4925  215.8708 -999.9000    0.0000    0.0000    6.4616   90.4907
  77.0217 18218.3719  216.5578 -999.9000    0.0000    0.0000    5.4999   90.6714
  75.1483 18375.2513  217.6323 -999.9000    0.0000    0.0000    4.5402   90.9237
  73.3271 18532.1307  218.7523 -999.9000    0.0000    0.0000    3.9133   91.0464
  71.5556 18689.0101  218.8978 -999.9000    0.0000    0.0000    3.4413   90.9336
  69.8260 18845.8894  217.8039 -999.9000    0.0000    0.0000    2.8181   91.0562
  68.1227 19002.7688  217.5365 -999.9000    0.0000    0.0000    1.6769   91.7656
  66.4601 19159.6482  217.9107 -999.9000    0.0000    0.0000    0.6488   89.5288
  64.8418 19316.5276  218.4197 -999.9000    0.0000    0.0000    0.3440   87.4851
  63.2670 19473.4070  218.8496 -999.9000    0.0000    0.0000    0.8927   87.9468
  61.7318 19630.2864  219.4380 -999.9000    0.0000    0.0000    1.4866   88.3028
  60.2355 19787.1658  219.6787 -999.9000    0.0000    0.0000    2.2390   88.5476
  58.7762 19944.0452  219.4110 -999.9000    0.0000    0.0000    3.0902   88.9105
  57.3501 20100.9246  219.0609 -999.9000    0.0000    0.0000    3.5361   89.0671
  55.9562 20257.8040  218.8224 -999.9000    0.0000    0.0000    3.4794   88.9446
  54.5968 20414.6834  218.6155 -999.9000    0.0000    0.0000    3.2855   88.7725
  53.2731 20571.5628  218.5920 -999.9000    0.0000    0.0000    3.1178   88.6461
  51.9860 20728.4422  219.0623 -999.9000    0.0000    0.0000    2.9932   88.5640
  50.7361 20885.3216  220.3397 -999.9000    0.0000    0.0000    2.9262   88.5228
  49.5229 21042.2010  222.1353 -999.9000    0.0000    0.0000    2.9006   88.5126
  48.3394 21199.0804  221.5390 -999.9000    0.0000    0.0000    3.2658   88.5757
  47.1874 21355.9598  221.6264 -999.9000    0.0000    0.0000    4.4207   88.7747
  46.0647 21512.8392  222.0353 -999.9000    0.0000    0.0000    5.4805   88.9472
  44.9691 21669.7186  222.2870 -999.9000    0.0000    0.0000    5.7125   88.9570
  43.8989 21826.5980  222.3185 -999.9000    0.0000    0.0000    5.3488   88.8369
  42.8525 21983.4774  222.1907 -999.9000    0.0000    0.0000    4.9057   88.6697
  41.8295 22140.3568  221.9516 -999.9000    0.0000    0.0000    4.6720   88.5214
  40.8309 22297.2362  221.6299 -999.9000    0.0000    0.0000    4.5851   88.4316
  39.8584 22454.1156  221.2550 -999.9000    0.0000    0.0000    4.5531   88.4374
  38.9104 22610.9950  221.6536 -999.9000    0.0000    0.0000    4.7235   88.5046
  37.9838 22767.8744  222.9191 -999.9000    0.0000    0.0000    5.1524   88.5579
  37.0791 22924.7538  223.6157 -999.9000    0.0000    0.0000    5.5083   88.6106
  36.1962 23081.6332  223.7122 -999.9000    0.0000    0.0000    5.7749   88.6649
  35.3349 23238.5126  223.4269 -999.9000    0.0000    0.0000    5.9915   88.7211
  34.4951 23395.3920  222.9772 -999.9000    0.0000    0.0000    6.1976   88.7793
  33.6765 23552.2714  222.5811 -999.9000    0.0000    0.0000    6.4328   88.8396
  32.8792 23709.1508  222.4564 -999.9000    0.0000    0.0000    6.7366   88.9021
  32.1025 23866.0302  222.7454 -999.9000    0.0000    0.0000    7.1212   88.9664
  31.3447 24022.9095  223.3105 -999.9000    0.0000    0.0000    7.4983   89.0294
  30.6036 24179.7889  223.9500 -999.9000    0.0000    0.0000    7.7564   89.0878
  29.8779 24336.6683  224.4365 -999.9000    0.0000    0.0000    7.8036   89.1301
  29.1715 24493.5477  224.4809 -999.9000    0.0000    0.0000    7.7442   89.0898
  28.4842 24650.4271  224.3312 -999.9000    0.0000    0.0000    7.6308   88.9796
  27.8138 24807.3065  224.3562 -999.9000    0.0000    0.0000    7.4774   88.8366
  27.1583 24964.1859  224.9232 -999.9000    0.0000    0.0000    7.2976   88.6979
  26.5173 25121.0653  226.0932 -999.9000    0.0000    0.0000    7.1121   88.5852
  25.8939 25277.9447  227.2780 -999.9000    0.0000    0.0000    6.9557   88.4883
  25.2914 25434.8241  227.8069 -999.9000    0.0000    0.0000    6.8650   88.3927
  24.7096 25591.7035  227.3137 -999.9000    0.0000    0.0000    6.9215   88.3136
  24.1354 25748.5829  226.7836 -999.9000    0.0000    0.0000    7.2860   88.3442
  23.5706 25905.4623  226.5494 -999.9000    0.0000    0.0000    7.8609   88.4419
  23.0189 26062.3417  226.8204 -999.9000    0.0000    0.0000    8.5211   88.5480
  22.4826 26219.2211  227.6618 -999.9000    0.0000    0.0000    9.1662   88.6216
  21.9608 26376.1005  228.7677 -999.9000    0.0000    0.0000    9.7576   88.6692
  21.4521 26532.9799  229.7732 -999.9000    0.0000    0.0000   10.2671   88.7041
  20.9548 26689.8593  230.3133 -999.9000    0.0000    0.0000   10.6662   88.7401
  20.4676 26846.7387  230.0230 -999.9000    0.0000    0.0000   10.9265   88.7908
  19.9891 27003.6181  228.5728 -999.9000    0.0000    0.0000   11.0129   88.8671
  19.5243 27160.4975  227.6841 -999.9000    0.0000    0.0000   10.5633   88.8331
  19.0752 27317.3769  228.1442 -999.9000    0.0000    0.0000    9.6500   88.6652
  18.6391 27474.2563  229.3724 -999.9000    0.0000    0.0000    8.6673   88.4541
  18.2135 27631.1357  230.7888 -999.9000    0.0000    0.0000    8.0098   88.2905
  17.7959 27788.0151  231.8218 -999.9000    0.0000    0.0000    8.0490   88.2601
  17.3864 27944.8945  232.1243 -999.9000    0.0000    0.0000    8.6061   88.3267
  16.9866 28101.7739  231.7225 -999.9000    0.0000    0.0000    9.1997   88.3867
  16.5963 28258.6533  230.9130 -999.9000    0.0000    0.0000    9.7953   88.4341
  16.2153 28415.5327  230.0197 -999.9000    0.0000    0.0000   10.4071   88.4734
  15.8432 28572.4121  229.3662 -999.9000    0.0000    0.0000   11.0500   88.5095
  15.4798 28729.2915  229.2704 -999.9000    0.0000    0.0000   11.7363   88.5468
  15.1246 28886.1709  229.6935 -999.9000    0.0000    0.0000   12.3637   88.5881
  14.7769 29043.0503  230.0785 -999.9000    0.0000    0.0000   12.6685   88.6333
  14.4368 29199.9296  230.2614 -999.9000    0.0000    0.0000   12.5858   88.6841
  14.1043 29356.8090  230.3799 -999.9000    0.0000    0.0000   12.1970   88.7433
  13.7798 29513.6884  230.5771 -999.9000    0.0000    0.0000   11.5867   88.8140
  13.4633 29670.5678  230.9965 -999.9000    0.0000    0.0000   10.8391   88.8992
  13.1552 29827.4472  231.7815 -999.9000    0.0000    0.0000   10.0387   89.0018
  12.8555 29984.3266  233.0185 -999.9000    0.0000    0.0000    9.2678   89.1215
  12.5638 30141.2060  234.3951 -999.9000    0.0000    0.0000    8.5945   89.2343
  12.2794 30298.0854  235.4294 -999.9000    0.0000    0.0000    8.0809   89.3059
  12.0018 30454.9648  235.6388 -999.9000    0.0000    0.0000    7.7889   89.3022
  11.7304 30611.8442  234.7952 -999.9000    0.0000    0.0000    7.7396   89.2026
  11.4650 30768.7236  233.7102 -999.9000    0.0000    0.0000    7.7877   89.0420
  11.2056 30925.6030  233.4604 -999.9000    0.0000    0.0000    7.7457   88.8691
  10.9522 31082.4824  234.6976 -999.9000    0.0000    0.0000    7.4932   88.7216
  10.7056 31239.3618  236.2614 -999.9000    0.0000    0.0000    7.1995   88.5894
  10.4661 31396.2412  236.8338 -999.9000    0.0000    0.0000    7.0616   88.4534
  10.2318 31553.1206  236.4948 -999.9000    0.0000    0.0000    7.0650   88.3118
  10.0000 31710.0000  235.6990 -999.9000    0.0000    0.0000    7.1388   88.1674
