# 06610 LSMP Payerne Observations at 12Z 30 Jul 2008
# Radiosonde file generated by raso.rb
#
  P [hPa],     Z [m],    T [K],   Td [K],   RH [%], r [g/kg], WS [m/s], WD [deg]
 962.0000   491.0000  298.2560 -999.9000   66.2703   13.6900    1.9645   93.0543
 944.6891   647.8794  296.2775 -999.9000   67.8335   12.6302    4.4300   92.6754
 927.6873   804.7588  294.9603 -999.9000   79.5882   13.9071    2.0673   92.9144
 911.0964   961.6382  293.7337 -999.9000   80.0492   14.4362    0.2992   92.0428
 894.7070  1118.5176  292.8538 -999.9000   80.0499   14.3064    1.2558   90.9797
 878.5406  1275.3970  292.6054 -999.9000   80.1157   13.3485    2.2412   90.6229
 862.6769  1432.2764  291.2645 -999.9000   81.0282   13.5129    2.4758   90.4248
 846.9845  1589.1558  290.0505 -999.9000   80.3455   13.9027    4.0873   90.3491
 831.5533  1746.0352  289.7222 -999.9000   80.8202   13.2228    4.9784   90.3950
 816.3570  1902.9146  288.4183 -999.9000   80.7042   11.9693    6.0928   90.4496
 801.3249  2059.7940  286.8307 -999.9000   80.4190   11.5640    6.7259   90.4939
 786.5365  2216.6734  285.4719 -999.9000   80.2586   10.4184    7.4841   90.5367
 771.9169  2373.5528  284.2298 -999.9000   80.6395    8.7627    8.6856   90.5644
 757.5041  2530.4322  283.1577 -999.9000   80.4990    8.5006    9.2269   90.6155
 743.3854  2687.3116  282.5654 -999.9000   77.8459    7.5803    8.1265   90.6080
 729.2940  2844.1910  281.4710 -999.9000   60.4361    5.5688    7.8901   90.6173
 715.5826  3001.0704  280.4009 -999.9000   50.1635    4.3807    9.4756   90.6971
 702.0616  3157.9497  279.1924 -999.9000   51.6418    4.2344   10.7612   90.7782
 688.7126  3314.8291  277.6880 -999.9000   58.9615    4.4448   10.8525   90.8007
 675.5482  3471.7085  276.0325 -999.9000   68.2561    4.6752   11.1025   90.8205
 662.5494  3628.5879  274.5263 -999.9000   74.1957    4.6607   11.7075   90.8487
 649.7305  3785.4673  273.4857 -999.9000   67.3136    4.0055   12.0000   90.8627
 637.1240  3942.3467  272.6002 -999.9000   55.1733    3.1437   11.3170   90.9118
 624.7467  4099.2261  271.5521 -999.9000   50.1929    2.7055    9.7662   91.0167
 612.5275  4256.1055  270.4579 -999.9000   50.1232    2.5464    9.3302   91.0465
 600.5160  4412.9849  269.8156 -999.9000   38.2300    1.8919    9.6068   91.0390
 588.7253  4569.8643  269.1859 -999.9000   22.7741    1.0986    9.7874   91.0433
 577.1128  4726.7437  267.8587 -999.9000   18.1762    0.8108    9.8344   91.0483
 565.6299  4883.6231  266.9897 -999.9000   17.0437    0.7276    9.7936   91.0538
 554.4053  5040.5025  266.3962 -999.9000   13.5065    0.5634    9.1016   91.1400
 543.3471  5197.3819  265.6910 -999.9000   12.8468    0.5190    8.3203   91.2153
 532.4739  5354.2613  264.6375 -999.9000   22.2159    0.8459    8.7232   91.2112
 521.8251  5511.1407  263.5640 -999.9000   24.0644    0.8613    9.4761   91.1806
 511.3144  5668.0201  262.7495 -999.9000   14.1098    0.4842   10.1542   91.1583
 500.9731  5824.8995  261.3866 -999.9000   12.9939    0.4090   10.8532   91.1344
 490.8286  5981.7789  259.7554 -999.9000   18.4311    0.5200   11.0051   91.1143
 480.7236  6138.6583  258.6243 -999.9000   29.2798    0.7703   11.3360   91.0832
 470.8214  6295.5377  257.3211 -999.9000   31.5492    0.7621   11.4300   91.0728
 461.0900  6452.4171  255.8807 -999.9000   30.8837    0.6762   11.1477   90.9894
 451.4963  6609.2965  254.5687 -999.9000   32.0612    0.6422   10.1348   90.8335
 442.0676  6766.1759  253.4841 -999.9000   32.6383    0.6091    9.2389   90.7116
 432.8253  6923.0553  252.5116 -999.9000   32.3561    0.5674   10.1427   90.6964
 423.7241  7079.9347  251.0965 -999.9000   36.0673    0.5712   11.0173   90.7318
 414.7432  7236.8141  249.3851 -999.9000   41.2995    0.5742   10.8081   90.7585
 405.9174  7393.6935  248.3856 -999.9000   31.8754    0.4138   11.0280   90.7794
 397.1974  7550.5729  247.0966 -999.9000   27.2851    0.3219   11.2853   90.7881
 388.6475  7707.4523  245.7037 -999.9000   31.2135    0.3308   11.4178   90.8405
 380.2876  7864.3317  244.6899 -999.9000   34.8681    0.3433   11.6390   90.9010
 372.0784  8021.2111  243.8767 -999.9000   39.1432    0.3645   11.7745   90.8924
 363.9826  8178.0905  243.0893 -999.9000   45.2758    0.3994   11.6701   90.7526
 356.0087  8334.9698  242.2435 -999.9000   54.5253    0.4529   11.6368   90.7678
 348.2042  8491.8492  241.3579 -999.9000   60.6570    0.5188   12.2215   91.3797
 340.5609  8648.7286  240.5150 -999.9000   65.0536    0.5272   12.4372   91.7004
 333.0575  8805.6080  239.6644 -999.9000   65.6630    0.4852   12.3619   91.6152
 325.6771  8962.4874  238.7053 -999.9000   65.0896    0.4338   12.6415   91.4555
 318.4095  9119.3668  237.5212 -999.9000   65.8813    0.3977   13.5449   91.4682
 311.2701  9276.2462  235.9023 -999.9000   60.7734    0.3338   13.6863   91.4746
 304.2599  9433.1256  234.3500 -999.9000   55.5876    0.2938   13.8931   91.4194
 297.3812  9590.0050  233.2856 -999.9000   50.7403    0.2688   14.3570   91.3896
 290.6045  9746.8844  232.0599 -999.9000   45.5283    0.2331   14.6667   91.3805
 283.9369  9903.7638  230.6846 -999.9000   45.8278    0.2031   15.0250   91.3479
 277.3870 10060.6432  229.2052 -999.9000   45.6793    0.1789   15.3942   91.3074
 270.9631 10217.5226  227.6613 -999.9000   45.6172    0.1538   15.6420   91.2950
 264.6694 10374.4020  226.1268 -999.9000   45.7279    0.1244   15.6783   91.3378
 258.4744 10531.2814  224.9084 -999.9000   45.2364    0.1097   15.8039   91.3756
 252.3757 10688.1608  223.8878 -999.9000   45.5534    0.1034   16.0477   91.3933
 246.3812 10845.0402  222.8358 -999.9000   40.2698    0.0916   16.3280   91.3978
 240.4896 11001.9196  221.6450 -999.9000   35.7094    0.0742   16.5917   91.3965
 234.6950 11158.7990  220.3104 -999.9000   35.9632    0.0604   16.8093   91.3968
 229.0082 11315.6784  218.9289 -999.9000   35.5063    0.0528   16.9755   91.3986
 223.4492 11472.5578  217.6483 -999.9000   34.9782    0.0500   17.0968   91.3982
 218.0236 11629.4372  216.4452 -999.9000   30.1307    0.0480   16.8918   91.4126
 212.6609 11786.3166  214.7707 -999.9000   25.6108    0.0350   15.2105   91.5070
 207.3913 11943.1960  213.9364 -999.9000   23.7763    0.0295   14.0330   91.4951
 202.2510 12100.0754  214.6369 -999.9000   18.0096    0.0410   13.7311   91.5711
 197.2536 12256.9548  216.0308 -999.9000    9.1000    0.0304   11.7354   92.1270
 192.4469 12413.8342  218.4168 -999.9000    2.6460    0.0062   12.1913   91.9985
 187.8076 12570.7136  218.2242 -999.9000    0.2370    0.0003   12.4403   91.9213
 183.2603 12727.5930  216.9776 -999.9000    0.2956    0.0003   12.1551   91.8946
 178.8033 12884.4724  216.5518 -999.9000    0.0000    0.0000   11.9296   91.8603
 174.4458 13041.3518  216.9406 -999.9000    0.0133    0.0000   12.0710   91.7991
 170.1876 13198.2312  217.1501 -999.9000    0.0000    0.0000   12.6053   91.6668
 166.0391 13355.1106  217.3011 -999.9000    0.0000    0.0000   13.2351   91.5392
 162.0101 13511.9899  216.9064 -999.9000    0.0002    0.0000   13.5452   91.4198
 158.0706 13668.8693  215.9022 -999.9000    0.0000    0.0000   13.1745   91.3880
 154.1974 13825.7487  215.0082 -999.9000    0.0000    0.0000   12.0269   91.4693
 150.4126 13982.6281  214.9199 -999.9000    0.0000    0.0000   10.1282   91.5650
 146.7292 14139.5075  215.8270 -999.9000    0.0000    0.0000   10.0666   91.5673
 143.1108 14296.3869  214.0279 -999.9000    0.0000    0.0000   10.0034   91.5696
 139.5597 14453.2663  216.4250 -999.9000    0.0000    0.0000    9.9905   91.5684
 136.1266 14610.1457  214.0698 -999.9000    0.0000    0.0000   10.0026   91.5540
 132.7619 14767.0251  213.1830 -999.9000    0.0000    0.0000   10.0211   91.5347
 129.4754 14923.9045  214.1675 -999.9000    0.0000    0.0000   10.0398   91.5197
 126.2897 15080.7839  215.2658 -999.9000    0.0000    0.0000   10.0495   91.5108
 123.1790 15237.6633  216.4900 -999.9000    0.0000    0.0000   10.0882   91.4644
 120.1481 15394.5427  216.9634 -999.9000    0.0000    0.0000    9.9692   91.3748
 117.2138 15551.4221  216.3229 -999.9000    0.0000    0.0000    9.6325   91.2661
 114.3435 15708.3015  216.2351 -999.9000    0.0000    0.0000    9.3354   91.1464
 111.5416 15865.1809  216.0009 -999.9000    0.0000    0.0000    8.7798   91.1933
 108.8149 16022.0603  217.3252 -999.9000    0.0000    0.0000    7.9914   91.4869
 106.1648 16178.9397  217.3919 -999.9000    0.0000    0.0000    7.5562   91.3484
 103.5767 16335.8191  217.0387 -999.9000    0.0000    0.0000    6.1521   91.9971
 101.0524 16492.6985  219.0976 -999.9000    0.0000    0.0000    1.7008   90.4089
  98.6148 16649.5779  217.7195 -999.9000    0.0000    0.0000    0.9513   90.4014
  96.2203 16806.4573  216.9929 -999.9000    0.0000    0.0000    0.1495   90.4014
  93.8688 16963.3367  216.2901 -999.9000    0.0000    0.0000    1.2552   90.4014
  91.5836 17120.2161  216.1822 -999.9000    0.0000    0.0000    2.1448   90.4014
  89.3567 17277.0955  216.1724 -999.9000    0.0000    0.0000    2.7986   90.4014
  87.1784 17433.9749  215.7125 -999.9000    0.0000    0.0000    3.5131   90.3927
  85.0453 17590.8543  214.9145 -999.9000    0.0000    0.0000    4.4547   90.0754
  82.9608 17747.7337  214.6019 -999.9000    0.0000    0.0000    5.6497   90.9865
  80.9282 17904.6131  215.2579 -999.9000    0.0000    0.0000    6.8144   90.6807
  78.9484 18061.4925  215.9130 -999.9000    0.0000    0.0000    6.7202   90.4907
  77.0217 18218.3719  216.5973 -999.9000    0.0000    0.0000    5.7708   90.6714
  75.1483 18375.2513  217.6681 -999.9000    0.0000    0.0000    4.8210   90.9237
  73.3271 18532.1307  218.7834 -999.9000    0.0000    0.0000    4.2017   91.0464
  71.5556 18689.0101  218.9235 -999.9000    0.0000    0.0000    3.7351   90.9336
  69.8260 18845.8894  217.8235 -999.9000    0.0000    0.0000    3.1153   91.0562
  68.1227 19002.7688  217.5496 -999.9000    0.0000    0.0000    1.9757   91.7656
  66.4601 19159.6482  217.9170 -999.9000    0.0000    0.0000    0.9474   89.5288
  64.8418 19316.5276  218.4191 -999.9000    0.0000    0.0000    0.6409   87.4851
  63.2670 19473.4070  218.8420 -999.9000    0.0000    0.0000    1.1864   87.9468
  61.7318 19630.2864  219.4236 -999.9000    0.0000    0.0000    1.7759   88.3028
  60.2355 19787.1658  219.6579 -999.9000    0.0000    0.0000    2.5227   88.5476
  58.7762 19944.0452  219.3842 -999.9000    0.0000    0.0000    3.3675   88.9105
  57.3501 20100.9246  219.0289 -999.9000    0.0000    0.0000    3.8060   89.0671
  55.9562 20257.8040  218.7858 -999.9000    0.0000    0.0000    3.7413   88.9446
  54.5968 20414.6834  218.5754 -999.9000    0.0000    0.0000    3.5389   88.7725
  53.2731 20571.5628  218.5493 -999.9000    0.0000    0.0000    3.3622   88.6461
  51.9860 20728.4422  219.0184 -999.9000    0.0000    0.0000    3.2285   88.5640
  50.7361 20885.3216  220.2961 -999.9000    0.0000    0.0000    3.1523   88.5228
  49.5229 21042.2010  222.0934 -999.9000    0.0000    0.0000    3.1174   88.5126
  48.3394 21199.0804  221.5007 -999.9000    0.0000    0.0000    3.4737   88.5757
  47.1874 21355.9598  221.5935 -999.9000    0.0000    0.0000    4.6199   88.7747
  46.0647 21512.8392  222.0098 -999.9000    0.0000    0.0000    5.6715   88.9472
  44.9691 21669.7186  222.2706 -999.9000    0.0000    0.0000    5.8956   88.9570
  43.8989 21826.5980  222.3127 -999.9000    0.0000    0.0000    5.5245   88.8369
  42.8525 21983.4774  222.1970 -999.9000    0.0000    0.0000    5.0742   88.6697
  41.8295 22140.3568  221.9712 -999.9000    0.0000    0.0000    4.8335   88.5214
  40.8309 22297.2362  221.6639 -999.9000    0.0000    0.0000    4.7398   88.4316
  39.8584 22454.1156  221.3042 -999.9000    0.0000    0.0000    4.7011   88.4374
  38.9104 22610.9950  221.7187 -999.9000    0.0000    0.0000    4.8648   88.5046
  37.9838 22767.8744  223.0007 -999.9000    0.0000    0.0000    5.2871   88.5579
  37.0791 22924.7538  223.7141 -999.9000    0.0000    0.0000    5.6364   88.6106
  36.1962 23081.6332  223.8276 -999.9000    0.0000    0.0000    5.8962   88.6649
  35.3349 23238.5126  223.5592 -999.9000    0.0000    0.0000    6.1059   88.7211
  34.4951 23395.3920  223.1263 -999.9000    0.0000    0.0000    6.3050   88.7793
  33.6765 23552.2714  222.7467 -999.9000    0.0000    0.0000    6.5329   88.8396
  32.8792 23709.1508  222.6380 -999.9000    0.0000    0.0000    6.8291   88.9021
  32.1025 23866.0302  222.9422 -999.9000    0.0000    0.0000    7.2057   88.9664
  31.3447 24022.9095  223.5216 -999.9000    0.0000    0.0000    7.5744   89.0294
  30.6036 24179.7889  224.1743 -999.9000    0.0000    0.0000    7.8238   89.0878
  29.8779 24336.6683  224.6729 -999.9000    0.0000    0.0000    7.8617   89.1301
  29.1715 24493.5477  224.7278 -999.9000    0.0000    0.0000    7.7924   89.0898
  28.4842 24650.4271  224.5871 -999.9000    0.0000    0.0000    7.6685   88.9796
  27.8138 24807.3065  224.6194 -999.9000    0.0000    0.0000    7.5040   88.8366
  27.1583 24964.1859  225.1918 -999.9000    0.0000    0.0000    7.3123   88.6979
  26.5173 25121.0653  226.3652 -999.9000    0.0000    0.0000    7.1144   88.5852
  25.8939 25277.9447  227.5518 -999.9000    0.0000    0.0000    6.9450   88.4883
  25.2914 25434.8241  228.0807 -999.9000    0.0000    0.0000    6.8410   88.3927
  24.7096 25591.7035  227.5857 -999.9000    0.0000    0.0000    6.8838   88.3136
  24.1354 25748.5829  227.0521 -999.9000    0.0000    0.0000    7.2343   88.3442
  23.5706 25905.4623  226.8128 -999.9000    0.0000    0.0000    7.7949   88.4419
  23.0189 26062.3417  227.0771 -999.9000    0.0000    0.0000    8.4408   88.5480
  22.4826 26219.2211  227.9103 -999.9000    0.0000    0.0000    9.0716   88.6216
  21.9608 26376.1005  229.0064 -999.9000    0.0000    0.0000    9.6487   88.6692
  21.4521 26532.9799  230.0006 -999.9000    0.0000    0.0000   10.1441   88.7041
  20.9548 26689.8593  230.5281 -999.9000    0.0000    0.0000   10.5293   88.7401
  20.4676 26846.7387  230.2238 -999.9000    0.0000    0.0000   10.7760   88.7908
  19.9891 27003.6181  228.7582 -999.9000    0.0000    0.0000   10.8492   88.8671
  19.5243 27160.4975  227.8528 -999.9000    0.0000    0.0000   10.3869   88.8331
  19.0752 27317.3769  228.2949 -999.9000    0.0000    0.0000    9.4614   88.6652
  18.6391 27474.2563  229.5041 -999.9000    0.0000    0.0000    8.4671   88.4541
  18.2135 27631.1357  230.9001 -999.9000    0.0000    0.0000    7.7988   88.2905
  17.7959 27788.0151  231.9116 -999.9000    0.0000    0.0000    7.8280   88.2601
  17.3864 27944.8945  232.1916 -999.9000    0.0000    0.0000    8.3759   88.3267
  16.9866 28101.7739  231.7663 -999.9000    0.0000    0.0000    8.9614   88.3867
  16.5963 28258.6533  230.9322 -999.9000    0.0000    0.0000    9.5498   88.4341
  16.2153 28415.5327  230.0133 -999.9000    0.0000    0.0000   10.1556   88.4734
  15.8432 28572.4121  229.3334 -999.9000    0.0000    0.0000   10.7937   88.5095
  15.4798 28729.2915  229.2103 -999.9000    0.0000    0.0000   11.4765   88.5468
  15.1246 28886.1709  229.6052 -999.9000    0.0000    0.0000   12.1018   88.5881
  14.7769 29043.0503  229.9613 -999.9000    0.0000    0.0000   12.4060   88.6333
  14.4368 29199.9296  230.1145 -999.9000    0.0000    0.0000   12.3242   88.6841
  14.1043 29356.8090  230.2025 -999.9000    0.0000    0.0000   11.9379   88.7433
  13.7798 29513.6884  230.3687 -999.9000    0.0000    0.0000   11.3319   88.8140
  13.4633 29670.5678  230.7564 -999.9000    0.0000    0.0000   10.5904   88.8992
  13.1552 29827.4472  231.5091 -999.9000    0.0000    0.0000    9.7979   89.0018
  12.8555 29984.3266  232.7134 -999.9000    0.0000    0.0000    9.0369   89.1215
  12.5638 30141.2060  234.0568 -999.9000    0.0000    0.0000    8.3755   89.2343
  12.2794 30298.0854  235.0573 -999.9000    0.0000    0.0000    7.8759   89.3059
  12.0018 30454.9648  235.2325 -999.9000    0.0000    0.0000    7.6002   89.3022
  11.7304 30611.8442  234.3544 -999.9000    0.0000    0.0000    7.5695   89.2026
  11.4650 30768.7236  233.2347 -999.9000    0.0000    0.0000    7.6385   89.0420
  11.2056 30925.6030  232.9498 -999.9000    0.0000    0.0000    7.6198   88.8691
  10.9522 31082.4824  234.1516 -999.9000    0.0000    0.0000    7.3932   88.7216
  10.7056 31239.3618  235.6799 -999.9000    0.0000    0.0000    7.1281   88.5894
  10.4661 31396.2412  236.2167 -999.9000    0.0000    0.0000    7.0214   88.4534
  10.2318 31553.1206  235.8418 -999.9000    0.0000    0.0000    7.0588   88.3118
  10.0000 31710.0000  235.0102 -999.9000    0.0000    0.0000    7.1695   88.1674
