# 06610 LSMP Payerne Observations at 12Z 30 Jul 2008
# Radiosonde file generated by raso.rb
#
  P [hPa],     Z [m],    T [K],   Td [K],   RH [%], r [g/kg], WS [m/s], WD [deg]
 962.0000   491.0000  298.1673 -999.9000   66.1817   13.6900    1.9283   93.0543
 944.6891   647.8794  296.1775 -999.9000   67.7506   12.6302    4.4093   92.6754
 927.6873   804.7588  294.8495 -999.9000   79.5000   13.9071    2.0610   92.9144
 911.0964   961.6382  293.6125 -999.9000   79.9694   14.4362    0.3062   92.0428
 894.7070  1118.5176  292.7227 -999.9000   79.9791   14.3064    1.2752   90.9797
 878.5406  1275.3970  292.4647 -999.9000   80.0536   13.3485    2.2721   90.6229
 862.6769  1432.2764  291.1148 -999.9000   80.9741   13.5129    2.5172   90.4248
 846.9845  1589.1558  289.8923 -999.9000   80.3003   13.9027    4.1383   90.3491
 831.5533  1746.0352  289.5558 -999.9000   80.7830   13.2228    5.0383   90.3950
 816.3570  1902.9146  288.2443 -999.9000   80.6752   11.9693    6.1607   90.4496
 801.3249  2059.7940  286.6494 -999.9000   80.3981   11.5640    6.8009   90.4939
 786.5365  2216.6734  285.2840 -999.9000   80.2454   10.4184    7.5656   90.5367
 771.9169  2373.5528  284.0357 -999.9000   80.6337    8.7627    8.7730   90.5644
 757.5041  2530.4322  282.9579 -999.9000   80.5005    8.5006    9.3194   90.6155
 743.3854  2687.3116  282.3606 -999.9000   77.8542    7.5803    8.2235   90.6080
 729.2940  2844.1910  281.2615 -999.9000   60.4476    5.5688    7.9910   90.6173
 715.5826  3001.0704  280.1873 -999.9000   50.1770    4.3807    9.5799   90.6971
 702.0616  3157.9497  278.9753 -999.9000   51.6597    4.2344   10.8683   90.7782
 688.7126  3314.8291  277.4679 -999.9000   58.9862    4.4448   10.9621   90.8007
 675.5482  3471.7085  275.8100 -999.9000   68.2894    4.6752   11.2140   90.8205
 662.5494  3628.5879  274.3018 -999.9000   74.2367    4.6607   11.8206   90.8487
 649.7305  3785.4673  273.2600 -999.9000   67.3550    4.0055   12.1142   90.8627
 637.1240  3942.3467  272.3738 -999.9000   55.2103    3.1437   11.4321   90.9118
 624.7467  4099.2261  271.3256 -999.9000   50.2292    2.7055    9.8819   91.0167
 612.5275  4256.1055  270.2318 -999.9000   50.1618    2.5464    9.4462   91.0465
 600.5160  4412.9849  269.5907 -999.9000   38.2611    1.8919    9.7229   91.0390
 588.7253  4569.8643  268.9626 -999.9000   22.7934    1.0986    9.9034   91.0433
 577.1128  4726.7437  267.6378 -999.9000   18.1922    0.8108    9.9502   91.0483
 565.6299  4883.6231  266.7717 -999.9000   17.0592    0.7276    9.9091   91.0538
 554.4053  5040.5025  266.1819 -999.9000   13.5190    0.5634    9.2167   91.1400
 543.3471  5197.3819  265.4809 -999.9000   12.8589    0.5190    8.4349   91.2153
 532.4739  5354.2613  264.4324 -999.9000   22.2371    0.8459    8.8374   91.2112
 521.8251  5511.1407  263.3644 -999.9000   24.0874    0.8613    9.5898   91.1806
 511.3144  5668.0201  262.5562 -999.9000   14.1233    0.4842   10.2676   91.1583
 500.9731  5824.8995  261.2002 -999.9000   13.0062    0.4090   10.9664   91.1344
 490.8286  5981.7789  259.5767 -999.9000   18.4482    0.5200   11.1183   91.1143
 480.7236  6138.6583  258.4539 -999.9000   29.3064    0.7703   11.4493   91.0832
 470.8214  6295.5377  257.1597 -999.9000   31.5769    0.7621   11.5437   91.0728
 461.0900  6452.4171  255.7290 -999.9000   30.9098    0.6762   11.2620   90.9894
 451.4963  6609.2965  254.4275 -999.9000   32.0868    0.6422   10.2500   90.8335
 442.0676  6766.1759  253.3541 -999.9000   32.6627    0.6091    9.3553   90.7116
 432.8253  6923.0553  252.3936 -999.9000   32.3785    0.5674   10.2608   90.6964
 423.7241  7079.9347  250.9912 -999.9000   36.0898    0.5712   11.1374   90.7318
 414.7432  7236.8141  249.2932 -999.9000   41.3223    0.5742   10.9306   90.7585
 405.9174  7393.6935  248.3079 -999.9000   31.8904    0.4138   11.1535   90.7794
 397.1974  7550.5729  247.0339 -999.9000   27.2955    0.3219   11.4142   90.7881
 388.6475  7707.4523  245.6567 -999.9000   31.2224    0.3308   11.5507   90.8405
 380.2876  7864.3317  244.6592 -999.9000   34.8745    0.3433   11.7763   90.9010
 372.0784  8021.2111  243.8627 -999.9000   39.1461    0.3645   11.9167   90.8924
 363.9826  8178.0905  243.0925 -999.9000   45.2741    0.3994   11.8177   90.7526
 356.0087  8334.9698  242.2643 -999.9000   54.5171    0.4529   11.7902   90.7678
 348.2042  8491.8492  241.3964 -999.9000   60.6410    0.5188   12.3810   91.3797
 340.5609  8648.7286  240.5714 -999.9000   65.0290    0.5272   12.6033   91.7004
 333.0575  8805.6080  239.7386 -999.9000   65.6308    0.4852   12.5349   91.6152
 325.6771  8962.4874  238.7972 -999.9000   65.0504    0.4338   12.8217   91.4555
 318.4095  9119.3668  237.6308 -999.9000   65.8347    0.3977   13.7326   91.4682
 311.2701  9276.2462  236.0293 -999.9000   60.7242    0.3338   13.8818   91.4746
 304.2599  9433.1256  234.4939 -999.9000   55.5374    0.2938   14.0966   91.4194
 297.3812  9590.0050  233.4461 -999.9000   50.6900    0.2688   14.5688   91.3896
 290.6045  9746.8844  232.2363 -999.9000   45.4796    0.2331   14.8871   91.3805
 283.9369  9903.7638  230.8763 -999.9000   45.7755    0.2031   15.2540   91.3479
 277.3870 10060.6432  229.4115 -999.9000   45.6245    0.1789   15.6321   91.3074
 270.9631 10217.5226  227.8813 -999.9000   45.5604    0.1538   15.8889   91.2950
 264.6694 10374.4020  226.3596 -999.9000   45.6695    0.1244   15.9343   91.3378
 258.4744 10531.2814  225.1528 -999.9000   45.1779    0.1097   16.0691   91.3756
 252.3757 10688.1608  224.1428 -999.9000   45.4943    0.1034   16.3222   91.3933
 246.3812 10845.0402  223.1002 -999.9000   40.2182    0.0916   16.6119   91.3978
 240.4896 11001.9196  221.9174 -999.9000   35.6648    0.0742   16.8849   91.3965
 234.6950 11158.7990  220.5895 -999.9000   35.9202    0.0604   17.1120   91.3968
 229.0082 11315.6784  219.2134 -999.9000   35.4663    0.0528   17.2876   91.3986
 223.4492 11472.5578  217.9371 -999.9000   34.9417    0.0500   17.4184   91.3982
 218.0236 11629.4372  216.7370 -999.9000   30.1021    0.0480   17.2230   91.4126
 212.6609 11786.3166  215.0645 -999.9000   25.5893    0.0350   15.5512   91.5070
 207.3913 11943.1960  214.2311 -999.9000   23.7590    0.0295   14.3834   91.4951
 202.2510 12100.0754  214.9317 -999.9000   17.9988    0.0410   14.0912   91.5711
 197.2536 12256.9548  216.3246 -999.9000    9.0958    0.0304   12.1053   92.1270
 192.4469 12413.8342  218.7089 -999.9000    2.6451    0.0062   12.5710   91.9985
 187.8076 12570.7136  218.5138 -999.9000    0.2370    0.0003   12.8299   91.9213
 183.2603 12727.5930  217.2639 -999.9000    0.2956    0.0003   12.5547   91.8946
 178.8033 12884.4724  216.8342 -999.9000    0.0000    0.0000   12.3394   91.8603
 174.4458 13041.3518  217.2185 -999.9000    0.0133    0.0000   12.4910   91.7991
 170.1876 13198.2312  217.4230 -999.9000    0.0000    0.0000   13.0357   91.6668
 166.0391 13355.1106  217.5685 -999.9000    0.0000    0.0000   13.6759   91.5392
 162.0101 13511.9899  217.1678 -999.9000    0.0002    0.0000   13.9967   91.4198
 158.0706 13668.8693  216.1573 -999.9000    0.0000    0.0000   13.6366   91.3880
 154.1974 13825.7487  215.2567 -999.9000    0.0000    0.0000   12.5000   91.4693
 150.4126 13982.6281  215.1617 -999.9000    0.0000    0.0000   10.6122   91.5650
 146.7292 14139.5075  216.0617 -999.9000    0.0000    0.0000   10.5618   91.5673
 143.1108 14296.3869  214.2555 -999.9000    0.0000    0.0000   10.5099   91.5696
 139.5597 14453.2663  216.6454 -999.9000    0.0000    0.0000   10.5084   91.5684
 136.1266 14610.1457  214.2831 -999.9000    0.0000    0.0000   10.5321   91.5540
 132.7619 14767.0251  213.3890 -999.9000    0.0000    0.0000   10.5623   91.5347
 129.4754 14923.9045  214.3664 -999.9000    0.0000    0.0000   10.5927   91.5197
 126.2897 15080.7839  215.4576 -999.9000    0.0000    0.0000   10.6141   91.5108
 123.1790 15237.6633  216.6748 -999.9000    0.0000    0.0000   10.6644   91.4644
 120.1481 15394.5427  217.1412 -999.9000    0.0000    0.0000   10.5570   91.3748
 117.2138 15551.4221  216.4939 -999.9000    0.0000    0.0000   10.2317   91.2661
 114.3435 15708.3015  216.3993 -999.9000    0.0000    0.0000    9.9458   91.1464
 111.5416 15865.1809  216.1585 -999.9000    0.0000    0.0000    9.4011   91.1933
 108.8149 16022.0603  217.4765 -999.9000    0.0000    0.0000    8.6234   91.4869
 106.1648 16178.9397  217.5370 -999.9000    0.0000    0.0000    8.1985   91.3484
 103.5767 16335.8191  217.1778 -999.9000    0.0000    0.0000    6.8043   91.9971
 101.0524 16492.6985  219.2309 -999.9000    0.0000    0.0000    2.3624   90.4089
  98.6148 16649.5779  217.8473 -999.9000    0.0000    0.0000    1.6218   90.4014
  96.2203 16806.4573  217.1155 -999.9000    0.0000    0.0000    0.8284   90.4014
  93.8688 16963.3367  216.4078 -999.9000    0.0000    0.0000    1.9419   90.4014
  91.5836 17120.2161  216.2953 -999.9000    0.0000    0.0000    2.8386   90.4014
  89.3567 17277.0955  216.2812 -999.9000    0.0000    0.0000    3.4989   90.4014
  87.1784 17433.9749  215.8173 -999.9000    0.0000    0.0000    4.2191   90.3927
  85.0453 17590.8543  215.0158 -999.9000    0.0000    0.0000    5.1657   90.0754
  82.9608 17747.7337  214.7000 -999.9000    0.0000    0.0000    6.3648   90.9865
  80.9282 17904.6131  215.3534 -999.9000    0.0000    0.0000    7.5327   90.6807
  78.9484 18061.4925  216.0060 -999.9000    0.0000    0.0000    7.4407   90.4907
  77.0217 18218.3719  216.6883 -999.9000    0.0000    0.0000    6.4925   90.6714
  75.1483 18375.2513  217.7572 -999.9000    0.0000    0.0000    5.5429   90.9237
  73.3271 18532.1307  218.8709 -999.9000    0.0000    0.0000    4.9226   91.0464
  71.5556 18689.0101  219.0093 -999.9000    0.0000    0.0000    4.4539   90.9336
  69.8260 18845.8894  217.9075 -999.9000    0.0000    0.0000    3.8305   91.0562
  68.1227 19002.7688  217.6318 -999.9000    0.0000    0.0000    2.6861   91.7656
  66.4601 19159.6482  217.9970 -999.9000    0.0000    0.0000    1.6516   89.5288
  64.8418 19316.5276  218.4966 -999.9000    0.0000    0.0000    1.3373   87.4851
  63.2670 19473.4070  218.9166 -999.9000    0.0000    0.0000    1.8736   87.9468
  61.7318 19630.2864  219.4948 -999.9000    0.0000    0.0000    2.4521   88.3028
  60.2355 19787.1658  219.7251 -999.9000    0.0000    0.0000    3.1864   88.5476
  58.7762 19944.0452  219.4467 -999.9000    0.0000    0.0000    4.0168   88.9105
  57.3501 20100.9246  219.0859 -999.9000    0.0000    0.0000    4.4391   89.0671
  55.9562 20257.8040  218.8364 -999.9000    0.0000    0.0000    4.3563   88.9446
  54.5968 20414.6834  218.6187 -999.9000    0.0000    0.0000    4.1338   88.7725
  53.2731 20571.5628  218.5843 -999.9000    0.0000    0.0000    3.9351   88.6461
  51.9860 20728.4422  219.0438 -999.9000    0.0000    0.0000    3.7772   88.5640
  50.7361 20885.3216  220.3107 -999.9000    0.0000    0.0000    3.6746   88.5228
  49.5229 21042.2010  222.0960 -999.9000    0.0000    0.0000    3.6112   88.5126
  48.3394 21199.0804  221.4897 -999.9000    0.0000    0.0000    3.9366   88.5757
  47.1874 21355.9598  221.5675 -999.9000    0.0000    0.0000    5.0497   88.7747
  46.0647 21512.8392  221.9673 -999.9000    0.0000    0.0000    6.0657   88.9472
  44.9691 21669.7186  222.2103 -999.9000    0.0000    0.0000    6.2523   88.9570
  43.8989 21826.5980  222.2335 -999.9000    0.0000    0.0000    5.8418   88.8369
  42.8525 21983.4774  222.0977 -999.9000    0.0000    0.0000    5.3508   88.6697
  41.8295 22140.3568  221.8512 -999.9000    0.0000    0.0000    5.0683   88.5214
  40.8309 22297.2362  221.5224 -999.9000    0.0000    0.0000    4.9319   88.4316
  39.8584 22454.1156  221.1409 -999.9000    0.0000    0.0000    4.8500   88.4374
  38.9104 22610.9950  221.5332 -999.9000    0.0000    0.0000    4.9702   88.5046
  37.9838 22767.8744  222.7930 -999.9000    0.0000    0.0000    5.3491   88.5579
  37.0791 22924.7538  223.4842 -999.9000    0.0000    0.0000    5.6552   88.6106
  36.1962 23081.6332  223.5758 -999.9000    0.0000    0.0000    5.8726   88.6649
  35.3349 23238.5126  223.2859 -999.9000    0.0000    0.0000    6.0407   88.7211
  34.4951 23395.3920  222.8321 -999.9000    0.0000    0.0000    6.1995   88.7793
  33.6765 23552.2714  222.4324 -999.9000    0.0000    0.0000    6.3885   88.8396
  32.8792 23709.1508  222.3045 -999.9000    0.0000    0.0000    6.6477   88.9021
  32.1025 23866.0302  222.5906 -999.9000    0.0000    0.0000    6.9894   88.9664
  31.3447 24022.9095  223.1533 -999.9000    0.0000    0.0000    7.3256   89.0294
  30.6036 24179.7889  223.7908 -999.9000    0.0000    0.0000    7.5451   89.0878
  29.8779 24336.6683  224.2757 -999.9000    0.0000    0.0000    7.5562   89.1301
  29.1715 24493.5477  224.3189 -999.9000    0.0000    0.0000    7.4634   89.0898
  28.4842 24650.4271  224.1684 -999.9000    0.0000    0.0000    7.3195   88.9796
  27.8138 24807.3065  224.1931 -999.9000    0.0000    0.0000    7.1388   88.8366
  27.1583 24964.1859  224.7602 -999.9000    0.0000    0.0000    6.9350   88.6979
  26.5173 25121.0653  225.9305 -999.9000    0.0000    0.0000    6.7289   88.5852
  25.8939 25277.9447  227.1160 -999.9000    0.0000    0.0000    6.5549   88.4883
  25.2914 25434.8241  227.6459 -999.9000    0.0000    0.0000    6.4498   88.3927
  24.7096 25591.7035  227.1539 -999.9000    0.0000    0.0000    6.4948   88.3136
  24.1354 25748.5829  226.6251 -999.9000    0.0000    0.0000    6.8506   88.3442
  23.5706 25905.4623  226.3924 -999.9000    0.0000    0.0000    7.4195   88.4419
  23.0189 26062.3417  226.6648 -999.9000    0.0000    0.0000    8.0763   88.5480
  22.4826 26219.2211  227.5078 -999.9000    0.0000    0.0000    8.7206   88.6216
  21.9608 26376.1005  228.6151 -999.9000    0.0000    0.0000    9.3135   88.6692
  21.4521 26532.9799  229.6220 -999.9000    0.0000    0.0000    9.8268   88.7041
  20.9548 26689.8593  230.1633 -999.9000    0.0000    0.0000   10.2319   88.7401
  20.4676 26846.7387  229.8742 -999.9000    0.0000    0.0000   10.5004   88.7908
  19.9891 27003.6181  228.4248 -999.9000    0.0000    0.0000   10.5968   88.8671
  19.5243 27160.4975  227.5367 -999.9000    0.0000    0.0000   10.1591   88.8331
  19.0752 27317.3769  227.9969 -999.9000    0.0000    0.0000    9.2595   88.6652
  18.6391 27474.2563  229.2251 -999.9000    0.0000    0.0000    8.2920   88.4541
  18.2135 27631.1357  230.6409 -999.9000    0.0000    0.0000    7.6514   88.2905
  17.7959 27788.0151  231.6728 -999.9000    0.0000    0.0000    7.7088   88.2601
  17.3864 27944.8945  231.9737 -999.9000    0.0000    0.0000    8.2854   88.3267
  16.9866 28101.7739  231.5698 -999.9000    0.0000    0.0000    8.8999   88.3867
  16.5963 28258.6533  230.7576 -999.9000    0.0000    0.0000    9.5173   88.4341
  16.2153 28415.5327  229.8608 -999.9000    0.0000    0.0000   10.1520   88.4734
  15.8432 28572.4121  229.2032 -999.9000    0.0000    0.0000   10.8186   88.5095
  15.4798 28729.2915  229.1025 -999.9000    0.0000    0.0000   11.5294   88.5468
  15.1246 28886.1709  229.5198 -999.9000    0.0000    0.0000   12.1820   88.5881
  14.7769 29043.0503  229.8982 -999.9000    0.0000    0.0000   12.5126   88.6333
  14.4368 29199.9296  230.0736 -999.9000    0.0000    0.0000   12.4561   88.6841
  14.1043 29356.8090  230.1836 -999.9000    0.0000    0.0000   12.0938   88.7433
  13.7798 29513.6884  230.3713 -999.9000    0.0000    0.0000   11.5103   88.8140
  13.4633 29670.5678  230.7802 -999.9000    0.0000    0.0000   10.7896   88.8992
  13.1552 29827.4472  231.5535 -999.9000    0.0000    0.0000   10.0162   89.0018
  12.8555 29984.3266  232.7777 -999.9000    0.0000    0.0000    9.2722   89.1215
  12.5638 30141.2060  234.1403 -999.9000    0.0000    0.0000    8.6255   89.2343
  12.2794 30298.0854  235.1593 -999.9000    0.0000    0.0000    8.1382   89.3059
  12.0018 30454.9648  235.3521 -999.9000    0.0000    0.0000    7.8721   89.3022
  11.7304 30611.8442  234.4906 -999.9000    0.0000    0.0000    7.8483   89.2026
  11.4650 30768.7236  233.3863 -999.9000    0.0000    0.0000    7.9212   89.0420
  11.2056 30925.6030  233.1157 -999.9000    0.0000    0.0000    7.9032   88.8691
  10.9522 31082.4824  234.3305 -999.9000    0.0000    0.0000    7.6739   88.7216
  10.7056 31239.3618  235.8706 -999.9000    0.0000    0.0000    7.4024   88.5894
  10.4661 31396.2412  236.4176 -999.9000    0.0000    0.0000    7.2857   88.4534
  10.2318 31553.1206  236.0514 -999.9000    0.0000    0.0000    7.3092   88.3118
  10.0000 31710.0000  235.2269 -999.9000    0.0000    0.0000    7.4017   88.1674
