# 06610 LSMP Payerne Observations at 12Z 30 Jul 2008
# Radiosonde file generated by raso.rb
#
  P [hPa],     Z [m],    T [K],   Td [K],   RH [%], r [g/kg], WS [m/s], WD [deg]
 962.0000   491.0000  297.5904 -999.9000   66.1769   13.6900    2.1508   93.0543
 944.6891   647.8794  295.5745 -999.9000   67.7286   12.6302    4.6021   92.6754
 927.6873   804.7588  294.2289 -999.9000   79.4561   13.9071    2.2258   92.9144
 911.0964   961.6382  292.9824 -999.9000   79.9086   14.4362    0.4447   92.0428
 894.7070  1118.5176  292.0908 -999.9000   79.9032   14.3064    1.3891   90.9797
 878.5406  1275.3970  291.8384 -999.9000   79.9643   13.3485    2.3630   90.6229
 862.6769  1432.2764  290.5010 -999.9000   80.8718   13.5129    2.5867   90.4248
 846.9845  1589.1558  289.2975 -999.9000   80.1885   13.9027    4.1879   90.3491
 831.5533  1746.0352  288.9862 -999.9000   80.6616   13.2228    5.0694   90.3950
 816.3570  1902.9146  287.7056 -999.9000   80.5463   11.9693    6.1749   90.4496
 801.3249  2059.7940  286.1470 -999.9000   80.2634   11.5640    6.7995   90.4939
 786.5365  2216.6734  284.8228 -999.9000   80.1061   10.4184    7.5499   90.5367
 771.9169  2373.5528  283.6203 -999.9000   80.4901    8.7627    8.7442   90.5644
 757.5041  2530.4322  282.5925 -999.9000   80.3546    8.5006    9.2788   90.6155
 743.3854  2687.3116  282.0489 -999.9000   77.7117    7.5803    8.1722   90.6080
 729.2940  2844.1910  281.0070 -999.9000   60.3367    5.5688    7.9302   90.6173
 715.5826  3001.0704  279.9929 -999.9000   50.0855    4.3807    9.5106   90.6971
 702.0616  3157.9497  278.8435 -999.9000   51.5665    4.2344   10.7916   90.7782
 688.7126  3314.8291  277.4011 -999.9000   58.8818    4.4448   10.8788   90.8007
 675.5482  3471.7085  275.8099 -999.9000   68.1714    4.6752   11.1251   90.8205
 662.5494  3628.5879  274.3699 -999.9000   74.1124    4.6607   11.7270   90.8487
 649.7305  3785.4673  273.3972 -999.9000   67.2464    4.0055   12.0167   90.8627
 637.1240  3942.3467  272.5807 -999.9000   55.1252    3.1437   11.3314   90.9118
 624.7467  4099.2261  271.6026 -999.9000   50.1558    2.7055    9.7787   91.0167
 612.5275  4256.1055  270.5787 -999.9000   50.0928    2.5464    9.3412   91.0465
 600.5160  4412.9849  270.0068 -999.9000   38.2120    1.8919    9.6168   91.0390
 588.7253  4569.8643  269.4471 -999.9000   22.7665    1.0986    9.7966   91.0433
 577.1128  4726.7437  268.1892 -999.9000   18.1726    0.8108    9.8433   91.0483
 565.6299  4883.6231  267.3884 -999.9000   17.0427    0.7276    9.8025   91.0538
 554.4053  5040.5025  266.8616 -999.9000   13.5075    0.5634    9.1108   91.1400
 543.3471  5197.3819  266.2212 -999.9000   12.8495    0.5190    8.3301   91.2153
 532.4739  5354.2613  265.2304 -999.9000   22.2235    0.8459    8.7339   91.2112
 521.8251  5511.1407  264.2167 -999.9000   24.0756    0.8613    9.4880   91.1806
 511.3144  5668.0201  263.4592 -999.9000   14.1180    0.4842   10.1676   91.1583
 500.9731  5824.8995  262.1497 -999.9000   13.0030    0.4090   10.8684   91.1344
 490.8286  5981.7789  260.5682 -999.9000   18.4460    0.5200   11.0224   91.1143
 480.7236  6138.6583  259.4825 -999.9000   29.3066    0.7703   11.3555   91.0832
 470.8214  6295.5377  258.2202 -999.9000   31.5809    0.7621   11.4520   91.0728
 461.0900  6452.4171  256.8156 -999.9000   30.9175    0.6762   11.1723   90.9894
 451.4963  6609.2965  255.5342 -999.9000   32.0987    0.6422   10.1623   90.8335
 442.0676  6766.1759  254.4744 -999.9000   32.6786    0.6091    9.2695   90.7116
 432.8253  6923.0553  253.5206 -999.9000   32.3978    0.5674   10.1765   90.6964
 423.7241  7079.9347  252.1177 -999.9000   36.1152    0.5712   11.0545   90.7318
 414.7432  7236.8141  250.4115 -999.9000   41.3556    0.5742   10.8487   90.7585
 405.9174  7393.6935  249.4100 -999.9000   31.9192    0.4138   11.0722   90.7794
 397.1974  7550.5729  248.1114 -999.9000   27.3226    0.3219   11.3333   90.7881
 388.6475  7707.4523  246.7017 -999.9000   31.2561    0.3308   11.4696   90.8405
 380.2876  7864.3317  245.6644 -999.9000   34.9148    0.3433   11.6948   90.9010
 372.0784  8021.2111  244.8216 -999.9000   39.1940    0.3645   11.8344   90.8924
 363.9826  8178.0905  243.9993 -999.9000   45.3324    0.3994   11.7343   90.7526
 356.0087  8334.9698  243.1140 -999.9000   54.5903    0.4529   11.7054   90.7678
 348.2042  8491.8492  242.1846 -999.9000   60.7251    0.5188   12.2948   91.3797
 340.5609  8648.7286  241.2945 -999.9000   65.1216    0.5272   12.5154   91.7004
 333.0575  8805.6080  240.3938 -999.9000   65.7262    0.4852   12.4451   91.6152
 325.6771  8962.4874  239.3823 -999.9000   65.1463    0.4338   12.7299   91.4555
 318.4095  9119.3668  238.1444 -999.9000   65.9324    0.3977   13.6389   91.4682
 311.2701  9276.2462  236.4706 -999.9000   60.8143    0.3338   13.7861   91.4746
 304.2599  9433.1256  234.8631 -999.9000   55.6193    0.2938   13.9989   91.4194
 297.3812  9590.0050  233.7438 -999.9000   50.7638    0.2688   14.4692   91.3896
 290.6045  9746.8844  232.4641 -999.9000   45.5444    0.2331   14.7856   91.3805
 283.9369  9903.7638  231.0363 -999.9000   45.8390    0.2031   15.1509   91.3479
 277.3870 10060.6432  229.5067 -999.9000   45.6854    0.1789   15.5274   91.3074
 270.9631 10217.5226  227.9153 -999.9000   45.6184    0.1538   15.7829   91.2950
 264.6694 10374.4020  226.3368 -999.9000   45.7242    0.1244   15.8272   91.3378
 258.4744 10531.2814  225.0784 -999.9000   45.2281    0.1097   15.9612   91.3756
 252.3757 10688.1608  224.0226 -999.9000   45.5405    0.1034   16.2139   91.3933
 246.3812 10845.0402  222.9408 -999.9000   40.2545    0.0916   16.5034   91.3978
 240.4896 11001.9196  221.7259 -999.9000   35.6927    0.0742   16.7767   91.3965
 234.6950 11158.7990  220.3732 -999.9000   35.9434    0.0604   17.0043   91.3968
 229.0082 11315.6784  218.9791 -999.9000   35.4841    0.0528   17.1808   91.3986
 223.4492 11472.5578  217.6911 -999.9000   34.9539    0.0500   17.3128   91.3982
 218.0236 11629.4372  216.4852 -999.9000   30.1079    0.0480   17.1187   91.4126
 212.6609 11786.3166  214.8123 -999.9000   25.5900    0.0350   15.4484   91.5070
 207.3913 11943.1960  213.9835 -999.9000   23.7558    0.0295   14.2820   91.4951
 202.2510 12100.0754  214.6931 -999.9000   17.9934    0.0410   13.9913   91.5711
 197.2536 12256.9548  216.0993 -999.9000    9.0915    0.0304   12.0068   92.1270
 192.4469 12413.8342  218.5003 -999.9000    2.6434    0.0062   12.4738   91.9985
 187.8076 12570.7136  218.3251 -999.9000    0.2368    0.0003   12.7338   91.9213
 183.2603 12727.5930  217.0977 -999.9000    0.2953    0.0003   12.4595   91.8946
 178.8033 12884.4724  216.6928 -999.9000    0.0000    0.0000   12.2447   91.8603
 174.4458 13041.3518  217.1037 -999.9000    0.0133    0.0000   12.3964   91.7991
 170.1876 13198.2312  217.3361 -999.9000    0.0000    0.0000   12.9408   91.6668
 166.0391 13355.1106  217.5104 -999.9000    0.0000    0.0000   13.5802   91.5392
 162.0101 13511.9899  217.1389 -999.9000    0.0002    0.0000   13.8996   91.4198
 158.0706 13668.8693  216.1577 -999.9000    0.0000    0.0000   13.5376   91.3880
 154.1974 13825.7487  215.2857 -999.9000    0.0000    0.0000   12.3982   91.4693
 150.4126 13982.6281  215.2184 -999.9000    0.0000    0.0000   10.5070   91.5650
 146.7292 14139.5075  216.1448 -999.9000    0.0000    0.0000   10.4524   91.5673
 143.1108 14296.3869  214.3631 -999.9000    0.0000    0.0000   10.3954   91.5696
 139.5597 14453.2663  216.7753 -999.9000    0.0000    0.0000   10.3878   91.5684
 136.1266 14610.1457  214.4327 -999.9000    0.0000    0.0000   10.4046   91.5540
 132.7619 14767.0251  213.5560 -999.9000    0.0000    0.0000   10.4269   91.5347
 129.4754 14923.9045  214.5485 -999.9000    0.0000    0.0000   10.4486   91.5197
 126.2897 15080.7839  215.6526 -999.9000    0.0000    0.0000   10.4605   91.5108
 123.1790 15237.6633  216.8805 -999.9000    0.0000    0.0000   10.5005   91.4644
 120.1481 15394.5427  217.3557 -999.9000    0.0000    0.0000   10.3821   91.3748
 117.2138 15551.4221  216.7151 -999.9000    0.0000    0.0000   10.0452   91.2661
 114.3435 15708.3015  216.6254 -999.9000    0.0000    0.0000    9.7470   91.1464
 111.5416 15865.1809  216.3877 -999.9000    0.0000    0.0000    9.1895   91.1933
 108.8149 16022.0603  217.7070 -999.9000    0.0000    0.0000    8.3984   91.4869
 106.1648 16178.9397  217.7672 -999.9000    0.0000    0.0000    7.9597   91.3484
 103.5767 16335.8191  217.4061 -999.9000    0.0000    0.0000    6.5512   91.9971
 101.0524 16492.6985  219.4560 -999.9000    0.0000    0.0000    2.0947   90.4089
  98.6148 16649.5779  218.0678 -999.9000    0.0000    0.0000    1.3391   90.4014
  96.2203 16806.4573  217.3300 -999.9000    0.0000    0.0000    0.5304   90.4014
  93.8688 16963.3367  216.6151 -999.9000    0.0000    0.0000    1.6284   90.4014
  91.5836 17120.2161  216.4943 -999.9000    0.0000    0.0000    2.5093   90.4014
  89.3567 17277.0955  216.4708 -999.9000    0.0000    0.0000    3.1537   90.4014
  87.1784 17433.9749  215.9966 -999.9000    0.0000    0.0000    3.8579   90.3927
  85.0453 17590.8543  215.1839 -999.9000    0.0000    0.0000    4.7883   90.0754
  82.9608 17747.7337  214.8561 -999.9000    0.0000    0.0000    5.9713   90.9865
  80.9282 17904.6131  215.4968 -999.9000    0.0000    0.0000    7.1231   90.6807
  78.9484 18061.4925  216.1361 -999.9000    0.0000    0.0000    7.0151   90.4907
  77.0217 18218.3719  216.8047 -999.9000    0.0000    0.0000    6.0511   90.6714
  75.1483 18375.2513  217.8597 -999.9000    0.0000    0.0000    5.0858   90.9237
  73.3271 18532.1307  218.9593 -999.9000    0.0000    0.0000    4.4501   91.0464
  71.5556 18689.0101  219.0838 -999.9000    0.0000    0.0000    3.9664   90.9336
  69.8260 18845.8894  217.9684 -999.9000    0.0000    0.0000    3.3284   91.0562
  68.1227 19002.7688  217.6795 -999.9000    0.0000    0.0000    2.1699   91.7656
  66.4601 19159.6482  218.0322 -999.9000    0.0000    0.0000    1.1219   89.5288
  64.8418 19316.5276  218.5201 -999.9000    0.0000    0.0000    0.7947   87.4851
  63.2670 19473.4070  218.9294 -999.9000    0.0000    0.0000    1.3188   87.9468
  61.7318 19630.2864  219.4982 -999.9000    0.0000    0.0000    1.8860   88.3028
  60.2355 19787.1658  219.7202 -999.9000    0.0000    0.0000    2.6096   88.5476
  58.7762 19944.0452  219.4352 -999.9000    0.0000    0.0000    3.4304   88.9105
  57.3501 20100.9246  219.0694 -999.9000    0.0000    0.0000    3.8441   89.0671
  55.9562 20257.8040  218.8169 -999.9000    0.0000    0.0000    3.7537   88.9446
  54.5968 20414.6834  218.5982 -999.9000    0.0000    0.0000    3.5248   88.7725
  53.2731 20571.5628  218.5650 -999.9000    0.0000    0.0000    3.3207   88.6461
  51.9860 20728.4422  219.0282 -999.9000    0.0000    0.0000    3.1588   88.5640
  50.7361 20885.3216  220.3013 -999.9000    0.0000    0.0000    3.0536   88.5228
  49.5229 21042.2010  222.0956 -999.9000    0.0000    0.0000    2.9890   88.5126
  48.3394 21199.0804  221.5012 -999.9000    0.0000    0.0000    3.3145   88.5757
  47.1874 21355.9598  221.5941 -999.9000    0.0000    0.0000    4.4294   88.7747
  46.0647 21512.8392  222.0120 -999.9000    0.0000    0.0000    5.4487   88.9472
  44.9691 21669.7186  222.2758 -999.9000    0.0000    0.0000    5.6400   88.9570
  43.8989 21826.5980  222.3222 -999.9000    0.0000    0.0000    5.2357   88.8369
  42.8525 21983.4774  222.2118 -999.9000    0.0000    0.0000    4.7521   88.6697
  41.8295 22140.3568  221.9922 -999.9000    0.0000    0.0000    4.4780   88.5214
  40.8309 22297.2362  221.6917 -999.9000    0.0000    0.0000    4.3512   88.4316
  39.8584 22454.1156  221.3393 -999.9000    0.0000    0.0000    4.2797   88.4374
  38.9104 22610.9950  221.7614 -999.9000    0.0000    0.0000    4.4112   88.5046
  37.9838 22767.8744  223.0512 -999.9000    0.0000    0.0000    4.8021   88.5579
  37.0791 22924.7538  223.7722 -999.9000    0.0000    0.0000    5.1208   88.6106
  36.1962 23081.6332  223.8931 -999.9000    0.0000    0.0000    5.3513   88.6649
  35.3349 23238.5126  223.6316 -999.9000    0.0000    0.0000    5.5330   88.7211
  34.4951 23395.3920  223.2050 -999.9000    0.0000    0.0000    5.7056   88.7793
  33.6765 23552.2714  222.8309 -999.9000    0.0000    0.0000    5.9086   88.8396
  32.8792 23709.1508  222.7266 -999.9000    0.0000    0.0000    6.1819   88.9021
  32.1025 23866.0302  223.0340 -999.9000    0.0000    0.0000    6.5377   88.9664
  31.3447 24022.9095  223.6153 -999.9000    0.0000    0.0000    6.8878   89.0294
  30.6036 24179.7889  224.2684 -999.9000    0.0000    0.0000    7.1211   89.0878
  29.8779 24336.6683  224.7654 -999.9000    0.0000    0.0000    7.1455   89.1301
  29.1715 24493.5477  224.8170 -999.9000    0.0000    0.0000    7.0657   89.0898
  28.4842 24650.4271  224.6707 -999.9000    0.0000    0.0000    6.9342   88.9796
  27.8138 24807.3065  224.6952 -999.9000    0.0000    0.0000    6.7653   88.8366
  27.1583 24964.1859  225.2573 -999.9000    0.0000    0.0000    6.5726   88.6979
  26.5173 25121.0653  226.4183 -999.9000    0.0000    0.0000    6.3769   88.5852
  25.8939 25277.9447  227.5904 -999.9000    0.0000    0.0000    6.2126   88.4883
  25.2914 25434.8241  228.1031 -999.9000    0.0000    0.0000    6.1165   88.3927
  24.7096 25591.7035  227.5904 -999.9000    0.0000    0.0000    6.1698   88.3136
  24.1354 25748.5829  227.0378 -999.9000    0.0000    0.0000    6.5333   88.3442
  23.5706 25905.4623  226.7785 -999.9000    0.0000    0.0000    7.1092   88.4419
  23.0189 26062.3417  227.0218 -999.9000    0.0000    0.0000    7.7726   88.5480
  22.4826 26219.2211  227.8334 -999.9000    0.0000    0.0000    8.4227   88.6216
  21.9608 26376.1005  228.9075 -999.9000    0.0000    0.0000    9.0209   88.6692
  21.4521 26532.9799  229.8796 -999.9000    0.0000    0.0000    9.5390   88.7041
  20.9548 26689.8593  230.3849 -999.9000    0.0000    0.0000    9.9484   88.7401
  20.4676 26846.7387  230.0587 -999.9000    0.0000    0.0000   10.2205   88.7908
  19.9891 27003.6181  228.5718 -999.9000    0.0000    0.0000   10.3201   88.8671
  19.5243 27160.4975  227.6457 -999.9000    0.0000    0.0000    9.8852   88.8331
  19.0752 27317.3769  228.0680 -999.9000    0.0000    0.0000    8.9878   88.6652
  18.6391 27474.2563  229.2585 -999.9000    0.0000    0.0000    8.0223   88.4541
  18.2135 27631.1357  230.6372 -999.9000    0.0000    0.0000    7.3830   88.2905
  17.7959 27788.0151  231.6330 -999.9000    0.0000    0.0000    7.4414   88.2601
  17.3864 27944.8945  231.8991 -999.9000    0.0000    0.0000    8.0186   88.3267
  16.9866 28101.7739  231.4620 -999.9000    0.0000    0.0000    8.6332   88.3867
  16.5963 28258.6533  230.6183 -999.9000    0.0000    0.0000    9.2505   88.4341
  16.2153 28415.5327  229.6923 -999.9000    0.0000    0.0000    9.8847   88.4734
  15.8432 28572.4121  229.0080 -999.9000    0.0000    0.0000   10.5505   88.5095
  15.4798 28729.2915  228.8834 -999.9000    0.0000    0.0000   11.2602   88.5468
  15.1246 28886.1709  229.2800 -999.9000    0.0000    0.0000   11.9113   88.5881
  14.7769 29043.0503  229.6411 -999.9000    0.0000    0.0000   12.2401   88.6333
  14.4368 29199.9296  229.8030 -999.9000    0.0000    0.0000   12.1817   88.6841
  14.1043 29356.8090  229.9035 -999.9000    0.0000    0.0000   11.8172   88.7433
  13.7798 29513.6884  230.0861 -999.9000    0.0000    0.0000   11.2313   88.8140
  13.4633 29670.5678  230.4946 -999.9000    0.0000    0.0000   10.5079   88.8992
  13.1552 29827.4472  231.2726 -999.9000    0.0000    0.0000    9.7317   89.0018
  12.8555 29984.3266  232.5068 -999.9000    0.0000    0.0000    8.9846   89.1215
  12.5638 30141.2060  233.8850 -999.9000    0.0000    0.0000    8.3348   89.2343
  12.2794 30298.0854  234.9256 -999.9000    0.0000    0.0000    7.8442   89.3059
  12.0018 30454.9648  235.1463 -999.9000    0.0000    0.0000    7.5747   89.3022
  11.7304 30611.8442  234.3192 -999.9000    0.0000    0.0000    7.5473   89.2026
  11.4650 30768.7236  233.2562 -999.9000    0.0000    0.0000    7.6166   89.0420
  11.2056 30925.6030  233.0342 -999.9000    0.0000    0.0000    7.5949   88.8691
  10.9522 31082.4824  234.3051 -999.9000    0.0000    0.0000    7.3619   88.7216
  10.7056 31239.3618  235.9091 -999.9000    0.0000    0.0000    7.0867   88.5894
  10.4661 31396.2412  236.5282 -999.9000    0.0000    0.0000    6.9662   88.4534
  10.2318 31553.1206  236.2426 -999.9000    0.0000    0.0000    6.9858   88.3118
  10.0000 31710.0000  235.5074 -999.9000    0.0000    0.0000    7.0746   88.1674
