# 06610 LSMP Payerne Observations at 12Z 30 Jul 2008
# Radiosonde file generated by raso.rb
#
  P [hPa],     Z [m],    T [K],   Td [K],   RH [%], r [g/kg], WS [m/s], WD [deg]
 962.0000   491.0000  297.7304 -999.9000   66.2852   13.6900    2.1008   93.0543
 944.6891   647.8794  295.8065 -999.9000   67.8295   12.6302    4.6088   92.6754
 927.6873   804.7588  294.5414 -999.9000   79.5632   13.9071    2.2822   92.9144
 911.0964   961.6382  293.3644 -999.9000   80.0054   14.4362    0.5442   92.0428
 894.7070  1118.5176  292.5318 -999.9000   79.9895   14.3064    1.5251   90.9797
 878.5406  1275.3970  292.3283 -999.9000   80.0405   13.3485    2.5292   90.6229
 862.6769  1432.2764  291.0300 -999.9000   80.9389   13.5129    2.7774   90.4248
 846.9845  1589.1558  289.8565 -999.9000   80.2456   13.9027    4.3974   90.3491
 831.5533  1746.0352  289.5663 -999.9000   80.7099   13.2228    5.2924   90.3950
 816.3570  1902.9146  288.2985 -999.9000   80.5857   11.9693    6.4062   90.4496
 801.3249  2059.7940  286.7448 -999.9000   80.2943   11.5640    7.0345   90.4939
 786.5365  2216.6734  285.4179 -999.9000   80.1288   10.4184    7.7840   90.5367
 771.9169  2373.5528  284.2056 -999.9000   80.5051    8.7627    8.9733   90.5644
 757.5041  2530.4322  283.1614 -999.9000   80.3622    8.5006    9.4989   90.6155
 743.3854  2687.3116  282.5952 -999.9000   77.7122    7.5803    8.3798   90.6080
 729.2940  2844.1910  281.5249 -999.9000   60.3319    5.5688    8.1219   90.6173
 715.5826  3001.0704  280.4772 -999.9000   50.0775    4.3807    9.6833   90.6971
 702.0616  3157.9497  279.2892 -999.9000   51.5543    4.2344   10.9425   90.7782
 688.7126  3314.8291  277.8037 -999.9000   58.8634    4.4448   11.0055   90.8007
 675.5482  3471.7085  276.1654 -999.9000   68.1454    4.6752   11.2254   90.8205
 662.5494  3628.5879  274.6746 -999.9000   74.0792    4.6607   11.7990   90.8487
 649.7305  3785.4673  273.6481 -999.9000   67.2120    4.0055   12.0587   90.8627
 637.1240  3942.3467  272.7750 -999.9000   55.0937    3.1437   11.3420   90.9118
 624.7467  4099.2261  271.7380 -999.9000   50.1242    2.7055    9.7570   91.0167
 612.5275  4256.1055  270.6533 -999.9000   50.0586    2.5464    9.2864   91.0465
 600.5160  4412.9849  270.0192 -999.9000   38.1840    1.8919    9.5283   91.0390
 588.7253  4569.8643  269.3963 -999.9000   22.7487    1.0986    9.6742   91.0433
 577.1128  4726.7437  268.0747 -999.9000   18.1576    0.8108    9.6871   91.0483
 565.6299  4883.6231  267.2100 -999.9000   17.0279    0.7276    9.6129   91.0538
 554.4053  5040.5025  266.6197 -999.9000   13.4952    0.5634    8.8884   91.1400
 543.3471  5197.3819  265.9165 -999.9000   12.8373    0.5190    8.0759   91.2153
 532.4739  5354.2613  264.8640 -999.9000   22.2017    0.8459    8.4491   91.2112
 521.8251  5511.1407  263.7903 -999.9000   24.0512    0.8613    9.1741   91.1806
 511.3144  5668.0201  262.9747 -999.9000   14.1034    0.4842    9.8264   91.1583
 500.9731  5824.8995  261.6097 -999.9000   12.9892    0.4090   10.5019   91.1344
 490.8286  5981.7789  259.9756 -999.9000   18.4259    0.5200   10.6329   91.1143
 480.7236  6138.6583  258.8407 -999.9000   29.2739    0.7703   10.9458   91.0832
 470.8214  6295.5377  257.5329 -999.9000   31.5451    0.7621   11.0250   91.0728
 461.0900  6452.4171  256.0871 -999.9000   30.8818    0.6762   10.7311   90.9894
 451.4963  6609.2965  254.7691 -999.9000   32.0611    0.6422    9.7105   90.8335
 442.0676  6766.1759  253.6777 -999.9000   32.6398    0.6091    8.8108   90.7116
 432.8253  6923.0553  252.6980 -999.9000   32.3589    0.5674    9.7150   90.6964
 423.7241  7079.9347  251.2750 -999.9000   36.0715    0.5712   10.5946   90.7318
 414.7432  7236.8141  249.5551 -999.9000   41.3051    0.5742   10.3950   90.7585
 405.9174  7393.6935  248.5468 -999.9000   31.8799    0.4138   10.6296   90.7794
 397.1974  7550.5729  247.2485 -999.9000   27.2888    0.3219   10.9069   90.7881
 388.6475  7707.4523  245.8461 -999.9000   31.2172    0.3308   11.0643   90.8405
 380.2876  7864.3317  244.8225 -999.9000   34.8711    0.3433   11.3150   90.9010
 372.0784  8021.2111  243.9993 -999.9000   39.1449    0.3645   11.4840   90.8924
 363.9826  8178.0905  243.2018 -999.9000   45.2756    0.3994   11.4167   90.7526
 356.0087  8334.9698  242.3461 -999.9000   54.5219    0.4529   11.4235   90.7678
 348.2042  8491.8492  241.4507 -999.9000   60.6493    0.5188   12.0509   91.3797
 340.5609  8648.7286  240.5984 -999.9000   65.0408    0.5272   12.3114   91.7004
 333.0575  8805.6080  239.7385 -999.9000   65.6452    0.4852   12.2824   91.6152
 325.6771  8962.4874  238.7706 -999.9000   65.0668    0.4338   12.6096   91.4555
 318.4095  9119.3668  237.5784 -999.9000   65.8530    0.3977   13.5611   91.4682
 311.2701  9276.2462  235.9519 -999.9000   60.7423    0.3338   13.7508   91.4746
 304.2599  9433.1256  234.3927 -999.9000   55.5546    0.2938   14.0056   91.4194
 297.3812  9590.0050  233.3224 -999.9000   50.7061    0.2688   14.5166   91.3896
 290.6045  9746.8844  232.0916 -999.9000   45.4941    0.2331   14.8723   91.3805
 283.9369  9903.7638  230.7122 -999.9000   45.7899    0.2031   15.2746   91.3479
 277.3870 10060.6432  229.2299 -999.9000   45.6382    0.1789   15.6857   91.3074
 270.9631 10217.5226  227.6842 -999.9000   45.5732    0.1538   15.9725   91.2950
 264.6694 10374.4020  226.1493 -999.9000   45.6811    0.1244   16.0446   91.3378
 258.4744 10531.2814  224.9318 -999.9000   45.1879    0.1097   16.2024   91.3756
 252.3757 10688.1608  223.9137 -999.9000   45.5026    0.1034   16.4741   91.3933
 246.3812 10845.0402  222.8659 -999.9000   40.2236    0.0916   16.7777   91.3978
 240.4896 11001.9196  221.6808 -999.9000   35.6677    0.0742   17.0594   91.3965
 234.6950 11158.7990  220.3536 -999.9000   35.9209    0.0604   17.2901   91.3968
 229.0082 11315.6784  218.9810 -999.9000   35.4646    0.0528   17.4645   91.3986
 223.4492 11472.5578  217.7106 -999.9000   34.9375    0.0500   17.5896   91.3982
 218.0236 11629.4372  216.5188 -999.9000   30.0963    0.0480   17.3843   91.4126
 212.6609 11786.3166  214.8567 -999.9000   25.5823    0.0350   15.6990   91.5070
 207.3913 11943.1960  214.0356 -999.9000   23.7507    0.0295   14.5140   91.4951
 202.2510 12100.0754  214.7501 -999.9000   17.9911    0.0410   14.2014   91.5711
 197.2536 12256.9548  216.1585 -999.9000    9.0911    0.0304   12.1924   92.1270
 192.4469 12413.8342  218.5594 -999.9000    2.6436    0.0062   12.6325   91.9985
 187.8076 12570.7136  218.3820 -999.9000    0.2368    0.0003   12.8635   91.9213
 183.2603 12727.5930  217.1506 -999.9000    0.2954    0.0003   12.5587   91.8946
 178.8033 12884.4724  216.7399 -999.9000    0.0000    0.0000   12.3121   91.8603
 174.4458 13041.3518  217.1438 -999.9000    0.0133    0.0000   12.4313   91.7991
 170.1876 13198.2312  217.3680 -999.9000    0.0000    0.0000   12.9427   91.6668
 166.0391 13355.1106  217.5331 -999.9000    0.0000    0.0000   13.5491   91.5392
 162.0101 13511.9899  217.1518 -999.9000    0.0002    0.0000   13.8358   91.4198
 158.0706 13668.8693  216.1603 -999.9000    0.0000    0.0000   13.4418   91.3880
 154.1974 13825.7487  215.2780 -999.9000    0.0000    0.0000   12.2717   91.4693
 150.4126 13982.6281  215.2003 -999.9000    0.0000    0.0000   10.3512   91.5650
 146.7292 14139.5075  216.1166 -999.9000    0.0000    0.0000   10.2692   91.5673
 143.1108 14296.3869  214.3253 -999.9000    0.0000    0.0000   10.1871   91.5696
 139.5597 14453.2663  216.7288 -999.9000    0.0000    0.0000   10.1571   91.5684
 136.1266 14610.1457  214.3782 -999.9000    0.0000    0.0000   10.1543   91.5540
 132.7619 14767.0251  213.4945 -999.9000    0.0000    0.0000   10.1597   91.5347
 129.4754 14923.9045  214.4807 -999.9000    0.0000    0.0000   10.1671   91.5197
 126.2897 15080.7839  215.5791 -999.9000    0.0000    0.0000   10.1672   91.5108
 123.1790 15237.6633  216.8020 -999.9000    0.0000    0.0000   10.1979   91.4644
 120.1481 15394.5427  217.2728 -999.9000    0.0000    0.0000   10.0725   91.3748
 117.2138 15551.4221  216.6284 -999.9000    0.0000    0.0000    9.7307   91.2661
 114.3435 15708.3015  216.5354 -999.9000    0.0000    0.0000    9.4298   91.1464
 111.5416 15865.1809  216.2948 -999.9000    0.0000    0.0000    8.8716   91.1933
 108.8149 16022.0603  217.6117 -999.9000    0.0000    0.0000    8.0818   91.4869
 106.1648 16178.9397  217.6697 -999.9000    0.0000    0.0000    7.6461   91.3484
 103.5767 16335.8191  217.3069 -999.9000    0.0000    0.0000    6.2424   91.9971
 101.0524 16492.6985  219.3552 -999.9000    0.0000    0.0000    1.7922   90.4089
  98.6148 16649.5779  217.9656 -999.9000    0.0000    0.0000    1.0445   90.4014
  96.2203 16806.4573  217.2266 -999.9000    0.0000    0.0000    0.2452   90.4014
  93.8688 16963.3367  216.5106 -999.9000    0.0000    0.0000    1.3539   90.4014
  91.5836 17120.2161  216.3887 -999.9000    0.0000    0.0000    2.2468   90.4014
  89.3567 17277.0955  216.3641 -999.9000    0.0000    0.0000    2.9041   90.4014
  87.1784 17433.9749  215.8888 -999.9000    0.0000    0.0000    3.6225   90.3927
  85.0453 17590.8543  215.0749 -999.9000    0.0000    0.0000    4.5679   90.0754
  82.9608 17747.7337  214.7457 -999.9000    0.0000    0.0000    5.7668   90.9865
  80.9282 17904.6131  215.3847 -999.9000    0.0000    0.0000    6.9351   90.6807
  78.9484 18061.4925  216.0222 -999.9000    0.0000    0.0000    6.8444   90.4907
  77.0217 18218.3719  216.6887 -999.9000    0.0000    0.0000    5.8983   90.6714
  75.1483 18375.2513  217.7412 -999.9000    0.0000    0.0000    4.9516   90.9237
  73.3271 18532.1307  218.8382 -999.9000    0.0000    0.0000    4.3351   91.0464
  71.5556 18689.0101  218.9597 -999.9000    0.0000    0.0000    3.8711   90.9336
  69.8260 18845.8894  217.8410 -999.9000    0.0000    0.0000    3.2535   91.0562
  68.1227 19002.7688  217.5484 -999.9000    0.0000    0.0000    2.1159   91.7656
  66.4601 19159.6482  217.8972 -999.9000    0.0000    0.0000    1.0893   89.5288
  64.8418 19316.5276  218.3807 -999.9000    0.0000    0.0000    0.7841   87.4851
  63.2670 19473.4070  218.7852 -999.9000    0.0000    0.0000    1.3307   87.9468
  61.7318 19630.2864  219.3488 -999.9000    0.0000    0.0000    1.9208   88.3028
  60.2355 19787.1658  219.5653 -999.9000    0.0000    0.0000    2.6678   88.5476
  58.7762 19944.0452  219.2743 -999.9000    0.0000    0.0000    3.5124   88.9105
  57.3501 20100.9246  218.9020 -999.9000    0.0000    0.0000    3.9504   89.0671
  55.9562 20257.8040  218.6426 -999.9000    0.0000    0.0000    3.8846   88.9446
  54.5968 20414.6834  218.4164 -999.9000    0.0000    0.0000    3.6807   88.7725
  53.2731 20571.5628  218.3753 -999.9000    0.0000    0.0000    3.5021   88.6461
  51.9860 20728.4422  218.8301 -999.9000    0.0000    0.0000    3.3659   88.5640
  50.7361 20885.3216  220.0943 -999.9000    0.0000    0.0000    3.2867   88.5228
  49.5229 21042.2010  221.8790 -999.9000    0.0000    0.0000    3.2484   88.5126
  48.3394 21199.0804  221.2746 -999.9000    0.0000    0.0000    3.6006   88.5757
  47.1874 21355.9598  221.3568 -999.9000    0.0000    0.0000    4.7423   88.7747
  46.0647 21512.8392  221.7635 -999.9000    0.0000    0.0000    5.7887   88.9472
  44.9691 21669.7186  222.0158 -999.9000    0.0000    0.0000    6.0072   88.9570
  43.8989 21826.5980  222.0505 -999.9000    0.0000    0.0000    5.6299   88.8369
  42.8525 21983.4774  221.9281 -999.9000    0.0000    0.0000    5.1732   88.6697
  41.8295 22140.3568  221.6968 -999.9000    0.0000    0.0000    4.9257   88.5214
  40.8309 22297.2362  221.3847 -999.9000    0.0000    0.0000    4.8249   88.4316
  39.8584 22454.1156  221.0212 -999.9000    0.0000    0.0000    4.7790   88.4374
  38.9104 22610.9950  221.4328 -999.9000    0.0000    0.0000    4.9353   88.5046
  37.9838 22767.8744  222.7126 -999.9000    0.0000    0.0000    5.3502   88.5579
  37.0791 22924.7538  223.4247 -999.9000    0.0000    0.0000    5.6919   88.6106
  36.1962 23081.6332  223.5376 -999.9000    0.0000    0.0000    5.9442   88.6649
  35.3349 23238.5126  223.2693 -999.9000    0.0000    0.0000    6.1465   88.7211
  34.4951 23395.3920  222.8372 -999.9000    0.0000    0.0000    6.3383   88.7793
  33.6765 23552.2714  222.4591 -999.9000    0.0000    0.0000    6.5591   88.8396
  32.8792 23709.1508  222.3524 -999.9000    0.0000    0.0000    6.8485   88.9021
  32.1025 23866.0302  222.6593 -999.9000    0.0000    0.0000    7.2186   88.9664
  31.3447 24022.9095  223.2420 -999.9000    0.0000    0.0000    7.5812   89.0294
  30.6036 24179.7889  223.8985 -999.9000    0.0000    0.0000    7.8248   89.0878
  29.8779 24336.6683  224.4014 -999.9000    0.0000    0.0000    7.8575   89.1301
  29.1715 24493.5477  224.4611 -999.9000    0.0000    0.0000    7.7836   89.0898
  28.4842 24650.4271  224.3256 -999.9000    0.0000    0.0000    7.6557   88.9796
  27.8138 24807.3065  224.3636 -999.9000    0.0000    0.0000    7.4877   88.8366
  27.1583 24964.1859  224.9420 -999.9000    0.0000    0.0000    7.2934   88.6979
  26.5173 25121.0653  226.1220 -999.9000    0.0000    0.0000    7.0935   88.5852
  25.8939 25277.9447  227.3155 -999.9000    0.0000    0.0000    6.9227   88.4883
  25.2914 25434.8241  227.8518 -999.9000    0.0000    0.0000    6.8179   88.3927
  24.7096 25591.7035  227.3649 -999.9000    0.0000    0.0000    6.8603   88.3136
  24.1354 25748.5829  226.8399 -999.9000    0.0000    0.0000    7.2111   88.3442
  23.5706 25905.4623  226.6100 -999.9000    0.0000    0.0000    7.7725   88.4419
  23.0189 26062.3417  226.8842 -999.9000    0.0000    0.0000    8.4196   88.5480
  22.4826 26219.2211  227.7281 -999.9000    0.0000    0.0000    9.0519   88.6216
  21.9608 26376.1005  228.8356 -999.9000    0.0000    0.0000    9.6310   88.6692
  21.4521 26532.9799  229.8421 -999.9000    0.0000    0.0000   10.1286   88.7041
  20.9548 26689.8593  230.3827 -999.9000    0.0000    0.0000   10.5164   88.7401
  20.4676 26846.7387  230.0924 -999.9000    0.0000    0.0000   10.7660   88.7908
  19.9891 27003.6181  228.6418 -999.9000    0.0000    0.0000   10.8422   88.8671
  19.5243 27160.4975  227.7522 -999.9000    0.0000    0.0000   10.3831   88.8331
  19.0752 27317.3769  228.2112 -999.9000    0.0000    0.0000    9.4610   88.6652
  18.6391 27474.2563  229.4383 -999.9000    0.0000    0.0000    8.4702   88.4541
  18.2135 27631.1357  230.8534 -999.9000    0.0000    0.0000    7.8054   88.2905
  17.7959 27788.0151  231.8851 -999.9000    0.0000    0.0000    7.8382   88.2601
  17.3864 27944.8945  232.1864 -999.9000    0.0000    0.0000    8.3896   88.3267
  16.9866 28101.7739  231.7836 -999.9000    0.0000    0.0000    8.9786   88.3867
  16.5963 28258.6533  230.9733 -999.9000    0.0000    0.0000    9.5705   88.4341
  16.2153 28415.5327  230.0796 -999.9000    0.0000    0.0000   10.1797   88.4734
  15.8432 28572.4121  229.4261 -999.9000    0.0000    0.0000   10.8209   88.5095
  15.4798 28729.2915  229.3308 -999.9000    0.0000    0.0000   11.5067   88.5468
  15.1246 28886.1709  229.7549 -999.9000    0.0000    0.0000   12.1348   88.5881
  14.7769 29043.0503  230.1416 -999.9000    0.0000    0.0000   12.4414   88.6333
  14.4368 29199.9296  230.3271 -999.9000    0.0000    0.0000   12.3618   88.6841
  14.1043 29356.8090  230.4488 -999.9000    0.0000    0.0000   11.9774   88.7433
  13.7798 29513.6884  230.6503 -999.9000    0.0000    0.0000   11.3728   88.8140
  13.4633 29670.5678  231.0749 -999.9000    0.0000    0.0000   10.6323   88.8992
  13.1552 29827.4472  231.8662 -999.9000    0.0000    0.0000    9.8404   89.0018
  12.8555 29984.3266  233.1107 -999.9000    0.0000    0.0000    9.0796   89.1215
  12.5638 30141.2060  234.4961 -999.9000    0.0000    0.0000    8.4178   89.2343
  12.2794 30298.0854  235.5405 -999.9000    0.0000    0.0000    7.9172   89.3059
  12.0018 30454.9648  235.7613 -999.9000    0.0000    0.0000    7.6399   89.3022
  11.7304 30611.8442  234.9307 -999.9000    0.0000    0.0000    7.6069   89.2026
  11.4650 30768.7236  233.8603 -999.9000    0.0000    0.0000    7.6730   89.0420
  11.2056 30925.6030  233.6268 -999.9000    0.0000    0.0000    7.6507   88.8691
  10.9522 31082.4824  234.8819 -999.9000    0.0000    0.0000    7.4198   88.7216
  10.7056 31239.3618  236.4656 -999.9000    0.0000    0.0000    7.1495   88.5894
  10.4661 31396.2412  237.0597 -999.9000    0.0000    0.0000    7.0369   88.4534
  10.2318 31553.1206  236.7444 -999.9000    0.0000    0.0000    7.0675   88.3118
  10.0000 31710.0000  235.9745 -999.9000    0.0000    0.0000    7.1704   88.1674
