# 06610 LSMP Payerne Observations at 12Z 30 Jul 2008
# Radiosonde file generated by raso.rb
#
  P [hPa],     Z [m],    T [K],   Td [K],   RH [%], r [g/kg], WS [m/s], WD [deg]
 962.0000   491.0000  298.1555 -999.9000   66.2456   13.6900    1.9531   93.0543
 944.6891   647.8794  296.1966 -999.9000   67.7976   12.6302    4.3816   92.6754
 927.6873   804.7588  294.8978 -999.9000   79.5352   13.9071    1.9838   92.9144
 911.0964   961.6382  293.6886 -999.9000   79.9861   14.4362    0.1823   92.0428
 894.7070  1118.5176  292.8250 -999.9000   79.9784   14.3064    1.1073   90.9797
 878.5406  1275.3970  292.5919 -999.9000   80.0370   13.3485    2.0629   90.6229
 862.6769  1432.2764  291.2653 -999.9000   80.9425   13.5129    2.2693   90.4248
 846.9845  1589.1558  290.0646 -999.9000   80.2557   13.9027    3.8542   90.3491
 831.5533  1746.0352  289.7486 -999.9000   80.7261   13.2228    4.7205   90.3950
 816.3570  1902.9146  288.4561 -999.9000   80.6074   11.9693    5.8115   90.4496
 801.3249  2059.7940  286.8789 -999.9000   80.3208   11.5640    6.4228   90.4939
 786.5365  2216.6734  285.5297 -999.9000   80.1597   10.4184    7.1607   90.5367
 771.9169  2373.5528  284.2961 -999.9000   80.5402    8.7627    8.3434   90.5644
 757.5041  2530.4322  283.2318 -999.9000   80.4007    8.5006    8.8672   90.6155
 743.3854  2687.3116  282.6465 -999.9000   77.7524    7.5803    7.7507   90.6080
 729.2940  2844.1910  281.5582 -999.9000   60.3652    5.5688    7.4996   90.6173
 715.5826  3001.0704  280.4934 -999.9000   50.1065    4.3807    9.0717   90.6971
 702.0616  3157.9497  279.2894 -999.9000   51.5854    4.2344   10.3451   90.7782
 688.7126  3314.8291  277.7888 -999.9000   58.9001    4.4448   10.4256   90.8007
 675.5482  3471.7085  276.1363 -999.9000   68.1890    4.6752   10.6658   90.8205
 662.5494  3628.5879  274.6324 -999.9000   74.1273    4.6607   11.2623   90.8487
 649.7305  3785.4673  273.5934 -999.9000   67.2561    4.0055   11.5473   90.8627
 637.1240  3942.3467  272.7089 -999.9000   55.1301    3.1437   10.8580   90.9118
 624.7467  4099.2261  271.6612 -999.9000   50.1574    2.7055    9.3019   91.0167
 612.5275  4256.1055  270.5666 -999.9000   50.0916    2.5464    8.8616   91.0465
 600.5160  4412.9849  269.9234 -999.9000   38.2090    1.8919    9.1349   91.0390
 588.7253  4569.8643  269.2921 -999.9000   22.7634    1.0986    9.3131   91.0433
 577.1128  4726.7437  267.9629 -999.9000   18.1691    0.8108    9.3586   91.0483
 565.6299  4883.6231  267.0912 -999.9000   17.0385    0.7276    9.3172   91.0538
 554.4053  5040.5025  266.4946 -999.9000   13.5034    0.5634    8.6254   91.1400
 543.3471  5197.3819  265.7857 -999.9000   12.8449    0.5190    7.8450   91.2153
 532.4739  5354.2613  264.7282 -999.9000   22.2144    0.8459    8.2497   91.2112
 521.8251  5511.1407  263.6500 -999.9000   24.0645    0.8613    9.0049   91.1806
 511.3144  5668.0201  262.8306 -999.9000   14.1109    0.4842    9.6861   91.1583
 500.9731  5824.8995  261.4622 -999.9000   12.9958    0.4090   10.3889   91.1344
 490.8286  5981.7789  259.8252 -999.9000   18.4349    0.5200   10.5451   91.1143
 480.7236  6138.6583  258.6879 -999.9000   29.2876    0.7703   10.8809   91.0832
 470.8214  6295.5377  257.3782 -999.9000   31.5591    0.7621   10.9803   91.0728
 461.0900  6452.4171  255.9308 -999.9000   30.8948    0.6762   10.7038   90.9894
 451.4963  6609.2965  254.6117 -999.9000   32.0739    0.6422    9.6973   90.8335
 442.0676  6766.1759  253.5196 -999.9000   32.6522    0.6091    8.8081   90.7116
 432.8253  6923.0553  252.5394 -999.9000   32.3705    0.5674    9.7190   90.6964
 423.7241  7079.9347  251.1164 -999.9000   36.0837    0.5712   10.6011   90.7318
 414.7432  7236.8141  249.3967 -999.9000   41.3183    0.5742   10.3995   90.7585
 405.9174  7393.6935  248.3888 -999.9000   31.8896    0.4138   10.6274   90.7794
 397.1974  7550.5729  247.0913 -999.9000   27.2967    0.3219   10.8929   90.7881
 388.6475  7707.4523  245.6897 -999.9000   31.2258    0.3308   11.0339   90.8405
 380.2876  7864.3317  244.6671 -999.9000   34.8804    0.3433   11.2639   90.9010
 372.0784  8021.2111  243.8450 -999.9000   39.1550    0.3645   11.4087   90.8924
 363.9826  8178.0905  243.0487 -999.9000   45.2870    0.3994   11.3141   90.7526
 356.0087  8334.9698  242.1941 -999.9000   54.5356    0.4529   11.2911   90.7678
 348.2042  8491.8492  241.2998 -999.9000   60.6647    0.5188   11.8868   91.3797
 340.5609  8648.7286  240.4484 -999.9000   65.0577    0.5272   12.1143   91.7004
 333.0575  8805.6080  239.5893 -999.9000   65.6629    0.4852   12.0515   91.6152
 325.6771  8962.4874  238.6220 -999.9000   65.0854    0.4338   12.3446   91.4555
 318.4095  9119.3668  237.4300 -999.9000   65.8731    0.3977   13.2625   91.4682
 311.2701  9276.2462  235.8035 -999.9000   60.7624    0.3338   13.4193   91.4746
 304.2599  9433.1256  234.2439 -999.9000   55.5748    0.2938   13.6428   91.4194
 297.3812  9590.0050  233.1727 -999.9000   50.7264    0.2688   14.1245   91.3896
 290.6045  9746.8844  231.9406 -999.9000   45.5142    0.2331   14.4534   91.3805
 283.9369  9903.7638  230.5594 -999.9000   45.8125    0.2031   14.8322   91.3479
 277.3870 10060.6432  229.0746 -999.9000   45.6634    0.1789   15.2234   91.3074
 270.9631 10217.5226  227.5259 -999.9000   45.6014    0.1538   15.4947   91.2950
 264.6694 10374.4020  225.9872 -999.9000   45.7126    0.1244   15.5560   91.3378
 258.4744 10531.2814  224.7653 -999.9000   45.2227    0.1097   15.7084   91.3756
 252.3757 10688.1608  223.7419 -999.9000   45.5418    0.1034   15.9808   91.3933
 246.3812 10845.0402  222.6880 -999.9000   40.2622    0.0916   16.2914   91.3978
 240.4896 11001.9196  221.4960 -999.9000   35.7057    0.0742   16.5873   91.3965
 234.6950 11158.7990  220.1610 -999.9000   35.9634    0.0604   16.8389   91.3968
 229.0082 11315.6784  218.7800 -999.9000   35.5108    0.0528   17.0404   91.3986
 223.4492 11472.5578  217.5010 -999.9000   34.9875    0.0500   17.1980   91.3982
 218.0236 11629.4372  216.3003 -999.9000   30.1433    0.0480   17.0300   91.4126
 212.6609 11786.3166  214.6293 -999.9000   25.6256    0.0350   15.3859   91.5070
 207.3913 11943.1960  213.7996 -999.9000   23.7940    0.0295   14.2455   91.4951
 202.2510 12100.0754  214.5059 -999.9000   18.0262    0.0410   13.9802   91.5711
 197.2536 12256.9548  215.9067 -999.9000    9.1100    0.0304   12.0204   92.1270
 192.4469 12413.8342  218.3008 -999.9000    2.6494    0.0062   12.5110   91.9985
 187.8076 12570.7136  218.1176 -999.9000    0.2374    0.0003   12.7931   91.9213
 183.2603 12727.5930  216.8816 -999.9000    0.2961    0.0003   12.5392   91.8946
 178.8033 12884.4724  216.4678 -999.9000    0.0000    0.0000   12.3429   91.8603
 174.4458 13041.3518  216.8701 -999.9000    0.0133    0.0000   12.5107   91.7991
 170.1876 13198.2312  217.0945 -999.9000    0.0000    0.0000   13.0686   91.6668
 166.0391 13355.1106  217.2619 -999.9000    0.0000    0.0000   13.7186   91.5392
 162.0101 13511.9899  216.8851 -999.9000    0.0002    0.0000   14.0453   91.4198
 158.0706 13668.8693  215.9004 -999.9000    0.0000    0.0000   13.6871   91.3880
 154.1974 13825.7487  215.0276 -999.9000    0.0000    0.0000   12.5477   91.4693
 150.4126 13982.6281  214.9621 -999.9000    0.0000    0.0000   10.6524   91.5650
 146.7292 14139.5075  215.8937 -999.9000    0.0000    0.0000   10.5892   91.5673
 143.1108 14296.3869  214.1209 -999.9000    0.0000    0.0000   10.5189   91.5696
 139.5597 14453.2663  216.5461 -999.9000    0.0000    0.0000   10.4930   91.5684
 136.1266 14610.1457  214.2207 -999.9000    0.0000    0.0000   10.4866   91.5540
 132.7619 14767.0251  213.3651 -999.9000    0.0000    0.0000   10.4816   91.5347
 129.4754 14923.9045  214.3820 -999.9000    0.0000    0.0000   10.4723   91.5197
 126.2897 15080.7839  215.5135 -999.9000    0.0000    0.0000   10.4503   91.5108
 123.1790 15237.6633  216.7714 -999.9000    0.0000    0.0000   10.4541   91.4644
 120.1481 15394.5427  217.2790 -999.9000    0.0000    0.0000   10.2977   91.3748
 117.2138 15551.4221  216.6726 -999.9000    0.0000    0.0000    9.9218   91.2661
 114.3435 15708.3015  216.6187 -999.9000    0.0000    0.0000    9.5840   91.1464
 111.5416 15865.1809  216.4179 -999.9000    0.0000    0.0000    8.9872   91.1933
 108.8149 16022.0603  217.7749 -999.9000    0.0000    0.0000    8.1574   91.4869
 106.1648 16178.9397  217.8732 -999.9000    0.0000    0.0000    7.6815   91.3484
 103.5767 16335.8191  217.5503 -999.9000    0.0000    0.0000    6.2377   91.9971
 101.0524 16492.6985  219.6379 -999.9000    0.0000    0.0000    1.7486   90.4089
  98.6148 16649.5779  218.2868 -999.9000    0.0000    0.0000    0.9636   90.4014
  96.2203 16806.4573  217.5849 -999.9000    0.0000    0.0000    0.1295   90.4014
  93.8688 16963.3367  216.9044 -999.9000    0.0000    0.0000    1.2065   90.4014
  91.5836 17120.2161  216.8162 -999.9000    0.0000    0.0000    2.0716   90.4014
  89.3567 17277.0955  216.8231 -999.9000    0.0000    0.0000    2.7058   90.4014
  87.1784 17433.9749  216.3766 -999.9000    0.0000    0.0000    3.4063   90.3927
  85.0453 17590.8543  215.5887 -999.9000    0.0000    0.0000    4.3400   90.0754
  82.9608 17747.7337  215.2823 -999.9000    0.0000    0.0000    5.5338   90.9865
  80.9282 17904.6131  215.9405 -999.9000    0.0000    0.0000    6.7046   90.6807
  78.9484 18061.4925  216.5937 -999.9000    0.0000    0.0000    6.6239   90.4907
  77.0217 18218.3719  217.2723 -999.9000    0.0000    0.0000    5.6946   90.6714
  75.1483 18375.2513  218.3336 -999.9000    0.0000    0.0000    4.7708   90.9237
  73.3271 18532.1307  219.4361 -999.9000    0.0000    0.0000    4.1826   91.0464
  71.5556 18689.0101  219.5600 -999.9000    0.0000    0.0000    3.7515   90.9336
  69.8260 18845.8894  218.4409 -999.9000    0.0000    0.0000    3.1707   91.0562
  68.1227 19002.7688  218.1451 -999.9000    0.0000    0.0000    2.0731   91.7656
  66.4601 19159.6482  218.4880 -999.9000    0.0000    0.0000    1.0890   89.5288
  64.8418 19316.5276  218.9632 -999.9000    0.0000    0.0000    0.8279   87.4851
  63.2670 19473.4070  219.3570 -999.9000    0.0000    0.0000    1.4196   87.9468
  61.7318 19630.2864  219.9077 -999.9000    0.0000    0.0000    2.0551   88.3028
  60.2355 19787.1658  220.1093 -999.9000    0.0000    0.0000    2.8471   88.5476
  58.7762 19944.0452  219.8014 -999.9000    0.0000    0.0000    3.7353   88.9105
  57.3501 20100.9246  219.4105 -999.9000    0.0000    0.0000    4.2150   89.0671
  55.9562 20257.8040  219.1308 -999.9000    0.0000    0.0000    4.1884   88.9446
  54.5968 20414.6834  218.8829 -999.9000    0.0000    0.0000    4.0201   88.7725
  53.2731 20571.5628  218.8188 -999.9000    0.0000    0.0000    3.8730   88.6461
  51.9860 20728.4422  219.2493 -999.9000    0.0000    0.0000    3.7634   88.5640
  50.7361 20885.3216  220.4882 -999.9000    0.0000    0.0000    3.7053   88.5228
  49.5229 21042.2010  222.2468 -999.9000    0.0000    0.0000    3.6817   88.5126
  48.3394 21199.0804  221.6154 -999.9000    0.0000    0.0000    4.0416   88.5757
  47.1874 21355.9598  221.6701 -999.9000    0.0000    0.0000    5.1831   88.7747
  46.0647 21512.8392  222.0488 -999.9000    0.0000    0.0000    6.2215   88.9472
  44.9691 21669.7186  222.2726 -999.9000    0.0000    0.0000    6.4244   88.9570
  43.8989 21826.5980  222.2786 -999.9000    0.0000    0.0000    6.0251   88.8369
  42.8525 21983.4774  222.1273 -999.9000    0.0000    0.0000    5.5403   88.6697
  41.8295 22140.3568  221.8669 -999.9000    0.0000    0.0000    5.2595   88.5214
  40.8309 22297.2362  221.5258 -999.9000    0.0000    0.0000    5.1210   88.4316
  39.8584 22454.1156  221.1332 -999.9000    0.0000    0.0000    5.0333   88.4374
  38.9104 22610.9950  221.5158 -999.9000    0.0000    0.0000    5.1449   88.5046
  37.9838 22767.8744  222.7670 -999.9000    0.0000    0.0000    5.5126   88.5579
  37.0791 22924.7538  223.4505 -999.9000    0.0000    0.0000    5.8054   88.6106
  36.1962 23081.6332  223.5354 -999.9000    0.0000    0.0000    6.0078   88.6649
  35.3349 23238.5126  223.2396 -999.9000    0.0000    0.0000    6.1598   88.7211
  34.4951 23395.3920  222.7805 -999.9000    0.0000    0.0000    6.3018   88.7793
  33.6765 23552.2714  222.3760 -999.9000    0.0000    0.0000    6.4738   88.8396
  32.8792 23709.1508  222.2438 -999.9000    0.0000    0.0000    6.7162   88.9021
  32.1025 23866.0302  222.5259 -999.9000    0.0000    0.0000    7.0420   88.9664
  31.3447 24022.9095  223.0847 -999.9000    0.0000    0.0000    7.3633   89.0294
  30.6036 24179.7889  223.7184 -999.9000    0.0000    0.0000    7.5696   89.0878
  29.8779 24336.6683  224.1994 -999.9000    0.0000    0.0000    7.5695   89.1301
  29.1715 24493.5477  224.2385 -999.9000    0.0000    0.0000    7.4682   89.0898
  28.4842 24650.4271  224.0837 -999.9000    0.0000    0.0000    7.3189   88.9796
  27.8138 24807.3065  224.1037 -999.9000    0.0000    0.0000    7.1363   88.8366
  27.1583 24964.1859  224.6654 -999.9000    0.0000    0.0000    6.9344   88.6979
  26.5173 25121.0653  225.8300 -999.9000    0.0000    0.0000    6.7336   88.5852
  25.8939 25277.9447  227.0095 -999.9000    0.0000    0.0000    6.5684   88.4883
  25.2914 25434.8241  227.5329 -999.9000    0.0000    0.0000    6.4750   88.3927
  24.7096 25591.7035  227.0340 -999.9000    0.0000    0.0000    6.5345   88.3136
  24.1354 25748.5829  226.4982 -999.9000    0.0000    0.0000    6.9075   88.3442
  23.5706 25905.4623  226.2582 -999.9000    0.0000    0.0000    7.4957   88.4419
  23.0189 26062.3417  226.5232 -999.9000    0.0000    0.0000    8.1740   88.5480
  22.4826 26219.2211  227.3587 -999.9000    0.0000    0.0000    8.8414   88.6216
  21.9608 26376.1005  228.4584 -999.9000    0.0000    0.0000    9.4591   88.6692
  21.4521 26532.9799  229.4576 -999.9000    0.0000    0.0000    9.9984   88.7041
  20.9548 26689.8593  229.9914 -999.9000    0.0000    0.0000   10.4305   88.7401
  20.4676 26846.7387  229.6947 -999.9000    0.0000    0.0000   10.7267   88.7908
  19.9891 27003.6181  228.2380 -999.9000    0.0000    0.0000   10.8513   88.8671
  19.5243 27160.4975  227.3427 -999.9000    0.0000    0.0000   10.4421   88.8331
  19.0752 27317.3769  227.7960 -999.9000    0.0000    0.0000    9.5709   88.6652
  18.6391 27474.2563  229.0174 -999.9000    0.0000    0.0000    8.6317   88.4541
  18.2135 27631.1357  230.4268 -999.9000    0.0000    0.0000    8.0187   88.2905
  17.7959 27788.0151  231.4527 -999.9000    0.0000    0.0000    8.1030   88.2601
  17.3864 27944.8945  231.7481 -999.9000    0.0000    0.0000    8.7054   88.3267
  16.9866 28101.7739  231.3391 -999.9000    0.0000    0.0000    9.3443   88.3867
  16.5963 28258.6533  230.5222 -999.9000    0.0000    0.0000    9.9847   88.4341
  16.2153 28415.5327  229.6214 -999.9000    0.0000    0.0000   10.6406   88.4734
  15.8432 28572.4121  228.9604 -999.9000    0.0000    0.0000   11.3263   88.5095
  15.4798 28729.2915  228.8569 -999.9000    0.0000    0.0000   12.0538   88.5468
  15.1246 28886.1709  229.2722 -999.9000    0.0000    0.0000   12.7206   88.5881
  14.7769 29043.0503  229.6494 -999.9000    0.0000    0.0000   13.0625   88.6333
  14.4368 29199.9296  229.8243 -999.9000    0.0000    0.0000   13.0142   88.6841
  14.1043 29356.8090  229.9347 -999.9000    0.0000    0.0000   12.6568   88.7433
  13.7798 29513.6884  230.1237 -999.9000    0.0000    0.0000   12.0746   88.8140
  13.4633 29670.5678  230.5349 -999.9000    0.0000    0.0000   11.3514   88.8992
  13.1552 29827.4472  231.3114 -999.9000    0.0000    0.0000   10.5712   89.0018
  12.8555 29984.3266  232.5400 -999.9000    0.0000    0.0000    9.8161   89.1215
  12.5638 30141.2060  233.9080 -999.9000    0.0000    0.0000    9.1538   89.2343
  12.2794 30298.0854  234.9336 -999.9000    0.0000    0.0000    8.6459   89.3059
  12.0018 30454.9648  235.1342 -999.9000    0.0000    0.0000    8.3541   89.3022
  11.7304 30611.8442  234.2817 -999.9000    0.0000    0.0000    8.2991   89.2026
  11.4650 30768.7236  233.1877 -999.9000    0.0000    0.0000    8.3352   89.0420
  11.2056 30925.6030  232.9288 -999.9000    0.0000    0.0000    8.2745   88.8691
  10.9522 31082.4824  234.1567 -999.9000    0.0000    0.0000    7.9963   88.7216
  10.7056 31239.3618  235.7113 -999.9000    0.0000    0.0000    7.6696   88.5894
  10.4661 31396.2412  236.2743 -999.9000    0.0000    0.0000    7.4909   88.4534
  10.2318 31553.1206  235.9257 -999.9000    0.0000    0.0000    7.4455   88.3118
  10.0000 31710.0000  235.1203 -999.9000    0.0000    0.0000    7.4619   88.1674
