# 06610 LSMP Payerne Observations at 12Z 30 Jul 2008
# Radiosonde file generated by raso.rb
#
  P [hPa],     Z [m],    T [K],   Td [K],   RH [%], r [g/kg], WS [m/s], WD [deg]
 962.0000   491.0000  298.2091 -999.9000   66.2411   13.6900    2.0391   93.0543
 944.6891   647.8794  296.1721 -999.9000   67.8080   12.6302    4.4711   92.6754
 927.6873   804.7588  294.8023 -999.9000   79.5629   13.9071    2.0766   92.9144
 911.0964   961.6382  293.5286 -999.9000   80.0275   14.4362    0.2784   92.0428
 894.7070  1118.5176  292.6069 -999.9000   80.0315   14.3064    1.2067   90.9797
 878.5406  1275.3970  292.3219 -999.9000   80.0998   13.3485    2.1654   90.6229
 862.6769  1432.2764  290.9494 -999.9000   81.0141   13.5129    2.3750   90.4248
 846.9845  1589.1558  289.7086 -999.9000   80.3328   13.9027    3.9630   90.3491
 831.5533  1746.0352  289.3579 -999.9000   80.8082   13.2228    4.8324   90.3950
 816.3570  1902.9146  288.0360 -999.9000   80.6924   11.9693    5.9265   90.4496
 801.3249  2059.7940  286.4345 -999.9000   80.4071   11.5640    6.5408   90.4939
 786.5365  2216.6734  285.0659 -999.9000   80.2460   10.4184    7.2818   90.5367
 771.9169  2373.5528  283.8176 -999.9000   80.6256    8.7627    8.4675   90.5644
 757.5041  2530.4322  282.7429 -999.9000   80.4836    8.5006    8.9945   90.6155
 743.3854  2687.3116  282.1515 -999.9000   77.8291    7.5803    7.8811   90.6080
 729.2940  2844.1910  281.0610 -999.9000   60.4213    5.5688    7.6331   90.6173
 715.5826  3001.0704  279.9978 -999.9000   50.1496    4.3807    9.2084   90.6971
 702.0616  3157.9497  278.7989 -999.9000   51.6256    4.2344   10.4851   90.7782
 688.7126  3314.8291  277.3068 -999.9000   58.9406    4.4448   10.5689   90.8007
 675.5482  3471.7085  275.6659 -999.9000   68.2289    4.6752   10.8124   90.8205
 662.5494  3628.5879  274.1764 -999.9000   74.1628    4.6607   11.4124   90.8487
 649.7305  3785.4673  273.1546 -999.9000   67.2805    4.0055   11.7009   90.8627
 637.1240  3942.3467  272.2896 -999.9000   55.1434    3.1437   11.0152   90.9118
 624.7467  4099.2261  271.2636 -999.9000   50.1632    2.7055    9.4628   91.0167
 612.5275  4256.1055  270.1928 -999.9000   50.0909    2.5464    9.0263   91.0465
 600.5160  4412.9849  269.5752 -999.9000   38.2033    1.8919    9.3035   91.0390
 588.7253  4569.8643  268.9711 -999.9000   22.7569    1.0986    9.4857   91.0433
 577.1128  4726.7437  267.6703 -999.9000   18.1616    0.8108    9.5354   91.0483
 565.6299  4883.6231  266.8282 -999.9000   17.0290    0.7276    9.4982   91.0538
 554.4053  5040.5025  266.2621 -999.9000   13.4941    0.5634    8.8109   91.1400
 543.3471  5197.3819  265.5844 -999.9000   12.8344    0.5190    8.0351   91.2153
 532.4739  5354.2613  264.5585 -999.9000   22.1934    0.8459    8.4444   91.2112
 521.8251  5511.1407  263.5122 -999.9000   24.0388    0.8613    9.2046   91.1806
 511.3144  5668.0201  262.7247 -999.9000   14.0941    0.4842    9.8909   91.1583
 500.9731  5824.8995  261.3880 -999.9000   12.9789    0.4090   10.5989   91.1344
 490.8286  5981.7789  259.7823 -999.9000   18.4090    0.5200   10.7606   91.1143
 480.7236  6138.6583  258.6757 -999.9000   29.2436    0.7703   11.1019   91.0832
 470.8214  6295.5377  257.3957 -999.9000   31.5090    0.7621   11.2072   91.0728
 461.0900  6452.4171  255.9771 -999.9000   30.8434    0.6762   10.9368   90.9894
 451.4963  6609.2965  254.6854 -999.9000   32.0184    0.6422    9.9365   90.8335
 442.0676  6766.1759  253.6192 -999.9000   32.5940    0.6091    9.0538   90.7116
 432.8253  6923.0553  252.6632 -999.9000   32.3116    0.5674    9.9715   90.6964
 423.7241  7079.9347  251.2623 -999.9000   36.0172    0.5712   10.8605   90.7318
 414.7432  7236.8141  249.5627 -999.9000   41.2419    0.5742   10.6662   90.7585
 405.9174  7393.6935  248.5725 -999.9000   31.8309    0.4138   10.9016   90.7794
 397.1974  7550.5729  247.2899 -999.9000   27.2471    0.3219   11.1749   90.7881
 388.6475  7707.4523  245.9009 -999.9000   31.1705    0.3308   11.3238   90.8405
 380.2876  7864.3317  244.8886 -999.9000   34.8206    0.3433   11.5617   90.9010
 372.0784  8021.2111  244.0748 -999.9000   39.0907    0.3645   11.7143   90.8924
 363.9826  8178.0905  243.2850 -999.9000   45.2163    0.3994   11.6273   90.7526
 356.0087  8334.9698  242.4353 -999.9000   54.4553    0.4529   11.6114   90.7678
 348.2042  8491.8492  241.5444 -999.9000   60.5812    0.5188   12.2138   91.3797
 340.5609  8648.7286  240.6954 -999.9000   64.9747    0.5272   12.4473   91.7004
 333.0575  8805.6080  239.8378 -999.9000   65.5861    0.4852   12.3896   91.6152
 325.6771  8962.4874  238.8713 -999.9000   65.0160    0.4338   12.6869   91.4555
 318.4095  9119.3668  237.6797 -999.9000   65.8098    0.3977   13.6078   91.4682
 311.2701  9276.2462  236.0533 -999.9000   60.7100    0.3338   13.7666   91.4746
 304.2599  9433.1256  234.4939 -999.9000   55.5323    0.2938   13.9905   91.4194
 297.3812  9590.0050  233.4230 -999.9000   50.6921    0.2688   14.4712   91.3896
 290.6045  9746.8844  232.1918 -999.9000   45.4871    0.2331   14.7974   91.3805
 283.9369  9903.7638  230.8121 -999.9000   45.7884    0.2031   15.1717   91.3479
 277.3870 10060.6432  229.3298 -999.9000   45.6419    0.1789   15.5565   91.3074
 270.9631 10217.5226  227.7846 -999.9000   45.5819    0.1538   15.8193   91.2950
 264.6694 10374.4020  226.2509 -999.9000   45.6942    0.1244   15.8699   91.3378
 258.4744 10531.2814  225.0355 -999.9000   45.2048    0.1097   16.0093   91.3756
 252.3757 10688.1608  224.0205 -999.9000   45.5230    0.1034   16.2661   91.3933
 246.3812 10845.0402  222.9770 -999.9000   40.2441    0.0916   16.5586   91.3978
 240.4896 11001.9196  221.7977 -999.9000   35.6875    0.0742   16.8336   91.3965
 234.6950 11158.7990  220.4775 -999.9000   35.9420    0.0604   17.0617   91.3968
 229.0082 11315.6784  219.1129 -999.9000   35.4860    0.0528   17.2374   91.3986
 223.4492 11472.5578  217.8516 -999.9000   34.9588    0.0500   17.3673   91.3982
 218.0236 11629.4372  216.6696 -999.9000   30.1144    0.0480   17.1700   91.4126
 212.6609 11786.3166  215.0177 -999.9000   25.5973    0.0350   15.4953   91.5070
 207.3913 11943.1960  214.2072 -999.9000   23.7640    0.0295   14.3233   91.4951
 202.2510 12100.0754  214.9325 -999.9000   18.0006    0.0410   14.0259   91.5711
 197.2536 12256.9548  216.3515 -999.9000    9.0956    0.0304   12.0336   92.1270
 192.4469 12413.8342  218.7628 -999.9000    2.6447    0.0062   12.4918   91.9985
 187.8076 12570.7136  218.5953 -999.9000    0.2369    0.0003   12.7419   91.9213
 183.2603 12727.5930  217.3732 -999.9000    0.2955    0.0003   12.4566   91.8946
 178.8033 12884.4724  216.9709 -999.9000    0.0000    0.0000   12.2299   91.8603
 174.4458 13041.3518  217.3821 -999.9000    0.0133    0.0000   12.3687   91.7991
 170.1876 13198.2312  217.6123 -999.9000    0.0000    0.0000   12.8993   91.6668
 166.0391 13355.1106  217.7820 -999.9000    0.0000    0.0000   13.5240   91.5392
 162.0101 13511.9899  217.4037 -999.9000    0.0002    0.0000   13.8278   91.4198
 158.0706 13668.8693  216.4132 -999.9000    0.0000    0.0000   13.4493   91.3880
 154.1974 13825.7487  215.5299 -999.9000    0.0000    0.0000   12.2926   91.4693
 150.4126 13982.6281  215.4490 -999.9000    0.0000    0.0000   10.3833   91.5650
 146.7292 14139.5075  216.3596 -999.9000    0.0000    0.0000   10.3098   91.5673
 143.1108 14296.3869  214.5600 -999.9000    0.0000    0.0000   10.2331   91.5696
 139.5597 14453.2663  216.9523 -999.9000    0.0000    0.0000   10.2052   91.5684
 136.1266 14610.1457  214.5879 -999.9000    0.0000    0.0000   10.2010   91.5540
 132.7619 14767.0251  213.6879 -999.9000    0.0000    0.0000   10.2021   91.5347
 129.4754 14923.9045  214.6558 -999.9000    0.0000    0.0000   10.2026   91.5197
 126.2897 15080.7839  215.7344 -999.9000    0.0000    0.0000   10.1934   91.5108
 123.1790 15237.6633  216.9362 -999.9000    0.0000    0.0000   10.2130   91.4644
 120.1481 15394.5427  217.3851 -999.9000    0.0000    0.0000   10.0748   91.3748
 117.2138 15551.4221  216.7183 -999.9000    0.0000    0.0000    9.7192   91.2661
 114.3435 15708.3015  216.6027 -999.9000    0.0000    0.0000    9.4037   91.1464
 111.5416 15865.1809  216.3399 -999.9000    0.0000    0.0000    8.8304   91.1933
 108.8149 16022.0603  217.6351 -999.9000    0.0000    0.0000    8.0254   91.4869
 106.1648 16178.9397  217.6725 -999.9000    0.0000    0.0000    7.5748   91.3484
 103.5767 16335.8191  217.2904 -999.9000    0.0000    0.0000    6.1569   91.9971
 101.0524 16492.6985  219.3212 -999.9000    0.0000    0.0000    1.6935   90.4089
  98.6148 16649.5779  217.9162 -999.9000    0.0000    0.0000    0.9341   90.4014
  96.2203 16806.4573  217.1643 -999.9000    0.0000    0.0000    0.1247   90.4014
  93.8688 16963.3367  216.4384 -999.9000    0.0000    0.0000    1.2255   90.4014
  91.5836 17120.2161  216.3097 -999.9000    0.0000    0.0000    2.1130   90.4014
  89.3567 17277.0955  216.2821 -999.9000    0.0000    0.0000    2.7678   90.4014
  87.1784 17433.9749  215.8076 -999.9000    0.0000    0.0000    3.4868   90.3927
  85.0453 17590.8543  214.9989 -999.9000    0.0000    0.0000    4.4366   90.0754
  82.9608 17747.7337  214.6797 -999.9000    0.0000    0.0000    5.6437   90.9865
  80.9282 17904.6131  215.3338 -999.9000    0.0000    0.0000    6.8247   90.6807
  78.9484 18061.4925  215.9915 -999.9000    0.0000    0.0000    6.7508   90.4907
  77.0217 18218.3719  216.6826 -999.9000    0.0000    0.0000    5.8254   90.6714
  75.1483 18375.2513  217.7636 -999.9000    0.0000    0.0000    4.9028   90.9237
  73.3271 18532.1307  218.8924 -999.9000    0.0000    0.0000    4.3132   91.0464
  71.5556 18689.0101  219.0484 -999.9000    0.0000    0.0000    3.8786   90.9336
  69.8260 18845.8894  217.9664 -999.9000    0.0000    0.0000    3.2923   91.0562
  68.1227 19002.7688  217.7121 -999.9000    0.0000    0.0000    2.1874   91.7656
  66.4601 19159.6482  218.1000 -999.9000    0.0000    0.0000    1.1944   89.5288
  64.8418 19316.5276  218.6231 -999.9000    0.0000    0.0000    0.9233   87.4851
  63.2670 19473.4070  219.0670 -999.9000    0.0000    0.0000    1.5039   87.9468
  61.7318 19630.2864  219.6692 -999.9000    0.0000    0.0000    2.1276   88.3028
  60.2355 19787.1658  219.9228 -999.9000    0.0000    0.0000    2.9072   88.5476
  58.7762 19944.0452  219.6670 -999.9000    0.0000    0.0000    3.7829   88.9105
  57.3501 20100.9246  219.3275 -999.9000    0.0000    0.0000    4.2500   89.0671
  55.9562 20257.8040  219.0976 -999.9000    0.0000    0.0000    4.2110   88.9446
  54.5968 20414.6834  218.8972 -999.9000    0.0000    0.0000    4.0309   88.7725
  53.2731 20571.5628  218.8776 -999.9000    0.0000    0.0000    3.8727   88.6461
  51.9860 20728.4422  219.3490 -999.9000    0.0000    0.0000    3.7530   88.5640
  50.7361 20885.3216  220.6243 -999.9000    0.0000    0.0000    3.6861   88.5228
  49.5229 21042.2010  222.4141 -999.9000    0.0000    0.0000    3.6551   88.5126
  48.3394 21199.0804  221.8081 -999.9000    0.0000    0.0000    4.0093   88.5757
  47.1874 21355.9598  221.8815 -999.9000    0.0000    0.0000    5.1472   88.7747
  46.0647 21512.8392  222.2720 -999.9000    0.0000    0.0000    6.1839   88.9472
  44.9691 21669.7186  222.5014 -999.9000    0.0000    0.0000    6.3872   88.9570
  43.8989 21826.5980  222.5070 -999.9000    0.0000    0.0000    5.9898   88.8369
  42.8525 21983.4774  222.3501 -999.9000    0.0000    0.0000    5.5084   88.6697
  41.8295 22140.3568  222.0793 -999.9000    0.0000    0.0000    5.2324   88.5214
  40.8309 22297.2362  221.7236 -999.9000    0.0000    0.0000    5.0996   88.4316
  39.8584 22454.1156  221.3129 -999.9000    0.0000    0.0000    5.0186   88.4374
  38.9104 22610.9950  221.6744 -999.9000    0.0000    0.0000    5.1375   88.5046
  37.9838 22767.8744  222.9019 -999.9000    0.0000    0.0000    5.5129   88.5579
  37.0791 22924.7538  223.5598 -999.9000    0.0000    0.0000    5.8137   88.6106
  36.1962 23081.6332  223.6177 -999.9000    0.0000    0.0000    6.0241   88.6649
  35.3349 23238.5126  223.2940 -999.9000    0.0000    0.0000    6.1840   88.7211
  34.4951 23395.3920  222.8068 -999.9000    0.0000    0.0000    6.3335   88.7793
  33.6765 23552.2714  222.3745 -999.9000    0.0000    0.0000    6.5125   88.8396
  32.8792 23709.1508  222.2152 -999.9000    0.0000    0.0000    6.7611   88.9021
  32.1025 23866.0302  222.4716 -999.9000    0.0000    0.0000    7.0920   88.9664
  31.3447 24022.9095  223.0068 -999.9000    0.0000    0.0000    7.4174   89.0294
  30.6036 24179.7889  223.6192 -999.9000    0.0000    0.0000    7.6263   89.0878
  29.8779 24336.6683  224.0821 -999.9000    0.0000    0.0000    7.6273   89.1301
  29.1715 24493.5477  224.1066 -999.9000    0.0000    0.0000    7.5253   89.0898
  28.4842 24650.4271  223.9413 -999.9000    0.0000    0.0000    7.3732   88.9796
  27.8138 24807.3065  223.9556 -999.9000    0.0000    0.0000    7.1856   88.8366
  27.1583 24964.1859  224.5166 -999.9000    0.0000    0.0000    6.9765   88.6979
  26.5173 25121.0653  225.6852 -999.9000    0.0000    0.0000    6.7663   88.5852
  25.8939 25277.9447  226.8730 -999.9000    0.0000    0.0000    6.5895   88.4883
  25.2914 25434.8241  227.4090 -999.9000    0.0000    0.0000    6.4827   88.3927
  24.7096 25591.7035  226.9264 -999.9000    0.0000    0.0000    6.5269   88.3136
  24.1354 25748.5829  226.4102 -999.9000    0.0000    0.0000    6.8828   88.3442
  23.5706 25905.4623  226.1930 -999.9000    0.0000    0.0000    7.4525   88.4419
  23.0189 26062.3417  226.4837 -999.9000    0.0000    0.0000    8.1108   88.5480
  22.4826 26219.2211  227.3472 -999.9000    0.0000    0.0000    8.7568   88.6216
  21.9608 26376.1005  228.4771 -999.9000    0.0000    0.0000    9.3519   88.6692
  21.4521 26532.9799  229.5083 -999.9000    0.0000    0.0000    9.8675   88.7041
  20.9548 26689.8593  230.0756 -999.9000    0.0000    0.0000   10.2750   88.7401
  20.4676 26846.7387  229.8136 -999.9000    0.0000    0.0000   10.5457   88.7908
  19.9891 27003.6181  228.3923 -999.9000    0.0000    0.0000   10.6442   88.8671
  19.5243 27160.4975  227.5330 -999.9000    0.0000    0.0000   10.2083   88.8331
  19.0752 27317.3769  228.0225 -999.9000    0.0000    0.0000    9.3099   88.6652
  18.6391 27474.2563  229.2800 -999.9000    0.0000    0.0000    8.3432   88.4541
  18.2135 27631.1357  230.7249 -999.9000    0.0000    0.0000    7.7025   88.2905
  17.7959 27788.0151  231.7856 -999.9000    0.0000    0.0000    7.7590   88.2601
  17.3864 27944.8945  232.1147 -999.9000    0.0000    0.0000    8.3337   88.3267
  16.9866 28101.7739  231.7379 -999.9000    0.0000    0.0000    8.9450   88.3867
  16.5963 28258.6533  230.9515 -999.9000    0.0000    0.0000    9.5582   88.4341
  16.2153 28415.5327  230.0791 -999.9000    0.0000    0.0000   10.1872   88.4734
  15.8432 28572.4121  229.4440 -999.9000    0.0000    0.0000   10.8466   88.5095
  15.4798 28729.2915  229.3638 -999.9000    0.0000    0.0000   11.5485   88.5468
  15.1246 28886.1709  229.7992 -999.9000    0.0000    0.0000   12.1905   88.5881
  14.7769 29043.0503  230.1931 -999.9000    0.0000    0.0000   12.5084   88.6333
  14.4368 29199.9296  230.3811 -999.9000    0.0000    0.0000   12.4373   88.6841
  14.1043 29356.8090  230.5004 -999.9000    0.0000    0.0000   12.0583   88.7433
  13.7798 29513.6884  230.6941 -999.9000    0.0000    0.0000   11.4557   88.8140
  13.4633 29670.5678  231.1051 -999.9000    0.0000    0.0000   10.7135   88.8992
  13.1552 29827.4472  231.8766 -999.9000    0.0000    0.0000    9.9160   89.0018
  12.8555 29984.3266  233.0948 -999.9000    0.0000    0.0000    9.1451   89.1215
  12.5638 30141.2060  234.4467 -999.9000    0.0000    0.0000    8.4689   89.2343
  12.2794 30298.0854  235.4502 -999.9000    0.0000    0.0000    7.9490   89.3059
  12.0018 30454.9648  235.6223 -999.9000    0.0000    0.0000    7.6472   89.3022
  11.7304 30611.8442  234.7347 -999.9000    0.0000    0.0000    7.5845   89.2026
  11.4650 30768.7236  233.5987 -999.9000    0.0000    0.0000    7.6151   89.0420
  11.2056 30925.6030  233.2905 -999.9000    0.0000    0.0000    7.5513   88.8691
  10.9522 31082.4824  234.4615 -999.9000    0.0000    0.0000    7.2727   88.7216
  10.7056 31239.3618  235.9511 -999.9000    0.0000    0.0000    6.9481   88.5894
  10.4661 31396.2412  236.4409 -999.9000    0.0000    0.0000    6.7744   88.4534
  10.2318 31553.1206  236.0106 -999.9000    0.0000    0.0000    6.7369   88.3118
  10.0000 31710.0000  235.1145 -999.9000    0.0000    0.0000    6.7643   88.1674
