# 06610 LSMP Payerne Observations at 12Z 30 Jul 2008
# Radiosonde file generated by raso.rb
#
  P [hPa],     Z [m],    T [K],   Td [K],   RH [%], r [g/kg], WS [m/s], WD [deg]
 962.0000   491.0000  298.0814 -999.9000   66.2657   13.6900    1.9478   93.0543
 944.6891   647.8794  296.0361 -999.9000   67.8339   12.6302    4.3645   92.6754
 927.6873   804.7588  294.6589 -999.9000   79.5942   13.9071    1.9578   92.9144
 911.0964   961.6382  293.3785 -999.9000   80.0602   14.4362    0.1506   92.0428
 894.7070  1118.5176  292.4509 -999.9000   80.0655   14.3064    1.0726   90.9797
 878.5406  1275.3970  292.1608 -999.9000   80.1355   13.3485    2.0280   90.6229
 862.6769  1432.2764  290.7838 -999.9000   81.0519   13.5129    2.2368   90.4248
 846.9845  1589.1558  289.5393 -999.9000   80.3723   13.9027    3.8266   90.3491
 831.5533  1746.0352  289.1855 -999.9000   80.8500   13.2228    4.7002   90.3950
 816.3570  1902.9146  287.8611 -999.9000   80.7363   11.9693    5.8008   90.4496
 801.3249  2059.7940  286.2577 -999.9000   80.4531   11.5640    6.4238   90.4939
 786.5365  2216.6734  284.8877 -999.9000   80.2942   10.4184    7.1754   90.5367
 771.9169  2373.5528  283.6386 -999.9000   80.6765    8.7627    8.3738   90.5644
 757.5041  2530.4322  282.5635 -999.9000   80.5369    8.5006    8.9150   90.6155
 743.3854  2687.3116  281.9722 -999.9000   77.8831    7.5803    7.8177   90.6080
 729.2940  2844.1910  280.8823 -999.9000   60.4651    5.5688    7.5873   90.6173
 715.5826  3001.0704  279.8200 -999.9000   50.1875    4.3807    9.1815   90.6971
 702.0616  3157.9497  278.6224 -999.9000   51.6663    4.2344   10.4784   90.7782
 688.7126  3314.8291  277.1319 -999.9000   58.9889    4.4448   10.5835   90.8007
 675.5482  3471.7085  275.4929 -999.9000   68.2870    4.6752   10.8495   90.8205
 662.5494  3628.5879  274.0055 -999.9000   74.2281    4.6607   11.4728   90.8487
 649.7305  3785.4673  272.9861 -999.9000   67.3418    4.0055   11.7854   90.8627
 637.1240  3942.3467  272.1237 -999.9000   55.1952    3.1437   11.1243   90.9118
 624.7467  4099.2261  271.1004 -999.9000   50.2116    2.7055    9.5971   91.0167
 612.5275  4256.1055  270.0325 -999.9000   50.1405    2.5464    9.1863   91.0465
 600.5160  4412.9849  269.4179 -999.9000   38.2421    1.8919    9.4894   91.0390
 588.7253  4569.8643  268.8168 -999.9000   22.7805    1.0986    9.6976   91.0433
 577.1128  4726.7437  267.5190 -999.9000   18.1807    0.8108    9.7734   91.0483
 565.6299  4883.6231  266.6801 -999.9000   17.0473    0.7276    9.7622   91.0538
 554.4053  5040.5025  266.1170 -999.9000   13.5088    0.5634    9.1005   91.1400
 543.3471  5197.3819  265.4423 -999.9000   12.8485    0.5190    8.3500   91.2153
 532.4739  5354.2613  264.4193 -999.9000   22.2180    0.8459    8.7842   91.2112
 521.8251  5511.1407  263.3758 -999.9000   24.0656    0.8613    9.5686   91.1806
 511.3144  5668.0201  262.5908 -999.9000   14.1098    0.4842   10.2784   91.1583
 500.9731  5824.8995  261.2566 -999.9000   12.9934    0.4090   11.0090   91.1344
 490.8286  5981.7789  259.6531 -999.9000   18.4295    0.5200   11.1923   91.1143
 480.7236  6138.6583  258.5484 -999.9000   29.2759    0.7703   11.5542   91.0832
 470.8214  6295.5377  257.2701 -999.9000   31.5434    0.7621   11.6788   91.0728
 461.0900  6452.4171  255.8529 -999.9000   30.8766    0.6762   11.4262   90.9894
 451.4963  6609.2965  254.5622 -999.9000   32.0522    0.6422   10.4423   90.8335
 442.0676  6766.1759  253.4966 -999.9000   32.6275    0.6091    9.5744   90.7116
 432.8253  6923.0553  252.5408 -999.9000   32.3438    0.5674   10.5051   90.6964
 423.7241  7079.9347  251.1396 -999.9000   36.0518    0.5712   11.4053   90.7318
 414.7432  7236.8141  249.4393 -999.9000   41.2798    0.5742   11.2202   90.7585
 405.9174  7393.6935  248.4478 -999.9000   31.8587    0.4138   11.4625   90.7794
 397.1974  7550.5729  247.1635 -999.9000   27.2695    0.3219   11.7406   90.7881
 388.6475  7707.4523  245.7721 -999.9000   31.1942    0.3308   11.8920   90.8405
 380.2876  7864.3317  244.7568 -999.9000   34.8450    0.3433   12.1303   90.9010
 372.0784  8021.2111  243.9394 -999.9000   39.1155    0.3645   12.2811   90.8924
 363.9826  8178.0905  243.1452 -999.9000   45.2420    0.3994   12.1902   90.7526
 356.0087  8334.9698  242.2904 -999.9000   54.4825    0.4529   12.1686   90.7678
 348.2042  8491.8492  241.3937 -999.9000   60.6073    0.5188   12.7631   91.3797
 340.5609  8648.7286  240.5380 -999.9000   64.9984    0.5272   12.9868   91.7004
 333.0575  8805.6080  239.6728 -999.9000   65.6056    0.4852   12.9176   91.6152
 325.6771  8962.4874  238.6978 -999.9000   65.0312    0.4338   13.2015   91.4555
 318.4095  9119.3668  237.4968 -999.9000   65.8212    0.3977   14.1074   91.4682
 311.2701  9276.2462  235.8600 -999.9000   60.7172    0.3338   14.2494   91.4746
 304.2599  9433.1256  234.2892 -999.9000   55.5360    0.2938   14.4549   91.4194
 297.3812  9590.0050  233.2059 -999.9000   50.6932    0.2688   14.9157   91.3896
 290.6045  9746.8844  231.9610 -999.9000   45.4865    0.2331   15.2204   91.3805
 283.9369  9903.7638  230.5666 -999.9000   45.7864    0.2031   15.5718   91.3479
 277.3870 10060.6432  229.0684 -999.9000   45.6391    0.1789   15.9323   91.3074
 270.9631 10217.5226  227.5061 -999.9000   45.5786    0.1538   16.1694   91.2950
 264.6694 10374.4020  225.9539 -999.9000   45.6910    0.1244   16.1931   91.3378
 258.4744 10531.2814  224.7188 -999.9000   45.2022    0.1097   16.3043   91.3756
 252.3757 10688.1608  223.6828 -999.9000   45.5217    0.1034   16.5318   91.3933
 246.3812 10845.0402  222.6168 -999.9000   40.2446    0.0916   16.7938   91.3978
 240.4896 11001.9196  221.4135 -999.9000   35.6899    0.0742   17.0373   91.3965
 234.6950 11158.7990  220.0682 -999.9000   35.9469    0.0604   17.2330   91.3968
 229.0082 11315.6784  218.6777 -999.9000   35.4937    0.0528   17.3756   91.3986
 223.4492 11472.5578  217.3898 -999.9000   34.9696    0.0500   17.4720   91.3982
 218.0236 11629.4372  216.1809 -999.9000   30.1267    0.0480   17.2409   91.4126
 212.6609 11786.3166  214.5023 -999.9000   25.6104    0.0350   15.5324   91.5070
 207.3913 11943.1960  213.6653 -999.9000   23.7788    0.0295   14.3270   91.4951
 202.2510 12100.0754  214.3649 -999.9000   18.0138    0.0410   13.9964   91.5711
 197.2536 12256.9548  215.7592 -999.9000    9.1033    0.0304   11.9717   92.1270
 192.4469 12413.8342  218.1472 -999.9000    2.6473    0.0062   12.3984   91.9985
 187.8076 12570.7136  217.9580 -999.9000    0.2372    0.0003   12.6180   91.9213
 183.2603 12727.5930  216.7163 -999.9000    0.2958    0.0003   12.3036   91.8946
 178.8033 12884.4724  216.2966 -999.9000    0.0000    0.0000   12.0494   91.8603
 174.4458 13041.3518  216.6931 -999.9000    0.0133    0.0000   12.1624   91.7991
 170.1876 13198.2312  216.9116 -999.9000    0.0000    0.0000   12.6692   91.6668
 166.0391 13355.1106  217.0728 -999.9000    0.0000    0.0000   13.2724   91.5392
 162.0101 13511.9899  216.6896 -999.9000    0.0002    0.0000   13.5570   91.4198
 158.0706 13668.8693  215.6982 -999.9000    0.0000    0.0000   13.1621   91.3880
 154.1974 13825.7487  214.8182 -999.9000    0.0000    0.0000   11.9918   91.4693
 150.4126 13982.6281  214.7452 -999.9000    0.0000    0.0000   10.0721   91.5650
 146.7292 14139.5075  215.6686 -999.9000    0.0000    0.0000    9.9914   91.5673
 143.1108 14296.3869  213.8870 -999.9000    0.0000    0.0000    9.9112   91.5696
 139.5597 14453.2663  216.3028 -999.9000    0.0000    0.0000    9.8835   91.5684
 136.1266 14610.1457  213.9672 -999.9000    0.0000    0.0000    9.8832   91.5540
 132.7619 14767.0251  213.1008 -999.9000    0.0000    0.0000    9.8915   91.5347
 129.4754 14923.9045  214.1064 -999.9000    0.0000    0.0000    9.9022   91.5197
 126.2897 15080.7839  215.2261 -999.9000    0.0000    0.0000    9.9060   91.5108
 123.1790 15237.6633  216.4719 -999.9000    0.0000    0.0000    9.9408   91.4644
 120.1481 15394.5427  216.9669 -999.9000    0.0000    0.0000    9.8200   91.3748
 117.2138 15551.4221  216.3479 -999.9000    0.0000    0.0000    9.4833   91.2661
 114.3435 15708.3015  216.2811 -999.9000    0.0000    0.0000    9.1880   91.1464
 111.5416 15865.1809  216.0674 -999.9000    0.0000    0.0000    8.6360   91.1933
 108.8149 16022.0603  217.4115 -999.9000    0.0000    0.0000    7.8529   91.4869
 106.1648 16178.9397  217.4970 -999.9000    0.0000    0.0000    7.4247   91.3484
 103.5767 16335.8191  217.1614 -999.9000    0.0000    0.0000    6.0290   91.9971
 101.0524 16492.6985  219.2366 -999.9000    0.0000    0.0000    1.5876   90.4089
  98.6148 16649.5779  217.8733 -999.9000    0.0000    0.0000    0.8493   90.4014
  96.2203 16806.4573  217.1597 -999.9000    0.0000    0.0000    0.0602   90.4014
  93.8688 16963.3367  216.4680 -999.9000    0.0000    0.0000    1.1798   90.4014
  91.5836 17120.2161  216.3690 -999.9000    0.0000    0.0000    2.0845   90.4014
  89.3567 17277.0955  216.3658 -999.9000    0.0000    0.0000    2.7544   90.4014
  87.1784 17433.9749  215.9100 -999.9000    0.0000    0.0000    3.4862   90.3927
  85.0453 17590.8543  215.1135 -999.9000    0.0000    0.0000    4.4460   90.0754
  82.9608 17747.7337  214.7993 -999.9000    0.0000    0.0000    5.6602   90.9865
  80.9282 17904.6131  215.4508 -999.9000    0.0000    0.0000    6.8448   90.6807
  78.9484 18061.4925  216.0981 -999.9000    0.0000    0.0000    6.7712   90.4907
  77.0217 18218.3719  216.7719 -999.9000    0.0000    0.0000    5.8430   90.6714
  75.1483 18375.2513  217.8293 -999.9000    0.0000    0.0000    4.9146   90.9237
  73.3271 18532.1307  218.9289 -999.9000    0.0000    0.0000    4.3170   91.0464
  71.5556 18689.0101  219.0511 -999.9000    0.0000    0.0000    3.8720   90.9336
  69.8260 18845.8894  217.9311 -999.9000    0.0000    0.0000    3.2735   91.0562
  68.1227 19002.7688  217.6355 -999.9000    0.0000    0.0000    2.1549   91.7656
  66.4601 19159.6482  217.9795 -999.9000    0.0000    0.0000    1.1470   89.5288
  64.8418 19316.5276  218.4568 -999.9000    0.0000    0.0000    0.8600   87.4851
  63.2670 19473.4070  218.8539 -999.9000    0.0000    0.0000    1.4241   87.9468
  61.7318 19630.2864  219.4088 -999.9000    0.0000    0.0000    2.0310   88.3028
  60.2355 19787.1658  219.6156 -999.9000    0.0000    0.0000    2.7939   88.5476
  58.7762 19944.0452  219.3140 -999.9000    0.0000    0.0000    3.6531   88.9105
  57.3501 20100.9246  218.9304 -999.9000    0.0000    0.0000    4.1045   89.0671
  55.9562 20257.8040  218.6591 -999.9000    0.0000    0.0000    4.0506   88.9446
  54.5968 20414.6834  218.4205 -999.9000    0.0000    0.0000    3.8569   88.7725
  53.2731 20571.5628  218.3668 -999.9000    0.0000    0.0000    3.6867   88.6461
  51.9860 20728.4422  218.8089 -999.9000    0.0000    0.0000    3.5569   88.5640
  50.7361 20885.3216  220.0603 -999.9000    0.0000    0.0000    3.4821   88.5228
  49.5229 21042.2010  221.8325 -999.9000    0.0000    0.0000    3.4457   88.5126
  48.3394 21199.0804  221.2158 -999.9000    0.0000    0.0000    3.7973   88.5757
  47.1874 21355.9598  221.2862 -999.9000    0.0000    0.0000    4.9358   88.7747
  46.0647 21512.8392  221.6817 -999.9000    0.0000    0.0000    5.9764   88.9472
  44.9691 21669.7186  221.9233 -999.9000    0.0000    0.0000    6.1865   88.9570
  43.8989 21826.5980  221.9480 -999.9000    0.0000    0.0000    5.7987   88.8369
  42.8525 21983.4774  221.8163 -999.9000    0.0000    0.0000    5.3294   88.6697
  41.8295 22140.3568  221.5763 -999.9000    0.0000    0.0000    5.0678   88.5214
  40.8309 22297.2362  221.2562 -999.9000    0.0000    0.0000    4.9514   88.4316
  39.8584 22454.1156  220.8855 -999.9000    0.0000    0.0000    4.8886   88.4374
  38.9104 22610.9950  221.2905 -999.9000    0.0000    0.0000    5.0271   88.5046
  37.9838 22767.8744  222.5647 -999.9000    0.0000    0.0000    5.4235   88.5579
  37.0791 22924.7538  223.2718 -999.9000    0.0000    0.0000    5.7463   88.6106
  36.1962 23081.6332  223.3806 -999.9000    0.0000    0.0000    5.9794   88.6649
  35.3349 23238.5126  223.1091 -999.9000    0.0000    0.0000    6.1626   88.7211
  34.4951 23395.3920  222.6747 -999.9000    0.0000    0.0000    6.3356   88.7793
  33.6765 23552.2714  222.2952 -999.9000    0.0000    0.0000    6.5381   88.8396
  32.8792 23709.1508  222.1880 -999.9000    0.0000    0.0000    6.8100   88.9021
  32.1025 23866.0302  222.4954 -999.9000    0.0000    0.0000    7.1637   88.9664
  31.3447 24022.9095  223.0796 -999.9000    0.0000    0.0000    7.5111   89.0294
  30.6036 24179.7889  223.7386 -999.9000    0.0000    0.0000    7.7411   89.0878
  29.8779 24336.6683  224.2450 -999.9000    0.0000    0.0000    7.7619   89.1301
  29.1715 24493.5477  224.3094 -999.9000    0.0000    0.0000    7.6782   89.0898
  28.4842 24650.4271  224.1796 -999.9000    0.0000    0.0000    7.5428   88.9796
  27.8138 24807.3065  224.2244 -999.9000    0.0000    0.0000    7.3698   88.8366
  27.1583 24964.1859  224.8108 -999.9000    0.0000    0.0000    7.1732   88.6979
  26.5173 25121.0653  225.9996 -999.9000    0.0000    0.0000    6.9734   88.5852
  25.8939 25277.9447  227.2029 -999.9000    0.0000    0.0000    6.8052   88.4883
  25.2914 25434.8241  227.7498 -999.9000    0.0000    0.0000    6.7053   88.3927
  24.7096 25591.7035  227.2738 -999.9000    0.0000    0.0000    6.7547   88.3136
  24.1354 25748.5829  226.7603 -999.9000    0.0000    0.0000    7.1143   88.3442
  23.5706 25905.4623  226.5421 -999.9000    0.0000    0.0000    7.6863   88.4419
  23.0189 26062.3417  226.8282 -999.9000    0.0000    0.0000    8.3457   88.5480
  22.4826 26219.2211  227.6840 -999.9000    0.0000    0.0000    8.9917   88.6216
  21.9608 26376.1005  228.8034 -999.9000    0.0000    0.0000    9.5858   88.6692
  21.4521 26532.9799  229.8214 -999.9000    0.0000    0.0000   10.0997   88.7041
  20.9548 26689.8593  230.3731 -999.9000    0.0000    0.0000   10.5047   88.7401
  20.4676 26846.7387  230.0934 -999.9000    0.0000    0.0000   10.7724   88.7908
  19.9891 27003.6181  228.6527 -999.9000    0.0000    0.0000   10.8674   88.8671
  19.5243 27160.4975  227.7724 -999.9000    0.0000    0.0000   10.4277   88.8331
  19.0752 27317.3769  228.2396 -999.9000    0.0000    0.0000    9.5253   88.6652
  18.6391 27474.2563  229.4738 -999.9000    0.0000    0.0000    8.5545   88.4541
  18.2135 27631.1357  230.8947 -999.9000    0.0000    0.0000    7.9099   88.2905
  17.7959 27788.0151  231.9309 -999.9000    0.0000    0.0000    7.9627   88.2601
  17.3864 27944.8945  232.2353 -999.9000    0.0000    0.0000    8.5340   88.3267
  16.9866 28101.7739  231.8339 -999.9000    0.0000    0.0000    9.1425   88.3867
  16.5963 28258.6533  231.0232 -999.9000    0.0000    0.0000    9.7534   88.4341
  16.2153 28415.5327  230.1272 -999.9000    0.0000    0.0000   10.3809   88.4734
  15.8432 28572.4121  229.4694 -999.9000    0.0000    0.0000   11.0397   88.5095
  15.4798 28729.2915  229.3676 -999.9000    0.0000    0.0000   11.7420   88.5468
  15.1246 28886.1709  229.7829 -999.9000    0.0000    0.0000   12.3855   88.5881
  14.7769 29043.0503  230.1584 -999.9000    0.0000    0.0000   12.7063   88.6333
  14.4368 29199.9296  230.3300 -999.9000    0.0000    0.0000   12.6394   88.6841
  14.1043 29356.8090  230.4352 -999.9000    0.0000    0.0000   12.2661   88.7433
  13.7798 29513.6884  230.6172 -999.9000    0.0000    0.0000   11.6710   88.8140
  13.4633 29670.5678  231.0193 -999.9000    0.0000    0.0000   10.9380   88.8992
  13.1552 29827.4472  231.7851 -999.9000    0.0000    0.0000   10.1516   89.0018
  12.8555 29984.3266  233.0007 -999.9000    0.0000    0.0000    9.3940   89.1215
  12.5638 30141.2060  234.3538 -999.9000    0.0000    0.0000    8.7332   89.2343
  12.2794 30298.0854  235.3623 -999.9000    0.0000    0.0000    8.2311   89.3059
  12.0018 30454.9648  235.5436 -999.9000    0.0000    0.0000    7.9496   89.3022
  11.7304 30611.8442  234.6697 -999.9000    0.0000    0.0000    7.9097   89.2026
  11.4650 30768.7236  233.5520 -999.9000    0.0000    0.0000    7.9659   89.0420
  11.2056 30925.6030  233.2670 -999.9000    0.0000    0.0000    7.9305   88.8691
  10.9522 31082.4824  234.4665 -999.9000    0.0000    0.0000    7.6833   88.7216
  10.7056 31239.3618  235.9902 -999.9000    0.0000    0.0000    7.3933   88.5894
  10.4661 31396.2412  236.5198 -999.9000    0.0000    0.0000    7.2574   88.4534
  10.2318 31553.1206  236.1352 -999.9000    0.0000    0.0000    7.2611   88.3118
  10.0000 31710.0000  235.2913 -999.9000    0.0000    0.0000    7.3332   88.1674
