# 06610 LSMP Payerne Observations at 12Z 30 Jul 2008
# Radiosonde file generated by raso.rb
#
  P [hPa],     Z [m],    T [K],   Td [K],   RH [%], r [g/kg], WS [m/s], WD [deg]
 962.0000   491.0000  298.2993 -999.9000   66.2135   13.6900    1.6993   93.0543
 944.6891   647.8794  296.3639 -999.9000   67.7533   12.6302    4.2194   92.6754
 927.6873   804.7588  295.0888 -999.9000   79.4705   13.9071    1.9065   92.9144
 911.0964   961.6382  293.9030 -999.9000   79.9090   14.4362    0.1837   92.0428
 894.7070  1118.5176  293.0628 -999.9000   79.8902   14.3064    1.1812   90.9797
 878.5406  1275.3970  292.8529 -999.9000   79.9383   13.3485    2.2033   90.6229
 862.6769  1432.2764  291.5492 -999.9000   80.8329   13.5129    2.4704   90.4248
 846.9845  1589.1558  290.3712 -999.9000   80.1381   13.9027    4.1106   90.3491
 831.5533  1746.0352  290.0774 -999.9000   80.5995   13.2228    5.0267   90.3950
 816.3570  1902.9146  288.8067 -999.9000   80.4734   11.9693    6.1624   90.4496
 801.3249  2059.7940  287.2509 -999.9000   80.1805   11.5640    6.8134   90.4939
 786.5365  2216.6734  285.9226 -999.9000   80.0136   10.4184    7.5863   90.5367
 771.9169  2373.5528  284.7094 -999.9000   80.3878    8.7627    8.7995   90.5644
 757.5041  2530.4322  283.6647 -999.9000   80.2438    8.5006    9.3494   90.6155
 743.3854  2687.3116  283.0984 -999.9000   77.5966    7.5803    8.2549   90.6080
 729.2940  2844.1910  282.0284 -999.9000   60.2416    5.5688    8.0219   90.6173
 715.5826  3001.0704  280.9811 -999.9000   50.0021    4.3807    9.6082   90.6971
 702.0616  3157.9497  279.7938 -999.9000   51.4764    4.2344   10.8924   90.7782
 688.7126  3314.8291  278.3089 -999.9000   58.7744    4.4448   10.9803   90.8007
 675.5482  3471.7085  276.6713 -999.9000   68.0423    4.6752   11.2248   90.8205
 662.5494  3628.5879  275.1812 -999.9000   73.9674    4.6607   11.8227   90.8487
 649.7305  3785.4673  274.1550 -999.9000   67.1109    4.0055   12.1064   90.8627
 637.1240  3942.3467  273.2821 -999.9000   55.0114    3.1437   11.4131   90.9118
 624.7467  4099.2261  272.2449 -999.9000   50.0500    2.7055    9.8508   91.0167
 612.5275  4256.1055  271.1596 -999.9000   49.9853    2.5464    9.4022   91.0465
 600.5160  4412.9849  270.5244 -999.9000   38.1288    1.8919    9.6653   91.0390
 588.7253  4569.8643  269.8999 -999.9000   22.7163    1.0986    9.8314   91.0433
 577.1128  4726.7437  268.5759 -999.9000   18.1322    0.8108    9.8635   91.0483
 565.6299  4883.6231  267.7082 -999.9000   17.0046    0.7276    9.8072   91.0538
 554.4053  5040.5025  267.1140 -999.9000   13.4772    0.5634    9.0994   91.1400
 543.3471  5197.3819  266.4060 -999.9000   12.8206    0.5190    8.3022   91.2153
 532.4739  5354.2613  265.3477 -999.9000   22.1737    0.8459    8.6893   91.2112
 521.8251  5511.1407  264.2672 -999.9000   24.0219    0.8613    9.4265   91.1806
 511.3144  5668.0201  263.4437 -999.9000   14.0868    0.4842   10.0893   91.1583
 500.9731  5824.8995  262.0696 -999.9000   12.9746    0.4090   10.7735   91.1344
 490.8286  5981.7789  260.4250 -999.9000   18.4062    0.5200   10.9114   91.1143
 480.7236  6138.6583  259.2782 -999.9000   29.2442    0.7703   11.2290   91.0832
 470.8214  6295.5377  257.9571 -999.9000   31.5150    0.7621   11.3108   91.0728
 461.0900  6452.4171  256.4964 -999.9000   30.8544    0.6762   11.0174   90.9894
 451.4963  6609.2965  255.1620 -999.9000   32.0348    0.6422    9.9949   90.8335
 442.0676  6766.1759  254.0524 -999.9000   32.6155    0.6091    9.0908   90.7116
 432.8253  6923.0553  253.0527 -999.9000   32.3373    0.5674    9.9881   90.6964
 423.7241  7079.9347  251.6079 -999.9000   36.0503    0.5712   10.8581   90.7318
 414.7432  7236.8141  249.8643 -999.9000   41.2844    0.5742   10.6461   90.7585
 405.9174  7393.6935  248.8301 -999.9000   31.8668    0.4138   10.8655   90.7794
 397.1974  7550.5729  247.5040 -999.9000   27.2801    0.3219   11.1246   90.7881
 388.6475  7707.4523  246.0718 -999.9000   31.2103    0.3308   11.2611   90.8405
 380.2876  7864.3317  245.0170 -999.9000   34.8670    0.3433   11.4884   90.9010
 372.0784  8021.2111  244.1616 -999.9000   39.1444    0.3645   11.6319   90.8924
 363.9826  8178.0905  243.3312 -999.9000   45.2798    0.3994   11.5372   90.7526
 356.0087  8334.9698  242.4421 -999.9000   54.5329    0.4529   11.5150   90.7678
 348.2042  8491.8492  241.5134 -999.9000   60.6681    0.5188   12.1123   91.3797
 340.5609  8648.7286  240.6281 -999.9000   65.0682    0.5272   12.3418   91.7004
 333.0575  8805.6080  239.7360 -999.9000   65.6801    0.4852   12.2811   91.6152
 325.6771  8962.4874  238.7371 -999.9000   65.1086    0.4338   12.5762   91.4555
 318.4095  9119.3668  237.5153 -999.9000   65.9025    0.3977   13.4958   91.4682
 311.2701  9276.2462  235.8612 -999.9000   60.7944    0.3338   13.6538   91.4746
 304.2599  9433.1256  234.2765 -999.9000   55.6083    0.2938   13.8776   91.4194
 297.3812  9590.0050  233.1833 -999.9000   50.7603    0.2688   14.3585   91.3896
 290.6045  9746.8844  231.9327 -999.9000   45.5473    0.2331   14.6852   91.3805
 283.9369  9903.7638  230.5368 -999.9000   45.8480    0.2031   15.0602   91.3479
 277.3870 10060.6432  229.0417 -999.9000   45.7004    0.1789   15.4458   91.3074
 270.9631 10217.5226  227.4873 -999.9000   45.6394    0.1538   15.7093   91.2950
 264.6694 10374.4020  225.9482 -999.9000   45.7513    0.1244   15.7606   91.3378
 258.4744 10531.2814  224.7313 -999.9000   45.2609    0.1097   15.9002   91.3756
 252.3757 10688.1608  223.7190 -999.9000   45.5795    0.1034   16.1569   91.3933
 246.3812 10845.0402  222.6825 -999.9000   40.2942    0.0916   16.4489   91.3978
 240.4896 11001.9196  221.5147 -999.9000   35.7324    0.0742   16.7227   91.3965
 234.6950 11158.7990  220.2104 -999.9000   35.9880    0.0604   16.9490   91.3968
 229.0082 11315.6784  218.8659 -999.9000   35.5325    0.0528   17.1224   91.3986
 223.4492 11472.5578  217.6281 -999.9000   35.0058    0.0500   17.2498   91.3982
 218.0236 11629.4372  216.4730 -999.9000   30.1561    0.0480   17.0497   91.4126
 212.6609 11786.3166  214.8509 -999.9000   25.6338    0.0350   15.3722   91.5070
 207.3913 11943.1960  214.0728 -999.9000   23.7990    0.0295   14.1975   91.4951
 202.2510 12100.0754  214.8325 -999.9000   18.0280    0.0410   13.8975   91.5711
 197.2536 12256.9548  216.2879 -999.9000    9.1099    0.0304   11.9030   92.1270
 192.4469 12413.8342  218.7371 -999.9000    2.6490    0.0062   12.3593   91.9985
 187.8076 12570.7136  218.6085 -999.9000    0.2373    0.0003   12.6081   91.9213
 183.2603 12727.5930  217.4260 -999.9000    0.2960    0.0003   12.3222   91.8946
 178.8033 12884.4724  217.0637 -999.9000    0.0000    0.0000   12.0957   91.8603
 174.4458 13041.3518  217.5149 -999.9000    0.0133    0.0000   12.2357   91.7991
 170.1876 13198.2312  217.7847 -999.9000    0.0000    0.0000   12.7685   91.6668
 166.0391 13355.1106  217.9933 -999.9000    0.0000    0.0000   13.3966   91.5392
 162.0101 13511.9899  217.6528 -999.9000    0.0002    0.0000   13.7050   91.4198
 158.0706 13668.8693  216.6987 -999.9000    0.0000    0.0000   13.3327   91.3880
 154.1974 13825.7487  215.8500 -999.9000    0.0000    0.0000   12.1837   91.4693
 150.4126 13982.6281  215.8014 -999.9000    0.0000    0.0000   10.2838   91.5650
 146.7292 14139.5075  216.7418 -999.9000    0.0000    0.0000   10.2215   91.5673
 143.1108 14296.3869  214.9691 -999.9000    0.0000    0.0000   10.1579   91.5696
 139.5597 14453.2663  217.3850 -999.9000    0.0000    0.0000   10.1452   91.5684
 136.1266 14610.1457  215.0407 -999.9000    0.0000    0.0000   10.1581   91.5540
 132.7619 14767.0251  214.1575 -999.9000    0.0000    0.0000   10.1779   91.5347
 129.4754 14923.9045  215.1389 -999.9000    0.0000    0.0000   10.1983   91.5197
 126.2897 15080.7839  216.2276 -999.9000    0.0000    0.0000   10.2099   91.5108
 123.1790 15237.6633  217.4363 -999.9000    0.0000    0.0000   10.2508   91.4644
 120.1481 15394.5427  217.8887 -999.9000    0.0000    0.0000   10.1341   91.3748
 117.2138 15551.4221  217.2221 -999.9000    0.0000    0.0000    9.7998   91.2661
 114.3435 15708.3015  217.1037 -999.9000    0.0000    0.0000    9.5049   91.1464
 111.5416 15865.1809  216.8348 -999.9000    0.0000    0.0000    8.9515   91.1933
 108.8149 16022.0603  218.1208 -999.9000    0.0000    0.0000    8.1651   91.4869
 106.1648 16178.9397  218.1459 -999.9000    0.0000    0.0000    7.7316   91.3484
 103.5767 16335.8191  217.7484 -999.9000    0.0000    0.0000    6.3287   91.9971
 101.0524 16492.6985  219.7607 -999.9000    0.0000    0.0000    1.8782   90.4089
  98.6148 16649.5779  218.3343 -999.9000    0.0000    0.0000    1.1288   90.4014
  96.2203 16806.4573  217.5580 -999.9000    0.0000    0.0000    0.3266   90.4014
  93.8688 16963.3367  216.8046 -999.9000    0.0000    0.0000    1.4312   90.4014
  91.5836 17120.2161  216.6457 -999.9000    0.0000    0.0000    2.3188   90.4014
  89.3567 17277.0955  216.5848 -999.9000    0.0000    0.0000    2.9697   90.4014
  87.1784 17433.9749  216.0744 -999.9000    0.0000    0.0000    3.6803   90.3927
  85.0453 17590.8543  215.2268 -999.9000    0.0000    0.0000    4.6169   90.0754
  82.9608 17747.7337  214.8660 -999.9000    0.0000    0.0000    5.8058   90.9865
  80.9282 17904.6131  215.4757 -999.9000    0.0000    0.0000    6.9631   90.6807
  78.9484 18061.4925  216.0865 -999.9000    0.0000    0.0000    6.8602   90.4907
  77.0217 18218.3719  216.7287 -999.9000    0.0000    0.0000    5.9010   90.6714
  75.1483 18375.2513  217.7595 -999.9000    0.0000    0.0000    4.9403   90.9237
  73.3271 18532.1307  218.8371 -999.9000    0.0000    0.0000    4.3091   91.0464
  71.5556 18689.0101  218.9417 -999.9000    0.0000    0.0000    3.8298   90.9336
  69.8260 18845.8894  217.8085 -999.9000    0.0000    0.0000    3.1964   91.0562
  68.1227 19002.7688  217.5038 -999.9000    0.0000    0.0000    2.0426   91.7656
  66.4601 19159.6482  217.8425 -999.9000    0.0000    0.0000    0.9996   89.5288
  64.8418 19316.5276  218.3183 -999.9000    0.0000    0.0000    0.6777   87.4851
  63.2670 19473.4070  218.7174 -999.9000    0.0000    0.0000    1.2076   87.9468
  61.7318 19630.2864  219.2776 -999.9000    0.0000    0.0000    1.7811   88.3028
  60.2355 19787.1658  219.4928 -999.9000    0.0000    0.0000    2.5117   88.5476
  58.7762 19944.0452  219.2026 -999.9000    0.0000    0.0000    3.3402   88.9105
  57.3501 20100.9246  218.8331 -999.9000    0.0000    0.0000    3.7624   89.0671
  55.9562 20257.8040  218.5785 -999.9000    0.0000    0.0000    3.6814   88.9446
  54.5968 20414.6834  218.3591 -999.9000    0.0000    0.0000    3.4629   88.7725
  53.2731 20571.5628  218.3266 -999.9000    0.0000    0.0000    3.2705   88.6461
  51.9860 20728.4422  218.7919 -999.9000    0.0000    0.0000    3.1213   88.5640
  50.7361 20885.3216  220.0684 -999.9000    0.0000    0.0000    3.0301   88.5228
  49.5229 21042.2010  221.8672 -999.9000    0.0000    0.0000    2.9809   88.5126
  48.3394 21199.0804  221.2787 -999.9000    0.0000    0.0000    3.3234   88.5757
  47.1874 21355.9598  221.3783 -999.9000    0.0000    0.0000    4.4567   88.7747
  46.0647 21512.8392  221.8042 -999.9000    0.0000    0.0000    5.4961   88.9472
  44.9691 21669.7186  222.0768 -999.9000    0.0000    0.0000    5.7089   88.9570
  43.8989 21826.5980  222.1330 -999.9000    0.0000    0.0000    5.3272   88.8369
  42.8525 21983.4774  222.0329 -999.9000    0.0000    0.0000    4.8674   88.6697
  41.8295 22140.3568  221.8244 -999.9000    0.0000    0.0000    4.6180   88.5214
  40.8309 22297.2362  221.5355 -999.9000    0.0000    0.0000    4.5166   88.4316
  39.8584 22454.1156  221.1952 -999.9000    0.0000    0.0000    4.4711   88.4374
  38.9104 22610.9950  221.6297 -999.9000    0.0000    0.0000    4.6290   88.5046
  37.9838 22767.8744  222.9320 -999.9000    0.0000    0.0000    5.0466   88.5579
  37.0791 22924.7538  223.6658 -999.9000    0.0000    0.0000    5.3921   88.6106
  36.1962 23081.6332  223.7995 -999.9000    0.0000    0.0000    5.6492   88.6649
  35.3349 23238.5126  223.5508 -999.9000    0.0000    0.0000    5.8572   88.7211
  34.4951 23395.3920  223.1368 -999.9000    0.0000    0.0000    6.0557   88.7793
  33.6765 23552.2714  222.7750 -999.9000    0.0000    0.0000    6.2840   88.8396
  32.8792 23709.1508  222.6826 -999.9000    0.0000    0.0000    6.5819   88.9021
  32.1025 23866.0302  223.0016 -999.9000    0.0000    0.0000    6.9614   88.9664
  31.3447 24022.9095  223.5938 -999.9000    0.0000    0.0000    7.3340   89.0294
  30.6036 24179.7889  224.2571 -999.9000    0.0000    0.0000    7.5885   89.0878
  29.8779 24336.6683  224.7637 -999.9000    0.0000    0.0000    7.6328   89.1301
  29.1715 24493.5477  224.8239 -999.9000    0.0000    0.0000    7.5712   89.0898
  28.4842 24650.4271  224.6854 -999.9000    0.0000    0.0000    7.4562   88.9796
  27.8138 24807.3065  224.7165 -999.9000    0.0000    0.0000    7.3018   88.8366
  27.1583 24964.1859  225.2841 -999.9000    0.0000    0.0000    7.1216   88.6979
  26.5173 25121.0653  226.4496 -999.9000    0.0000    0.0000    6.9363   88.5852
  25.8939 25277.9447  227.6251 -999.9000    0.0000    0.0000    6.7807   88.4883
  25.2914 25434.8241  228.1402 -999.9000    0.0000    0.0000    6.6915   88.3927
  24.7096 25591.7035  227.6288 -999.9000    0.0000    0.0000    6.7500   88.3136
  24.1354 25748.5829  227.0767 -999.9000    0.0000    0.0000    7.1172   88.3442
  23.5706 25905.4623  226.8169 -999.9000    0.0000    0.0000    7.6953   88.4419
  23.0189 26062.3417  227.0588 -999.9000    0.0000    0.0000    8.3594   88.5480
  22.4826 26219.2211  227.8683 -999.9000    0.0000    0.0000    9.0090   88.6216
  21.9608 26376.1005  228.9394 -999.9000    0.0000    0.0000    9.6055   88.6692
  21.4521 26532.9799  229.9077 -999.9000    0.0000    0.0000   10.1208   88.7041
  20.9548 26689.8593  230.4085 -999.9000    0.0000    0.0000   10.5263   88.7401
  20.4676 26846.7387  230.0772 -999.9000    0.0000    0.0000   10.7937   88.7908
  19.9891 27003.6181  228.5844 -999.9000    0.0000    0.0000   10.8877   88.8671
  19.5243 27160.4975  227.6519 -999.9000    0.0000    0.0000   10.4465   88.8331
  19.0752 27317.3769  228.0672 -999.9000    0.0000    0.0000    9.5421   88.6652
  18.6391 27474.2563  229.2501 -999.9000    0.0000    0.0000    8.5690   88.4541
  18.2135 27631.1357  230.6207 -999.9000    0.0000    0.0000    7.9218   88.2905
  17.7959 27788.0151  231.6080 -999.9000    0.0000    0.0000    7.9719   88.2601
  17.3864 27944.8945  231.8652 -999.9000    0.0000    0.0000    8.5405   88.3267
  16.9866 28101.7739  231.4186 -999.9000    0.0000    0.0000    9.1464   88.3867
  16.5963 28258.6533  230.5652 -999.9000    0.0000    0.0000    9.7549   88.4341
  16.2153 28415.5327  229.6292 -999.9000    0.0000    0.0000   10.3803   88.4734
  15.8432 28572.4121  228.9345 -999.9000    0.0000    0.0000   11.0375   88.5095
  15.4798 28729.2915  228.7993 -999.9000    0.0000    0.0000   11.7387   88.5468
  15.1246 28886.1709  229.1851 -999.9000    0.0000    0.0000   12.3817   88.5881
  14.7769 29043.0503  229.5352 -999.9000    0.0000    0.0000   12.7028   88.6333
  14.4368 29199.9296  229.6860 -999.9000    0.0000    0.0000   12.6370   88.6841
  14.1043 29356.8090  229.7752 -999.9000    0.0000    0.0000   12.2659   88.7433
  13.7798 29513.6884  229.9465 -999.9000    0.0000    0.0000   11.6740   88.8140
  13.4633 29670.5678  230.3437 -999.9000    0.0000    0.0000   10.9455   88.8992
  13.1552 29827.4472  231.1103 -999.9000    0.0000    0.0000   10.1648   89.0018
  12.8555 29984.3266  232.3332 -999.9000    0.0000    0.0000    9.4144   89.1215
  12.5638 30141.2060  233.7002 -999.9000    0.0000    0.0000    8.7623   89.2343
  12.2794 30298.0854  234.7297 -999.9000    0.0000    0.0000    8.2705   89.3059
  12.0018 30454.9648  234.9394 -999.9000    0.0000    0.0000    8.0011   89.3022
  11.7304 30611.8442  234.1015 -999.9000    0.0000    0.0000    7.9752   89.2026
  11.4650 30768.7236  233.0280 -999.9000    0.0000    0.0000    8.0473   89.0420
  11.2056 30925.6030  232.7957 -999.9000    0.0000    0.0000    8.0300   88.8691
  10.9522 31082.4824  234.0566 -999.9000    0.0000    0.0000    7.8030   88.7216
  10.7056 31239.3618  235.6509 -999.9000    0.0000    0.0000    7.5355   88.5894
  10.4661 31396.2412  236.2607 -999.9000    0.0000    0.0000    7.4246   88.4534
  10.2318 31553.1206  235.9662 -999.9000    0.0000    0.0000    7.4557   88.3118
  10.0000 31710.0000  235.2226 -999.9000    0.0000    0.0000    7.5579   88.1674
