# 06610 LSMP Payerne Observations at 12Z 30 Jul 2008
# Radiosonde file generated by raso.rb
#
  P [hPa],     Z [m],    T [K],   Td [K],   RH [%], r [g/kg], WS [m/s], WD [deg]
 962.0000   491.0000  297.8913 -999.9000   66.1232   13.6900    2.4258   93.0543
 944.6891   647.8794  295.9683 -999.9000   67.6952   12.6302    4.8427   92.6754
 927.6873   804.7588  294.7033 -999.9000   79.4395   13.9071    2.4340   92.9144
 911.0964   961.6382  293.5256 -999.9000   79.9122   14.4362    0.6224   92.0428
 894.7070  1118.5176  292.6914 -999.9000   79.9246   14.3064    1.5381   90.9797
 878.5406  1275.3970  292.4857 -999.9000   80.0011   13.3485    2.4850   90.6229
 862.6769  1432.2764  291.1847 -999.9000   80.9223   13.5129    2.6834   90.4248
 846.9845  1589.1558  290.0078 -999.9000   80.2496   13.9027    4.2611   90.3491
 831.5533  1746.0352  289.7138 -999.9000   80.7321   13.2228    5.1207   90.3950
 816.3570  1902.9146  288.4417 -999.9000   80.6237   11.9693    6.2058   90.4496
 801.3249  2059.7940  286.8833 -999.9000   80.3457   11.5640    6.8117   90.4939
 786.5365  2216.6734  285.5516 -999.9000   80.1915   10.4184    7.5448   90.5367
 771.9169  2373.5528  284.3341 -999.9000   80.5775    8.7627    8.7234   90.5644
 757.5041  2530.4322  283.2846 -999.9000   80.4418    8.5006    9.2436   90.6155
 743.3854  2687.3116  282.7130 -999.9000   77.7947    7.5803    8.1242   90.6080
 729.2940  2844.1910  281.6373 -999.9000   60.3990    5.5688    7.8706   90.6173
 715.5826  3001.0704  280.5842 -999.9000   50.1345    4.3807    9.4408   90.6971
 702.0616  3157.9497  279.3909 -999.9000   51.6136    4.2344   10.7129   90.7782
 688.7126  3314.8291  277.9003 -999.9000   58.9307    4.4448   10.7924   90.8007
 675.5482  3471.7085  276.2571 -999.9000   68.2218    4.6752   11.0322   90.8205
 662.5494  3628.5879  274.7618 -999.9000   74.1594    4.6607   11.6288   90.8487
 649.7305  3785.4673  273.7309 -999.9000   67.2813    4.0055   11.9143   90.8627
 637.1240  3942.3467  272.8541 -999.9000   55.1471    3.1437   11.2259   90.9118
 624.7467  4099.2261  271.8137 -999.9000   50.1691    2.7055    9.6712   91.0167
 612.5275  4256.1055  270.7263 -999.9000   50.0993    2.5464    9.2327   91.0465
 600.5160  4412.9849  270.0900 -999.9000   38.2115    1.8919    9.5081   91.0390
 588.7253  4569.8643  269.4657 -999.9000   22.7629    1.0986    9.6888   91.0433
 577.1128  4726.7437  268.1434 -999.9000   18.1670    0.8108    9.7372   91.0483
 565.6299  4883.6231  267.2788 -999.9000   17.0349    0.7276    9.6989   91.0538
 554.4053  5040.5025  266.6895 -999.9000   13.4993    0.5634    9.0106   91.1400
 543.3471  5197.3819  265.9882 -999.9000   12.8397    0.5190    8.2340   91.2153
 532.4739  5354.2613  264.9387 -999.9000   22.2033    0.8459    8.6427   91.2112
 521.8251  5511.1407  263.8690 -999.9000   24.0503    0.8613    9.4023   91.1806
 511.3144  5668.0201  263.0587 -999.9000   14.1013    0.4842   10.0881   91.1583
 500.9731  5824.8995  261.7001 -999.9000   12.9859    0.4090   10.7957   91.1344
 490.8286  5981.7789  260.0737 -999.9000   18.4193    0.5200   10.9570   91.1143
 480.7236  6138.6583  258.9478 -999.9000   29.2607    0.7703   11.2980   91.0832
 470.8214  6295.5377  257.6504 -999.9000   31.5281    0.7621   11.4028   91.0728
 461.0900  6452.4171  256.2165 -999.9000   30.8627    0.6762   11.1319   90.9894
 451.4963  6609.2965  254.9119 -999.9000   32.0390    0.6422   10.1311   90.8335
 442.0676  6766.1759  253.8356 -999.9000   32.6155    0.6091    9.2478   90.7116
 432.8253  6923.0553  252.8725 -999.9000   32.3334    0.5674   10.1647   90.6964
 423.7241  7079.9347  251.4680 -999.9000   36.0419    0.5712   11.0529   90.7318
 414.7432  7236.8141  249.7684 -999.9000   41.2705    0.5742   10.8575   90.7585
 405.9174  7393.6935  248.7821 -999.9000   31.8533    0.4138   11.0916   90.7794
 397.1974  7550.5729  247.5078 -999.9000   27.2665    0.3219   11.3634   90.7881
 388.6475  7707.4523  246.1310 -999.9000   31.1928    0.3308   11.5106   90.8405
 380.2876  7864.3317  245.1343 -999.9000   34.8457    0.3433   11.7469   90.9010
 372.0784  8021.2111  244.3388 -999.9000   39.1190    0.3645   11.8978   90.8924
 363.9826  8178.0905  243.5696 -999.9000   45.2493    0.3994   11.8091   90.7526
 356.0087  8334.9698  242.7423 -999.9000   54.4953    0.4529   11.7918   90.7678
 348.2042  8491.8492  241.8750 -999.9000   60.6260    0.5188   12.3929   91.3797
 340.5609  8648.7286  241.0500 -999.9000   65.0232    0.5272   12.6254   91.7004
 333.0575  8805.6080  240.2164 -999.9000   65.6355    0.4852   12.5673   91.6152
 325.6771  8962.4874  239.2735 -999.9000   65.0657    0.4338   12.8645   91.4555
 318.4095  9119.3668  238.1043 -999.9000   65.8609    0.3977   13.7859   91.4682
 311.2701  9276.2462  236.4987 -999.9000   60.7581    0.3338   13.9458   91.4746
 304.2599  9433.1256  234.9578 -999.9000   55.5773    0.2938   14.1715   91.4194
 297.3812  9590.0050  233.9027 -999.9000   50.7343    0.2688   14.6549   91.3896
 290.6045  9746.8844  232.6838 -999.9000   45.5262    0.2331   14.9846   91.3805
 283.9369  9903.7638  231.3126 -999.9000   45.8291    0.2031   15.3633   91.3479
 277.3870 10060.6432  229.8343 -999.9000   45.6841    0.1789   15.7536   91.3074
 270.9631 10217.5226  228.2882 -999.9000   45.6259    0.1538   16.0230   91.2950
 264.6694 10374.4020  226.7479 -999.9000   45.7404    0.1244   16.0814   91.3378
 258.4744 10531.2814  225.5197 -999.9000   45.2529    0.1097   16.2298   91.3756
 252.3757 10688.1608  224.4852 -999.9000   45.5742    0.1034   16.4970   91.3933
 246.3812 10845.0402  223.4149 -999.9000   40.2920    0.0916   16.8014   91.3978
 240.4896 11001.9196  222.2010 -999.9000   35.7326    0.0742   17.0897   91.3965
 234.6950 11158.7990  220.8389 -999.9000   35.9903    0.0604   17.3325   91.3968
 229.0082 11315.6784  219.4258 -999.9000   35.5367    0.0528   17.5240   91.3986
 223.4492 11472.5578  218.1103 -999.9000   35.0118    0.0500   17.6706   91.3982
 218.0236 11629.4372  216.8692 -999.9000   30.1629    0.0480   17.4905   91.4126
 212.6609 11786.3166  215.1544 -999.9000   25.6409    0.0350   15.8334   91.5070
 207.3913 11943.1960  214.2779 -999.9000   23.8066    0.0295   14.6793   91.4951
 202.2510 12100.0754  214.9349 -999.9000   18.0345    0.0410   14.3994   91.5711
 197.2536 12256.9548  216.2843 -999.9000    9.1136    0.0304   12.4244   92.1270
 192.4469 12413.8342  218.6257 -999.9000    2.6502    0.0062   12.8992   91.9985
 187.8076 12570.7136  218.3886 -999.9000    0.2374    0.0003   13.1649   91.9213
 183.2603 12727.5930  217.0982 -999.9000    0.2961    0.0003   12.8942   91.8946
 178.8033 12884.4724  216.6298 -999.9000    0.0000    0.0000   12.6807   91.8603
 174.4458 13041.3518  216.9780 -999.9000    0.0133    0.0000   12.8310   91.7991
 170.1876 13198.2312  217.1491 -999.9000    0.0000    0.0000   13.3712   91.6668
 166.0391 13355.1106  217.2645 -999.9000    0.0000    0.0000   14.0034   91.5392
 162.0101 13511.9899  216.8376 -999.9000    0.0002    0.0000   14.3122   91.4198
 158.0706 13668.8693  215.8051 -999.9000    0.0000    0.0000   13.9361   91.3880
 154.1974 13825.7487  214.8872 -999.9000    0.0000    0.0000   12.7790   91.4693
 150.4126 13982.6281  214.7799 -999.9000    0.0000    0.0000   10.8660   91.5650
 146.7292 14139.5075  215.6734 -999.9000    0.0000    0.0000   10.7855   91.5673
 143.1108 14296.3869  213.8668 -999.9000    0.0000    0.0000   10.6981   91.5696
 139.5597 14453.2663  216.2628 -999.9000    0.0000    0.0000   10.6556   91.5684
 136.1266 14610.1457  213.9129 -999.9000    0.0000    0.0000   10.6330   91.5540
 132.7619 14767.0251  213.0370 -999.9000    0.0000    0.0000   10.6121   91.5347
 129.4754 14923.9045  214.0377 -999.9000    0.0000    0.0000   10.5873   91.5197
 126.2897 15080.7839  215.1565 -999.9000    0.0000    0.0000   10.5500   91.5108
 123.1790 15237.6633  216.4050 -999.9000    0.0000    0.0000   10.5387   91.4644
 120.1481 15394.5427  216.9059 -999.9000    0.0000    0.0000   10.3673   91.3748
 117.2138 15551.4221  216.2954 -999.9000    0.0000    0.0000    9.9763   91.2661
 114.3435 15708.3015  216.2395 -999.9000    0.0000    0.0000    9.6236   91.1464
 111.5416 15865.1809  216.0383 -999.9000    0.0000    0.0000    9.0117   91.1933
 108.8149 16022.0603  217.3963 -999.9000    0.0000    0.0000    8.1668   91.4869
 106.1648 16178.9397  217.4966 -999.9000    0.0000    0.0000    7.6755   91.3484
 103.5767 16335.8191  217.1762 -999.9000    0.0000    0.0000    6.2162   91.9971
 101.0524 16492.6985  219.2667 -999.9000    0.0000    0.0000    1.7112   90.4089
  98.6148 16649.5779  217.9182 -999.9000    0.0000    0.0000    0.9101   90.4014
  96.2203 16806.4573  217.2184 -999.9000    0.0000    0.0000    0.0593   90.4014
  93.8688 16963.3367  216.5393 -999.9000    0.0000    0.0000    1.1193   90.4014
  91.5836 17120.2161  216.4510 -999.9000    0.0000    0.0000    1.9668   90.4014
  89.3567 17277.0955  216.4563 -999.9000    0.0000    0.0000    2.5828   90.4014
  87.1784 17433.9749  216.0062 -999.9000    0.0000    0.0000    3.2644   90.3927
  85.0453 17590.8543  215.2123 -999.9000    0.0000    0.0000    4.1785   90.0754
  82.9608 17747.7337  214.8972 -999.9000    0.0000    0.0000    5.3521   90.9865
  80.9282 17904.6131  215.5436 -999.9000    0.0000    0.0000    6.5018   90.6807
  78.9484 18061.4925  216.1818 -999.9000    0.0000    0.0000    6.3992   90.4907
  77.0217 18218.3719  216.8426 -999.9000    0.0000    0.0000    5.4476   90.6714
  75.1483 18375.2513  217.8837 -999.9000    0.0000    0.0000    4.5013   90.9237
  73.3271 18532.1307  218.9639 -999.9000    0.0000    0.0000    3.8908   91.0464
  71.5556 18689.0101  219.0639 -999.9000    0.0000    0.0000    3.4378   90.9336
  69.8260 18845.8894  217.9195 -999.9000    0.0000    0.0000    2.8358   91.0562
  68.1227 19002.7688  217.5975 -999.9000    0.0000    0.0000    1.7179   91.7656
  66.4601 19159.6482  217.9135 -999.9000    0.0000    0.0000    0.7147   89.5288
  64.8418 19316.5276  218.3615 -999.9000    0.0000    0.0000    0.4361   87.4851
  63.2670 19473.4070  218.7284 -999.9000    0.0000    0.0000    1.0121   87.9468
  61.7318 19630.2864  219.2526 -999.9000    0.0000    0.0000    1.6339   88.3028
  60.2355 19787.1658  219.4286 -999.9000    0.0000    0.0000    2.4147   88.5476
  58.7762 19944.0452  219.0963 -999.9000    0.0000    0.0000    3.2943   88.9105
  57.3501 20100.9246  218.6826 -999.9000    0.0000    0.0000    3.7684   89.0671
  55.9562 20257.8040  218.3820 -999.9000    0.0000    0.0000    3.7393   88.9446
  54.5968 20414.6834  218.1156 -999.9000    0.0000    0.0000    3.5721   88.7725
  53.2731 20571.5628  218.0356 -999.9000    0.0000    0.0000    3.4298   88.6461
  51.9860 20728.4422  218.4533 -999.9000    0.0000    0.0000    3.3291   88.5640
  50.7361 20885.3216  219.6827 -999.9000    0.0000    0.0000    3.2843   88.5228
  49.5229 21042.2010  221.4357 -999.9000    0.0000    0.0000    3.2785   88.5126
  48.3394 21199.0804  220.8029 -999.9000    0.0000    0.0000    3.6612   88.5757
  47.1874 21355.9598  220.8606 -999.9000    0.0000    0.0000    4.8307   88.7747
  46.0647 21512.8392  221.2469 -999.9000    0.0000    0.0000    5.9021   88.9472
  44.9691 21669.7186  221.4829 -999.9000    0.0000    0.0000    6.1428   88.9570
  43.8989 21826.5980  221.5052 -999.9000    0.0000    0.0000    5.7851   88.8369
  42.8525 21983.4774  221.3742 -999.9000    0.0000    0.0000    5.3453   88.6697
  41.8295 22140.3568  221.1379 -999.9000    0.0000    0.0000    5.1124   88.5214
  40.8309 22297.2362  220.8243 -999.9000    0.0000    0.0000    5.0239   88.4316
  39.8584 22454.1156  220.4625 -999.9000    0.0000    0.0000    4.9879   88.4374
  38.9104 22610.9950  220.8790 -999.9000    0.0000    0.0000    5.1521   88.5046
  37.9838 22767.8744  222.1669 -999.9000    0.0000    0.0000    5.5728   88.5579
  37.0791 22924.7538  222.8898 -999.9000    0.0000    0.0000    5.9184   88.6106
  36.1962 23081.6332  223.0163 -999.9000    0.0000    0.0000    6.1728   88.6649
  35.3349 23238.5126  222.7643 -999.9000    0.0000    0.0000    6.3755   88.7211
  34.4951 23395.3920  222.3509 -999.9000    0.0000    0.0000    6.5661   88.7793
  33.6765 23552.2714  221.9937 -999.9000    0.0000    0.0000    6.7842   88.8396
  32.8792 23709.1508  221.9102 -999.9000    0.0000    0.0000    7.0695   88.9021
  32.1025 23866.0302  222.2423 -999.9000    0.0000    0.0000    7.4343   88.9664
  31.3447 24022.9095  222.8520 -999.9000    0.0000    0.0000    7.7903   89.0294
  30.6036 24179.7889  223.5373 -999.9000    0.0000    0.0000    8.0263   89.0878
  29.8779 24336.6683  224.0705 -999.9000    0.0000    0.0000    8.0504   89.1301
  29.1715 24493.5477  224.1621 -999.9000    0.0000    0.0000    7.9671   89.0898
  28.4842 24650.4271  224.0597 -999.9000    0.0000    0.0000    7.8290   88.9796
  27.8138 24807.3065  224.1319 -999.9000    0.0000    0.0000    7.6502   88.8366
  27.1583 24964.1859  224.7456 -999.9000    0.0000    0.0000    7.4445   88.6979
  26.5173 25121.0653  225.9615 -999.9000    0.0000    0.0000    7.2326   88.5852
  25.8939 25277.9447  227.1916 -999.9000    0.0000    0.0000    7.0494   88.4883
  25.2914 25434.8241  227.7650 -999.9000    0.0000    0.0000    6.9318   88.3927
  24.7096 25591.7035  227.3152 -999.9000    0.0000    0.0000    6.9610   88.3136
  24.1354 25748.5829  226.8274 -999.9000    0.0000    0.0000    7.2981   88.3442
  23.5706 25905.4623  226.6343 -999.9000    0.0000    0.0000    7.8454   88.4419
  23.0189 26062.3417  226.9451 -999.9000    0.0000    0.0000    8.4782   88.5480
  22.4826 26219.2211  227.8248 -999.9000    0.0000    0.0000    9.0959   88.6216
  21.9608 26376.1005  228.9674 -999.9000    0.0000    0.0000    9.6601   88.6692
  21.4521 26532.9799  230.0080 -999.9000    0.0000    0.0000   10.1427   88.7041
  20.9548 26689.8593  230.5813 -999.9000    0.0000    0.0000   10.5152   88.7401
  20.4676 26846.7387  230.3223 -999.9000    0.0000    0.0000   10.7493   88.7908
  19.9891 27003.6181  228.9013 -999.9000    0.0000    0.0000   10.8100   88.8671
  19.5243 27160.4975  228.0397 -999.9000    0.0000    0.0000   10.3353   88.8331
  19.0752 27317.3769  228.5245 -999.9000    0.0000    0.0000    9.3975   88.6652
  18.6391 27474.2563  229.7751 -999.9000    0.0000    0.0000    8.3911   88.4541
  18.2135 27631.1357  231.2113 -999.9000    0.0000    0.0000    7.7106   88.2905
  17.7959 27788.0151  232.2614 -999.9000    0.0000    0.0000    7.7278   88.2601
  17.3864 27944.8945  232.5783 -999.9000    0.0000    0.0000    8.2638   88.3267
  16.9866 28101.7739  232.1880 -999.9000    0.0000    0.0000    8.8374   88.3867
  16.5963 28258.6533  231.3870 -999.9000    0.0000    0.0000    9.4140   88.4341
  16.2153 28415.5327  230.4990 -999.9000    0.0000    0.0000   10.0082   88.4734
  15.8432 28572.4121  229.8477 -999.9000    0.0000    0.0000   10.6346   88.5095
  15.4798 28729.2915  229.7506 -999.9000    0.0000    0.0000   11.3059   88.5468
  15.1246 28886.1709  230.1689 -999.9000    0.0000    0.0000   11.9197   88.5881
  14.7769 29043.0503  230.5456 -999.9000    0.0000    0.0000   12.2124   88.6333
  14.4368 29199.9296  230.7164 -999.9000    0.0000    0.0000   12.1192   88.6841
  14.1043 29356.8090  230.8189 -999.9000    0.0000    0.0000   11.7216   88.7433
  13.7798 29513.6884  230.9963 -999.9000    0.0000    0.0000   11.1043   88.8140
  13.4633 29670.5678  231.3917 -999.9000    0.0000    0.0000   10.3515   88.8992
  13.1552 29827.4472  232.1485 -999.9000    0.0000    0.0000    9.5479   89.0018
  12.8555 29984.3266  233.3530 -999.9000    0.0000    0.0000    8.7757   89.1215
  12.5638 30141.2060  234.6927 -999.9000    0.0000    0.0000    8.1033   89.2343
  12.2794 30298.0854  235.6855 -999.9000    0.0000    0.0000    7.5926   89.3059
  12.0018 30454.9648  235.8487 -999.9000    0.0000    0.0000    7.3058   89.3022
  11.7304 30611.8442  234.9541 -999.9000    0.0000    0.0000    7.2641   89.2026
  11.4650 30768.7236  233.8132 -999.9000    0.0000    0.0000    7.3222   89.0420
  11.2056 30925.6030  233.5025 -999.9000    0.0000    0.0000    7.2925   88.8691
  10.9522 31082.4824  234.6735 -999.9000    0.0000    0.0000    7.0550   88.7216
  10.7056 31239.3618  236.1660 -999.9000    0.0000    0.0000    6.7789   88.5894
  10.4661 31396.2412  236.6616 -999.9000    0.0000    0.0000    6.6613   88.4534
  10.2318 31553.1206  236.2402 -999.9000    0.0000    0.0000    6.6879   88.3118
  10.0000 31710.0000  235.3566 -999.9000    0.0000    0.0000    6.7877   88.1674
