# 06610 LSMP Payerne Observations at 12Z 30 Jul 2008
# Radiosonde file generated by raso.rb
#
  P [hPa],     Z [m],    T [K],   Td [K],   RH [%], r [g/kg], WS [m/s], WD [deg]
 962.0000   491.0000  298.3741 -999.9000   66.2864   13.6900    1.9158   93.0543
 944.6891   647.8794  296.3002 -999.9000   67.8517   12.6302    4.4244   92.6754
 927.6873   804.7588  294.8966 -999.9000   79.6114   13.9071    2.0982   92.9144
 911.0964   961.6382  293.5921 -999.9000   80.0739   14.4362    0.3605   92.0428
 894.7070  1118.5176  292.6427 -999.9000   80.0759   14.3064    1.3416   90.9797
 878.5406  1275.3970  292.3328 -999.9000   80.1426   13.3485    2.3459   90.6229
 862.6769  1432.2764  290.9382 -999.9000   81.0560   13.5129    2.5941   90.4248
 846.9845  1589.1558  289.6780 -999.9000   80.3734   13.9027    4.2142   90.3491
 831.5533  1746.0352  289.3105 -999.9000   80.8482   13.2228    5.1092   90.3950
 816.3570  1902.9146  287.9744 -999.9000   80.7319   11.9693    6.2231   90.4496
 801.3249  2059.7940  286.3612 -999.9000   80.4462   11.5640    6.8515   90.4939
 786.5365  2216.6734  284.9831 -999.9000   80.2850   10.4184    7.6013   90.5367
 771.9169  2373.5528  283.7276 -999.9000   80.6650    8.7627    8.7908   90.5644
 757.5041  2530.4322  282.6479 -999.9000   80.5232    8.5006    9.3169   90.6155
 743.3854  2687.3116  282.0534 -999.9000   77.8679    7.5803    8.1983   90.6080
 729.2940  2844.1910  280.9620 -999.9000   60.4519    5.5688    7.9411   90.6173
 715.5826  3001.0704  279.8997 -999.9000   50.1754    4.3807    9.5034   90.6971
 702.0616  3157.9497  278.7034 -999.9000   51.6527    4.2344   10.7638   90.7782
 688.7126  3314.8291  277.2157 -999.9000   58.9722    4.4448   10.8283   90.8007
 675.5482  3471.7085  275.5807 -999.9000   68.2663    4.6752   11.0498   90.8205
 662.5494  3628.5879  274.0987 -999.9000   74.2043    4.6607   11.6254   90.8487
 649.7305  3785.4673  273.0857 -999.9000   67.3190    4.0055   11.8874   90.8627
 637.1240  3942.3467  272.2309 -999.9000   55.1756    3.1437   11.1734   90.9118
 624.7467  4099.2261  271.2164 -999.9000   50.1930    2.7055    9.5914   91.0167
 612.5275  4256.1055  270.1581 -999.9000   50.1212    2.5464    9.1242   91.0465
 600.5160  4412.9849  269.5541 -999.9000   38.2268    1.8919    9.3700   91.0390
 588.7253  4569.8643  268.9645 -999.9000   22.7711    1.0986    9.5203   91.0433
 577.1128  4726.7437  267.6791 -999.9000   18.1730    0.8108    9.5379   91.0483
 565.6299  4883.6231  266.8533 -999.9000   17.0399    0.7276    9.4690   91.0538
 554.4053  5040.5025  266.3040 -999.9000   13.5027    0.5634    8.7504   91.1400
 543.3471  5197.3819  265.6438 -999.9000   12.8426    0.5190    7.9442   91.2153
 532.4739  5354.2613  264.6358 -999.9000   22.2075    0.8459    8.3244   91.2112
 521.8251  5511.1407  263.6078 -999.9000   24.0539    0.8613    9.0569   91.1806
 511.3144  5668.0201  262.8389 -999.9000   14.1029    0.4842    9.7174   91.1583
 500.9731  5824.8995  261.5211 -999.9000   12.9868    0.4090   10.4018   91.1344
 490.8286  5981.7789  259.9344 -999.9000   18.4200    0.5200   10.5423   91.1143
 480.7236  6138.6583  258.8467 -999.9000   29.2604    0.7703   10.8654   91.0832
 470.8214  6295.5377  257.5857 -999.9000   31.5264    0.7621   10.9555   91.0728
 461.0900  6452.4171  256.1859 -999.9000   30.8596    0.6762   10.6734   90.9894
 451.4963  6609.2965  254.9127 -999.9000   32.0342    0.6422    9.6653   90.8335
 442.0676  6766.1759  253.8646 -999.9000   32.6089    0.6091    8.7789   90.7116
 432.8253  6923.0553  252.9264 -999.9000   32.3249    0.5674    9.6973   90.6964
 423.7241  7079.9347  251.5427 -999.9000   36.0303    0.5712   10.5918   90.7318
 414.7432  7236.8141  249.8597 -999.9000   41.2546    0.5742   10.4081   90.7585
 405.9174  7393.6935  248.8854 -999.9000   31.8388    0.4138   10.6594   90.7794
 397.1974  7550.5729  247.6179 -999.9000   27.2521    0.3219   10.9544   90.7881
 388.6475  7707.4523  246.2430 -999.9000   31.1739    0.3308   11.1304   90.8405
 380.2876  7864.3317  245.2437 -999.9000   34.8217    0.3433   11.4002   90.9010
 372.0784  8021.2111  244.4415 -999.9000   39.0888    0.3645   11.5889   90.8924
 363.9826  8178.0905  243.6619 -999.9000   45.2103    0.3994   11.5416   90.7526
 356.0087  8334.9698  242.8208 -999.9000   54.4435    0.4529   11.5686   90.7678
 348.2042  8491.8492  241.9368 -999.9000   60.5629    0.5188   12.2163   91.3797
 340.5609  8648.7286  241.0925 -999.9000   64.9496    0.5272   12.4969   91.7004
 333.0575  8805.6080  240.2376 -999.9000   65.5552    0.4852   12.4878   91.6152
 325.6771  8962.4874  239.2715 -999.9000   64.9801    0.4338   12.8343   91.4555
 318.4095  9119.3668  238.0778 -999.9000   65.7684    0.3977   13.8047   91.4682
 311.2701  9276.2462  236.4466 -999.9000   60.6675    0.3338   14.0125   91.4746
 304.2599  9433.1256  234.8795 -999.9000   55.4896    0.2938   14.2844   91.4194
 297.3812  9590.0050  233.7982 -999.9000   50.6501    0.2688   14.8116   91.3896
 290.6045  9746.8844  232.5531 -999.9000   45.4470    0.2331   15.1821   91.3805
 283.9369  9903.7638  231.1564 -999.9000   45.7460    0.2031   15.5980   91.3479
 277.3870 10060.6432  229.6535 -999.9000   45.5981    0.1789   16.0210   91.3074
 270.9631 10217.5226  228.0842 -999.9000   45.5370    0.1538   16.3182   91.2950
 264.6694 10374.4020  226.5224 -999.9000   45.6487    0.1244   16.3988   91.3378
 258.4744 10531.2814  225.2749 -999.9000   45.1598    0.1097   16.5630   91.3756
 252.3757 10688.1608  224.2237 -999.9000   45.4784    0.1034   16.8391   91.3933
 246.3812 10845.0402  223.1396 -999.9000   40.2059    0.0916   17.1446   91.3978
 240.4896 11001.9196  221.9151 -999.9000   35.6552    0.0742   17.4259   91.3965
 234.6950 11158.7990  220.5457 -999.9000   35.9116    0.0604   17.6537   91.3968
 229.0082 11315.6784  219.1284 -999.9000   35.4586    0.0528   17.8229   91.3986
 223.4492 11472.5578  217.8112 -999.9000   34.9348    0.0500   17.9408   91.3982
 218.0236 11629.4372  216.5710 -999.9000   30.0966    0.0480   17.7263   91.4126
 212.6609 11786.3166  214.8591 -999.9000   25.5848    0.0350   16.0298   91.5070
 207.3913 11943.1960  213.9873 -999.9000   23.7550    0.0295   14.8319   91.4951
 202.2510 12100.0754  214.6507 -999.9000   17.9958    0.0410   14.5050   91.5711
 197.2536 12256.9548  216.0078 -999.9000    9.0943    0.0304   12.4802   92.1270
 192.4469 12413.8342  218.3578 -999.9000    2.6447    0.0062   12.9032   91.9985
 187.8076 12570.7136  218.1300 -999.9000    0.2370    0.0003   13.1161   91.9213
 183.2603 12727.5930  216.8494 -999.9000    0.2956    0.0003   12.7920   91.8946
 178.8033 12884.4724  216.3910 -999.9000    0.0000    0.0000   12.5255   91.8603
 174.4458 13041.3518  216.7489 -999.9000    0.0133    0.0000   12.6239   91.7991
 170.1876 13198.2312  216.9293 -999.9000    0.0000    0.0000   13.1140   91.6668
 166.0391 13355.1106  217.0534 -999.9000    0.0000    0.0000   13.6988   91.5392
 162.0101 13511.9899  216.6341 -999.9000    0.0002    0.0000   13.9636   91.4198
 158.0706 13668.8693  215.6079 -999.9000    0.0000    0.0000   13.5476   91.3880
 154.1974 13825.7487  214.6948 -999.9000    0.0000    0.0000   12.3554   91.4693
 150.4126 13982.6281  214.5905 -999.9000    0.0000    0.0000   10.4131   91.5650
 146.7292 14139.5075  215.4848 -999.9000    0.0000    0.0000   10.3095   91.5673
 143.1108 14296.3869  213.6765 -999.9000    0.0000    0.0000   10.2064   91.5696
 139.5597 14453.2663  216.0682 -999.9000    0.0000    0.0000   10.1559   91.5684
 136.1266 14610.1457  213.7114 -999.9000    0.0000    0.0000   10.1332   91.5540
 132.7619 14767.0251  212.8264 -999.9000    0.0000    0.0000   10.1194   91.5347
 129.4754 14923.9045  213.8159 -999.9000    0.0000    0.0000   10.1081   91.5197
 126.2897 15080.7839  214.9221 -999.9000    0.0000    0.0000   10.0900   91.5108
 123.1790 15237.6633  216.1566 -999.9000    0.0000    0.0000   10.1029   91.4644
 120.1481 15394.5427  216.6427 -999.9000    0.0000    0.0000    9.9600   91.3748
 117.2138 15551.4221  216.0168 -999.9000    0.0000    0.0000    9.6012   91.2661
 114.3435 15708.3015  215.9452 -999.9000    0.0000    0.0000    9.2835   91.1464
 111.5416 15865.1809  215.7287 -999.9000    0.0000    0.0000    8.7087   91.1933
 108.8149 16022.0603  217.0718 -999.9000    0.0000    0.0000    7.9025   91.4869
 106.1648 16178.9397  217.1580 -999.9000    0.0000    0.0000    7.4505   91.3484
 103.5767 16335.8191  216.8248 -999.9000    0.0000    0.0000    6.0306   91.9971
 101.0524 16492.6985  218.9040 -999.9000    0.0000    0.0000    1.5643   90.4089
  98.6148 16649.5779  217.5460 -999.9000    0.0000    0.0000    0.8004   90.4014
  96.2203 16806.4573  216.8392 -999.9000    0.0000    0.0000    0.0152   87.2598
  93.8688 16963.3367  216.1555 -999.9000    0.0000    0.0000    1.0770   90.4014
  91.5836 17120.2161  216.0657 -999.9000    0.0000    0.0000    1.9533   90.4014
  89.3567 17277.0955  216.0726 -999.9000    0.0000    0.0000    2.5939   90.4014
  87.1784 17433.9749  215.6279 -999.9000    0.0000    0.0000    3.2951   90.3927
  85.0453 17590.8543  214.8433 -999.9000    0.0000    0.0000    4.2231   90.0754
  82.9608 17747.7337  214.5418 -999.9000    0.0000    0.0000    5.4041   90.9865
  80.9282 17904.6131  215.2066 -999.9000    0.0000    0.0000    6.5542   90.6807
  78.9484 18061.4925  215.8679 -999.9000    0.0000    0.0000    6.4448   90.4907
  77.0217 18218.3719  216.5561 -999.9000    0.0000    0.0000    5.4798   90.6714
  75.1483 18375.2513  217.6287 -999.9000    0.0000    0.0000    4.5141   90.9237
  73.3271 18532.1307  218.7440 -999.9000    0.0000    0.0000    3.8787   91.0464
  71.5556 18689.0101  218.8824 -999.9000    0.0000    0.0000    3.3960   90.9336
  69.8260 18845.8894  217.7793 -999.9000    0.0000    0.0000    2.7601   91.0562
  68.1227 19002.7688  217.5012 -999.9000    0.0000    0.0000    1.6047   91.7656
  66.4601 19159.6482  217.8633 -999.9000    0.0000    0.0000    0.5611   89.5288
  64.8418 19316.5276  218.3593 -999.9000    0.0000    0.0000    0.2396   87.4851
  63.2670 19473.4070  218.7756 -999.9000    0.0000    0.0000    0.7709   87.9468
  61.7318 19630.2864  219.3505 -999.9000    0.0000    0.0000    1.3469   88.3028
  60.2355 19787.1658  219.5777 -999.9000    0.0000    0.0000    2.0813   88.5476
  58.7762 19944.0452  219.2973 -999.9000    0.0000    0.0000    2.9146   88.9105
  57.3501 20100.9246  218.9354 -999.9000    0.0000    0.0000    3.3428   89.0671
  55.9562 20257.8040  218.6865 -999.9000    0.0000    0.0000    3.2692   88.9446
  54.5968 20414.6834  218.4709 -999.9000    0.0000    0.0000    3.0593   88.7725
  53.2731 20571.5628  218.4408 -999.9000    0.0000    0.0000    2.8768   88.6461
  51.9860 20728.4422  218.9071 -999.9000    0.0000    0.0000    2.7390   88.5640
  50.7361 20885.3216  220.1834 -999.9000    0.0000    0.0000    2.6607   88.5228
  49.5229 21042.2010  221.9811 -999.9000    0.0000    0.0000    2.6257   88.5126
  48.3394 21199.0804  221.3905 -999.9000    0.0000    0.0000    2.9840   88.5757
  47.1874 21355.9598  221.4877 -999.9000    0.0000    0.0000    4.1346   88.7747
  46.0647 21512.8392  221.9105 -999.9000    0.0000    0.0000    5.1928   88.9472
  44.9691 21669.7186  222.1798 -999.9000    0.0000    0.0000    5.4257   88.9570
  43.8989 21826.5980  222.2324 -999.9000    0.0000    0.0000    5.0654   88.8369
  42.8525 21983.4774  222.1286 -999.9000    0.0000    0.0000    4.6277   88.6697
  41.8295 22140.3568  221.9164 -999.9000    0.0000    0.0000    4.4013   88.5214
  40.8309 22297.2362  221.6237 -999.9000    0.0000    0.0000    4.3234   88.4316
  39.8584 22454.1156  221.2797 -999.9000    0.0000    0.0000    4.3018   88.4374
  38.9104 22610.9950  221.7108 -999.9000    0.0000    0.0000    4.4837   88.5046
  37.9838 22767.8744  223.0101 -999.9000    0.0000    0.0000    4.9252   88.5579
  37.0791 22924.7538  223.7412 -999.9000    0.0000    0.0000    5.2943   88.6106
  36.1962 23081.6332  223.8727 -999.9000    0.0000    0.0000    5.5747   88.6649
  35.3349 23238.5126  223.6223 -999.9000    0.0000    0.0000    5.8053   88.7211
  34.4951 23395.3920  223.2073 -999.9000    0.0000    0.0000    6.0256   88.7793
  33.6765 23552.2714  222.8453 -999.9000    0.0000    0.0000    6.2747   88.8396
  32.8792 23709.1508  222.7537 -999.9000    0.0000    0.0000    6.5921   88.9021
  32.1025 23866.0302  223.0743 -999.9000    0.0000    0.0000    6.9897   88.9664
  31.3447 24022.9095  223.6692 -999.9000    0.0000    0.0000    7.3789   89.0294
  30.6036 24179.7889  224.3364 -999.9000    0.0000    0.0000    7.6481   89.0878
  29.8779 24336.6683  224.8480 -999.9000    0.0000    0.0000    7.7051   89.1301
  29.1715 24493.5477  224.9146 -999.9000    0.0000    0.0000    7.6540   89.0898
  28.4842 24650.4271  224.7839 -999.9000    0.0000    0.0000    7.5470   88.9796
  27.8138 24807.3065  224.8243 -999.9000    0.0000    0.0000    7.3981   88.8366
  27.1583 24964.1859  225.4028 -999.9000    0.0000    0.0000    7.2208   88.6979
  26.5173 25121.0653  226.5805 -999.9000    0.0000    0.0000    7.0358   88.5852
  25.8939 25277.9447  227.7695 -999.9000    0.0000    0.0000    6.8781   88.4883
  25.2914 25434.8241  228.2991 -999.9000    0.0000    0.0000    6.7846   88.3927
  24.7096 25591.7035  227.8032 -999.9000    0.0000    0.0000    6.8367   88.3136
  24.1354 25748.5829  227.2672 -999.9000    0.0000    0.0000    7.1956   88.3442
  23.5706 25905.4623  227.0242 -999.9000    0.0000    0.0000    7.7637   88.4419
  23.0189 26062.3417  227.2834 -999.9000    0.0000    0.0000    8.4162   88.5480
  22.4826 26219.2211  228.1102 -999.9000    0.0000    0.0000    9.0528   88.6216
  21.9608 26376.1005  229.1989 -999.9000    0.0000    0.0000    9.6351   88.6692
  21.4521 26532.9799  230.1848 -999.9000    0.0000    0.0000   10.1350   88.7041
  20.9548 26689.8593  230.7028 -999.9000    0.0000    0.0000   10.5243   88.7401
  20.4676 26846.7387  230.3884 -999.9000    0.0000    0.0000   10.7746   88.7908
  19.9891 27003.6181  228.9120 -999.9000    0.0000    0.0000   10.8510   88.8671
  19.5243 27160.4975  227.9951 -999.9000    0.0000    0.0000   10.3917   88.8331
  19.0752 27317.3769  228.4251 -999.9000    0.0000    0.0000    9.4689   88.6652
  18.6391 27474.2563  229.6218 -999.9000    0.0000    0.0000    8.4773   88.4541
  18.2135 27631.1357  231.0051 -999.9000    0.0000    0.0000    7.8117   88.2905
  17.7959 27788.0151  232.0036 -999.9000    0.0000    0.0000    7.8436   88.2601
  17.3864 27944.8945  232.2705 -999.9000    0.0000    0.0000    8.3943   88.3267
  16.9866 28101.7739  231.8320 -999.9000    0.0000    0.0000    8.9828   88.3867
  16.5963 28258.6533  230.9848 -999.9000    0.0000    0.0000    9.5746   88.4341
  16.2153 28415.5327  230.0531 -999.9000    0.0000    0.0000   10.1842   88.4734
  15.8432 28572.4121  229.3605 -999.9000    0.0000    0.0000   10.8265   88.5095
  15.4798 28729.2915  229.2251 -999.9000    0.0000    0.0000   11.5141   88.5468
  15.1246 28886.1709  229.6082 -999.9000    0.0000    0.0000   12.1448   88.5881
  14.7769 29043.0503  229.9530 -999.9000    0.0000    0.0000   12.4550   88.6333
  14.4368 29199.9296  230.0957 -999.9000    0.0000    0.0000   12.3802   88.6841
  14.1043 29356.8090  230.1739 -999.9000    0.0000    0.0000   12.0017   88.7433
  13.7798 29513.6884  230.3311 -999.9000    0.0000    0.0000   11.4044   88.8140
  13.4633 29670.5678  230.7108 -999.9000    0.0000    0.0000   10.6727   88.8992
  13.1552 29827.4472  231.4565 -999.9000    0.0000    0.0000    9.8911   89.0018
  12.8555 29984.3266  232.6550 -999.9000    0.0000    0.0000    9.1423   89.1215
  12.5638 30141.2060  233.9938 -999.9000    0.0000    0.0000    8.4944   89.2343
  12.2794 30298.0854  234.9911 -999.9000    0.0000    0.0000    8.0095   89.3059
  12.0018 30454.9648  235.1646 -999.9000    0.0000    0.0000    7.7501   89.3022
  11.7304 30611.8442  234.2862 -999.9000    0.0000    0.0000    7.7371   89.2026
  11.4650 30768.7236  233.1679 -999.9000    0.0000    0.0000    7.8256   89.0420
  11.2056 30925.6030  232.8862 -999.9000    0.0000    0.0000    7.8280   88.8691
  10.9522 31082.4824  234.0930 -999.9000    0.0000    0.0000    7.6243   88.7216
  10.7056 31239.3618  235.6283 -999.9000    0.0000    0.0000    7.3839   88.5894
  10.4661 31396.2412  236.1740 -999.9000    0.0000    0.0000    7.3040   88.4534
  10.2318 31553.1206  235.8103 -999.9000    0.0000    0.0000    7.3702   88.3118
  10.0000 31710.0000  234.9921 -999.9000    0.0000    0.0000    7.5118   88.1674
