# 06610 LSMP Payerne Observations at 12Z 30 Jul 2008
# Radiosonde file generated by raso.rb
#
  P [hPa],     Z [m],    T [K],   Td [K],   RH [%], r [g/kg], WS [m/s], WD [deg]
 962.0000   491.0000  298.2399 -999.9000   66.1787   13.6900    1.8748   93.0543
 944.6891   647.8794  296.2165 -999.9000   67.7457   12.6302    4.3758   92.6754
 927.6873   804.7588  294.8612 -999.9000   79.4915   13.9071    2.0469   92.9144
 911.0964   961.6382  293.6030 -999.9000   79.9574   14.4362    0.3111   92.0428
 894.7070  1118.5176  292.6977 -999.9000   79.9631   14.3064    1.2983   90.9797
 878.5406  1275.3970  292.4299 -999.9000   80.0331   13.3485    2.3129   90.6229
 862.6769  1432.2764  291.0753 -999.9000   80.9484   13.5129    2.5751   90.4248
 846.9845  1589.1558  289.8530 -999.9000   80.2695   13.9027    4.2127   90.3491
 831.5533  1746.0352  289.5214 -999.9000   80.7463   13.2228    5.1285   90.3950
 816.3570  1902.9146  288.2192 -999.9000   80.6323   11.9693    6.2661   90.4496
 801.3249  2059.7940  286.6377 -999.9000   80.3489   11.5640    6.9209   90.4939
 786.5365  2216.6734  285.2894 -999.9000   80.1897   10.4184    7.6995   90.5367
 771.9169  2373.5528  284.0616 -999.9000   80.5708    8.7627    8.9200   90.5644
 757.5041  2530.4322  283.0077 -999.9000   80.4306    8.5006    9.4789   90.6155
 743.3854  2687.3116  282.4370 -999.9000   77.7796    7.5803    8.3947   90.6080
 729.2940  2844.1910  281.3674 -999.9000   60.3841    5.5688    8.1733   90.6173
 715.5826  3001.0704  280.3250 -999.9000   50.1198    4.3807    9.7725   90.6971
 702.0616  3157.9497  279.1467 -999.9000   51.5960    4.2344   11.0704   90.7782
 688.7126  3314.8291  277.6749 -999.9000   58.9081    4.4448   11.1730   90.8007
 675.5482  3471.7085  276.0541 -999.9000   68.1928    4.6752   11.4329   90.8205
 662.5494  3628.5879  274.5842 -999.9000   74.1251    4.6607   12.0467   90.8487
 649.7305  3785.4673  273.5816 -999.9000   67.2478    4.0055   12.3467   90.8627
 637.1240  3942.3467  272.7352 -999.9000   55.1177    3.1437   11.6701   90.9118
 624.7467  4099.2261  271.7272 -999.9000   50.1408    2.7055   10.1247   91.0167
 612.5275  4256.1055  270.6737 -999.9000   50.0696    2.5464    9.6929   91.0465
 600.5160  4412.9849  270.0726 -999.9000   38.1879    1.8919    9.9727   91.0390
 588.7253  4569.8643  269.4841 -999.9000   22.7482    1.0986   10.1553   91.0433
 577.1128  4726.7437  268.1980 -999.9000   18.1550    0.8108   10.2034   91.0483
 565.6299  4883.6231  267.3695 -999.9000   17.0232    0.7276   10.1627   91.0538
 554.4053  5040.5025  266.8160 -999.9000   13.4898    0.5634    9.4698   91.1400
 543.3471  5197.3819  266.1496 -999.9000   12.8305    0.5190    8.6866   91.2153
 532.4739  5354.2613  265.1338 -999.9000   22.1871    0.8459    9.0867   91.2112
 521.8251  5511.1407  264.0962 -999.9000   24.0324    0.8613    9.8358   91.1806
 511.3144  5668.0201  263.3160 -999.9000   14.0906    0.4842   10.5093   91.1583
 500.9731  5824.8995  261.9851 -999.9000   12.9760    0.4090   11.2028   91.1344
 490.8286  5981.7789  260.3837 -999.9000   18.4052    0.5200   11.3484   91.1143
 480.7236  6138.6583  259.2796 -999.9000   29.2381    0.7703   11.6721   91.0832
 470.8214  6295.5377  258.0004 -999.9000   31.5037    0.7621   11.7582   91.0728
 461.0900  6452.4171  256.5808 -999.9000   30.8388    0.6762   11.4671   90.9894
 451.4963  6609.2965  255.2862 -999.9000   32.0142    0.6422   10.4448   90.8335
 442.0676  6766.1759  254.2151 -999.9000   32.5903    0.6091    9.5387   90.7116
 432.8253  6923.0553  253.2521 -999.9000   32.3085    0.5674   10.4317   90.6964
 423.7241  7079.9347  251.8421 -999.9000   36.0144    0.5712   11.2947   90.7318
 414.7432  7236.8141  250.1312 -999.9000   41.2394    0.5742   11.0732   90.7585
 405.9174  7393.6935  249.1274 -999.9000   31.8295    0.4138   11.2802   90.7794
 397.1974  7550.5729  247.8288 -999.9000   27.2464    0.3219   11.5241   90.7881
 388.6475  7707.4523  246.4215 -999.9000   31.1702    0.3308   11.6426   90.8405
 380.2876  7864.3317  245.3886 -999.9000   34.8209    0.3433   11.8494   90.9010
 372.0784  8021.2111  244.5521 -999.9000   39.0916    0.3645   11.9702   90.8924
 363.9826  8178.0905  243.7376 -999.9000   45.2181    0.3994   11.8508   90.7526
 356.0087  8334.9698  242.8613 -999.9000   54.4585    0.4529   11.8024   90.7678
 348.2042  8491.8492  241.9420 -999.9000   60.5859    0.5188   12.3720   91.3797
 340.5609  8648.7286  241.0627 -999.9000   64.9810    0.5272   12.5727   91.7004
 333.0575  8805.6080  240.1732 -999.9000   65.5937    0.4852   12.4825   91.6152
 325.6771  8962.4874  239.1732 -999.9000   65.0250    0.4338   12.7475   91.4555
 318.4095  9119.3668  237.9468 -999.9000   65.8203    0.3977   13.6366   91.4682
 311.2701  9276.2462  236.2841 -999.9000   60.7212    0.3338   13.7642   91.4746
 304.2599  9433.1256  234.6872 -999.9000   55.5439    0.2938   13.9578   91.4194
 297.3812  9590.0050  233.5777 -999.9000   50.7041    0.2688   14.4091   91.3896
 290.6045  9746.8844  232.3066 -999.9000   45.4992    0.2331   14.7071   91.3805
 283.9369  9903.7638  230.8862 -999.9000   45.8019    0.2031   15.0544   91.3479
 277.3870 10060.6432  229.3623 -999.9000   45.6570    0.1789   15.4137   91.3074
 270.9631 10217.5226  227.7748 -999.9000   45.5985    0.1538   15.6525   91.2950
 264.6694 10374.4020  226.1980 -999.9000   45.7126    0.1244   15.6810   91.3378
 258.4744 10531.2814  224.9389 -999.9000   45.2249    0.1097   15.8002   91.3756
 252.3757 10688.1608  223.8797 -999.9000   45.5452    0.1034   16.0388   91.3933
 246.3812 10845.0402  222.7917 -999.9000   40.2656    0.0916   16.3155   91.3978
 240.4896 11001.9196  221.5674 -999.9000   35.7084    0.0742   16.5770   91.3965
 234.6950 11158.7990  220.2023 -999.9000   35.9648    0.0604   16.7939   91.3968
 229.0082 11315.6784  218.7932 -999.9000   35.5105    0.0528   16.9608   91.3986
 223.4492 11472.5578  217.4878 -999.9000   34.9848    0.0500   17.0841   91.3982
 218.0236 11629.4372  216.2626 -999.9000   30.1385    0.0480   16.8822   91.4126
 212.6609 11786.3166  214.5688 -999.9000   25.6191    0.0350   15.2049   91.5070
 207.3913 11943.1960  213.7179 -999.9000   23.7855    0.0295   14.0323   91.4951
 202.2510 12100.0754  214.4047 -999.9000   18.0177    0.0410   13.7359   91.5711
 197.2536 12256.9548  215.7874 -999.9000    9.1047    0.0304   11.7464   92.1270
 192.4469 12413.8342  218.1650 -999.9000    2.6475    0.0062   12.2089   91.9985
 187.8076 12570.7136  217.9665 -999.9000    0.2372    0.0003   12.4648   91.9213
 183.2603 12727.5930  216.7165 -999.9000    0.2958    0.0003   12.1867   91.8946
 178.8033 12884.4724  216.2899 -999.9000    0.0000    0.0000   11.9685   91.8603
 174.4458 13041.3518  216.6806 -999.9000    0.0133    0.0000   12.1169   91.7991
 170.1876 13198.2312  216.8944 -999.9000    0.0000    0.0000   12.6582   91.6668
 166.0391 13355.1106  217.0521 -999.9000    0.0000    0.0000   13.2945   91.5392
 162.0101 13511.9899  216.6666 -999.9000    0.0002    0.0000   13.6108   91.4198
 158.0706 13668.8693  215.6740 -999.9000    0.0000    0.0000   13.2455   91.3880
 154.1974 13825.7487  214.7940 -999.9000    0.0000    0.0000   12.1028   91.4693
 150.4126 13982.6281  214.7221 -999.9000    0.0000    0.0000   10.2079   91.5650
 146.7292 14139.5075  215.6478 -999.9000    0.0000    0.0000   10.1493   91.5673
 143.1108 14296.3869  213.8696 -999.9000    0.0000    0.0000   10.0879   91.5696
 139.5597 14453.2663  216.2900 -999.9000    0.0000    0.0000   10.0755   91.5684
 136.1266 14610.1457  213.9601 -999.9000    0.0000    0.0000   10.0869   91.5540
 132.7619 14767.0251  213.1005 -999.9000    0.0000    0.0000   10.1036   91.5347
 129.4754 14923.9045  214.1140 -999.9000    0.0000    0.0000   10.1195   91.5197
 126.2897 15080.7839  215.2426 -999.9000    0.0000    0.0000   10.1255   91.5108
 123.1790 15237.6633  216.4984 -999.9000    0.0000    0.0000   10.1597   91.4644
 120.1481 15394.5427  217.0044 -999.9000    0.0000    0.0000   10.0356   91.3748
 117.2138 15551.4221  216.3972 -999.9000    0.0000    0.0000    9.6934   91.2661
 114.3435 15708.3015  216.3433 -999.9000    0.0000    0.0000    9.3903   91.1464
 111.5416 15865.1809  216.1432 -999.9000    0.0000    0.0000    8.8285   91.1933
 108.8149 16022.0603  217.5019 -999.9000    0.0000    0.0000    8.0337   91.4869
 106.1648 16178.9397  217.6028 -999.9000    0.0000    0.0000    7.5922   91.3484
 103.5767 16335.8191  217.2834 -999.9000    0.0000    0.0000    6.1818   91.9971
 101.0524 16492.6985  219.3756 -999.9000    0.0000    0.0000    1.7244   90.4089
  98.6148 16649.5779  218.0300 -999.9000    0.0000    0.0000    0.9692   90.4014
  96.2203 16806.4573  217.3348 -999.9000    0.0000    0.0000    0.1622   90.4014
  93.8688 16963.3367  216.6622 -999.9000    0.0000    0.0000    1.2634   90.4014
  91.5836 17120.2161  216.5830 -999.9000    0.0000    0.0000    2.1491   90.4014
  89.3567 17277.0955  216.6002 -999.9000    0.0000    0.0000    2.7998   90.4014
  87.1784 17433.9749  216.1654 -999.9000    0.0000    0.0000    3.5123   90.3927
  85.0453 17590.8543  215.3904 -999.9000    0.0000    0.0000    4.4529   90.0754
  82.9608 17747.7337  215.0983 -999.9000    0.0000    0.0000    5.6482   90.9865
  80.9282 17904.6131  215.7724 -999.9000    0.0000    0.0000    6.8144   90.6807
  78.9484 18061.4925  216.4427 -999.9000    0.0000    0.0000    6.7231   90.4907
  77.0217 18218.3719  217.1397 -999.9000    0.0000    0.0000    5.7777   90.6714
  75.1483 18375.2513  218.2205 -999.9000    0.0000    0.0000    4.8329   90.9237
  73.3271 18532.1307  219.3434 -999.9000    0.0000    0.0000    4.2194   91.0464
  71.5556 18689.0101  219.4885 -999.9000    0.0000    0.0000    3.7593   90.9336
  69.8260 18845.8894  218.3912 -999.9000    0.0000    0.0000    3.1463   91.0562
  68.1227 19002.7688  218.1177 -999.9000    0.0000    0.0000    2.0138   91.7656
  66.4601 19159.6482  218.4832 -999.9000    0.0000    0.0000    0.9927   89.5288
  64.8418 19316.5276  218.9810 -999.9000    0.0000    0.0000    0.6933   87.4851
  63.2670 19473.4070  219.3976 -999.9000    0.0000    0.0000    1.2457   87.9468
  61.7318 19630.2864  219.9708 -999.9000    0.0000    0.0000    1.8415   88.3028
  60.2355 19787.1658  220.1946 -999.9000    0.0000    0.0000    2.5941   88.5476
  58.7762 19944.0452  219.9085 -999.9000    0.0000    0.0000    3.4438   88.9105
  57.3501 20100.9246  219.5387 -999.9000    0.0000    0.0000    3.8864   89.0671
  55.9562 20257.8040  219.2794 -999.9000    0.0000    0.0000    3.8244   88.9446
  54.5968 20414.6834  219.0509 -999.9000    0.0000    0.0000    3.6235   88.7725
  53.2731 20571.5628  219.0050 -999.9000    0.0000    0.0000    3.4468   88.6461
  51.9860 20728.4422  219.4526 -999.9000    0.0000    0.0000    3.3113   88.5640
  50.7361 20885.3216  220.7071 -999.9000    0.0000    0.0000    3.2315   88.5228
  49.5229 21042.2010  222.4798 -999.9000    0.0000    0.0000    3.1909   88.5126
  48.3394 21199.0804  221.8608 -999.9000    0.0000    0.0000    3.5393   88.5757
  47.1874 21355.9598  221.9259 -999.9000    0.0000    0.0000    4.6753   88.7747
  46.0647 21512.8392  222.3131 -999.9000    0.0000    0.0000    5.7142   88.9472
  44.9691 21669.7186  222.5436 -999.9000    0.0000    0.0000    5.9234   88.9570
  43.8989 21826.5980  222.5545 -999.9000    0.0000    0.0000    5.5356   88.8369
  42.8525 21983.4774  222.4064 -999.9000    0.0000    0.0000    5.0670   88.6697
  41.8295 22140.3568  222.1476 -999.9000    0.0000    0.0000    4.8067   88.5214
  40.8309 22297.2362  221.8066 -999.9000    0.0000    0.0000    4.6925   88.4316
  39.8584 22454.1156  221.4127 -999.9000    0.0000    0.0000    4.6325   88.4374
  38.9104 22610.9950  221.7927 -999.9000    0.0000    0.0000    4.7745   88.5046
  37.9838 22767.8744  223.0400 -999.9000    0.0000    0.0000    5.1750   88.5579
  37.0791 22924.7538  223.7185 -999.9000    0.0000    0.0000    5.5026   88.6106
  36.1962 23081.6332  223.7973 -999.9000    0.0000    0.0000    5.7411   88.6649
  35.3349 23238.5126  223.4945 -999.9000    0.0000    0.0000    5.9302   88.7211
  34.4951 23395.3920  223.0275 -999.9000    0.0000    0.0000    6.1098   88.7793
  33.6765 23552.2714  222.6143 -999.9000    0.0000    0.0000    6.3193   88.8396
  32.8792 23709.1508  222.4726 -999.9000    0.0000    0.0000    6.5988   88.9021
  32.1025 23866.0302  222.7447 -999.9000    0.0000    0.0000    6.9606   88.9664
  31.3447 24022.9095  223.2930 -999.9000    0.0000    0.0000    7.3166   89.0294
  30.6036 24179.7889  223.9157 -999.9000    0.0000    0.0000    7.5556   89.0878
  29.8779 24336.6683  224.3855 -999.9000    0.0000    0.0000    7.5859   89.1301
  29.1715 24493.5477  224.4130 -999.9000    0.0000    0.0000    7.5120   89.0898
  28.4842 24650.4271  224.2465 -999.9000    0.0000    0.0000    7.3868   88.9796
  27.8138 24807.3065  224.2547 -999.9000    0.0000    0.0000    7.2245   88.8366
  27.1583 24964.1859  224.8047 -999.9000    0.0000    0.0000    7.0388   88.6979
  26.5173 25121.0653  225.9576 -999.9000    0.0000    0.0000    6.8503   88.5852
  25.8939 25277.9447  227.1255 -999.9000    0.0000    0.0000    6.6936   88.4883
  25.2914 25434.8241  227.6376 -999.9000    0.0000    0.0000    6.6052   88.3927
  24.7096 25591.7035  227.1277 -999.9000    0.0000    0.0000    6.6663   88.3136
  24.1354 25748.5829  226.5811 -999.9000    0.0000    0.0000    7.0376   88.3442
  23.5706 25905.4623  226.3309 -999.9000    0.0000    0.0000    7.6213   88.4419
  23.0189 26062.3417  226.5861 -999.9000    0.0000    0.0000    8.2923   88.5480
  22.4826 26219.2211  227.4122 -999.9000    0.0000    0.0000    8.9497   88.6216
  21.9608 26376.1005  228.5033 -999.9000    0.0000    0.0000    9.5550   88.6692
  21.4521 26532.9799  229.4946 -999.9000    0.0000    0.0000   10.0798   88.7041
  20.9548 26689.8593  230.0211 -999.9000    0.0000    0.0000   10.4954   88.7401
  20.4676 26846.7387  229.7181 -999.9000    0.0000    0.0000   10.7732   88.7908
  19.9891 27003.6181  228.2558 -999.9000    0.0000    0.0000   10.8779   88.8671
  19.5243 27160.4975  227.3559 -999.9000    0.0000    0.0000   10.4474   88.8331
  19.0752 27317.3769  227.8056 -999.9000    0.0000    0.0000    9.5535   88.6652
  18.6391 27474.2563  229.0246 -999.9000    0.0000    0.0000    8.5907   88.4541
  18.2135 27631.1357  230.4327 -999.9000    0.0000    0.0000    7.9532   88.2905
  17.7959 27788.0151  231.4585 -999.9000    0.0000    0.0000    8.0124   88.2601
  17.3864 27944.8945  231.7550 -999.9000    0.0000    0.0000    8.5893   88.3267
  16.9866 28101.7739  231.3485 -999.9000    0.0000    0.0000    9.2024   88.3867
  16.5963 28258.6533  230.5355 -999.9000    0.0000    0.0000    9.8170   88.4341
  16.2153 28415.5327  229.6402 -999.9000    0.0000    0.0000   10.4472   88.4734
  15.8432 28572.4121  228.9861 -999.9000    0.0000    0.0000   11.1075   88.5095
  15.4798 28729.2915  228.8912 -999.9000    0.0000    0.0000   11.8102   88.5468
  15.1246 28886.1709  229.3168 -999.9000    0.0000    0.0000   12.4529   88.5881
  14.7769 29043.0503  229.7059 -999.9000    0.0000    0.0000   12.7716   88.6333
  14.4368 29199.9296  229.8947 -999.9000    0.0000    0.0000   12.7012   88.6841
  14.1043 29356.8090  230.0208 -999.9000    0.0000    0.0000   12.3231   88.7433
  13.7798 29513.6884  230.2275 -999.9000    0.0000    0.0000   11.7217   88.8140
  13.4633 29670.5678  230.6583 -999.9000    0.0000    0.0000   10.9809   88.8992
  13.1552 29827.4472  231.4566 -999.9000    0.0000    0.0000   10.1851   89.0018
  12.8555 29984.3266  232.7091 -999.9000    0.0000    0.0000    9.4164   89.1215
  12.5638 30141.2060  234.1032 -999.9000    0.0000    0.0000    8.7428   89.2343
  12.2794 30298.0854  235.1572 -999.9000    0.0000    0.0000    8.2261   89.3059
  12.0018 30454.9648  235.3885 -999.9000    0.0000    0.0000    7.9282   89.3022
  11.7304 30611.8442  234.5692 -999.9000    0.0000    0.0000    7.8699   89.2026
  11.4650 30768.7236  233.5109 -999.9000    0.0000    0.0000    7.9058   89.0420
  11.2056 30925.6030  233.2902 -999.9000    0.0000    0.0000    7.8482   88.8691
  10.9522 31082.4824  234.5589 -999.9000    0.0000    0.0000    7.5766   88.7216
  10.7056 31239.3618  236.1570 -999.9000    0.0000    0.0000    7.2600   88.5894
  10.4661 31396.2412  236.7662 -999.9000    0.0000    0.0000    7.0954   88.4534
  10.2318 31553.1206  236.4667 -999.9000    0.0000    0.0000    7.0680   88.3118
  10.0000 31710.0000  235.7133 -999.9000    0.0000    0.0000    7.1067   88.1674
