# 06610 LSMP Payerne Observations at 12Z 30 Jul 2008
# Radiosonde file generated by raso.rb
#
  P [hPa],     Z [m],    T [K],   Td [K],   RH [%], r [g/kg], WS [m/s], WD [deg]
 962.0000   491.0000  298.9124 -999.9000   66.2116   13.6900    1.9154   93.0543
 944.6891   647.8794  296.8614 -999.9000   67.7702   12.6302    4.3232   92.6754
 927.6873   804.7588  295.4766 -999.9000   79.5106   13.9071    1.9074   92.9144
 911.0964   961.6382  294.1870 -999.9000   79.9678   14.4362    0.0906   92.0428
 894.7070  1118.5176  293.2487 -999.9000   79.9657   14.3064    1.0029   90.9797
 878.5406  1275.3970  292.9462 -999.9000   80.0288   13.3485    1.9483   90.6229
 862.6769  1432.2764  291.5555 -999.9000   80.9379   13.5129    2.1469   90.4248
 846.9845  1589.1558  290.2958 -999.9000   80.2538   13.9027    3.7263   90.3491
 831.5533  1746.0352  289.9256 -999.9000   80.7261   13.2228    4.5892   90.3950
 816.3570  1902.9146  288.5836 -999.9000   80.6085   11.9693    5.6789   90.4496
 801.3249  2059.7940  286.9616 -999.9000   80.3223   11.5640    6.2909   90.4939
 786.5365  2216.6734  285.5719 -999.9000   80.1608   10.4184    7.0313   90.5367
 771.9169  2373.5528  284.3022 -999.9000   80.5403    8.7627    8.2183   90.5644
 757.5041  2530.4322  283.2057 -999.9000   80.3992    8.5006    8.7481   90.6155
 743.3854  2687.3116  282.5921 -999.9000   77.7488    7.5803    7.6391   90.6080
 729.2940  2844.1910  281.4793 -999.9000   60.3604    5.5688    7.3969   90.6173
 715.5826  3001.0704  280.3936 -999.9000   50.1006    4.3807    8.9793   90.6971
 702.0616  3157.9497  279.1720 -999.9000   51.5770    4.2344   10.2642   90.7782
 688.7126  3314.8291  277.6571 -999.9000   58.8876    4.4448   10.3573   90.8007
 675.5482  3471.7085  275.9934 -999.9000   68.1708    4.6752   10.6112   90.8205
 662.5494  3628.5879  274.4811 -999.9000   74.1034    4.6607   11.2223   90.8487
 649.7305  3785.4673  273.4366 -999.9000   67.2304    4.0055   11.5227   90.8627
 637.1240  3942.3467  272.5490 -999.9000   55.1056    3.1437   10.8495   90.9118
 624.7467  4099.2261  271.5006 -999.9000   50.1319    2.7055    9.3101   91.0167
 612.5275  4256.1055  270.4076 -999.9000   50.0630    2.5464    8.8870   91.0465
 600.5160  4412.9849  269.7680 -999.9000   38.1846    1.8919    9.1779   91.0390
 588.7253  4569.8643  269.1423 -999.9000   22.7474    1.0986    9.3739   91.0433
 577.1128  4726.7437  267.8203 -999.9000   18.1552    0.8108    9.4376   91.0483
 565.6299  4883.6231  266.9575 -999.9000   17.0243    0.7276    9.4143   91.0538
 554.4053  5040.5025  266.3711 -999.9000   13.4914    0.5634    8.7406   91.1400
 543.3471  5197.3819  265.6737 -999.9000   12.8327    0.5190    7.9782   91.2153
 532.4739  5354.2613  264.6287 -999.9000   22.1920    0.8459    8.4005   91.2112
 521.8251  5511.1407  263.5639 -999.9000   24.0390    0.8613    9.1732   91.1806
 511.3144  5668.0201  262.7586 -999.9000   14.0952    0.4842    9.8713   91.1583
 500.9731  5824.8995  261.4049 -999.9000   12.9808    0.4090   10.5905   91.1344
 490.8286  5981.7789  259.7830 -999.9000   18.4130    0.5200   10.7625   91.1143
 480.7236  6138.6583  258.6610 -999.9000   29.2517    0.7703   11.1132   91.0832
 470.8214  6295.5377  257.3667 -999.9000   31.5196    0.7621   11.2267   91.0728
 461.0900  6452.4171  255.9346 -999.9000   30.8556    0.6762   10.9633   90.9894
 451.4963  6609.2965  254.6305 -999.9000   32.0328    0.6422    9.9688   90.8335
 442.0676  6766.1759  253.5529 -999.9000   32.6102    0.6091    9.0905   90.7116
 432.8253  6923.0553  252.5867 -999.9000   32.3291    0.5674   10.0110   90.6964
 423.7241  7079.9347  251.1768 -999.9000   36.0380    0.5712   10.9013   90.7318
 414.7432  7236.8141  249.4693 -999.9000   41.2670    0.5742   10.7064   90.7585
 405.9174  7393.6935  248.4726 -999.9000   31.8511    0.4138   10.9394   90.7794
 397.1974  7550.5729  247.1849 -999.9000   27.2649    0.3219   11.2083   90.7881
 388.6475  7707.4523  245.7919 -999.9000   31.1913    0.3308   11.3510   90.8405
 380.2876  7864.3317  244.7768 -999.9000   34.8440    0.3433   11.5813   90.9010
 372.0784  8021.2111  243.9611 -999.9000   39.1170    0.3645   11.7249   90.8924
 363.9826  8178.0905  243.1703 -999.9000   45.2464    0.3994   11.6278   90.7526
 356.0087  8334.9698  242.3204 -999.9000   54.4910    0.4529   11.6012   90.7678
 348.2042  8491.8492  241.4299 -999.9000   60.6199    0.5188   12.1923   91.3797
 340.5609  8648.7286  240.5817 -999.9000   65.0148    0.5272   12.4143   91.7004
 333.0575  8805.6080  239.7252 -999.9000   65.6248    0.4852   12.3452   91.6152
 325.6771  8962.4874  238.7601 -999.9000   65.0524    0.4338   12.6312   91.4555
 318.4095  9119.3668  237.5700 -999.9000   65.8443    0.3977   13.5415   91.4682
 311.2701  9276.2462  235.9450 -999.9000   60.7396    0.3338   13.6904   91.4746
 304.2599  9433.1256  234.3868 -999.9000   55.5569    0.2938   13.9055   91.4194
 297.3812  9590.0050  233.3170 -999.9000   50.7123    0.2688   14.3787   91.3896
 290.6045  9746.8844  232.0862 -999.9000   45.5031    0.2331   14.6990   91.3805
 283.9369  9903.7638  230.7064 -999.9000   45.8021    0.2031   15.0692   91.3479
 277.3870 10060.6432  229.2233 -999.9000   45.6531    0.1789   15.4520   91.3074
 270.9631 10217.5226  227.6766 -999.9000   45.5905    0.1538   15.7152   91.2950
 264.6694 10374.4020  226.1403 -999.9000   45.7002    0.1244   15.7689   91.3378
 258.4744 10531.2814  224.9213 -999.9000   45.2081    0.1097   15.9141   91.3756
 252.3757 10688.1608  223.9014 -999.9000   45.5236    0.1034   16.1799   91.3933
 246.3812 10845.0402  222.8517 -999.9000   40.2421    0.0916   16.4848   91.3978
 240.4896 11001.9196  221.6647 -999.9000   35.6835    0.0742   16.7758   91.3965
 234.6950 11158.7990  220.3354 -999.9000   35.9357    0.0604   17.0234   91.3968
 229.0082 11315.6784  218.9606 -999.9000   35.4775    0.0528   17.2216   91.3986
 223.4492 11472.5578  217.6880 -999.9000   34.9483    0.0500   17.3767   91.3982
 218.0236 11629.4372  216.4939 -999.9000   30.1035    0.0480   17.2067   91.4126
 212.6609 11786.3166  214.8294 -999.9000   25.5865    0.0350   15.5611   91.5070
 207.3913 11943.1960  214.0058 -999.9000   23.7525    0.0295   14.4196   91.4951
 202.2510 12100.0754  214.7177 -999.9000   17.9909    0.0410   14.1536   91.5711
 197.2536 12256.9548  216.1234 -999.9000    9.0902    0.0304   12.1933   92.1270
 192.4469 12413.8342  218.5215 -999.9000    2.6430    0.0062   12.6834   91.9985
 187.8076 12570.7136  218.3412 -999.9000    0.2368    0.0003   12.9652   91.9213
 183.2603 12727.5930  217.1067 -999.9000    0.2953    0.0003   12.7108   91.8946
 178.8033 12884.4724  216.6929 -999.9000    0.0000    0.0000   12.5139   91.8603
 174.4458 13041.3518  217.0935 -999.9000    0.0133    0.0000   12.6809   91.7991
 170.1876 13198.2312  217.3143 -999.9000    0.0000    0.0000   13.2375   91.6668
 166.0391 13355.1106  217.4758 -999.9000    0.0000    0.0000   13.8860   91.5392
 162.0101 13511.9899  217.0909 -999.9000    0.0002    0.0000   14.2106   91.4198
 158.0706 13668.8693  216.0956 -999.9000    0.0000    0.0000   13.8496   91.3880
 154.1974 13825.7487  215.2093 -999.9000    0.0000    0.0000   12.7068   91.4693
 150.4126 13982.6281  215.1275 -999.9000    0.0000    0.0000   10.8072   91.5650
 146.7292 14139.5075  216.0396 -999.9000    0.0000    0.0000   10.7389   91.5673
 143.1108 14296.3869  214.2439 -999.9000    0.0000    0.0000   10.6624   91.5696
 139.5597 14453.2663  216.6428 -999.9000    0.0000    0.0000   10.6293   91.5684
 136.1266 14610.1457  214.2876 -999.9000    0.0000    0.0000   10.6146   91.5540
 132.7619 14767.0251  213.3990 -999.9000    0.0000    0.0000   10.6001   91.5347
 129.4754 14923.9045  214.3804 -999.9000    0.0000    0.0000   10.5801   91.5197
 126.2897 15080.7839  215.4741 -999.9000    0.0000    0.0000   10.5460   91.5108
 123.1790 15237.6633  216.6922 -999.9000    0.0000    0.0000   10.5365   91.4644
 120.1481 15394.5427  217.1584 -999.9000    0.0000    0.0000   10.3653   91.3748
 117.2138 15551.4221  216.5095 -999.9000    0.0000    0.0000    9.9732   91.2661
 114.3435 15708.3015  216.4123 -999.9000    0.0000    0.0000    9.6178   91.1464
 111.5416 15865.1809  216.1677 -999.9000    0.0000    0.0000    9.0017   91.1933
 108.8149 16022.0603  217.4809 -999.9000    0.0000    0.0000    8.1513   91.4869
 106.1648 16178.9397  217.5357 -999.9000    0.0000    0.0000    7.6530   91.3484
 103.5767 16335.8191  217.1700 -999.9000    0.0000    0.0000    6.1852   91.9971
 101.0524 16492.6985  219.2159 -999.9000    0.0000    0.0000    1.6703   90.4089
  98.6148 16649.5779  217.8244 -999.9000    0.0000    0.0000    0.8579   90.4014
  96.2203 16806.4573  217.0840 -999.9000    0.0000    0.0000    0.0056   87.2598
  93.8688 16963.3367  216.3673 -999.9000    0.0000    0.0000    1.0403   90.4014
  91.5836 17120.2161  216.2453 -999.9000    0.0000    0.0000    1.8724   90.4014
  89.3567 17277.0955  216.2215 -999.9000    0.0000    0.0000    2.4716   90.4014
  87.1784 17433.9749  215.7475 -999.9000    0.0000    0.0000    3.1351   90.3927
  85.0453 17590.8543  214.9358 -999.9000    0.0000    0.0000    4.0297   90.0754
  82.9608 17747.7337  214.6097 -999.9000    0.0000    0.0000    5.1825   90.9865
  80.9282 17904.6131  215.2527 -999.9000    0.0000    0.0000    6.3100   90.6807
  78.9484 18061.4925  215.8951 -999.9000    0.0000    0.0000    6.1841   90.4907
  77.0217 18218.3719  216.5674 -999.9000    0.0000    0.0000    5.2081   90.6714
  75.1483 18375.2513  217.6267 -999.9000    0.0000    0.0000    4.2366   90.9237
  73.3271 18532.1307  218.7313 -999.9000    0.0000    0.0000    3.6002   91.0464
  71.5556 18689.0101  218.8613 -999.9000    0.0000    0.0000    3.1209   90.9336
  69.8260 18845.8894  217.7519 -999.9000    0.0000    0.0000    2.4923   91.0562
  68.1227 19002.7688  217.4695 -999.9000    0.0000    0.0000    1.3477   91.7656
  66.4601 19159.6482  217.8293 -999.9000    0.0000    0.0000    0.3180   89.5288
  64.8418 19316.5276  218.3246 -999.9000    0.0000    0.0000    0.0131   87.4851
  63.2670 19473.4070  218.7418 -999.9000    0.0000    0.0000    0.5633   87.9468
  61.7318 19630.2864  219.3187 -999.9000    0.0000    0.0000    1.1600   88.3028
  60.2355 19787.1658  219.5494 -999.9000    0.0000    0.0000    1.9165   88.5476
  58.7762 19944.0452  219.2732 -999.9000    0.0000    0.0000    2.7730   88.9105
  57.3501 20100.9246  218.9166 -999.9000    0.0000    0.0000    3.2252   89.0671
  55.9562 20257.8040  218.6735 -999.9000    0.0000    0.0000    3.1756   88.9446
  54.5968 20414.6834  218.4644 -999.9000    0.0000    0.0000    2.9895   88.7725
  53.2731 20571.5628  218.4410 -999.9000    0.0000    0.0000    2.8302   88.6461
  51.9860 20728.4422  218.9142 -999.9000    0.0000    0.0000    2.7146   88.5640
  50.7361 20885.3216  220.1974 -999.9000    0.0000    0.0000    2.6569   88.5228
  49.5229 21042.2010  222.0018 -999.9000    0.0000    0.0000    2.6408   88.5126
  48.3394 21199.0804  221.4177 -999.9000    0.0000    0.0000    3.0156   88.5757
  47.1874 21355.9598  221.5209 -999.9000    0.0000    0.0000    4.1801   88.7747
  46.0647 21512.8392  221.9491 -999.9000    0.0000    0.0000    5.2493   88.9472
  44.9691 21669.7186  222.2232 -999.9000    0.0000    0.0000    5.4906   88.9570
  43.8989 21826.5980  222.2800 -999.9000    0.0000    0.0000    5.1360   88.8369
  42.8525 21983.4774  222.1799 -999.9000    0.0000    0.0000    4.7020   88.6697
  41.8295 22140.3568  221.9707 -999.9000    0.0000    0.0000    4.4771   88.5214
  40.8309 22297.2362  221.6806 -999.9000    0.0000    0.0000    4.3988   88.4316
  39.8584 22454.1156  221.3387 -999.9000    0.0000    0.0000    4.3753   88.4374
  38.9104 22610.9950  221.7714 -999.9000    0.0000    0.0000    4.5539   88.5046
  37.9838 22767.8744  223.0718 -999.9000    0.0000    0.0000    4.9909   88.5579
  37.0791 22924.7538  223.8034 -999.9000    0.0000    0.0000    5.3546   88.6106
  36.1962 23081.6332  223.9351 -999.9000    0.0000    0.0000    5.6287   88.6649
  35.3349 23238.5126  223.6844 -999.9000    0.0000    0.0000    5.8526   88.7211
  34.4951 23395.3920  223.2687 -999.9000    0.0000    0.0000    6.0658   88.7793
  33.6765 23552.2714  222.9056 -999.9000    0.0000    0.0000    6.3078   88.8396
  32.8792 23709.1508  222.8124 -999.9000    0.0000    0.0000    6.6181   88.9021
  32.1025 23866.0302  223.1310 -999.9000    0.0000    0.0000    7.0090   88.9664
  31.3447 24022.9095  223.7236 -999.9000    0.0000    0.0000    7.3919   89.0294
  30.6036 24179.7889  224.3881 -999.9000    0.0000    0.0000    7.6557   89.0878
  29.8779 24336.6683  224.8967 -999.9000    0.0000    0.0000    7.7082   89.1301
  29.1715 24493.5477  224.9599 -999.9000    0.0000    0.0000    7.6538   89.0898
  28.4842 24650.4271  224.8254 -999.9000    0.0000    0.0000    7.5450   88.9796
  27.8138 24807.3065  224.8618 -999.9000    0.0000    0.0000    7.3958   88.8366
  27.1583 24964.1859  225.4360 -999.9000    0.0000    0.0000    7.2199   88.6979
  26.5173 25121.0653  226.6091 -999.9000    0.0000    0.0000    7.0379   88.5852
  25.8939 25277.9447  227.7933 -999.9000    0.0000    0.0000    6.8847   88.4883
  25.2914 25434.8241  228.3179 -999.9000    0.0000    0.0000    6.7969   88.3927
  24.7096 25591.7035  227.8169 -999.9000    0.0000    0.0000    6.8560   88.3136
  24.1354 25748.5829  227.2756 -999.9000    0.0000    0.0000    7.2228   88.3442
  23.5706 25905.4623  227.0272 -999.9000    0.0000    0.0000    7.7996   88.4419
  23.0189 26062.3417  227.2810 -999.9000    0.0000    0.0000    8.4615   88.5480
  22.4826 26219.2211  228.1025 -999.9000    0.0000    0.0000    9.1080   88.6216
  21.9608 26376.1005  229.1858 -999.9000    0.0000    0.0000    9.7006   88.6692
  21.4521 26532.9799  230.1663 -999.9000    0.0000    0.0000   10.2111   88.7041
  20.9548 26689.8593  230.6791 -999.9000    0.0000    0.0000   10.6109   88.7401
  20.4676 26846.7387  230.3596 -999.9000    0.0000    0.0000   10.8717   88.7908
  19.9891 27003.6181  228.8782 -999.9000    0.0000    0.0000   10.9584   88.8671
  19.5243 27160.4975  227.9566 -999.9000    0.0000    0.0000   10.5090   88.8331
  19.0752 27317.3769  228.3821 -999.9000    0.0000    0.0000    9.5956   88.6652
  18.6391 27474.2563  229.5746 -999.9000    0.0000    0.0000    8.6127   88.4541
  18.2135 27631.1357  230.9539 -999.9000    0.0000    0.0000    7.9548   88.2905
  17.7959 27788.0151  231.9489 -999.9000    0.0000    0.0000    7.9935   88.2601
  17.3864 27944.8945  232.2125 -999.9000    0.0000    0.0000    8.5499   88.3267
  16.9866 28101.7739  231.7712 -999.9000    0.0000    0.0000    9.1428   88.3867
  16.5963 28258.6533  230.9217 -999.9000    0.0000    0.0000    9.7375   88.4341
  16.2153 28415.5327  229.9881 -999.9000    0.0000    0.0000   10.3484   88.4734
  15.8432 28572.4121  229.2941 -999.9000    0.0000    0.0000   10.9902   88.5095
  15.4798 28729.2915  229.1580 -999.9000    0.0000    0.0000   11.6754   88.5468
  15.1246 28886.1709  229.5408 -999.9000    0.0000    0.0000   12.3017   88.5881
  14.7769 29043.0503  229.8860 -999.9000    0.0000    0.0000   12.6053   88.6333
  14.4368 29199.9296  230.0297 -999.9000    0.0000    0.0000   12.5214   88.6841
  14.1043 29356.8090  230.1097 -999.9000    0.0000    0.0000   12.1313   88.7433
  13.7798 29513.6884  230.2694 -999.9000    0.0000    0.0000   11.5198   88.8140
  13.4633 29670.5678  230.6523 -999.9000    0.0000    0.0000   10.7710   88.8992
  13.1552 29827.4472  231.4021 -999.9000    0.0000    0.0000    9.9694   89.0018
  12.8555 29984.3266  232.6055 -999.9000    0.0000    0.0000    9.1974   89.1215
  12.5638 30141.2060  233.9500 -999.9000    0.0000    0.0000    8.5230   89.2343
  12.2794 30298.0854  234.9540 -999.9000    0.0000    0.0000    8.0082   89.3059
  12.0018 30454.9648  235.1351 -999.9000    0.0000    0.0000    7.7153   89.3022
  11.7304 30611.8442  234.2653 -999.9000    0.0000    0.0000    7.6651   89.2026
  11.4650 30768.7236  233.1566 -999.9000    0.0000    0.0000    7.7124   89.0420
  11.2056 30925.6030  232.8855 -999.9000    0.0000    0.0000    7.6696   88.8691
  10.9522 31082.4824  234.1040 -999.9000    0.0000    0.0000    7.4166   88.7216
  10.7056 31239.3618  235.6522 -999.9000    0.0000    0.0000    7.1224   88.5894
  10.4661 31396.2412  236.2119 -999.9000    0.0000    0.0000    6.9843   88.4534
  10.2318 31553.1206  235.8633 -999.9000    0.0000    0.0000    6.9875   88.3118
  10.0000 31710.0000  235.0615 -999.9000    0.0000    0.0000    7.0614   88.1674
