# 06610 LSMP Payerne Observations at 12Z 30 Jul 2008
# Radiosonde file generated by raso.rb
#
  P [hPa],     Z [m],    T [K],   Td [K],   RH [%], r [g/kg], WS [m/s], WD [deg]
 962.0000   491.0000  298.7003 -999.9000   66.2539   13.6900    2.0938   93.0543
 944.6891   647.8794  296.7103 -999.9000   67.8089   12.6302    4.5209   92.6754
 927.6873   804.7588  295.3819 -999.9000   79.5507   13.9071    2.1201   92.9144
 911.0964   961.6382  294.1444 -999.9000   80.0032   14.4362    0.3144   92.0428
 894.7070  1118.5176  293.2538 -999.9000   79.9963   14.3064    1.2340   90.9797
 878.5406  1275.3970  292.9949 -999.9000   80.0548   13.3485    2.1831   90.6229
 862.6769  1432.2764  291.6438 -999.9000   80.9598   13.5129    2.3821   90.4248
 846.9845  1589.1558  290.4199 -999.9000   80.2713   13.9027    3.9587   90.3491
 831.5533  1746.0352  290.0819 -999.9000   80.7396   13.2228    4.8160   90.3950
 816.3570  1902.9146  288.7685 -999.9000   80.6182   11.9693    5.8974   90.4496
 801.3249  2059.7940  287.1716 -999.9000   80.3283   11.5640    6.4985   90.4939
 786.5365  2216.6734  285.8038 -999.9000   80.1635   10.4184    7.2258   90.5367
 771.9169  2373.5528  284.5529 -999.9000   80.5397    8.7627    8.3977   90.5644
 757.5041  2530.4322  283.4722 -999.9000   80.3955    8.5006    8.9105   90.6155
 743.3854  2687.3116  282.8716 -999.9000   77.7424    7.5803    7.7829   90.6080
 729.2940  2844.1910  281.7690 -999.9000   60.3534    5.5688    7.5208   90.6173
 715.5826  3001.0704  280.6910 -999.9000   50.0931    4.3807    9.0819   90.6971
 702.0616  3157.9497  279.4747 -999.9000   51.5678    4.2344   10.3448   90.7782
 688.7126  3314.8291  277.9628 -999.9000   58.8754    4.4448   10.4150   90.8007
 675.5482  3471.7085  276.3000 -999.9000   68.1548    4.6752   10.6454   90.8205
 662.5494  3628.5879  274.7866 -999.9000   74.0842    4.6607   11.2328   90.8487
 649.7305  3785.4673  273.7391 -999.9000   67.2115    4.0055   11.5093   90.8627
 637.1240  3942.3467  272.8469 -999.9000   55.0889    3.1437   10.8123   90.9118
 624.7467  4099.2261  271.7923 -999.9000   50.1157    2.7055    9.2495   91.0167
 612.5275  4256.1055  270.6917 -999.9000   50.0458    2.5464    8.8036   91.0465
 600.5160  4412.9849  270.0433 -999.9000   38.1709    1.8919    9.0724   91.0390
 588.7253  4569.8643  269.4075 -999.9000   22.7388    1.0986    9.2473   91.0433
 577.1128  4726.7437  268.0745 -999.9000   18.1481    0.8108    9.2910   91.0483
 565.6299  4883.6231  267.1998 -999.9000   17.0174    0.7276    9.2492   91.0538
 554.4053  5040.5025  266.6009 -999.9000   13.4858    0.5634    8.5586   91.1400
 543.3471  5197.3819  265.8903 -999.9000   12.8272    0.5190    7.7812   91.2153
 532.4739  5354.2613  264.8318 -999.9000   22.1823    0.8459    8.1906   91.2112
 521.8251  5511.1407  263.7532 -999.9000   24.0283    0.8613    8.9525   91.1806
 511.3144  5668.0201  262.9339 -999.9000   14.0888    0.4842    9.6424   91.1583
 500.9731  5824.8995  261.5663 -999.9000   12.9749    0.4090   10.3561   91.1344
 490.8286  5981.7789  259.9306 -999.9000   18.4044    0.5200   10.5255   91.1143
 480.7236  6138.6583  258.7951 -999.9000   29.2379    0.7703   10.8767   91.0832
 470.8214  6295.5377  257.4877 -999.9000   31.5046    0.7621   10.9942   91.0728
 461.0900  6452.4171  256.0432 -999.9000   30.8408    0.6762   10.7383   90.9894
 451.4963  6609.2965  254.7273 -999.9000   32.0173    0.6422    9.7551   90.8335
 442.0676  6766.1759  253.6388 -999.9000   32.5943    0.6091    8.8920   90.7116
 432.8253  6923.0553  252.6627 -999.9000   32.3133    0.5674    9.8320   90.6964
 423.7241  7079.9347  251.2440 -999.9000   36.0203    0.5712   10.7462   90.7318
 414.7432  7236.8141  249.5291 -999.9000   41.2467    0.5742   10.5799   90.7585
 405.9174  7393.6935  248.5263 -999.9000   31.8354    0.4138   10.8463   90.7794
 397.1974  7550.5729  247.2341 -999.9000   27.2515    0.3219   11.1537   90.7881
 388.6475  7707.4523  245.8381 -999.9000   31.1758    0.3308   11.3394   90.8405
 380.2876  7864.3317  244.8213 -999.9000   34.8268    0.3433   11.6166   90.9010
 372.0784  8021.2111  244.0050 -999.9000   39.0977    0.3645   11.8103   90.8924
 363.9826  8178.0905  243.2146 -999.9000   45.2242    0.3994   11.7659   90.7526
 356.0087  8334.9698  242.3659 -999.9000   54.4646    0.4529   11.7936   90.7678
 348.2042  8491.8492  241.4772 -999.9000   60.5910    0.5188   12.4401   91.3797
 340.5609  8648.7286  240.6312 -999.9000   64.9846    0.5272   12.7179   91.7004
 333.0575  8805.6080  239.7772 -999.9000   65.5952    0.4852   12.7042   91.6152
 325.6771  8962.4874  238.8147 -999.9000   65.0243    0.4338   13.0446   91.4555
 318.4095  9119.3668  237.6271 -999.9000   65.8174    0.3977   14.0076   91.4682
 311.2701  9276.2462  236.0044 -999.9000   60.7164    0.3338   14.2066   91.4746
 304.2599  9433.1256  234.4480 -999.9000   55.5375    0.2938   14.4688   91.4194
 297.3812  9590.0050  233.3794 -999.9000   50.6965    0.2688   14.9852   91.3896
 290.6045  9746.8844  232.1491 -999.9000   45.4909    0.2331   15.3441   91.3805
 283.9369  9903.7638  230.7689 -999.9000   45.7921    0.2031   15.7477   91.3479
 277.3870 10060.6432  229.2843 -999.9000   45.6458    0.1789   16.1579   91.3074
 270.9631 10217.5226  227.7348 -999.9000   45.5861    0.1538   16.4417   91.2950
 264.6694 10374.4020  226.1943 -999.9000   45.6991    0.1244   16.5087   91.3378
 258.4744 10531.2814  224.9694 -999.9000   45.2106    0.1097   16.6592   91.3756
 252.3757 10688.1608  223.9418 -999.9000   45.5301    0.1034   16.9215   91.3933
 246.3812 10845.0402  222.8825 -999.9000   40.2518    0.0916   17.2134   91.3978
 240.4896 11001.9196  221.6837 -999.9000   35.6959    0.0742   17.4812   91.3965
 234.6950 11158.7990  220.3408 -999.9000   35.9522    0.0604   17.6959   91.3968
 229.0082 11315.6784  218.9507 -999.9000   35.4982    0.0528   17.8523   91.3986
 223.4492 11472.5578  217.6615 -999.9000   34.9730    0.0500   17.9575   91.3982
 218.0236 11629.4372  216.4499 -999.9000   30.1287    0.0480   17.7306   91.4126
 212.6609 11786.3166  214.7673 -999.9000   25.6112    0.0350   16.0220   91.5070
 207.3913 11943.1960  213.9253 -999.9000   23.7786    0.0295   14.8123   91.4951
 202.2510 12100.0754  214.6189 -999.9000   18.0130    0.0410   14.4737   91.5711
 197.2536 12256.9548  216.0067 -999.9000    9.1025    0.0304   12.4374   92.1270
 192.4469 12413.8342  218.3878 -999.9000    2.6469    0.0062   12.8492   91.9985
 187.8076 12570.7136  218.1915 -999.9000    0.2372    0.0003   13.0510   91.9213
 183.2603 12727.5930  216.9425 -999.9000    0.2958    0.0003   12.7160   91.8946
 178.8033 12884.4724  216.5160 -999.9000    0.0000    0.0000   12.4387   91.8603
 174.4458 13041.3518  216.9060 -999.9000    0.0133    0.0000   12.5266   91.7991
 170.1876 13198.2312  217.1187 -999.9000    0.0000    0.0000   13.0062   91.6668
 166.0391 13355.1106  217.2750 -999.9000    0.0000    0.0000   13.5807   91.5392
 162.0101 13511.9899  216.8879 -999.9000    0.0002    0.0000   13.8353   91.4198
 158.0706 13668.8693  215.8940 -999.9000    0.0000    0.0000   13.4092   91.3880
 154.1974 13825.7487  215.0130 -999.9000    0.0000    0.0000   12.2070   91.4693
 150.4126 13982.6281  214.9406 -999.9000    0.0000    0.0000   10.2547   91.5650
 146.7292 14139.5075  215.8667 -999.9000    0.0000    0.0000   10.1414   91.5673
 143.1108 14296.3869  214.0899 -999.9000    0.0000    0.0000   10.0284   91.5696
 139.5597 14453.2663  216.5128 -999.9000    0.0000    0.0000    9.9683   91.5684
 136.1266 14610.1457  214.1867 -999.9000    0.0000    0.0000    9.9360   91.5540
 132.7619 14767.0251  213.3318 -999.9000    0.0000    0.0000    9.9130   91.5347
 129.4754 14923.9045  214.3509 -999.9000    0.0000    0.0000    9.8930   91.5197
 126.2897 15080.7839  215.4858 -999.9000    0.0000    0.0000    9.8669   91.5108
 123.1790 15237.6633  216.7482 -999.9000    0.0000    0.0000    9.8727   91.4644
 120.1481 15394.5427  217.2611 -999.9000    0.0000    0.0000    9.7238   91.3748
 117.2138 15551.4221  216.6609 -999.9000    0.0000    0.0000    9.3603   91.2661
 114.3435 15708.3015  216.6138 -999.9000    0.0000    0.0000    9.0393   91.1464
 111.5416 15865.1809  216.4202 -999.9000    0.0000    0.0000    8.4630   91.1933
 108.8149 16022.0603  217.7849 -999.9000    0.0000    0.0000    7.6569   91.4869
 106.1648 16178.9397  217.8910 -999.9000    0.0000    0.0000    7.2072   91.3484
 103.5767 16335.8191  217.5759 -999.9000    0.0000    0.0000    5.7918   91.9971
 101.0524 16492.6985  219.6713 -999.9000    0.0000    0.0000    1.3323   90.4089
  98.6148 16649.5779  218.3277 -999.9000    0.0000    0.0000    0.5779   90.4014
  96.2203 16806.4573  217.6329 -999.9000    0.0000    0.0000    0.2255   87.2598
  93.8688 16963.3367  216.9591 -999.9000    0.0000    0.0000    0.8820   90.4014
  91.5836 17120.2161  216.8769 -999.9000    0.0000    0.0000    1.7766   90.4014
  89.3567 17277.0955  216.8889 -999.9000    0.0000    0.0000    2.4388   90.4014
  87.1784 17433.9749  216.4466 -999.9000    0.0000    0.0000    3.1652   90.3927
  85.0453 17590.8543  215.6618 -999.9000    0.0000    0.0000    4.1221   90.0754
  82.9608 17747.7337  215.3572 -999.9000    0.0000    0.0000    5.3359   90.9865
  80.9282 17904.6131  216.0159 -999.9000    0.0000    0.0000    6.5228   90.6807
  78.9484 18061.4925  216.6681 -999.9000    0.0000    0.0000    6.4543   90.4907
  77.0217 18218.3719  217.3444 -999.9000    0.0000    0.0000    5.5334   90.6714
  75.1483 18375.2513  218.4023 -999.9000    0.0000    0.0000    4.6146   90.9237
  73.3271 18532.1307  219.5005 -999.9000    0.0000    0.0000    4.0284   91.0464
  71.5556 18689.0101  219.6192 -999.9000    0.0000    0.0000    3.5966   90.9336
  69.8260 18845.8894  218.4941 -999.9000    0.0000    0.0000    3.0127   91.0562
  68.1227 19002.7688  218.1918 -999.9000    0.0000    0.0000    1.9098   91.7656
  66.4601 19159.6482  218.5277 -999.9000    0.0000    0.0000    0.9187   89.5288
  64.8418 19316.5276  218.9956 -999.9000    0.0000    0.0000    0.6491   87.4851
  63.2670 19473.4070  219.3820 -999.9000    0.0000    0.0000    1.2312   87.9468
  61.7318 19630.2864  219.9252 -999.9000    0.0000    0.0000    1.8562   88.3028
  60.2355 19787.1658  220.1194 -999.9000    0.0000    0.0000    2.6373   88.5476
  58.7762 19944.0452  219.8045 -999.9000    0.0000    0.0000    3.5145   88.9105
  57.3501 20100.9246  219.4069 -999.9000    0.0000    0.0000    3.9833   89.0671
  55.9562 20257.8040  219.1210 -999.9000    0.0000    0.0000    3.9461   88.9446
  54.5968 20414.6834  218.8676 -999.9000    0.0000    0.0000    3.7682   88.7725
  53.2731 20571.5628  218.7988 -999.9000    0.0000    0.0000    3.6126   88.6461
  51.9860 20728.4422  219.2256 -999.9000    0.0000    0.0000    3.4960   88.5640
  50.7361 20885.3216  220.4618 -999.9000    0.0000    0.0000    3.4325   88.5228
  49.5229 21042.2010  222.2189 -999.9000    0.0000    0.0000    3.4057   88.5126
  48.3394 21199.0804  221.5875 -999.9000    0.0000    0.0000    3.7647   88.5757
  47.1874 21355.9598  221.6436 -999.9000    0.0000    0.0000    4.9081   88.7747
  46.0647 21512.8392  222.0253 -999.9000    0.0000    0.0000    5.9512   88.9472
  44.9691 21669.7186  222.2535 -999.9000    0.0000    0.0000    6.1614   88.9570
  43.8989 21826.5980  222.2653 -999.9000    0.0000    0.0000    5.7715   88.8369
  42.8525 21983.4774  222.1211 -999.9000    0.0000    0.0000    5.2981   88.6697
  41.8295 22140.3568  221.8689 -999.9000    0.0000    0.0000    5.0305   88.5214
  40.8309 22297.2362  221.5369 -999.9000    0.0000    0.0000    4.9063   88.4316
  39.8584 22454.1156  221.1545 -999.9000    0.0000    0.0000    4.8342   88.4374
  38.9104 22610.9950  221.5482 -999.9000    0.0000    0.0000    4.9620   88.5046
  37.9838 22767.8744  222.8111 -999.9000    0.0000    0.0000    5.3463   88.5579
  37.0791 22924.7538  223.5071 -999.9000    0.0000    0.0000    5.6560   88.6106
  36.1962 23081.6332  223.6049 -999.9000    0.0000    0.0000    5.8751   88.6649
  35.3349 23238.5126  223.3224 -999.9000    0.0000    0.0000    6.0434   88.7211
  34.4951 23395.3920  222.8770 -999.9000    0.0000    0.0000    6.2009   88.7793
  33.6765 23552.2714  222.4864 -999.9000    0.0000    0.0000    6.3874   88.8396
  32.8792 23709.1508  222.3682 -999.9000    0.0000    0.0000    6.6430   88.9021
  32.1025 23866.0302  222.6643 -999.9000    0.0000    0.0000    6.9802   88.9664
  31.3447 24022.9095  223.2371 -999.9000    0.0000    0.0000    7.3112   89.0294
  30.6036 24179.7889  223.8846 -999.9000    0.0000    0.0000    7.5248   89.0878
  29.8779 24336.6683  224.3791 -999.9000    0.0000    0.0000    7.5296   89.1301
  29.1715 24493.5477  224.4314 -999.9000    0.0000    0.0000    7.4303   89.0898
  28.4842 24650.4271  224.2891 -999.9000    0.0000    0.0000    7.2798   88.9796
  27.8138 24807.3065  224.3211 -999.9000    0.0000    0.0000    7.0926   88.8366
  27.1583 24964.1859  224.8942 -999.9000    0.0000    0.0000    6.8826   88.6979
  26.5173 25121.0653  226.0695 -999.9000    0.0000    0.0000    6.6704   88.5852
  25.8939 25277.9447  227.2589 -999.9000    0.0000    0.0000    6.4906   88.4883
  25.2914 25434.8241  227.7917 -999.9000    0.0000    0.0000    6.3799   88.3927
  24.7096 25591.7035  227.3016 -999.9000    0.0000    0.0000    6.4194   88.3136
  24.1354 25748.5829  226.7738 -999.9000    0.0000    0.0000    6.7699   88.3442
  23.5706 25905.4623  226.5414 -999.9000    0.0000    0.0000    7.3337   88.4419
  23.0189 26062.3417  226.8133 -999.9000    0.0000    0.0000    7.9857   88.5480
  22.4826 26219.2211  227.6549 -999.9000    0.0000    0.0000    8.6252   88.6216
  21.9608 26376.1005  228.7603 -999.9000    0.0000    0.0000    9.2136   88.6692
  21.4521 26532.9799  229.7647 -999.9000    0.0000    0.0000    9.7226   88.7041
  20.9548 26689.8593  230.3030 -999.9000    0.0000    0.0000   10.1235   88.7401
  20.4676 26846.7387  230.0103 -999.9000    0.0000    0.0000   10.3879   88.7908
  19.9891 27003.6181  228.5570 -999.9000    0.0000    0.0000   10.4804   88.8671
  19.5243 27160.4975  227.6645 -999.9000    0.0000    0.0000   10.0390   88.8331
  19.0752 27317.3769  228.1201 -999.9000    0.0000    0.0000    9.1357   88.6652
  18.6391 27474.2563  229.3433 -999.9000    0.0000    0.0000    8.1647   88.4541
  18.2135 27631.1357  230.7540 -999.9000    0.0000    0.0000    7.5207   88.2905
  17.7959 27788.0151  231.7807 -999.9000    0.0000    0.0000    7.5749   88.2601
  17.3864 27944.8945  232.0764 -999.9000    0.0000    0.0000    8.1483   88.3267
  16.9866 28101.7739  231.6672 -999.9000    0.0000    0.0000    8.7597   88.3867
  16.5963 28258.6533  230.8496 -999.9000    0.0000    0.0000    9.3741   88.4341
  16.2153 28415.5327  229.9477 -999.9000    0.0000    0.0000   10.0060   88.4734
  15.8432 28572.4121  229.2850 -999.9000    0.0000    0.0000   10.6699   88.5095
  15.4798 28729.2915  229.1795 -999.9000    0.0000    0.0000   11.3780   88.5468
  15.1246 28886.1709  229.5923 -999.9000    0.0000    0.0000   12.0279   88.5881
  14.7769 29043.0503  229.9665 -999.9000    0.0000    0.0000   12.3559   88.6333
  14.4368 29199.9296  230.1381 -999.9000    0.0000    0.0000   12.2969   88.6841
  14.1043 29356.8090  230.2447 -999.9000    0.0000    0.0000   11.9323   88.7433
  13.7798 29513.6884  230.4295 -999.9000    0.0000    0.0000   11.3464   88.8140
  13.4633 29670.5678  230.8361 -999.9000    0.0000    0.0000   10.6234   88.8992
  13.1552 29827.4472  231.6077 -999.9000    0.0000    0.0000    9.8476   89.0018
  12.8555 29984.3266  232.8310 -999.9000    0.0000    0.0000    9.1014   89.1215
  12.5638 30141.2060  234.1933 -999.9000    0.0000    0.0000    8.4525   89.2343
  12.2794 30298.0854  235.2128 -999.9000    0.0000    0.0000    7.9630   89.3059
  12.0018 30454.9648  235.4070 -999.9000    0.0000    0.0000    7.6947   89.3022
  11.7304 30611.8442  234.5477 -999.9000    0.0000    0.0000    7.6687   89.2026
  11.4650 30768.7236  233.4467 -999.9000    0.0000    0.0000    7.7394   89.0420
  11.2056 30925.6030  233.1804 -999.9000    0.0000    0.0000    7.7192   88.8691
  10.9522 31082.4824  234.4006 -999.9000    0.0000    0.0000    7.4877   88.7216
  10.7056 31239.3618  235.9472 -999.9000    0.0000    0.0000    7.2141   88.5894
  10.4661 31396.2412  236.5019 -999.9000    0.0000    0.0000    7.0951   88.4534
  10.2318 31553.1206  236.1447 -999.9000    0.0000    0.0000    7.1163   88.3118
  10.0000 31710.0000  235.3305 -999.9000    0.0000    0.0000    7.2066   88.1674
