# 06610 LSMP Payerne Observations at 12Z 30 Jul 2008
# Radiosonde file generated by raso.rb
#
  P [hPa],     Z [m],    T [K],   Td [K],   RH [%], r [g/kg], WS [m/s], WD [deg]
 962.0000   491.0000  297.9694 -999.9000   66.2718   13.6900    1.9475   93.0543
 944.6891   647.8794  295.9706 -999.9000   67.8141   12.6302    4.4315   92.6754
 927.6873   804.7588  294.6393 -999.9000   79.5431   13.9071    2.0865   92.9144
 911.0964   961.6382  293.4041 -999.9000   79.9833   14.4362    0.3354   92.0428
 894.7070  1118.5176  292.5211 -999.9000   79.9655   14.3064    1.3083   90.9797
 878.5406  1275.3970  292.2748 -999.9000   80.0145   13.3485    2.3093   90.6229
 862.6769  1432.2764  290.9408 -999.9000   80.9108   13.5129    2.5587   90.4248
 846.9845  1589.1558  289.7384 -999.9000   80.2159   13.9027    4.1843   90.3491
 831.5533  1746.0352  289.4258 -999.9000   80.6782   13.2228    5.0888   90.3950
 816.3570  1902.9146  288.1417 -999.9000   80.5524   11.9693    6.2158   90.4496
 801.3249  2059.7940  286.5775 -999.9000   80.2594   11.5640    6.8608   90.4939
 786.5365  2216.6734  285.2457 -999.9000   80.0924   10.4184    7.6301   90.5367
 771.9169  2373.5528  284.0337 -999.9000   80.4671    8.7627    8.8421   90.5644
 757.5041  2530.4322  282.9945 -999.9000   80.3227    8.5006    9.3930   90.6155
 743.3854  2687.3116  282.4379 -999.9000   77.6727    7.5803    8.3015   90.6080
 729.2940  2844.1910  281.3814 -999.9000   60.3004    5.5688    8.0732   90.6173
 715.5826  3001.0704  280.3512 -999.9000   50.0506    4.3807    9.6660   90.6971
 702.0616  3157.9497  279.1843 -999.9000   51.5259    4.2344   10.9582   90.7782
 688.7126  3314.8291  277.7231 -999.9000   58.8304    4.4448   11.0554   90.8007
 675.5482  3471.7085  276.1119 -999.9000   68.1065    4.6752   11.3103   90.8205
 662.5494  3628.5879  274.6509 -999.9000   74.0363    4.6607   11.9197   90.8487
 649.7305  3785.4673  273.6561 -999.9000   67.1726    4.0055   12.2156   90.8627
 637.1240  3942.3467  272.8168 -999.9000   55.0612    3.1437   11.5353   90.9118
 624.7467  4099.2261  271.8150 -999.9000   50.0945    2.7055    9.9864   91.0167
 612.5275  4256.1055  270.7667 -999.9000   50.0290    2.5464    9.5515   91.0465
 600.5160  4412.9849  270.1699 -999.9000   38.1614    1.8919    9.8285   91.0390
 588.7253  4569.8643  269.5849 -999.9000   22.7353    1.0986   10.0086   91.0433
 577.1128  4726.7437  268.3013 -999.9000   18.1470    0.8108   10.0543   91.0483
 565.6299  4883.6231  267.4745 -999.9000   17.0181    0.7276   10.0115   91.0538
 554.4053  5040.5025  266.9217 -999.9000   13.4876    0.5634    9.3166   91.1400
 543.3471  5197.3819  266.2551 -999.9000   12.8302    0.5190    8.5315   91.2153
 532.4739  5354.2613  265.2382 -999.9000   22.1898    0.8459    8.9299   91.2112
 521.8251  5511.1407  264.1986 -999.9000   24.0388    0.8613    9.6774   91.1806
 511.3144  5668.0201  263.4154 -999.9000   14.0963    0.4842   10.3494   91.1583
 500.9731  5824.8995  262.0806 -999.9000   12.9830    0.4090   11.0414   91.1344
 490.8286  5981.7789  260.4743 -999.9000   18.4176    0.5200   11.1855   91.1143
 480.7236  6138.6583  259.3643 -999.9000   29.2616    0.7703   11.5077   91.0832
 470.8214  6295.5377  258.0785 -999.9000   31.5329    0.7621   11.5923   91.0728
 461.0900  6452.4171  256.6512 -999.9000   30.8709    0.6762   11.2996   90.9894
 451.4963  6609.2965  255.3479 -999.9000   32.0510    0.6422   10.2756   90.8335
 442.0676  6766.1759  254.2671 -999.9000   32.6309    0.6091    9.3677   90.7116
 432.8253  6923.0553  253.2936 -999.9000   32.3515    0.5674   10.2586   90.6964
 423.7241  7079.9347  251.8720 -999.9000   36.0650    0.5712   11.1195   90.7318
 414.7432  7236.8141  250.1486 -999.9000   41.2998    0.5742   10.8957   90.7585
 405.9174  7393.6935  249.1312 -999.9000   31.8776    0.4138   11.1001   90.7794
 397.1974  7550.5729  247.8182 -999.9000   27.2884    0.3219   11.3412   90.7881
 388.6475  7707.4523  246.3955 -999.9000   31.2187    0.3308   11.4566   90.8405
 380.2876  7864.3317  245.3467 -999.9000   34.8752    0.3433   11.6602   90.9010
 372.0784  8021.2111  244.4937 -999.9000   39.1521    0.3645   11.7776   90.8924
 363.9826  8178.0905  243.6625 -999.9000   45.2871    0.3994   11.6549   90.7526
 356.0087  8334.9698  242.7693 -999.9000   54.5397    0.4529   11.6030   90.7678
 348.2042  8491.8492  241.8333 -999.9000   60.6735    0.5188   12.1693   91.3797
 340.5609  8648.7286  240.9376 -999.9000   65.0716    0.5272   12.3667   91.7004
 333.0575  8805.6080  240.0322 -999.9000   65.6812    0.4852   12.2733   91.6152
 325.6771  8962.4874  239.0170 -999.9000   65.1073    0.4338   12.5354   91.4555
 318.4095  9119.3668  237.7761 -999.9000   65.8989    0.3977   13.4219   91.4682
 311.2701  9276.2462  236.1000 -999.9000   60.7890    0.3338   13.5471   91.4746
 304.2599  9433.1256  234.4909 -999.9000   55.6014    0.2938   13.7387   91.4194
 297.3812  9590.0050  233.3707 -999.9000   50.7524    0.2688   14.1885   91.3896
 290.6045  9746.8844  232.0905 -999.9000   45.5387    0.2331   14.4853   91.3805
 283.9369  9903.7638  230.6628 -999.9000   45.8378    0.2031   14.8320   91.3479
 277.3870 10060.6432  229.1335 -999.9000   45.6888    0.1789   15.1913   91.3074
 270.9631 10217.5226  227.5427 -999.9000   45.6265    0.1538   15.4307   91.2950
 264.6694 10374.4020  225.9651 -999.9000   45.7371    0.1244   15.4605   91.3378
 258.4744 10531.2814  224.7077 -999.9000   45.2456    0.1097   15.5816   91.3756
 252.3757 10688.1608  223.6530 -999.9000   45.5628    0.1034   15.8231   91.3933
 246.3812 10845.0402  222.5723 -999.9000   40.2785    0.0916   16.1034   91.3978
 240.4896 11001.9196  221.3584 -999.9000   35.7177    0.0742   16.3694   91.3965
 234.6950 11158.7990  220.0067 -999.9000   35.9724    0.0604   16.5918   91.3968
 229.0082 11315.6784  218.6136 -999.9000   35.5164    0.0528   16.7649   91.3986
 223.4492 11472.5578  217.3266 -999.9000   34.9893    0.0500   16.8952   91.3982
 218.0236 11629.4372  216.1218 -999.9000   30.1413    0.0480   16.7011   91.4126
 212.6609 11786.3166  214.4502 -999.9000   25.6208    0.0350   15.0324   91.5070
 207.3913 11943.1960  213.6228 -999.9000   23.7865    0.0295   13.8690   91.4951
 202.2510 12100.0754  214.3342 -999.9000   18.0182    0.0410   13.5825   91.5711
 197.2536 12256.9548  215.7424 -999.9000    9.1048    0.0304   11.6035   92.1270
 192.4469 12413.8342  218.1458 -999.9000    2.6475    0.0062   12.0771   91.9985
 187.8076 12570.7136  217.9734 -999.9000    0.2372    0.0003   12.3445   91.9213
 183.2603 12727.5930  216.7494 -999.9000    0.2958    0.0003   12.0785   91.8946
 178.8033 12884.4724  216.3483 -999.9000    0.0000    0.0000   11.8728   91.8603
 174.4458 13041.3518  216.7636 -999.9000    0.0133    0.0000   12.0342   91.7991
 170.1876 13198.2312  217.0011 -999.9000    0.0000    0.0000   12.5887   91.6668
 166.0391 13355.1106  217.1811 -999.9000    0.0000    0.0000   13.2388   91.5392
 162.0101 13511.9899  216.8161 -999.9000    0.0002    0.0000   13.5690   91.4198
 158.0706 13668.8693  215.8421 -999.9000    0.0000    0.0000   13.2179   91.3880
 154.1974 13825.7487  214.9783 -999.9000    0.0000    0.0000   12.0896   91.4693
 150.4126 13982.6281  214.9200 -999.9000    0.0000    0.0000   10.2093   91.5650
 146.7292 14139.5075  215.8564 -999.9000    0.0000    0.0000   10.1655   91.5673
 143.1108 14296.3869  214.0857 -999.9000    0.0000    0.0000   10.1189   91.5696
 139.5597 14453.2663  216.5099 -999.9000    0.0000    0.0000   10.1214   91.5684
 136.1266 14610.1457  214.1804 -999.9000    0.0000    0.0000   10.1478   91.5540
 132.7619 14767.0251  213.3176 -999.9000    0.0000    0.0000   10.1793   91.5347
 129.4754 14923.9045  214.3246 -999.9000    0.0000    0.0000   10.2099   91.5197
 126.2897 15080.7839  215.4437 -999.9000    0.0000    0.0000   10.2305   91.5108
 123.1790 15237.6633  216.6869 -999.9000    0.0000    0.0000   10.2790   91.4644
 120.1481 15394.5427  217.1775 -999.9000    0.0000    0.0000   10.1688   91.3748
 117.2138 15551.4221  216.5523 -999.9000    0.0000    0.0000    9.8401   91.2661
 114.3435 15708.3015  216.4778 -999.9000    0.0000    0.0000    9.5501   91.1464
 111.5416 15865.1809  216.2550 -999.9000    0.0000    0.0000    9.0008   91.1933
 108.8149 16022.0603  217.5886 -999.9000    0.0000    0.0000    8.2179   91.4869
 106.1648 16178.9397  217.6624 -999.9000    0.0000    0.0000    7.7876   91.3484
 103.5767 16335.8191  217.3140 -999.9000    0.0000    0.0000    6.3877   91.9971
 101.0524 16492.6985  219.3756 -999.9000    0.0000    0.0000    1.9400   90.4089
  98.6148 16649.5779  217.9978 -999.9000    0.0000    0.0000    1.1936   90.4014
  96.2203 16806.4573  217.2690 -999.9000    0.0000    0.0000    0.3944   90.4014
  93.8688 16963.3367  216.5616 -999.9000    0.0000    0.0000    1.5024   90.4014
  91.5836 17120.2161  216.4465 -999.9000    0.0000    0.0000    2.3938   90.4014
  89.3567 17277.0955  216.4269 -999.9000    0.0000    0.0000    3.0491   90.4014
  87.1784 17433.9749  215.9545 -999.9000    0.0000    0.0000    3.7649   90.3927
  85.0453 17590.8543  215.1413 -999.9000    0.0000    0.0000    4.7076   90.0754
  82.9608 17747.7337  214.8106 -999.9000    0.0000    0.0000    5.9035   90.9865
  80.9282 17904.6131  215.4457 -999.9000    0.0000    0.0000    7.0690   90.6807
  78.9484 18061.4925  216.0771 -999.9000    0.0000    0.0000    6.9755   90.4907
  77.0217 18218.3719  216.7353 -999.9000    0.0000    0.0000    6.0267   90.6714
  75.1483 18375.2513  217.7779 -999.9000    0.0000    0.0000    5.0774   90.9237
  73.3271 18532.1307  218.8634 -999.9000    0.0000    0.0000    4.4583   91.0464
  71.5556 18689.0101  218.9723 -999.9000    0.0000    0.0000    3.9918   90.9336
  69.8260 18845.8894  217.8402 -999.9000    0.0000    0.0000    3.3717   91.0562
  68.1227 19002.7688  217.5335 -999.9000    0.0000    0.0000    2.2316   91.7656
  66.4601 19159.6482  217.8678 -999.9000    0.0000    0.0000    1.2025   89.5288
  64.8418 19316.5276  218.3368 -999.9000    0.0000    0.0000    0.8947   87.4851
  63.2670 19473.4070  218.7272 -999.9000    0.0000    0.0000    1.4386   87.9468
  61.7318 19630.2864  219.2771 -999.9000    0.0000    0.0000    2.0259   88.3028
  60.2355 19787.1658  219.4807 -999.9000    0.0000    0.0000    2.7701   88.5476
  58.7762 19944.0452  219.1778 -999.9000    0.0000    0.0000    3.6118   88.9105
  57.3501 20100.9246  218.7952 -999.9000    0.0000    0.0000    4.0466   89.0671
  55.9562 20257.8040  218.5270 -999.9000    0.0000    0.0000    3.9775   88.9446
  54.5968 20414.6834  218.2941 -999.9000    0.0000    0.0000    3.7701   88.7725
  53.2731 20571.5628  218.2484 -999.9000    0.0000    0.0000    3.5878   88.6461
  51.9860 20728.4422  218.7012 -999.9000    0.0000    0.0000    3.4477   88.5640
  50.7361 20885.3216  219.9661 -999.9000    0.0000    0.0000    3.3644   88.5228
  49.5229 21042.2010  221.7548 -999.9000    0.0000    0.0000    3.3217   88.5126
  48.3394 21199.0804  221.1576 -999.9000    0.0000    0.0000    3.6692   88.5757
  47.1874 21355.9598  221.2507 -999.9000    0.0000    0.0000    4.8059   88.7747
  46.0647 21512.8392  221.6720 -999.9000    0.0000    0.0000    5.8470   88.9472
  44.9691 21669.7186  221.9422 -999.9000    0.0000    0.0000    6.0599   88.9570
  43.8989 21826.5980  221.9978 -999.9000    0.0000    0.0000    5.6770   88.8369
  42.8525 21983.4774  221.8989 -999.9000    0.0000    0.0000    5.2145   88.6697
  41.8295 22140.3568  221.6932 -999.9000    0.0000    0.0000    4.9613   88.5214
  40.8309 22297.2362  221.4086 -999.9000    0.0000    0.0000    4.8548   88.4316
  39.8584 22454.1156  221.0739 -999.9000    0.0000    0.0000    4.8033   88.4374
  38.9104 22610.9950  221.5153 -999.9000    0.0000    0.0000    4.9542   88.5046
  37.9838 22767.8744  222.8257 -999.9000    0.0000    0.0000    5.3640   88.5579
  37.0791 22924.7538  223.5685 -999.9000    0.0000    0.0000    5.7010   88.6106
  36.1962 23081.6332  223.7120 -999.9000    0.0000    0.0000    5.9489   88.6649
  35.3349 23238.5126  223.4739 -999.9000    0.0000    0.0000    6.1473   88.7211
  34.4951 23395.3920  223.0710 -999.9000    0.0000    0.0000    6.3359   88.7793
  33.6765 23552.2714  222.7207 -999.9000    0.0000    0.0000    6.5539   88.8396
  32.8792 23709.1508  222.6403 -999.9000    0.0000    0.0000    6.8413   88.9021
  32.1025 23866.0302  222.9714 -999.9000    0.0000    0.0000    7.2102   88.9664
  31.3447 24022.9095  223.5758 -999.9000    0.0000    0.0000    7.5724   89.0294
  30.6036 24179.7889  224.2512 -999.9000    0.0000    0.0000    7.8165   89.0878
  29.8779 24336.6683  224.7697 -999.9000    0.0000    0.0000    7.8507   89.1301
  29.1715 24493.5477  224.8415 -999.9000    0.0000    0.0000    7.7793   89.0898
  28.4842 24650.4271  224.7141 -999.9000    0.0000    0.0000    7.6550   88.9796
  27.8138 24807.3065  224.7558 -999.9000    0.0000    0.0000    7.4919   88.8366
  27.1583 24964.1859  225.3333 -999.9000    0.0000    0.0000    7.3036   88.6979
  26.5173 25121.0653  226.5079 -999.9000    0.0000    0.0000    7.1109   88.5852
  25.8939 25277.9447  227.6919 -999.9000    0.0000    0.0000    6.9483   88.4883
  25.2914 25434.8241  228.2148 -999.9000    0.0000    0.0000    6.8528   88.3927
  24.7096 25591.7035  227.7107 -999.9000    0.0000    0.0000    6.9054   88.3136
  24.1354 25748.5829  227.1650 -999.9000    0.0000    0.0000    7.2671   88.3442
  23.5706 25905.4623  226.9110 -999.9000    0.0000    0.0000    7.8402   88.4419
  23.0189 26062.3417  227.1582 -999.9000    0.0000    0.0000    8.4998   88.5480
  22.4826 26219.2211  227.9721 -999.9000    0.0000    0.0000    9.1451   88.6216
  21.9608 26376.1005  229.0470 -999.9000    0.0000    0.0000    9.7376   88.6692
  21.4521 26532.9799  230.0185 -999.9000    0.0000    0.0000   10.2492   88.7041
  20.9548 26689.8593  230.5218 -999.9000    0.0000    0.0000   10.6513   88.7401
  20.4676 26846.7387  230.1924 -999.9000    0.0000    0.0000   10.9155   88.7908
  19.9891 27003.6181  228.7008 -999.9000    0.0000    0.0000   11.0064   88.8671
  19.5243 27160.4975  227.7688 -999.9000    0.0000    0.0000   10.5623   88.8331
  19.0752 27317.3769  228.1840 -999.9000    0.0000    0.0000    9.6551   88.6652
  18.6391 27474.2563  229.3662 -999.9000    0.0000    0.0000    8.6792   88.4541
  18.2135 27631.1357  230.7354 -999.9000    0.0000    0.0000    8.0292   88.2905
  17.7959 27788.0151  231.7207 -999.9000    0.0000    0.0000    8.0766   88.2601
  17.3864 27944.8945  231.9752 -999.9000    0.0000    0.0000    8.6424   88.3267
  16.9866 28101.7739  231.5254 -999.9000    0.0000    0.0000    9.2453   88.3867
  16.5963 28258.6533  230.6680 -999.9000    0.0000    0.0000    9.8507   88.4341
  16.2153 28415.5327  229.7274 -999.9000    0.0000    0.0000   10.4729   88.4734
  15.8432 28572.4121  229.0276 -999.9000    0.0000    0.0000   11.1267   88.5095
  15.4798 28729.2915  228.8866 -999.9000    0.0000    0.0000   11.8242   88.5468
  15.1246 28886.1709  229.2659 -999.9000    0.0000    0.0000   12.4633   88.5881
  14.7769 29043.0503  229.6090 -999.9000    0.0000    0.0000   12.7801   88.6333
  14.4368 29199.9296  229.7521 -999.9000    0.0000    0.0000   12.7098   88.6841
  14.1043 29356.8090  229.8331 -999.9000    0.0000    0.0000   12.3337   88.7433
  13.7798 29513.6884  229.9955 -999.9000    0.0000    0.0000   11.7364   88.8140
  13.4633 29670.5678  230.3831 -999.9000    0.0000    0.0000   11.0020   88.8992
  13.1552 29827.4472  231.1397 -999.9000    0.0000    0.0000   10.2150   89.0018
  12.8555 29984.3266  232.3519 -999.9000    0.0000    0.0000    9.4577   89.1215
  12.5638 30141.2060  233.7076 -999.9000    0.0000    0.0000    8.7981   89.2343
  12.2794 30298.0854  234.7251 -999.9000    0.0000    0.0000    8.2983   89.3059
  12.0018 30454.9648  234.9223 -999.9000    0.0000    0.0000    8.0202   89.3022
  11.7304 30611.8442  234.0713 -999.9000    0.0000    0.0000    7.9848   89.2026
  11.4650 30768.7236  232.9842 -999.9000    0.0000    0.0000    8.0469   89.0420
  11.2056 30925.6030  232.7376 -999.9000    0.0000    0.0000    8.0187   88.8691
  10.9522 31082.4824  233.9836 -999.9000    0.0000    0.0000    7.7800   88.7216
  10.7056 31239.3618  235.5625 -999.9000    0.0000    0.0000    7.5001   88.5894
  10.4661 31396.2412  236.1562 -999.9000    0.0000    0.0000    7.3758   88.4534
  10.2318 31553.1206  235.8451 -999.9000    0.0000    0.0000    7.3927   88.3118
  10.0000 31710.0000  235.0843 -999.9000    0.0000    0.0000    7.4797   88.1674
