# 06610 LSMP Payerne Observations at 12Z 30 Jul 2008
# Radiosonde file generated by raso.rb
#
  P [hPa],     Z [m],    T [K],   Td [K],   RH [%], r [g/kg], WS [m/s], WD [deg]
 962.0000   491.0000  298.2735 -999.9000   66.2575   13.6900    2.1096   93.0543
 944.6891   647.8794  296.3233 -999.9000   67.7955   12.6302    4.5070   92.6754
 927.6873   804.7588  295.0336 -999.9000   79.5183   13.9071    2.0840   92.9144
 911.0964   961.6382  293.8336 -999.9000   79.9568   14.4362    0.2632   92.0428
 894.7070  1118.5176  292.9792 -999.9000   79.9390   14.3064    1.1744   90.9797
 878.5406  1275.3970  292.7555 -999.9000   79.9894   13.3485    2.1214   90.6229
 862.6769  1432.2764  291.4383 -999.9000   80.8881   13.5129    2.3243   90.4248
 846.9845  1589.1558  290.2472 -999.9000   80.1972   13.9027    3.9104   90.3491
 831.5533  1746.0352  289.9407 -999.9000   80.6645   13.2228    4.7823   90.3950
 816.3570  1902.9146  288.6578 -999.9000   80.5448   11.9693    5.8831   90.4496
 801.3249  2059.7940  287.0901 -999.9000   80.2589   11.5640    6.5080   90.4939
 786.5365  2216.6734  285.7504 -999.9000   80.0999   10.4184    7.2632   90.5367
 771.9169  2373.5528  284.5264 -999.9000   80.4833    8.7627    8.4665   90.5644
 757.5041  2530.4322  283.4715 -999.9000   80.3484    8.5006    9.0141   90.6155
 743.3854  2687.3116  282.8956 -999.9000   77.7073    7.5803    7.9241   90.6080
 729.2940  2844.1910  281.8165 -999.9000   60.3352    5.5688    7.7020   90.6173
 715.5826  3001.0704  280.7608 -999.9000   50.0864    4.3807    9.3054   90.6971
 702.0616  3157.9497  279.5658 -999.9000   51.5702    4.2344   10.6121   90.7782
 688.7126  3314.8291  278.0740 -999.9000   58.8896    4.4448   10.7276   90.8007
 675.5482  3471.7085  276.4302 -999.9000   68.1852    4.6752   11.0042   90.8205
 662.5494  3628.5879  274.9346 -999.9000   74.1330    4.6607   11.6383   90.8487
 649.7305  3785.4673  273.9038 -999.9000   67.2705    4.0055   11.9618   90.8627
 637.1240  3942.3467  273.0272 -999.9000   55.1497    3.1437   11.3115   90.9118
 624.7467  4099.2261  271.9871 -999.9000   50.1826    2.7055    9.7948   91.0167
 612.5275  4256.1055  270.8999 -999.9000   50.1242    2.5464    9.3940   91.0465
 600.5160  4412.9849  270.2637 -999.9000   38.2395    1.8919    9.7066   91.0390
 588.7253  4569.8643  269.6392 -999.9000   22.7850    1.0986    9.9236   91.0433
 577.1128  4726.7437  268.3163 -999.9000   18.1891    0.8108   10.0072   91.0483
 565.6299  4883.6231  267.4506 -999.9000   17.0597    0.7276   10.0028   91.0538
 554.4053  5040.5025  266.8596 -999.9000   13.5221    0.5634    9.3466   91.1400
 543.3471  5197.3819  266.1559 -999.9000   12.8645    0.5190    8.6004   91.2153
 532.4739  5354.2613  265.1031 -999.9000   22.2512    0.8459    9.0373   91.2112
 521.8251  5511.1407  264.0292 -999.9000   24.1075    0.8613    9.8228   91.1806
 511.3144  5668.0201  263.2136 -999.9000   14.1377    0.4842   10.5317   91.1583
 500.9731  5824.8995  261.8485 -999.9000   13.0219    0.4090   11.2596   91.1344
 490.8286  5981.7789  260.2143 -999.9000   18.4737    0.5200   11.4380   91.1143
 480.7236  6138.6583  259.0792 -999.9000   29.3517    0.7703   11.7927   91.0832
 470.8214  6295.5377  257.7712 -999.9000   31.6305    0.7621   11.9076   91.0728
 461.0900  6452.4171  256.3250 -999.9000   30.9665    0.6762   11.6428   90.9894
 451.4963  6609.2965  255.0063 -999.9000   32.1497    0.6422   10.6439   90.8335
 442.0676  6766.1759  253.9141 -999.9000   32.7302    0.6091    9.7580   90.7116
 432.8253  6923.0553  252.9331 -999.9000   32.4481    0.5674   10.6677   90.6964
 423.7241  7079.9347  251.5086 -999.9000   36.1698    0.5712   11.5437   90.7318
 414.7432  7236.8141  249.7869 -999.9000   41.4156    0.5742   11.3309   90.7585
 405.9174  7393.6935  248.7762 -999.9000   31.9631    0.4138   11.5422   90.7794
 397.1974  7550.5729  247.4751 -999.9000   27.3575    0.3219   11.7855   90.7881
 388.6475  7707.4523  246.0692 -999.9000   31.2924    0.3308   11.8988   90.8405
 380.2876  7864.3317  245.0418 -999.9000   34.9508    0.3433   12.0964   90.9010
 372.0784  8021.2111  244.2144 -999.9000   39.2288    0.3645   12.2042   90.8924
 363.9826  8178.0905  243.4123 -999.9000   45.3656    0.3994   12.0688   90.7526
 356.0087  8334.9698  242.5515 -999.9000   54.6214    0.4529   12.0016   90.7678
 348.2042  8491.8492  241.6507 -999.9000   60.7494    0.5188   12.5500   91.3797
 340.5609  8648.7286  240.7925 -999.9000   65.1364    0.5272   12.7278   91.7004
 333.0575  8805.6080  239.9264 -999.9000   65.7296    0.4852   12.6133   91.6152
 325.6771  8962.4874  238.9521 -999.9000   65.1383    0.4338   12.8531   91.4555
 318.4095  9119.3668  237.7531 -999.9000   65.9130    0.3977   13.7166   91.4682
 311.2701  9276.2462  236.1195 -999.9000   60.7864    0.3338   13.8185   91.4746
 304.2599  9433.1256  234.5530 -999.9000   55.5849    0.2938   13.9869   91.4194
 297.3812  9590.0050  233.4750 -999.9000   50.7249    0.2688   14.4140   91.3896
 290.6045  9746.8844  232.2364 -999.9000   45.5033    0.2331   14.6891   91.3805
 283.9369  9903.7638  230.8490 -999.9000   45.7920    0.2031   15.0154   91.3479
 277.3870 10060.6432  229.3585 -999.9000   45.6338    0.1789   15.3560   91.3074
 270.9631 10217.5226  227.8045 -999.9000   45.5630    0.1538   15.5788   91.2950
 264.6694 10374.4020  226.2611 -999.9000   45.6658    0.1244   15.5946   91.3378
 258.4744 10531.2814  225.0350 -999.9000   45.1685    0.1097   15.7046   91.3756
 252.3757 10688.1608  224.0081 -999.9000   45.4799    0.1034   15.9384   91.3933
 246.3812 10845.0402  222.9515 -999.9000   40.2016    0.0916   16.2146   91.3978
 240.4896 11001.9196  221.7575 -999.9000   35.6474    0.0742   16.4807   91.3965
 234.6950 11158.7990  220.4215 -999.9000   35.9005    0.0604   16.7072   91.3968
 229.0082 11315.6784  219.0400 -999.9000   35.4454    0.0528   16.8881   91.3986
 223.4492 11472.5578  217.7608 -999.9000   34.9202    0.0500   17.0295   91.3982
 218.0236 11629.4372  216.5604 -999.9000   30.0833    0.0480   16.8493   91.4126
 212.6609 11786.3166  214.8899 -999.9000   25.5733    0.0350   15.1970   91.5070
 207.3913 11943.1960  214.0607 -999.9000   23.7445    0.0295   14.0521   91.4951
 202.2510 12100.0754  214.7674 -999.9000   17.9883    0.0410   13.7859   91.5711
 197.2536 12256.9548  216.1683 -999.9000    9.0908    0.0304   11.8285   92.1270
 192.4469 12413.8342  218.5623 -999.9000    2.6438    0.0062   12.3245   91.9985
 187.8076 12570.7136  218.3783 -999.9000    0.2369    0.0003   12.6151   91.9213
 183.2603 12727.5930  217.1410 -999.9000    0.2955    0.0003   12.3723   91.8946
 178.8033 12884.4724  216.7250 -999.9000    0.0000    0.0000   12.1896   91.8603
 174.4458 13041.3518  217.1242 -999.9000    0.0133    0.0000   12.3734   91.7991
 170.1876 13198.2312  217.3444 -999.9000    0.0000    0.0000   12.9494   91.6668
 166.0391 13355.1106  217.5063 -999.9000    0.0000    0.0000   13.6195   91.5392
 162.0101 13511.9899  217.1227 -999.9000    0.0002    0.0000   13.9681   91.4198
 158.0706 13668.8693  216.1297 -999.9000    0.0000    0.0000   13.6332   91.3880
 154.1974 13825.7487  215.2469 -999.9000    0.0000    0.0000   12.5186   91.4693
 150.4126 13982.6281  215.1697 -999.9000    0.0000    0.0000   10.6491   91.5650
 146.7292 14139.5075  216.0875 -999.9000    0.0000    0.0000   10.6127   91.5673
 143.1108 14296.3869  214.2990 -999.9000    0.0000    0.0000   10.5699   91.5696
 139.5597 14453.2663  216.7062 -999.9000    0.0000    0.0000   10.5721   91.5684
 136.1266 14610.1457  214.3607 -999.9000    0.0000    0.0000   10.5941   91.5540
 132.7619 14767.0251  213.4830 -999.9000    0.0000    0.0000   10.6174   91.5347
 129.4754 14923.9045  214.4762 -999.9000    0.0000    0.0000   10.6360   91.5197
 126.2897 15080.7839  215.5826 -999.9000    0.0000    0.0000   10.6411   91.5108
 123.1790 15237.6633  216.8142 -999.9000    0.0000    0.0000   10.6710   91.4644
 120.1481 15394.5427  217.2943 -999.9000    0.0000    0.0000   10.5392   91.3748
 117.2138 15551.4221  216.6599 -999.9000    0.0000    0.0000   10.1860   91.2661
 114.3435 15708.3015  216.5774 -999.9000    0.0000    0.0000    9.8689   91.1464
 111.5416 15865.1809  216.3477 -999.9000    0.0000    0.0000    9.2901   91.1933
 108.8149 16022.0603  217.6758 -999.9000    0.0000    0.0000    8.4757   91.4869
 106.1648 16178.9397  217.7454 -999.9000    0.0000    0.0000    8.0119   91.3484
 103.5767 16335.8191  217.3942 -999.9000    0.0000    0.0000    6.5768   91.9971
 101.0524 16492.6985  219.4542 -999.9000    0.0000    0.0000    2.0924   90.4089
  98.6148 16649.5779  218.0763 -999.9000    0.0000    0.0000    1.3080   90.4014
  96.2203 16806.4573  217.3488 -999.9000    0.0000    0.0000    0.4698   90.4014
  93.8688 16963.3367  216.6441 -999.9000    0.0000    0.0000    1.5379   90.4014
  91.5836 17120.2161  216.5333 -999.9000    0.0000    0.0000    2.3889   90.4014
  89.3567 17277.0955  216.5194 -999.9000    0.0000    0.0000    3.0033   90.4014
  87.1784 17433.9749  216.0542 -999.9000    0.0000    0.0000    3.6781   90.3927
  85.0453 17590.8543  215.2498 -999.9000    0.0000    0.0000    4.5798   90.0754
  82.9608 17747.7337  214.9295 -999.9000    0.0000    0.0000    5.7351   90.9865
  80.9282 17904.6131  215.5767 -999.9000    0.0000    0.0000    6.8603   90.6807
  78.9484 18061.4925  216.2216 -999.9000    0.0000    0.0000    6.7273   90.4907
  77.0217 18218.3719  216.8945 -999.9000    0.0000    0.0000    5.7397   90.6714
  75.1483 18375.2513  217.9527 -999.9000    0.0000    0.0000    4.7525   90.9237
  73.3271 18532.1307  219.0544 -999.9000    0.0000    0.0000    4.0965   91.0464
  71.5556 18689.0101  219.1798 -999.9000    0.0000    0.0000    3.5942   90.9336
  69.8260 18845.8894  218.0641 -999.9000    0.0000    0.0000    2.9396   91.0562
  68.1227 19002.7688  217.7736 -999.9000    0.0000    0.0000    1.7662   91.7656
  66.4601 19159.6482  218.1235 -999.9000    0.0000    0.0000    0.7053   89.5288
  64.8418 19316.5276  218.6071 -999.9000    0.0000    0.0000    0.3673   87.4851
  63.2670 19473.4070  219.0108 -999.9000    0.0000    0.0000    0.8827   87.9468
  61.7318 19630.2864  219.5725 -999.9000    0.0000    0.0000    1.4434   88.3028
  60.2355 19787.1658  219.7862 -999.9000    0.0000    0.0000    2.1628   88.5476
  58.7762 19944.0452  219.4912 -999.9000    0.0000    0.0000    2.9817   88.9105
  57.3501 20100.9246  219.1140 -999.9000    0.0000    0.0000    3.3959   89.0671
  55.9562 20257.8040  218.8485 -999.9000    0.0000    0.0000    3.3086   88.9446
  54.5968 20414.6834  218.6152 -999.9000    0.0000    0.0000    3.0852   88.7725
  53.2731 20571.5628  218.5659 -999.9000    0.0000    0.0000    2.8894   88.6461
  51.9860 20728.4422  219.0112 -999.9000    0.0000    0.0000    2.7384   88.5640
  50.7361 20885.3216  220.2648 -999.9000    0.0000    0.0000    2.6470   88.5228
  49.5229 21042.2010  222.0379 -999.9000    0.0000    0.0000    2.5989   88.5126
  48.3394 21199.0804  221.4206 -999.9000    0.0000    0.0000    2.9441   88.5757
  47.1874 21355.9598  221.4887 -999.9000    0.0000    0.0000    4.0815   88.7747
  46.0647 21512.8392  221.8801 -999.9000    0.0000    0.0000    5.1264   88.9472
  44.9691 21669.7186  222.1160 -999.9000    0.0000    0.0000    5.3459   88.9570
  43.8989 21826.5980  222.1334 -999.9000    0.0000    0.0000    4.9723   88.8369
  42.8525 21983.4774  221.9929 -999.9000    0.0000    0.0000    4.5215   88.6697
  41.8295 22140.3568  221.7427 -999.9000    0.0000    0.0000    4.2823   88.5214
  40.8309 22297.2362  221.4111 -999.9000    0.0000    0.0000    4.1919   88.4316
  39.8584 22454.1156  221.0276 -999.9000    0.0000    0.0000    4.1582   88.4374
  38.9104 22610.9950  221.4187 -999.9000    0.0000    0.0000    4.3287   88.5046
  37.9838 22767.8744  222.6778 -999.9000    0.0000    0.0000    4.7594   88.5579
  37.0791 22924.7538  223.3689 -999.9000    0.0000    0.0000    5.1186   88.6106
  36.1962 23081.6332  223.4608 -999.9000    0.0000    0.0000    5.3897   88.6649
  35.3349 23238.5126  223.1716 -999.9000    0.0000    0.0000    5.6122   88.7211
  34.4951 23395.3920  222.7186 -999.9000    0.0000    0.0000    5.8253   88.7793
  33.6765 23552.2714  222.3200 -999.9000    0.0000    0.0000    6.0684   88.8396
  32.8792 23709.1508  222.1931 -999.9000    0.0000    0.0000    6.3811   88.9021
  32.1025 23866.0302  222.4803 -999.9000    0.0000    0.0000    6.7752   88.9664
  31.3447 24022.9095  223.0439 -999.9000    0.0000    0.0000    7.1625   89.0294
  30.6036 24179.7889  223.6820 -999.9000    0.0000    0.0000    7.4312   89.0878
  29.8779 24336.6683  224.1673 -999.9000    0.0000    0.0000    7.4894   89.1301
  29.1715 24493.5477  224.2104 -999.9000    0.0000    0.0000    7.4412   89.0898
  28.4842 24650.4271  224.0592 -999.9000    0.0000    0.0000    7.3391   88.9796
  27.8138 24807.3065  224.0827 -999.9000    0.0000    0.0000    7.1969   88.8366
  27.1583 24964.1859  224.6479 -999.9000    0.0000    0.0000    7.0282   88.6979
  26.5173 25121.0653  225.8157 -999.9000    0.0000    0.0000    6.8536   88.5852
  25.8939 25277.9447  226.9982 -999.9000    0.0000    0.0000    6.7079   88.4883
  25.2914 25434.8241  227.5248 -999.9000    0.0000    0.0000    6.6279   88.3927
  24.7096 25591.7035  227.0290 -999.9000    0.0000    0.0000    6.6948   88.3136
  24.1354 25748.5829  226.4962 -999.9000    0.0000    0.0000    7.0695   88.3442
  23.5706 25905.4623  226.2594 -999.9000    0.0000    0.0000    7.6543   88.4419
  23.0189 26062.3417  226.5277 -999.9000    0.0000    0.0000    8.3242   88.5480
  22.4826 26219.2211  227.3665 -999.9000    0.0000    0.0000    8.9788   88.6216
  21.9608 26376.1005  228.4698 -999.9000    0.0000    0.0000    9.5794   88.6692
  21.4521 26532.9799  229.4729 -999.9000    0.0000    0.0000   10.0978   88.7041
  20.9548 26689.8593  230.0107 -999.9000    0.0000    0.0000   10.5056   88.7401
  20.4676 26846.7387  229.7184 -999.9000    0.0000    0.0000   10.7743   88.7908
  19.9891 27003.6181  228.2664 -999.9000    0.0000    0.0000   10.8687   88.8671
  19.5243 27160.4975  227.3762 -999.9000    0.0000    0.0000   10.4269   88.8331
  19.0752 27317.3769  227.8350 -999.9000    0.0000    0.0000    9.5209   88.6652
  18.6391 27474.2563  229.0625 -999.9000    0.0000    0.0000    8.5453   88.4541
  18.2135 27631.1357  230.4783 -999.9000    0.0000    0.0000    7.8944   88.2905
  17.7959 27788.0151  231.5113 -999.9000    0.0000    0.0000    7.9399   88.2601
  17.3864 27944.8945  231.8143 -999.9000    0.0000    0.0000    8.5029   88.3267
  16.9866 28101.7739  231.4135 -999.9000    0.0000    0.0000    9.1020   88.3867
  16.5963 28258.6533  230.6055 -999.9000    0.0000    0.0000    9.7027   88.4341
  16.2153 28415.5327  229.7144 -999.9000    0.0000    0.0000   10.3192   88.4734
  15.8432 28572.4121  229.0637 -999.9000    0.0000    0.0000   10.9663   88.5095
  15.4798 28729.2915  228.9713 -999.9000    0.0000    0.0000   11.6563   88.5468
  15.1246 28886.1709  229.3985 -999.9000    0.0000    0.0000   12.2870   88.5881
  14.7769 29043.0503  229.7885 -999.9000    0.0000    0.0000   12.5946   88.6333
  14.4368 29199.9296  229.9771 -999.9000    0.0000    0.0000   12.5143   88.6841
  14.1043 29356.8090  230.1021 -999.9000    0.0000    0.0000   12.1273   88.7433
  13.7798 29513.6884  230.3068 -999.9000    0.0000    0.0000   11.5183   88.8140
  13.4633 29670.5678  230.7345 -999.9000    0.0000    0.0000   10.7715   88.8992
  13.1552 29827.4472  231.5288 -999.9000    0.0000    0.0000    9.9714   89.0018
  12.8555 29984.3266  232.7761 -999.9000    0.0000    0.0000    9.2002   89.1215
  12.5638 30141.2060  234.1641 -999.9000    0.0000    0.0000    8.5260   89.2343
  12.2794 30298.0854  235.2107 -999.9000    0.0000    0.0000    8.0108   89.3059
  12.0018 30454.9648  235.4336 -999.9000    0.0000    0.0000    7.7168   89.3022
  11.7304 30611.8442  234.6046 -999.9000    0.0000    0.0000    7.6649   89.2026
  11.4650 30768.7236  233.5355 -999.9000    0.0000    0.0000    7.7097   89.0420
  11.2056 30925.6030  233.3028 -999.9000    0.0000    0.0000    7.6637   88.8691
  10.9522 31082.4824  234.5583 -999.9000    0.0000    0.0000    7.4066   88.7216
  10.7056 31239.3618  236.1418 -999.9000    0.0000    0.0000    7.1077   88.5894
  10.4661 31396.2412  236.7352 -999.9000    0.0000    0.0000    6.9640   88.4534
  10.2318 31553.1206  236.4185 -999.9000    0.0000    0.0000    6.9608   88.3118
  10.0000 31710.0000  235.6466 -999.9000    0.0000    0.0000    7.0273   88.1674
