# 06610 LSMP Payerne Observations at 12Z 30 Jul 2008
# Radiosonde file generated by raso.rb
#
  P [hPa],     Z [m],    T [K],   Td [K],   RH [%], r [g/kg], WS [m/s], WD [deg]
 962.0000   491.0000  298.2061 -999.9000   66.1119   13.6900    2.0881   93.0543
 944.6891   647.8794  296.2044 -999.9000   67.6976   12.6302    4.5795   92.6754
 927.6873   804.7588  294.8665 -999.9000   79.4570   13.9071    2.2391   92.9144
 911.0964   961.6382  293.6217 -999.9000   79.9429   14.4362    0.4899   92.0428
 894.7070  1118.5176  292.7259 -999.9000   79.9667   14.3064    1.4623   90.9797
 878.5406  1275.3970  292.4639 -999.9000   80.0531   13.3485    2.4605   90.6229
 862.6769  1432.2764  291.1116 -999.9000   80.9834   13.5129    2.7049   90.4248
 846.9845  1589.1558  289.8884 -999.9000   80.3172   13.9027    4.3235   90.3491
 831.5533  1746.0352  289.5527 -999.9000   80.8056   13.2228    5.2191   90.3950
 816.3570  1902.9146  288.2434 -999.9000   80.7015   11.9693    6.3355   90.4496
 801.3249  2059.7940  286.6521 -999.9000   80.4262   11.5640    6.9683   90.4939
 786.5365  2216.6734  285.2914 -999.9000   80.2737   10.4184    7.7239   90.5367
 771.9169  2373.5528  284.0489 -999.9000   80.6608    8.7627    8.9209   90.5644
 757.5041  2530.4322  282.9780 -999.9000   80.5248    8.5006    9.4557   90.6155
 743.3854  2687.3116  282.3884 -999.9000   77.8737    7.5803    8.3471   90.6080
 729.2940  2844.1910  281.2979 -999.9000   60.4587    5.5688    8.1008   90.6173
 715.5826  3001.0704  280.2330 -999.9000   50.1823    4.3807    9.6750   90.6971
 702.0616  3157.9497  279.0308 -999.9000   51.6603    4.2344   10.9479   90.7782
 688.7126  3314.8291  277.5338 -999.9000   58.9809    4.4448   11.0254   90.8007
 675.5482  3471.7085  275.8866 -999.9000   68.2755    4.6752   11.2605   90.8205
 662.5494  3628.5879  274.3896 -999.9000   74.2126    4.6607   11.8498   90.8487
 649.7305  3785.4673  273.3590 -999.9000   67.3245    4.0055   12.1256   90.8627
 637.1240  3942.3467  272.4841 -999.9000   55.1779    3.1437   11.4254   90.9118
 624.7467  4099.2261  271.4473 -999.9000   50.1928    2.7055    9.8570   91.0167
 612.5275  4256.1055  270.3648 -999.9000   50.1185    2.5464    9.4030   91.0465
 600.5160  4412.9849  269.7346 -999.9000   38.2226    1.8919    9.6615   91.0390
 588.7253  4569.8643  269.1173 -999.9000   22.7673    1.0986    9.8238   91.0433
 577.1128  4726.7437  267.8028 -999.9000   18.1688    0.8108    9.8527   91.0483
 565.6299  4883.6231  266.9465 -999.9000   17.0349    0.7276    9.7940   91.0538
 554.4053  5040.5025  266.3658 -999.9000   13.4980    0.5634    9.0845   91.1400
 543.3471  5197.3819  265.6733 -999.9000   12.8373    0.5190    8.2861   91.2153
 532.4739  5354.2613  264.6324 -999.9000   22.1971    0.8459    8.6727   91.2112
 521.8251  5511.1407  263.5711 -999.9000   24.0414    0.8613    9.4101   91.1806
 511.3144  5668.0201  262.7686 -999.9000   14.0949    0.4842   10.0736   91.1583
 500.9731  5824.8995  261.4171 -999.9000   12.9789    0.4090   10.7591   91.1344
 490.8286  5981.7789  259.7969 -999.9000   18.4081    0.5200   10.8988   91.1143
 480.7236  6138.6583  258.6761 -999.9000   29.2407    0.7703   11.2188   91.0832
 470.8214  6295.5377  257.3824 -999.9000   31.5046    0.7621   11.3035   91.0728
 461.0900  6452.4171  255.9508 -999.9000   30.8381    0.6762   11.0134   90.9894
 451.4963  6609.2965  254.6466 -999.9000   32.0121    0.6422    9.9946   90.8335
 442.0676  6766.1759  253.5688 -999.9000   32.5869    0.6091    9.0948   90.7116
 432.8253  6923.0553  252.6021 -999.9000   32.3042    0.5674    9.9968   90.6964
 423.7241  7079.9347  251.1915 -999.9000   36.0088    0.5712   10.8718   90.7318
 414.7432  7236.8141  249.4833 -999.9000   41.2327    0.5742   10.6653   90.7585
 405.9174  7393.6935  248.4857 -999.9000   31.8244    0.4138   10.8904   90.7794
 397.1974  7550.5729  247.1971 -999.9000   27.2425    0.3219   11.1556   90.7881
 388.6475  7707.4523  245.8032 -999.9000   31.1665    0.3308   11.2986   90.8405
 380.2876  7864.3317  244.7871 -999.9000   34.8181    0.3433   11.5327   90.9010
 372.0784  8021.2111  243.9702 -999.9000   39.0903    0.3645   11.6835   90.8924
 363.9826  8178.0905  243.1781 -999.9000   45.2191    0.3994   11.5965   90.7526
 356.0087  8334.9698  242.3265 -999.9000   54.4629    0.4529   11.5825   90.7678
 348.2042  8491.8492  241.4341 -999.9000   60.5947    0.5188   12.1885   91.3797
 340.5609  8648.7286  240.5836 -999.9000   64.9950    0.5272   12.4273   91.7004
 333.0575  8805.6080  239.7245 -999.9000   65.6125    0.4852   12.3765   91.6152
 325.6771  8962.4874  238.7563 -999.9000   65.0484    0.4338   12.6821   91.4555
 318.4095  9119.3668  237.5626 -999.9000   65.8488    0.3977   13.6129   91.4682
 311.2701  9276.2462  235.9334 -999.9000   60.7518    0.3338   13.7827   91.4746
 304.2599  9433.1256  234.3705 -999.9000   55.5757    0.2938   14.0191   91.4194
 297.3812  9590.0050  233.2952 -999.9000   50.7363    0.2688   14.5134   91.3896
 290.6045  9746.8844  232.0583 -999.9000   45.5308    0.2331   14.8543   91.3805
 283.9369  9903.7638  230.6716 -999.9000   45.8362    0.2031   15.2442   91.3479
 277.3870 10060.6432  229.1809 -999.9000   45.6931    0.1789   15.6457   91.3074
 270.9631 10217.5226  227.6256 -999.9000   45.6362    0.1538   15.9259   91.2950
 264.6694 10374.4020  226.0800 -999.9000   45.7515    0.1244   15.9948   91.3378
 258.4744 10531.2814  224.8505 -999.9000   45.2638    0.1097   16.1531   91.3756
 252.3757 10688.1608  223.8193 -999.9000   45.5844    0.1034   16.4295   91.3933
 246.3812 10845.0402  222.7572 -999.9000   40.2996    0.0916   16.7421   91.3978
 240.4896 11001.9196  221.5566 -999.9000   35.7374    0.0742   17.0377   91.3965
 234.6950 11158.7990  220.2128 -999.9000   35.9924    0.0604   17.2866   91.3968
 229.0082 11315.6784  218.8227 -999.9000   35.5355    0.0528   17.4833   91.3986
 223.4492 11472.5578  217.5341 -999.9000   35.0068    0.0500   17.6341   91.3982
 218.0236 11629.4372  216.3236 -999.9000   30.1548    0.0480   17.4574   91.4126
 212.6609 11786.3166  214.6423 -999.9000   25.6306    0.0350   15.8030   91.5070
 207.3913 11943.1960  213.8019 -999.9000   23.7936    0.0295   14.6507   91.4951
 202.2510 12100.0754  214.4970 -999.9000   18.0218    0.0410   14.3722   91.5711
 197.2536 12256.9548  215.8862 -999.9000    9.1057    0.0304   12.3978   92.1270
 192.4469 12413.8342  218.2682 -999.9000    2.6474    0.0062   12.8728   91.9985
 187.8076 12570.7136  218.0724 -999.9000    0.2372    0.0003   13.1383   91.9213
 183.2603 12727.5930  216.8233 -999.9000    0.2957    0.0003   12.8670   91.8946
 178.8033 12884.4724  216.3957 -999.9000    0.0000    0.0000   12.6525   91.8603
 174.4458 13041.3518  216.7837 -999.9000    0.0133    0.0000   12.8018   91.7991
 170.1876 13198.2312  216.9932 -999.9000    0.0000    0.0000   13.3407   91.6668
 166.0391 13355.1106  217.1450 -999.9000    0.0000    0.0000   13.9716   91.5392
 162.0101 13511.9899  216.7519 -999.9000    0.0002    0.0000   14.2791   91.4198
 158.0706 13668.8693  215.7504 -999.9000    0.0000    0.0000   13.9017   91.3880
 154.1974 13825.7487  214.8598 -999.9000    0.0000    0.0000   12.7434   91.4693
 150.4126 13982.6281  214.7760 -999.9000    0.0000    0.0000   10.8295   91.5650
 146.7292 14139.5075  215.6885 -999.9000    0.0000    0.0000   10.7483   91.5673
 143.1108 14296.3869  213.8958 -999.9000    0.0000    0.0000   10.6606   91.5696
 139.5597 14453.2663  216.3003 -999.9000    0.0000    0.0000   10.6182   91.5684
 136.1266 14610.1457  213.9535 -999.9000    0.0000    0.0000   10.5961   91.5540
 132.7619 14767.0251  213.0759 -999.9000    0.0000    0.0000   10.5762   91.5347
 129.4754 14923.9045  214.0703 -999.9000    0.0000    0.0000   10.5527   91.5197
 126.2897 15080.7839  215.1792 -999.9000    0.0000    0.0000   10.5171   91.5108
 123.1790 15237.6633  216.4143 -999.9000    0.0000    0.0000   10.5079   91.4644
 120.1481 15394.5427  216.8990 -999.9000    0.0000    0.0000   10.3391   91.3748
 117.2138 15551.4221  216.2700 -999.9000    0.0000    0.0000    9.9510   91.2661
 114.3435 15708.3015  216.1938 -999.9000    0.0000    0.0000    9.6015   91.1464
 111.5416 15865.1809  215.9712 -999.9000    0.0000    0.0000    8.9932   91.1933
 108.8149 16022.0603  217.3070 -999.9000    0.0000    0.0000    8.1522   91.4869
 106.1648 16178.9397  217.3848 -999.9000    0.0000    0.0000    7.6651   91.3484
 103.5767 16335.8191  217.0424 -999.9000    0.0000    0.0000    6.2103   91.9971
 101.0524 16492.6985  219.1116 -999.9000    0.0000    0.0000    1.7101   90.4089
  98.6148 16649.5779  217.7432 -999.9000    0.0000    0.0000    0.9141   90.4014
  96.2203 16806.4573  217.0255 -999.9000    0.0000    0.0000    0.0686   90.4014
  93.8688 16963.3367  216.3308 -999.9000    0.0000    0.0000    1.1342   90.4014
  91.5836 17120.2161  216.2300 -999.9000    0.0000    0.0000    1.9875   90.4014
  89.3567 17277.0955  216.2261 -999.9000    0.0000    0.0000    2.6095   90.4014
  87.1784 17433.9749  215.7709 -999.9000    0.0000    0.0000    3.2974   90.3927
  85.0453 17590.8543  214.9763 -999.9000    0.0000    0.0000    4.2180   90.0754
  82.9608 17747.7337  214.6655 -999.9000    0.0000    0.0000    5.3982   90.9865
  80.9282 17904.6131  215.3218 -999.9000    0.0000    0.0000    6.5547   90.6807
  78.9484 18061.4925  215.9756 -999.9000    0.0000    0.0000    6.4591   90.4907
  77.0217 18218.3719  216.6572 -999.9000    0.0000    0.0000    5.5143   90.6714
  75.1483 18375.2513  217.7241 -999.9000    0.0000    0.0000    4.5748   90.9237
  73.3271 18532.1307  218.8347 -999.9000    0.0000    0.0000    3.9707   91.0464
  71.5556 18689.0101  218.9693 -999.9000    0.0000    0.0000    3.5237   90.9336
  69.8260 18845.8894  217.8633 -999.9000    0.0000    0.0000    2.9271   91.0562
  68.1227 19002.7688  217.5830 -999.9000    0.0000    0.0000    1.8139   91.7656
  66.4601 19159.6482  217.9440 -999.9000    0.0000    0.0000    0.8146   89.5288
  64.8418 19316.5276  218.4397 -999.9000    0.0000    0.0000    0.5389   87.4851
  63.2670 19473.4070  218.8565 -999.9000    0.0000    0.0000    1.1167   87.9468
  61.7318 19630.2864  219.4327 -999.9000    0.0000    0.0000    1.7391   88.3028
  60.2355 19787.1658  219.6621 -999.9000    0.0000    0.0000    2.5190   88.5476
  58.7762 19944.0452  219.3846 -999.9000    0.0000    0.0000    3.3963   88.9105
  57.3501 20100.9246  219.0265 -999.9000    0.0000    0.0000    3.8664   89.0671
  55.9562 20257.8040  218.7821 -999.9000    0.0000    0.0000    3.8314   88.9446
  54.5968 20414.6834  218.5719 -999.9000    0.0000    0.0000    3.6565   88.7725
  53.2731 20571.5628  218.5479 -999.9000    0.0000    0.0000    3.5044   88.6461
  51.9860 20728.4422  219.0210 -999.9000    0.0000    0.0000    3.3918   88.5640
  50.7361 20885.3216  220.3048 -999.9000    0.0000    0.0000    3.3326   88.5228
  49.5229 21042.2010  222.1108 -999.9000    0.0000    0.0000    3.3101   88.5126
  48.3394 21199.0804  221.5293 -999.9000    0.0000    0.0000    3.6734   88.5757
  47.1874 21355.9598  221.6362 -999.9000    0.0000    0.0000    4.8208   88.7747
  46.0647 21512.8392  222.0693 -999.9000    0.0000    0.0000    5.8674   88.9472
  44.9691 21669.7186  222.3494 -999.9000    0.0000    0.0000    6.0809   88.9570
  43.8989 21826.5980  222.4130 -999.9000    0.0000    0.0000    5.6941   88.8369
  42.8525 21983.4774  222.3204 -999.9000    0.0000    0.0000    5.2236   88.6697
  41.8295 22140.3568  222.1190 -999.9000    0.0000    0.0000    4.9588   88.5214
  40.8309 22297.2362  221.8370 -999.9000    0.0000    0.0000    4.8374   88.4316
  39.8584 22454.1156  221.5032 -999.9000    0.0000    0.0000    4.7680   88.4374
  38.9104 22610.9950  221.9438 -999.9000    0.0000    0.0000    4.8987   88.5046
  37.9838 22767.8744  223.2517 -999.9000    0.0000    0.0000    5.2861   88.5579
  37.0791 22924.7538  223.9904 -999.9000    0.0000    0.0000    5.5990   88.6106
  36.1962 23081.6332  224.1282 -999.9000    0.0000    0.0000    5.8217   88.6649
  35.3349 23238.5126  223.8827 -999.9000    0.0000    0.0000    5.9939   88.7211
  34.4951 23395.3920  223.4710 -999.9000    0.0000    0.0000    6.1558   88.7793
  33.6765 23552.2714  223.1105 -999.9000    0.0000    0.0000    6.3471   88.8396
  32.8792 23709.1508  223.0183 -999.9000    0.0000    0.0000    6.6081   88.9021
  32.1025 23866.0302  223.3362 -999.9000    0.0000    0.0000    6.9514   88.9664
  31.3447 24022.9095  223.9260 -999.9000    0.0000    0.0000    7.2890   89.0294
  30.6036 24179.7889  224.5855 -999.9000    0.0000    0.0000    7.5101   89.0878
  29.8779 24336.6683  225.0868 -999.9000    0.0000    0.0000    7.5233   89.1301
  29.1715 24493.5477  225.1401 -999.9000    0.0000    0.0000    7.4332   89.0898
  28.4842 24650.4271  224.9929 -999.9000    0.0000    0.0000    7.2929   88.9796
  27.8138 24807.3065  225.0136 -999.9000    0.0000    0.0000    7.1169   88.8366
  27.1583 24964.1859  225.5690 -999.9000    0.0000    0.0000    6.9191   88.6979
  26.5173 25121.0653  226.7206 -999.9000    0.0000    0.0000    6.7201   88.5852
  25.8939 25277.9447  227.8807 -999.9000    0.0000    0.0000    6.5543   88.4883
  25.2914 25434.8241  228.3792 -999.9000    0.0000    0.0000    6.4584   88.3927
  24.7096 25591.7035  227.8501 -999.9000    0.0000    0.0000    6.5135   88.3136
  24.1354 25748.5829  227.2793 -999.9000    0.0000    0.0000    6.8801   88.3442
  23.5706 25905.4623  227.0001 -999.9000    0.0000    0.0000    7.4605   88.4419
  23.0189 26062.3417  227.2222 -999.9000    0.0000    0.0000    8.1295   88.5480
  22.4826 26219.2211  228.0113 -999.9000    0.0000    0.0000    8.7863   88.6216
  21.9608 26376.1005  229.0619 -999.9000    0.0000    0.0000    9.3921   88.6692
  21.4521 26532.9799  230.0097 -999.9000    0.0000    0.0000    9.9187   88.7041
  20.9548 26689.8593  230.4901 -999.9000    0.0000    0.0000   10.3372   88.7401
  20.4676 26846.7387  230.1388 -999.9000    0.0000    0.0000   10.6191   88.7908
  19.9891 27003.6181  228.6265 -999.9000    0.0000    0.0000   10.7289   88.8671
  19.5243 27160.4975  227.6752 -999.9000    0.0000    0.0000   10.3046   88.8331
  19.0752 27317.3769  228.0726 -999.9000    0.0000    0.0000    9.4180   88.6652
  18.6391 27474.2563  229.2388 -999.9000    0.0000    0.0000    8.4633   88.4541
  18.2135 27631.1357  230.5939 -999.9000    0.0000    0.0000    7.8350   88.2905
  17.7959 27788.0151  231.5671 -999.9000    0.0000    0.0000    7.9042   88.2601
  17.3864 27944.8945  231.8117 -999.9000    0.0000    0.0000    8.4920   88.3267
  16.9866 28101.7739  231.3545 -999.9000    0.0000    0.0000    9.1168   88.3867
  16.5963 28258.6533  230.4924 -999.9000    0.0000    0.0000    9.7438   88.4341
  16.2153 28415.5327  229.5499 -999.9000    0.0000    0.0000   10.3872   88.4734
  15.8432 28572.4121  228.8510 -999.9000    0.0000    0.0000   11.0615   88.5095
  15.4798 28729.2915  228.7142 -999.9000    0.0000    0.0000   11.7787   88.5468
  15.1246 28886.1709  229.1010 -999.9000    0.0000    0.0000   12.4366   88.5881
  14.7769 29043.0503  229.4551 -999.9000    0.0000    0.0000   12.7710   88.6333
  14.4368 29199.9296  229.6129 -999.9000    0.0000    0.0000   12.7170   88.6841
  14.1043 29356.8090  229.7124 -999.9000    0.0000    0.0000   12.3557   88.7433
  13.7798 29513.6884  229.8975 -999.9000    0.0000    0.0000   11.7715   88.8140
  13.4633 29670.5678  230.3120 -999.9000    0.0000    0.0000   11.0484   88.8992
  13.1552 29827.4472  231.0998 -999.9000    0.0000    0.0000   10.2706   89.0018
  12.8555 29984.3266  232.3478 -999.9000    0.0000    0.0000    9.5204   89.1215
  12.5638 30141.2060  233.7441 -999.9000    0.0000    0.0000    8.8655   89.2343
  12.2794 30298.0854  234.8072 -999.9000    0.0000    0.0000    8.3677   89.3059
  12.0018 30454.9648  235.0550 -999.9000    0.0000    0.0000    8.0890   89.3022
  11.7304 30611.8442  234.2601 -999.9000    0.0000    0.0000    8.0502   89.2026
  11.4650 30768.7236  233.2343 -999.9000    0.0000    0.0000    8.1057   89.0420
  11.2056 30925.6030  233.0548 -999.9000    0.0000    0.0000    8.0676   88.8691
  10.9522 31082.4824  234.3739 -999.9000    0.0000    0.0000    7.8157   88.7216
  10.7056 31239.3618  236.0317 -999.9000    0.0000    0.0000    7.5189   88.5894
  10.4661 31396.2412  236.7106 -999.9000    0.0000    0.0000    7.3740   88.4534
  10.2318 31553.1206  236.4911 -999.9000    0.0000    0.0000    7.3663   88.3118
  10.0000 31710.0000  235.8284 -999.9000    0.0000    0.0000    7.4246   88.1674
