# 06610 LSMP Payerne Observations at 12Z 30 Jul 2008
# Radiosonde file generated by raso.rb
#
  P [hPa],     Z [m],    T [K],   Td [K],   RH [%], r [g/kg], WS [m/s], WD [deg]
 962.0000   491.0000  298.4180 -999.9000   66.1549   13.6900    1.8709   93.0543
 944.6891   647.8794  296.4368 -999.9000   67.7336   12.6302    4.3344   92.6754
 927.6873   804.7588  295.1156 -999.9000   79.4907   13.9071    1.9720   92.9144
 911.0964   961.6382  293.8838 -999.9000   79.9692   14.4362    0.2063   92.0428
 894.7070  1118.5176  292.9975 -999.9000   79.9864   14.3064    1.1675   90.9797
 878.5406  1275.3970  292.7417 -999.9000   80.0671   13.3485    2.1594   90.6229
 862.6769  1432.2764  291.3926 -999.9000   80.9926   13.5129    2.4023   90.4248
 846.9845  1589.1558  290.1695 -999.9000   80.3222   13.9027    4.0238   90.3491
 831.5533  1746.0352  289.8312 -999.9000   80.8073   13.2228    4.9266   90.3950
 816.3570  1902.9146  288.5166 -999.9000   80.7005   11.9693    6.0541   90.4496
 801.3249  2059.7940  286.9177 -999.9000   80.4233   11.5640    6.7015   90.4939
 786.5365  2216.6734  285.5472 -999.9000   80.2695   10.4184    7.4754   90.5367
 771.9169  2373.5528  284.2928 -999.9000   80.6559    8.7627    8.6936   90.5644
 757.5041  2530.4322  283.2081 -999.9000   80.5197    8.5006    9.2525   90.6155
 743.3854  2687.3116  282.6029 -999.9000   77.8691    7.5803    8.1705   90.6080
 729.2940  2844.1910  281.4954 -999.9000   60.4558    5.5688    7.9533   90.6173
 715.5826  3001.0704  280.4121 -999.9000   50.1806    4.3807    9.5585   90.6971
 702.0616  3157.9497  279.1904 -999.9000   51.6597    4.2344   10.8643   90.7782
 688.7126  3314.8291  277.6728 -999.9000   58.9816    4.4448   10.9762   90.8007
 675.5482  3471.7085  276.0043 -999.9000   68.2783    4.6752   11.2469   90.8205
 662.5494  3628.5879  274.4851 -999.9000   74.2180    4.6607   11.8729   90.8487
 649.7305  3785.4673  273.4320 -999.9000   67.3316    4.0055   12.1861   90.8627
 637.1240  3942.3467  272.5344 -999.9000   55.1858    3.1437   11.5237   90.9118
 624.7467  4099.2261  271.4746 -999.9000   50.2019    2.7055    9.9933   91.0167
 612.5275  4256.1055  270.3692 -999.9000   50.1295    2.5464    9.5773   91.0465
 600.5160  4412.9849  269.7165 -999.9000   38.2326    1.8919    9.8733   91.0390
 588.7253  4569.8643  269.0769 -999.9000   22.7741    1.0986   10.0726   91.0433
 577.1128  4726.7437  267.7407 -999.9000   18.1750    0.8108   10.1376   91.0483
 565.6299  4883.6231  266.8636 -999.9000   17.0414    0.7276   10.1139   91.0538
 554.4053  5040.5025  266.2630 -999.9000   13.5036    0.5634    9.4380   91.1400
 543.3471  5197.3819  265.5517 -999.9000   12.8431    0.5190    8.6715   91.2153
 532.4739  5354.2613  264.4933 -999.9000   22.2078    0.8459    9.0880   91.2112
 521.8251  5511.1407  263.4159 -999.9000   24.0538    0.8613    9.8531   91.1806
 511.3144  5668.0201  262.5990 -999.9000   14.1024    0.4842   10.5418   91.1583
 500.9731  5824.8995  261.2350 -999.9000   12.9862    0.4090   11.2499   91.1344
 490.8286  5981.7789  259.6043 -999.9000   18.4187    0.5200   11.4090   91.1143
 480.7236  6138.6583  258.4751 -999.9000   29.2580    0.7703   11.7452   91.0832
 470.8214  6295.5377  257.1755 -999.9000   31.5234    0.7621   11.8426   91.0728
 461.0900  6452.4171  255.7403 -999.9000   30.8565    0.6762   11.5614   90.9894
 451.4963  6609.2965  254.4355 -999.9000   32.0310    0.6422   10.5474   90.8335
 442.0676  6766.1759  253.3598 -999.9000   32.6057    0.6091    9.6479   90.7116
 432.8253  6923.0553  252.3983 -999.9000   32.3221    0.5674   10.5457   90.6964
 423.7241  7079.9347  250.9962 -999.9000   36.0278    0.5712   11.4117   90.7318
 414.7432  7236.8141  249.2998 -999.9000   41.2527    0.5742   11.1909   90.7585
 405.9174  7393.6935  248.3177 -999.9000   31.8384    0.4138   11.3965   90.7794
 397.1974  7550.5729  247.0483 -999.9000   27.2528    0.3219   11.6364   90.7881
 388.6475  7707.4523  245.6771 -999.9000   31.1763    0.3308   11.7488   90.8405
 380.2876  7864.3317  244.6868 -999.9000   34.8264    0.3433   11.9476   90.9010
 372.0784  8021.2111  243.8986 -999.9000   39.0965    0.3645   12.0586   90.8924
 363.9826  8178.0905  243.1376 -999.9000   45.2222    0.3994   11.9282   90.7526
 356.0087  8334.9698  242.3192 -999.9000   54.4617    0.4529   11.8675   90.7678
 348.2042  8491.8492  241.4617 -999.9000   60.5876    0.5188   12.4240   91.3797
 340.5609  8648.7286  240.6474 -999.9000   64.9810    0.5272   12.6111   91.7004
 333.0575  8805.6080  239.8254 -999.9000   65.5919    0.4852   12.5070   91.6152
 325.6771  8962.4874  238.8950 -999.9000   65.0214    0.4338   12.7581   91.4555
 318.4095  9119.3668  237.7392 -999.9000   65.8150    0.3977   13.6337   91.4682
 311.2701  9276.2462  236.1479 -999.9000   60.7148    0.3338   13.7482   91.4746
 304.2599  9433.1256  234.6223 -999.9000   55.5367    0.2938   13.9296   91.4194
 297.3812  9590.0050  233.5835 -999.9000   50.6962    0.2688   14.3699   91.3896
 290.6045  9746.8844  232.3818 -999.9000   45.4910    0.2331   14.6582   91.3805
 283.9369  9903.7638  231.0288 -999.9000   45.7926    0.2031   14.9975   91.3479
 277.3870 10060.6432  229.5697 -999.9000   45.6465    0.1789   15.3508   91.3074
 270.9631 10217.5226  228.0438 -999.9000   45.5868    0.1538   15.5859   91.2950
 264.6694 10374.4020  226.5248 -999.9000   45.6997    0.1244   15.6131   91.3378
 258.4744 10531.2814  225.3189 -999.9000   45.2108    0.1097   15.7338   91.3756
 252.3757 10688.1608  224.3078 -999.9000   45.5297    0.1034   15.9771   91.3933
 246.3812 10845.0402  223.2620 -999.9000   40.2506    0.0916   16.2617   91.3978
 240.4896 11001.9196  222.0737 -999.9000   35.6939    0.0742   16.5347   91.3965
 234.6950 11158.7990  220.7380 -999.9000   35.9491    0.0604   16.7668   91.3968
 229.0082 11315.6784  219.3523 -999.9000   35.4937    0.0528   16.9518   91.3986
 223.4492 11472.5578  218.0646 -999.9000   34.9671    0.0500   17.0959   91.3982
 218.0236 11629.4372  216.8519 -999.9000   30.1222    0.0480   16.9171   91.4126
 212.6609 11786.3166  215.1657 -999.9000   25.6044    0.0350   15.2648   91.5070
 207.3913 11943.1960  214.3177 -999.9000   23.7711    0.0295   14.1188   91.4951
 202.2510 12100.0754  215.0032 -999.9000   18.0063    0.0410   13.8501   91.5711
 197.2536 12256.9548  216.3808 -999.9000    9.0987    0.0304   11.8890   92.1270
 192.4469 12413.8342  218.7498 -999.9000    2.6457    0.0062   12.3803   91.9985
 187.8076 12570.7136  218.5397 -999.9000    0.2370    0.0003   12.6650   91.9213
 183.2603 12727.5930  217.2754 -999.9000    0.2956    0.0003   12.4152   91.8946
 178.8033 12884.4724  216.8320 -999.9000    0.0000    0.0000   12.2244   91.8603
 174.4458 13041.3518  217.2039 -999.9000    0.0133    0.0000   12.3992   91.7991
 170.1876 13198.2312  217.3974 -999.9000    0.0000    0.0000   12.9651   91.6668
 166.0391 13355.1106  217.5335 -999.9000    0.0000    0.0000   13.6241   91.5392
 162.0101 13511.9899  217.1255 -999.9000    0.0002    0.0000   13.9607   91.4198
 158.0706 13668.8693  216.1100 -999.9000    0.0000    0.0000   13.6130   91.3880
 154.1974 13825.7487  215.2068 -999.9000    0.0000    0.0000   12.4847   91.4693
 150.4126 13982.6281  215.1120 -999.9000    0.0000    0.0000   10.6007   91.5650
 146.7292 14139.5075  216.0153 -999.9000    0.0000    0.0000   10.5490   91.5673
 143.1108 14296.3869  214.2158 -999.9000    0.0000    0.0000   10.4902   91.5696
 139.5597 14453.2663  216.6161 -999.9000    0.0000    0.0000   10.4756   91.5684
 136.1266 14610.1457  214.2676 -999.9000    0.0000    0.0000   10.4803   91.5540
 132.7619 14767.0251  213.3905 -999.9000    0.0000    0.0000   10.4859   91.5347
 129.4754 14923.9045  214.3876 -999.9000    0.0000    0.0000   10.4866   91.5197
 126.2897 15080.7839  215.5007 -999.9000    0.0000    0.0000   10.4738   91.5108
 123.1790 15237.6633  216.7415 -999.9000    0.0000    0.0000   10.4859   91.4644
 120.1481 15394.5427  217.2332 -999.9000    0.0000    0.0000   10.3368   91.3748
 117.2138 15551.4221  216.6120 -999.9000    0.0000    0.0000    9.9669   91.2661
 114.3435 15708.3015  216.5441 -999.9000    0.0000    0.0000    9.6339   91.1464
 111.5416 15865.1809  216.3302 -999.9000    0.0000    0.0000    9.0403   91.1933
 108.8149 16022.0603  217.6747 -999.9000    0.0000    0.0000    8.2121   91.4869
 106.1648 16178.9397  217.7611 -999.9000    0.0000    0.0000    7.7359   91.3484
 103.5767 16335.8191  217.4266 -999.9000    0.0000    0.0000    6.2900   91.9971
 101.0524 16492.6985  219.5030 -999.9000    0.0000    0.0000    1.7966   90.4089
  98.6148 16649.5779  218.1406 -999.9000    0.0000    0.0000    1.0052   90.4014
  96.2203 16806.4573  217.4276 -999.9000    0.0000    0.0000    0.1621   90.4014
  93.8688 16963.3367  216.7359 -999.9000    0.0000    0.0000    1.2277   90.4014
  91.5836 17120.2161  216.6362 -999.9000    0.0000    0.0000    2.0787   90.4014
  89.3567 17277.0955  216.6312 -999.9000    0.0000    0.0000    2.6960   90.4014
  87.1784 17433.9749  216.1724 -999.9000    0.0000    0.0000    3.3765   90.3927
  85.0453 17590.8543  215.3714 -999.9000    0.0000    0.0000    4.2872   90.0754
  82.9608 17747.7337  215.0512 -999.9000    0.0000    0.0000    5.4546   90.9865
  80.9282 17904.6131  215.6947 -999.9000    0.0000    0.0000    6.5957   90.6807
  78.9484 18061.4925  216.3323 -999.9000    0.0000    0.0000    6.4820   90.4907
  77.0217 18218.3719  216.9947 -999.9000    0.0000    0.0000    5.5168   90.6714
  75.1483 18375.2513  218.0394 -999.9000    0.0000    0.0000    4.5548   90.9237
  73.3271 18532.1307  219.1252 -999.9000    0.0000    0.0000    3.9265   91.0464
  71.5556 18689.0101  219.2326 -999.9000    0.0000    0.0000    3.4540   90.9336
  69.8260 18845.8894  218.0972 -999.9000    0.0000    0.0000    2.8310   91.0562
  68.1227 19002.7688  217.7857 -999.9000    0.0000    0.0000    1.6906   91.7656
  66.4601 19159.6482  218.1136 -999.9000    0.0000    0.0000    0.6638   89.5288
  64.8418 19316.5276  218.5750 -999.9000    0.0000    0.0000    0.3605   87.4851
  63.2670 19473.4070  218.9563 -999.9000    0.0000    0.0000    0.9111   87.9468
  61.7318 19630.2864  219.4960 -999.9000    0.0000    0.0000    1.5069   88.3028
  60.2355 19787.1658  219.6883 -999.9000    0.0000    0.0000    2.2612   88.5476
  58.7762 19944.0452  219.3733 -999.9000    0.0000    0.0000    3.1143   88.9105
  57.3501 20100.9246  218.9775 -999.9000    0.0000    0.0000    3.5617   89.0671
  55.9562 20257.8040  218.6954 -999.9000    0.0000    0.0000    3.5061   88.9446
  54.5968 20414.6834  218.4478 -999.9000    0.0000    0.0000    3.3128   88.7725
  53.2731 20571.5628  218.3870 -999.9000    0.0000    0.0000    3.1451   88.6461
  51.9860 20728.4422  218.8240 -999.9000    0.0000    0.0000    3.0198   88.5640
  50.7361 20885.3216  220.0729 -999.9000    0.0000    0.0000    2.9512   88.5228
  49.5229 21042.2010  221.8452 -999.9000    0.0000    0.0000    2.9229   88.5126
  48.3394 21199.0804  221.2316 -999.9000    0.0000    0.0000    3.2844   88.5757
  47.1874 21355.9598  221.3081 -999.9000    0.0000    0.0000    4.4344   88.7747
  46.0647 21512.8392  221.7129 -999.9000    0.0000    0.0000    5.4879   88.9472
  44.9691 21669.7186  221.9666 -999.9000    0.0000    0.0000    5.7124   88.9570
  43.8989 21826.5980  222.0057 -999.9000    0.0000    0.0000    5.3403   88.8369
  42.8525 21983.4774  221.8907 -999.9000    0.0000    0.0000    4.8878   88.6697
  41.8295 22140.3568  221.6690 -999.9000    0.0000    0.0000    4.6439   88.5214
  40.8309 22297.2362  221.3687 -999.9000    0.0000    0.0000    4.5462   88.4316
  39.8584 22454.1156  221.0187 -999.9000    0.0000    0.0000    4.5027   88.4374
  38.9104 22610.9950  221.4452 -999.9000    0.0000    0.0000    4.6612   88.5046
  37.9838 22767.8744  222.7412 -999.9000    0.0000    0.0000    5.0780   88.5579
  37.0791 22924.7538  223.4700 -999.9000    0.0000    0.0000    5.4216   88.6106
  36.1962 23081.6332  223.6002 -999.9000    0.0000    0.0000    5.6757   88.6649
  35.3349 23238.5126  223.3493 -999.9000    0.0000    0.0000    5.8798   88.7211
  34.4951 23395.3920  222.9344 -999.9000    0.0000    0.0000    6.0738   88.7793
  33.6765 23552.2714  222.5729 -999.9000    0.0000    0.0000    6.2970   88.8396
  32.8792 23709.1508  222.4820 -999.9000    0.0000    0.0000    6.5893   88.9021
  32.1025 23866.0302  222.8034 -999.9000    0.0000    0.0000    6.9629   88.9664
  31.3447 24022.9095  223.3992 -999.9000    0.0000    0.0000    7.3296   89.0294
  30.6036 24179.7889  224.0669 -999.9000    0.0000    0.0000    7.5781   89.0878
  29.8779 24336.6683  224.5787 -999.9000    0.0000    0.0000    7.6167   89.1301
  29.1715 24493.5477  224.6449 -999.9000    0.0000    0.0000    7.5496   89.0898
  28.4842 24650.4271  224.5130 -999.9000    0.0000    0.0000    7.4297   88.9796
  27.8138 24807.3065  224.5515 -999.9000    0.0000    0.0000    7.2709   88.8366
  27.1583 24964.1859  225.1270 -999.9000    0.0000    0.0000    7.0872   88.6979
  26.5173 25121.0653  226.3007 -999.9000    0.0000    0.0000    6.8990   88.5852
  25.8939 25277.9447  227.4851 -999.9000    0.0000    0.0000    6.7411   88.4883
  25.2914 25434.8241  228.0093 -999.9000    0.0000    0.0000    6.6502   88.3927
  24.7096 25591.7035  227.5075 -999.9000    0.0000    0.0000    6.7075   88.3136
  24.1354 25748.5829  226.9652 -999.9000    0.0000    0.0000    7.0739   88.3442
  23.5706 25905.4623  226.7154 -999.9000    0.0000    0.0000    7.6517   88.4419
  23.0189 26062.3417  226.9676 -999.9000    0.0000    0.0000    8.3158   88.5480
  22.4826 26219.2211  227.7874 -999.9000    0.0000    0.0000    8.9656   88.6216
  21.9608 26376.1005  228.8689 -999.9000    0.0000    0.0000    9.5626   88.6692
  21.4521 26532.9799  229.8476 -999.9000    0.0000    0.0000   10.0785   88.7041
  20.9548 26689.8593  230.3588 -999.9000    0.0000    0.0000   10.4848   88.7401
  20.4676 26846.7387  230.0378 -999.9000    0.0000    0.0000   10.7530   88.7908
  19.9891 27003.6181  228.5552 -999.9000    0.0000    0.0000   10.8478   88.8671
  19.5243 27160.4975  227.6326 -999.9000    0.0000    0.0000   10.4073   88.8331
  19.0752 27317.3769  228.0576 -999.9000    0.0000    0.0000    9.5036   88.6652
  18.6391 27474.2563  229.2499 -999.9000    0.0000    0.0000    8.5309   88.4541
  18.2135 27631.1357  230.6296 -999.9000    0.0000    0.0000    7.8838   88.2905
  17.7959 27788.0151  231.6256 -999.9000    0.0000    0.0000    7.9338   88.2601
  17.3864 27944.8945  231.8909 -999.9000    0.0000    0.0000    8.5020   88.3267
  16.9866 28101.7739  231.4520 -999.9000    0.0000    0.0000    9.1070   88.3867
  16.5963 28258.6533  230.6057 -999.9000    0.0000    0.0000    9.7141   88.4341
  16.2153 28415.5327  229.6762 -999.9000    0.0000    0.0000   10.3376   88.4734
  15.8432 28572.4121  228.9873 -999.9000    0.0000    0.0000   10.9922   88.5095
  15.4798 28729.2915  228.8572 -999.9000    0.0000    0.0000   11.6903   88.5468
  15.1246 28886.1709  229.2472 -999.9000    0.0000    0.0000   12.3295   88.5881
  14.7769 29043.0503  229.6009 -999.9000    0.0000    0.0000   12.6460   88.6333
  14.4368 29199.9296  229.7542 -999.9000    0.0000    0.0000   12.5748   88.6841
  14.1043 29356.8090  229.8451 -999.9000    0.0000    0.0000   12.1974   88.7433
  13.7798 29513.6884  230.0171 -999.9000    0.0000    0.0000   11.5983   88.8140
  13.4633 29670.5678  230.4138 -999.9000    0.0000    0.0000   10.8616   88.8992
  13.1552 29827.4472  231.1789 -999.9000    0.0000    0.0000   10.0717   89.0018
  12.8555 29984.3266  232.3992 -999.9000    0.0000    0.0000    9.3109   89.1215
  12.5638 30141.2060  233.7624 -999.9000    0.0000    0.0000    8.6472   89.2343
  12.2794 30298.0854  234.7867 -999.9000    0.0000    0.0000    8.1427   89.3059
  12.0018 30454.9648  234.9900 -999.9000    0.0000    0.0000    7.8593   89.3022
  11.7304 30611.8442  234.1443 -999.9000    0.0000    0.0000    7.8179   89.2026
  11.4650 30768.7236  233.0616 -999.9000    0.0000    0.0000    7.8733   89.0420
  11.2056 30925.6030  232.8186 -999.9000    0.0000    0.0000    7.8378   88.8691
  10.9522 31082.4824  234.0674 -999.9000    0.0000    0.0000    7.5911   88.7216
  10.7056 31239.3618  235.6479 -999.9000    0.0000    0.0000    7.3023   88.5894
  10.4661 31396.2412  236.2422 -999.9000    0.0000    0.0000    7.1684   88.4534
  10.2318 31553.1206  235.9307 -999.9000    0.0000    0.0000    7.1749   88.3118
  10.0000 31710.0000  235.1682 -999.9000    0.0000    0.0000    7.2508   88.1674
