# 06610 LSMP Payerne Observations at 12Z 30 Jul 2008
# Radiosonde file generated by raso.rb
#
  P [hPa],     Z [m],    T [K],   Td [K],   RH [%], r [g/kg], WS [m/s], WD [deg]
 962.0000   491.0000  298.0787 -999.9000   66.2698   13.6900    1.7812   93.0543
 944.6891   647.8794  295.9687 -999.9000   67.8017   12.6302    4.2494   92.6754
 927.6873   804.7588  294.5344 -999.9000   79.5176   13.9071    1.8910   92.9144
 911.0964   961.6382  293.2046 -999.9000   79.9475   14.4362    0.1288   92.0428
 894.7070  1118.5176  292.2348 -999.9000   79.9207   14.3064    1.0928   90.9797
 878.5406  1275.3970  291.9093 -999.9000   79.9616   13.3485    2.0870   90.6229
 862.6769  1432.2764  290.5036 -999.9000   80.8501   13.5129    2.3317   90.4248
 846.9845  1589.1558  289.2365 -999.9000   80.1494   13.9027    3.9546   90.3491
 831.5533  1746.0352  288.8662 -999.9000   80.6060   13.2228    4.8582   90.3950
 816.3570  1902.9146  287.5309 -999.9000   80.4758   11.9693    5.9862   90.4496
 801.3249  2059.7940  285.9220 -999.9000   80.1794   11.5640    6.6338   90.4939
 786.5365  2216.6734  284.5515 -999.9000   80.0096   10.4184    7.4075   90.5367
 771.9169  2373.5528  283.3066 -999.9000   80.3817    8.7627    8.6254   90.5644
 757.5041  2530.4322  282.2402 -999.9000   80.2360    8.5006    9.1837   90.6155
 743.3854  2687.3116  281.6616 -999.9000   77.5881    7.5803    8.1010   90.6080
 729.2940  2844.1910  280.5882 -999.9000   60.2346    5.5688    7.8828   90.6173
 715.5826  3001.0704  279.5460 -999.9000   49.9963    4.3807    9.4871   90.6971
 702.0616  3157.9497  278.3715 -999.9000   51.4707    4.2344   10.7918   90.7782
 688.7126  3314.8291  276.9070 -999.9000   58.7685    4.4448   10.9027   90.8007
 675.5482  3471.7085  275.2966 -999.9000   68.0366    4.6752   11.1724   90.8205
 662.5494  3628.5879  273.8401 -999.9000   73.9626    4.6607   11.7973   90.8487
 649.7305  3785.4673  272.8534 -999.9000   67.1083    4.0055   12.1098   90.8627
 637.1240  3942.3467  272.0253 -999.9000   55.0108    3.1437   11.4467   90.9118
 624.7467  4099.2261  271.0377 -999.9000   50.0510    2.7055    9.9158   91.0167
 612.5275  4256.1055  270.0064 -999.9000   49.9880    2.5464    9.4996   91.0465
 600.5160  4412.9849  269.4291 -999.9000   38.1323    1.8919    9.7957   91.0390
 588.7253  4569.8643  268.8657 -999.9000   22.7193    1.0986    9.9954   91.0433
 577.1128  4726.7437  267.6057 -999.9000   18.1353    0.8108   10.0612   91.0483
 565.6299  4883.6231  266.8042 -999.9000   17.0082    0.7276   10.0386   91.0538
 554.4053  5040.5025  266.2780 -999.9000   13.4806    0.5634    9.3643   91.1400
 543.3471  5197.3819  265.6394 -999.9000   12.8245    0.5190    8.5999   91.2153
 532.4739  5354.2613  264.6512 -999.9000   22.1813    0.8459    9.0191   91.2112
 521.8251  5511.1407  263.6411 -999.9000   24.0312    0.8613    9.7873   91.1806
 511.3144  5668.0201  262.8877 -999.9000   14.0929    0.4842   10.4799   91.1583
 500.9731  5824.8995  261.5829 -999.9000   12.9807    0.4090   11.1925   91.1344
 490.8286  5981.7789  260.0064 -999.9000   18.4157    0.5200   11.3568   91.1143
 480.7236  6138.6583  258.9259 -999.9000   29.2604    0.7703   11.6990   91.0832
 470.8214  6295.5377  257.6689 -999.9000   31.5337    0.7621   11.8030   91.0728
 461.0900  6452.4171  256.2695 -999.9000   30.8737    0.6762   11.5294   90.9894
 451.4963  6609.2965  254.9930 -999.9000   32.0559    0.6422   10.5238   90.8335
 442.0676  6766.1759  253.9375 -999.9000   32.6378    0.6091    9.6337   90.7116
 432.8253  6923.0553  252.9876 -999.9000   32.3602    0.5674   10.5418   90.6964
 423.7241  7079.9347  251.5878 -999.9000   36.0765    0.5712   11.4190   90.7318
 414.7432  7236.8141  249.8838 -999.9000   41.3150    0.5742   11.2106   90.7585
 405.9174  7393.6935  248.8835 -999.9000   31.8908    0.4138   11.4295   90.7794
 397.1974  7550.5729  247.5849 -999.9000   27.3008    0.3219   11.6839   90.7881
 388.6475  7707.4523  246.1740 -999.9000   31.2339    0.3308   11.8117   90.8405
 380.2876  7864.3317  245.1349 -999.9000   34.8932    0.3433   12.0265   90.9010
 372.0784  8021.2111  244.2897 -999.9000   39.1734    0.3645   12.1541   90.8924
 363.9826  8178.0905  243.4647 -999.9000   45.3127    0.3994   12.0404   90.7526
 356.0087  8334.9698  242.5765 -999.9000   54.5715    0.4529   11.9963   90.7678
 348.2042  8491.8492  241.6445 -999.9000   60.7098    0.5188   12.5692   91.3797
 340.5609  8648.7286  240.7522 -999.9000   65.1112    0.5272   12.7721   91.7004
 333.0575  8805.6080  239.8499 -999.9000   65.7217    0.4852   12.6829   91.6152
 325.6771  8962.4874  238.8379 -999.9000   65.1479    0.4338   12.9479   91.4555
 318.4095  9119.3668  237.6005 -999.9000   65.9401    0.3977   13.8361   91.4682
 311.2701  9276.2462  235.9287 -999.9000   60.8270    0.3338   13.9617   91.4746
 304.2599  9433.1256  234.3247 -999.9000   55.6361    0.2938   14.1523   91.4194
 297.3812  9590.0050  233.2110 -999.9000   50.7838    0.2688   14.5997   91.3896
 290.6045  9746.8844  231.9390 -999.9000   45.5667    0.2331   14.8929   91.3805
 283.9369  9903.7638  230.5214 -999.9000   45.8656    0.2031   15.2346   91.3479
 277.3870 10060.6432  229.0045 -999.9000   45.7162    0.1789   15.5873   91.3074
 270.9631 10217.5226  227.4287 -999.9000   45.6534    0.1538   15.8188   91.2950
 264.6694 10374.4020  225.8690 -999.9000   45.7635    0.1244   15.8393   91.3378
 258.4744 10531.2814  224.6328 -999.9000   45.2713    0.1097   15.9495   91.3756
 252.3757 10688.1608  223.6027 -999.9000   45.5882    0.1034   16.1786   91.3933
 246.3812 10845.0402  222.5506 -999.9000   40.3005    0.0916   16.4450   91.3978
 240.4896 11001.9196  221.3695 -999.9000   35.7368    0.0742   16.6955   91.3965
 234.6950 11158.7990  220.0545 -999.9000   35.9912    0.0604   16.9010   91.3968
 229.0082 11315.6784  218.7014 -999.9000   35.5345    0.0528   17.0560   91.3986
 223.4492 11472.5578  217.4573 -999.9000   35.0067    0.0500   17.1670   91.3982
 218.0236 11629.4372  216.2976 -999.9000   30.1560    0.0480   16.9527   91.4126
 212.6609 11786.3166  214.6729 -999.9000   25.6331    0.0350   15.2630   91.5070
 207.3913 11943.1960  213.8935 -999.9000   23.7976    0.0295   14.0780   91.4951
 202.2510 12100.0754  214.6535 -999.9000   18.0264    0.0410   13.7695   91.5711
 197.2536 12256.9548  216.1103 -999.9000    9.1088    0.0304   11.7682   92.1270
 192.4469 12413.8342  218.5619 -999.9000    2.6486    0.0062   12.2193   91.9985
 187.8076 12570.7136  218.4366 -999.9000    0.2373    0.0003   12.4645   91.9213
 183.2603 12727.5930  217.2581 -999.9000    0.2959    0.0003   12.1763   91.8946
 178.8033 12884.4724  216.9002 -999.9000    0.0000    0.0000   11.9489   91.8603
 174.4458 13041.3518  217.3561 -999.9000    0.0133    0.0000   12.0891   91.7991
 170.1876 13198.2312  217.6309 -999.9000    0.0000    0.0000   12.6233   91.6668
 166.0391 13355.1106  217.8443 -999.9000    0.0000    0.0000   13.2538   91.5392
 162.0101 13511.9899  217.5084 -999.9000    0.0002    0.0000   13.5656   91.4198
 158.0706 13668.8693  216.5585 -999.9000    0.0000    0.0000   13.1973   91.3880
 154.1974 13825.7487  215.7132 -999.9000    0.0000    0.0000   12.0532   91.4693
 150.4126 13982.6281  215.6674 -999.9000    0.0000    0.0000   10.1588   91.5650
 146.7292 14139.5075  216.6097 -999.9000    0.0000    0.0000   10.1024   91.5673
 143.1108 14296.3869  214.8377 -999.9000    0.0000    0.0000   10.0453   91.5696
 139.5597 14453.2663  217.2529 -999.9000    0.0000    0.0000   10.0393   91.5684
 136.1266 14610.1457  214.9068 -999.9000    0.0000    0.0000   10.0593   91.5540
 132.7619 14767.0251  214.0205 -999.9000    0.0000    0.0000   10.0863   91.5347
 129.4754 14923.9045  214.9979 -999.9000    0.0000    0.0000   10.1141   91.5197
 126.2897 15080.7839  216.0818 -999.9000    0.0000    0.0000   10.1334   91.5108
 123.1790 15237.6633  217.2849 -999.9000    0.0000    0.0000   10.1820   91.4644
 120.1481 15394.5427  217.7314 -999.9000    0.0000    0.0000   10.0732   91.3748
 117.2138 15551.4221  217.0585 -999.9000    0.0000    0.0000    9.7468   91.2661
 114.3435 15708.3015  216.9337 -999.9000    0.0000    0.0000    9.4600   91.1464
 111.5416 15865.1809  216.6583 -999.9000    0.0000    0.0000    8.9146   91.1933
 108.8149 16022.0603  217.9381 -999.9000    0.0000    0.0000    8.1362   91.4869
 106.1648 16178.9397  217.9574 -999.9000    0.0000    0.0000    7.7106   91.3484
 103.5767 16335.8191  217.5546 -999.9000    0.0000    0.0000    6.3157   91.9971
 101.0524 16492.6985  219.5623 -999.9000    0.0000    0.0000    1.8729   90.4089
  98.6148 16649.5779  218.1321 -999.9000    0.0000    0.0000    1.1313   90.4014
  96.2203 16806.4573  217.3529 -999.9000    0.0000    0.0000    0.3366   90.4014
  93.8688 16963.3367  216.5980 -999.9000    0.0000    0.0000    1.4485   90.4014
  91.5836 17120.2161  216.4388 -999.9000    0.0000    0.0000    2.3432   90.4014
  89.3567 17277.0955  216.3792 -999.9000    0.0000    0.0000    3.0009   90.4014
  87.1784 17433.9749  215.8716 -999.9000    0.0000    0.0000    3.7182   90.3927
  85.0453 17590.8543  215.0289 -999.9000    0.0000    0.0000    4.6611   90.0754
  82.9608 17747.7337  214.6748 -999.9000    0.0000    0.0000    5.8559   90.9865
  80.9282 17904.6131  215.2935 -999.9000    0.0000    0.0000    7.0187   90.6807
  78.9484 18061.4925  215.9153 -999.9000    0.0000    0.0000    6.9211   90.4907
  77.0217 18218.3719  216.5705 -999.9000    0.0000    0.0000    5.9668   90.6714
  75.1483 18375.2513  217.6158 -999.9000    0.0000    0.0000    5.0108   90.9237
  73.3271 18532.1307  218.7093 -999.9000    0.0000    0.0000    4.3842   91.0464
  71.5556 18689.0101  218.8307 -999.9000    0.0000    0.0000    3.9095   90.9336
  69.8260 18845.8894  217.7150 -999.9000    0.0000    0.0000    3.2807   91.0562
  68.1227 19002.7688  217.4282 -999.9000    0.0000    0.0000    2.1316   91.7656
  66.4601 19159.6482  217.7851 -999.9000    0.0000    0.0000    1.0934   89.5288
  64.8418 19316.5276  218.2789 -999.9000    0.0000    0.0000    0.7767   87.4851
  63.2670 19473.4070  218.6955 -999.9000    0.0000    0.0000    1.3120   87.9468
  61.7318 19630.2864  219.2726 -999.9000    0.0000    0.0000    1.8914   88.3028
  60.2355 19787.1658  219.5037 -999.9000    0.0000    0.0000    2.6284   88.5476
  58.7762 19944.0452  219.2280 -999.9000    0.0000    0.0000    3.4637   88.9105
  57.3501 20100.9246  218.8717 -999.9000    0.0000    0.0000    3.8935   89.0671
  55.9562 20257.8040  218.6282 -999.9000    0.0000    0.0000    3.8208   88.9446
  54.5968 20414.6834  218.4179 -999.9000    0.0000    0.0000    3.6113   88.7725
  53.2731 20571.5628  218.3921 -999.9000    0.0000    0.0000    3.4288   88.6461
  51.9860 20728.4422  218.8614 -999.9000    0.0000    0.0000    3.2904   88.5640
  50.7361 20885.3216  220.1388 -999.9000    0.0000    0.0000    3.2112   88.5228
  49.5229 21042.2010  221.9354 -999.9000    0.0000    0.0000    3.1749   88.5126
  48.3394 21199.0804  221.3410 -999.9000    0.0000    0.0000    3.5315   88.5757
  47.1874 21355.9598  221.4311 -999.9000    0.0000    0.0000    4.6802   88.7747
  46.0647 21512.8392  221.8434 -999.9000    0.0000    0.0000    5.7362   88.9472
  44.9691 21669.7186  222.0990 -999.9000    0.0000    0.0000    5.9665   88.9570
  43.8989 21826.5980  222.1348 -999.9000    0.0000    0.0000    5.6034   88.8369
  42.8525 21983.4774  222.0115 -999.9000    0.0000    0.0000    5.1625   88.6697
  41.8295 22140.3568  221.7773 -999.9000    0.0000    0.0000    4.9326   88.5214
  40.8309 22297.2362  221.4604 -999.9000    0.0000    0.0000    4.8508   88.4316
  39.8584 22454.1156  221.0903 -999.9000    0.0000    0.0000    4.8250   88.4374
  38.9104 22610.9950  221.4935 -999.9000    0.0000    0.0000    5.0024   88.5046
  37.9838 22767.8744  222.7634 -999.9000    0.0000    0.0000    5.4389   88.5579
  37.0791 22924.7538  223.4639 -999.9000    0.0000    0.0000    5.8028   88.6106
  36.1962 23081.6332  223.5637 -999.9000    0.0000    0.0000    6.0775   88.6649
  35.3349 23238.5126  223.2810 -999.9000    0.0000    0.0000    6.3021   88.7211
  34.4951 23395.3920  222.8332 -999.9000    0.0000    0.0000    6.5159   88.7793
  33.6765 23552.2714  222.4381 -999.9000    0.0000    0.0000    6.7582   88.8396
  32.8792 23709.1508  222.3134 -999.9000    0.0000    0.0000    7.0683   88.9021
  32.1025 23866.0302  222.6011 -999.9000    0.0000    0.0000    7.4581   88.9664
  31.3447 24022.9095  223.1637 -999.9000    0.0000    0.0000    7.8392   89.0294
  30.6036 24179.7889  223.7993 -999.9000    0.0000    0.0000    8.0997   89.0878
  29.8779 24336.6683  224.2804 -999.9000    0.0000    0.0000    8.1477   89.1301
  29.1715 24493.5477  224.3176 -999.9000    0.0000    0.0000    8.0870   89.0898
  28.4842 24650.4271  224.1591 -999.9000    0.0000    0.0000    7.9701   88.9796
  27.8138 24807.3065  224.1734 -999.9000    0.0000    0.0000    7.8107   88.8366
  27.1583 24964.1859  224.7277 -999.9000    0.0000    0.0000    7.6224   88.6979
  26.5173 25121.0653  225.8832 -999.9000    0.0000    0.0000    7.4260   88.5852
  25.8939 25277.9447  227.0519 -999.9000    0.0000    0.0000    7.2564   88.4883
  25.2914 25434.8241  227.5632 -999.9000    0.0000    0.0000    7.1507   88.3927
  24.7096 25591.7035  227.0510 -999.9000    0.0000    0.0000    7.1904   88.3136
  24.1354 25748.5829  226.5006 -999.9000    0.0000    0.0000    7.5366   88.3442
  23.5706 25905.4623  226.2452 -999.9000    0.0000    0.0000    8.0918   88.4419
  23.0189 26062.3417  226.4940 -999.9000    0.0000    0.0000    8.7312   88.5480
  22.4826 26219.2211  227.3125 -999.9000    0.0000    0.0000    9.3546   88.6216
  21.9608 26376.1005  228.3947 -999.9000    0.0000    0.0000    9.9235   88.6692
  21.4521 26532.9799  229.3762 -999.9000    0.0000    0.0000   10.4101   88.7041
  20.9548 26689.8593  229.8919 -999.9000    0.0000    0.0000   10.7861   88.7401
  20.4676 26846.7387  229.5771 -999.9000    0.0000    0.0000   11.0232   88.7908
  19.9891 27003.6181  228.1024 -999.9000    0.0000    0.0000   11.0864   88.8671
  19.5243 27160.4975  227.1892 -999.9000    0.0000    0.0000   10.6141   88.8331
  19.0752 27317.3769  227.6250 -999.9000    0.0000    0.0000    9.6786   88.6652
  18.6391 27474.2563  228.8296 -999.9000    0.0000    0.0000    8.6744   88.4541
  18.2135 27631.1357  230.2227 -999.9000    0.0000    0.0000    7.9965   88.2905
  17.7959 27788.0151  231.2332 -999.9000    0.0000    0.0000    8.0164   88.2601
  17.3864 27944.8945  231.5141 -999.9000    0.0000    0.0000    8.5556   88.3267
  16.9866 28101.7739  231.0917 -999.9000    0.0000    0.0000    9.1330   88.3867
  16.5963 28258.6533  230.2627 -999.9000    0.0000    0.0000    9.7141   88.4341
  16.2153 28415.5327  229.3512 -999.9000    0.0000    0.0000   10.3136   88.4734
  15.8432 28572.4121  228.6810 -999.9000    0.0000    0.0000   10.9463   88.5095
  15.4798 28729.2915  228.5701 -999.9000    0.0000    0.0000   11.6249   88.5468
  15.1246 28886.1709  228.9798 -999.9000    0.0000    0.0000   12.2472   88.5881
  14.7769 29043.0503  229.3533 -999.9000    0.0000    0.0000   12.5499   88.6333
  14.4368 29199.9296  229.5269 -999.9000    0.0000    0.0000   12.4681   88.6841
  14.1043 29356.8090  229.6380 -999.9000    0.0000    0.0000   12.0835   88.7433
  13.7798 29513.6884  229.8304 -999.9000    0.0000    0.0000   11.4809   88.8140
  13.4633 29670.5678  230.2474 -999.9000    0.0000    0.0000   10.7448   88.8992
  13.1552 29827.4472  231.0326 -999.9000    0.0000    0.0000    9.9598   89.0018
  12.8555 29984.3266  232.2726 -999.9000    0.0000    0.0000    9.2084   89.1215
  12.5638 30141.2060  233.6552 -999.9000    0.0000    0.0000    8.5589   89.2343
  12.2794 30298.0854  234.6985 -999.9000    0.0000    0.0000    8.0736   89.3059
  12.0018 30454.9648  234.9201 -999.9000    0.0000    0.0000    7.8148   89.3022
  11.7304 30611.8442  234.0921 -999.9000    0.0000    0.0000    7.8037   89.2026
  11.4650 30768.7236  233.0263 -999.9000    0.0000    0.0000    7.8951   89.0420
  11.2056 30925.6030  232.7994 -999.9000    0.0000    0.0000    7.9018   88.8691
  10.9522 31082.4824  234.0631 -999.9000    0.0000    0.0000    7.7036   88.7216
  10.7056 31239.3618  235.6576 -999.9000    0.0000    0.0000    7.4701   88.5894
  10.4661 31396.2412  236.2647 -999.9000    0.0000    0.0000    7.3983   88.4534
  10.2318 31553.1206  235.9647 -999.9000    0.0000    0.0000    7.4742   88.3118
  10.0000 31710.0000  235.2123 -999.9000    0.0000    0.0000    7.6268   88.1674
