# 06610 LSMP Payerne Observations at 12Z 30 Jul 2008
# Radiosonde file generated by raso.rb
#
  P [hPa],     Z [m],    T [K],   Td [K],   RH [%], r [g/kg], WS [m/s], WD [deg]
 962.0000   491.0000  298.1126 -999.9000   66.2104   13.6900    2.1531   93.0543
 944.6891   647.8794  296.0841 -999.9000   67.7718   12.6302    4.6340   92.6754
 927.6873   804.7588  294.7233 -999.9000   79.5153   13.9071    2.2839   92.9144
 911.0964   961.6382  293.4595 -999.9000   79.9752   14.4362    0.5256   92.0428
 894.7070  1118.5176  292.5483 -999.9000   79.9752   14.3064    1.4894   90.9797
 878.5406  1275.3970  292.2744 -999.9000   80.0402   13.3485    2.4796   90.6229
 862.6769  1432.2764  290.9136 -999.9000   80.9509   13.5129    2.7167   90.4248
 846.9845  1589.1558  289.6851 -999.9000   80.2678   13.9027    4.3286   90.3491
 831.5533  1746.0352  289.3472 -999.9000   80.7410   13.2228    5.2181   90.3950
 816.3570  1902.9146  288.0386 -999.9000   80.6239   11.9693    6.3290   90.4496
 801.3249  2059.7940  286.4508 -999.9000   80.3379   11.5640    6.9568   90.4939
 786.5365  2216.6734  285.0962 -999.9000   80.1764   10.4184    7.7083   90.5367
 771.9169  2373.5528  283.8623 -999.9000   80.5556    8.7627    8.9016   90.5644
 757.5041  2530.4322  282.8023 -999.9000   80.4138    8.5006    9.4334   90.6155
 743.3854  2687.3116  282.2258 -999.9000   77.7623    7.5803    8.3224   90.6080
 729.2940  2844.1910  281.1505 -999.9000   60.3701    5.5688    8.0744   90.6173
 715.5826  3001.0704  280.1027 -999.9000   50.1078    4.3807    9.6475   90.6971
 702.0616  3157.9497  278.9192 -999.9000   51.5835    4.2344   10.9199   90.7782
 688.7126  3314.8291  277.4427 -999.9000   58.8938    4.4448   10.9976   90.8007
 675.5482  3471.7085  275.8173 -999.9000   68.1764    4.6752   11.2334   90.8205
 662.5494  3628.5879  274.3434 -999.9000   74.1077    4.6607   11.8242   90.8487
 649.7305  3785.4673  273.3371 -999.9000   67.2325    4.0055   12.1022   90.8627
 637.1240  3942.3467  272.4876 -999.9000   55.1057    3.1437   11.4047   90.9118
 624.7467  4099.2261  271.4769 -999.9000   50.1305    2.7055    9.8397   91.0167
 612.5275  4256.1055  270.4212 -999.9000   50.0600    2.5464    9.3897   91.0465
 600.5160  4412.9849  269.8185 -999.9000   38.1811    1.8919    9.6529   91.0390
 588.7253  4569.8643  269.2291 -999.9000   22.7445    1.0986    9.8206   91.0433
 577.1128  4726.7437  267.9426 -999.9000   18.1523    0.8108    9.8555   91.0483
 565.6299  4883.6231  267.1146 -999.9000   17.0210    0.7276    9.8035   91.0538
 554.4053  5040.5025  266.5621 -999.9000   13.4883    0.5634    9.1014   91.1400
 543.3471  5197.3819  265.8976 -999.9000   12.8293    0.5190    8.3111   91.2153
 532.4739  5354.2613  264.8844 -999.9000   22.1853    0.8459    8.7063   91.2112
 521.8251  5511.1407  263.8504 -999.9000   24.0309    0.8613    9.4530   91.1806
 511.3144  5668.0201  263.0745 -999.9000   14.0899    0.4842   10.1266   91.1583
 500.9731  5824.8995  261.7489 -999.9000   12.9755    0.4090   10.8229   91.1344
 490.8286  5981.7789  260.1536 -999.9000   18.4047    0.5200   10.9740   91.1143
 480.7236  6138.6583  259.0567 -999.9000   29.2376    0.7703   11.3060   91.0832
 470.8214  6295.5377  257.7857 -999.9000   31.5034    0.7621   11.4035   91.0728
 461.0900  6452.4171  256.3754 -999.9000   30.8387    0.6762   11.1269   90.9894
 451.4963  6609.2965  255.0911 -999.9000   32.0142    0.6422   10.1223   90.8335
 442.0676  6766.1759  254.0314 -999.9000   32.5903    0.6091    9.2373   90.7116
 432.8253  6923.0553  253.0811 -999.9000   32.3084    0.5674   10.1548   90.6964
 423.7241  7079.9347  251.6850 -999.9000   36.0139    0.5712   11.0461   90.7318
 414.7432  7236.8141  249.9891 -999.9000   41.2384    0.5742   10.8565   90.7585
 405.9174  7393.6935  249.0016 -999.9000   31.8283    0.4138   11.0993   90.7794
 397.1974  7550.5729  247.7207 -999.9000   27.2448    0.3219   11.3829   90.7881
 388.6475  7707.4523  246.3322 -999.9000   31.1676    0.3308   11.5446   90.8405
 380.2876  7864.3317  245.3193 -999.9000   34.8170    0.3433   11.7977   90.9010
 372.0784  8021.2111  244.5036 -999.9000   39.0861    0.3645   11.9673   90.8924
 363.9826  8178.0905  243.7107 -999.9000   45.2102    0.3994   11.8987   90.7526
 356.0087  8334.9698  242.8566 -999.9000   54.4470    0.4529   11.9024   90.7678
 348.2042  8491.8492  241.9601 -999.9000   60.5707    0.5188   12.5250   91.3797
 340.5609  8648.7286  241.1039 -999.9000   64.9621    0.5272   12.7790   91.7004
 333.0575  8805.6080  240.2377 -999.9000   65.5719    0.4852   12.7418   91.6152
 325.6771  8962.4874  239.2611 -999.9000   65.0006    0.4338   13.0591   91.4555
 318.4095  9119.3668  238.0579 -999.9000   65.7928    0.3977   13.9992   91.4682
 311.2701  9276.2462  236.4183 -999.9000   60.6933    0.3338   14.1758   91.4746
 304.2599  9433.1256  234.8440 -999.9000   55.5160    0.2938   14.4161   91.4194
 297.3812  9590.0050  233.7567 -999.9000   50.6765    0.2688   14.9112   91.3896
 290.6045  9746.8844  232.5071 -999.9000   45.4726    0.2331   15.2493   91.3805
 283.9369  9903.7638  231.1074 -999.9000   45.7734    0.2031   15.6328   91.3479
 277.3870 10060.6432  229.6032 -999.9000   45.6268    0.1789   16.0237   91.3074
 270.9631 10217.5226  228.0343 -999.9000   45.5668    0.1538   16.2889   91.2950
 264.6694 10374.4020  226.4750 -999.9000   45.6794    0.1244   16.3382   91.3378
 258.4744 10531.2814  225.2320 -999.9000   45.1907    0.1097   16.4718   91.3756
 252.3757 10688.1608  224.1873 -999.9000   45.5097    0.1034   16.7183   91.3933
 246.3812 10845.0402  223.1121 -999.9000   40.2333    0.0916   16.9953   91.3978
 240.4896 11001.9196  221.8990 -999.9000   35.6791    0.0742   17.2495   91.3965
 234.6950 11158.7990  220.5431 -999.9000   35.9350    0.0604   17.4515   91.3968
 229.0082 11315.6784  219.1412 -999.9000   35.4807    0.0528   17.5965   91.3986
 223.4492 11472.5578  217.8413 -999.9000   34.9553    0.0500   17.6916   91.3982
 218.0236 11629.4372  216.6197 -999.9000   30.1130    0.0480   17.4561   91.4126
 212.6609 11786.3166  214.9276 -999.9000   25.5976    0.0350   15.7402   91.5070
 207.3913 11943.1960  214.0764 -999.9000   23.7656    0.0295   14.5248   91.4951
 202.2510 12100.0754  214.7610 -999.9000   18.0029    0.0410   14.1820   91.5711
 197.2536 12256.9548  216.1396 -999.9000    9.0973    0.0304   12.1433   92.1270
 192.4469 12413.8342  218.5111 -999.9000    2.6454    0.0062   12.5543   91.9985
 187.8076 12570.7136  218.3046 -999.9000    0.2370    0.0003   12.7572   91.9213
 183.2603 12727.5930  217.0446 -999.9000    0.2956    0.0003   12.4252   91.8946
 178.8033 12884.4724  216.6061 -999.9000    0.0000    0.0000   12.1528   91.8603
 174.4458 13041.3518  216.9827 -999.9000    0.0133    0.0000   12.2477   91.7991
 170.1876 13198.2312  217.1806 -999.9000    0.0000    0.0000   12.7365   91.6668
 166.0391 13355.1106  217.3204 -999.9000    0.0000    0.0000   13.3222   91.5392
 162.0101 13511.9899  216.9149 -999.9000    0.0002    0.0000   13.5903   91.4198
 158.0706 13668.8693  215.9003 -999.9000    0.0000    0.0000   13.1801   91.3880
 154.1974 13825.7487  214.9962 -999.9000    0.0000    0.0000   11.9962   91.4693
 150.4126 13982.6281  214.8982 -999.9000    0.0000    0.0000   10.0648   91.5650
 146.7292 14139.5075  215.7957 -999.9000    0.0000    0.0000    9.9748   91.5673
 143.1108 14296.3869  213.9873 -999.9000    0.0000    0.0000    9.8878   91.5696
 139.5597 14453.2663  216.3753 -999.9000    0.0000    0.0000    9.8563   91.5684
 136.1266 14610.1457  214.0112 -999.9000    0.0000    0.0000    9.8553   91.5540
 132.7619 14767.0251  213.1156 -999.9000    0.0000    0.0000    9.8655   91.5347
 129.4754 14923.9045  214.0918 -999.9000    0.0000    0.0000    9.8806   91.5197
 126.2897 15080.7839  215.1821 -999.9000    0.0000    0.0000    9.8909   91.5108
 123.1790 15237.6633  216.3986 -999.9000    0.0000    0.0000    9.9340   91.4644
 120.1481 15394.5427  216.8648 -999.9000    0.0000    0.0000    9.8230   91.3748
 117.2138 15551.4221  216.2177 -999.9000    0.0000    0.0000    9.4975   91.2661
 114.3435 15708.3015  216.1237 -999.9000    0.0000    0.0000    9.2143   91.1464
 111.5416 15865.1809  215.8839 -999.9000    0.0000    0.0000    8.6751   91.1933
 108.8149 16022.0603  217.2034 -999.9000    0.0000    0.0000    7.9052   91.4869
 106.1648 16178.9397  217.2659 -999.9000    0.0000    0.0000    7.4902   91.3484
 103.5767 16335.8191  216.9093 -999.9000    0.0000    0.0000    6.1076   91.9971
 101.0524 16492.6985  218.9657 -999.9000    0.0000    0.0000    1.6788   90.4089
  98.6148 16649.5779  217.5860 -999.9000    0.0000    0.0000    0.9525   90.4014
  96.2203 16806.4573  216.8586 -999.9000    0.0000    0.0000    0.1741   90.4014
  93.8688 16963.3367  216.1560 -999.9000    0.0000    0.0000    1.3032   90.4014
  91.5836 17120.2161  216.0494 -999.9000    0.0000    0.0000    2.2157   90.4014
  89.3567 17277.0955  216.0419 -999.9000    0.0000    0.0000    2.8916   90.4014
  87.1784 17433.9749  215.5854 -999.9000    0.0000    0.0000    3.6271   90.3927
  85.0453 17590.8543  214.7921 -999.9000    0.0000    0.0000    4.5882   90.0754
  82.9608 17747.7337  214.4853 -999.9000    0.0000    0.0000    5.8008   90.9865
  80.9282 17904.6131  215.1486 -999.9000    0.0000    0.0000    6.9808   90.6807
  78.9484 18061.4925  215.8121 -999.9000    0.0000    0.0000    6.8995   90.4907
  77.0217 18218.3719  216.5060 -999.9000    0.0000    0.0000    5.9606   90.6714
  75.1483 18375.2513  217.5875 -999.9000    0.0000    0.0000    5.0192   90.9237
  73.3271 18532.1307  218.7145 -999.9000    0.0000    0.0000    4.4060   91.0464
  71.5556 18689.0101  218.8670 -999.9000    0.0000    0.0000    3.9436   90.9336
  69.8260 18845.8894  217.7803 -999.9000    0.0000    0.0000    3.3258   91.0562
  68.1227 19002.7688  217.5204 -999.9000    0.0000    0.0000    2.1864   91.7656
  66.4601 19159.6482  217.9022 -999.9000    0.0000    0.0000    1.1565   89.5288
  64.8418 19316.5276  218.4192 -999.9000    0.0000    0.0000    0.8465   87.4851
  63.2670 19473.4070  218.8574 -999.9000    0.0000    0.0000    1.3870   87.9468
  61.7318 19630.2864  219.4545 -999.9000    0.0000    0.0000    1.9698   88.3028
  60.2355 19787.1658  219.7044 -999.9000    0.0000    0.0000    2.7084   88.5476
  58.7762 19944.0452  219.4464 -999.9000    0.0000    0.0000    3.5435   88.9105
  57.3501 20100.9246  219.1067 -999.9000    0.0000    0.0000    3.9710   89.0671
  55.9562 20257.8040  218.8790 -999.9000    0.0000    0.0000    3.8940   88.9446
  54.5968 20414.6834  218.6837 -999.9000    0.0000    0.0000    3.6781   88.7725
  53.2731 20571.5628  218.6725 -999.9000    0.0000    0.0000    3.4869   88.6461
  51.9860 20728.4422  219.1559 -999.9000    0.0000    0.0000    3.3375   88.5640
  50.7361 20885.3216  220.4472 -999.9000    0.0000    0.0000    3.2447   88.5228
  49.5229 21042.2010  222.2576 -999.9000    0.0000    0.0000    3.1925   88.5126
  48.3394 21199.0804  221.6770 -999.9000    0.0000    0.0000    3.5305   88.5757
  47.1874 21355.9598  221.7811 -999.9000    0.0000    0.0000    4.6578   88.7747
  46.0647 21512.8392  222.2077 -999.9000    0.0000    0.0000    5.6899   88.9472
  44.9691 21669.7186  222.4779 -999.9000    0.0000    0.0000    5.8941   88.9570
  43.8989 21826.5980  222.5284 -999.9000    0.0000    0.0000    5.5028   88.8369
  42.8525 21983.4774  222.4199 -999.9000    0.0000    0.0000    5.0323   88.6697
  41.8295 22140.3568  222.2004 -999.9000    0.0000    0.0000    4.7715   88.5214
  40.8309 22297.2362  221.8982 -999.9000    0.0000    0.0000    4.6581   88.4316
  39.8584 22454.1156  221.5426 -999.9000    0.0000    0.0000    4.6001   88.4374
  38.9104 22610.9950  221.9601 -999.9000    0.0000    0.0000    4.7453   88.5046
  37.9838 22767.8744  223.2439 -999.9000    0.0000    0.0000    5.1499   88.5579
  37.0791 22924.7538  223.9580 -999.9000    0.0000    0.0000    5.4825   88.6106
  36.1962 23081.6332  224.0710 -999.9000    0.0000    0.0000    5.7269   88.6649
  35.3349 23238.5126  223.8009 -999.9000    0.0000    0.0000    5.9225   88.7211
  34.4951 23395.3920  223.3651 -999.9000    0.0000    0.0000    6.1091   88.7793
  33.6765 23552.2714  222.9813 -999.9000    0.0000    0.0000    6.3263   88.8396
  32.8792 23709.1508  222.8672 -999.9000    0.0000    0.0000    6.6137   88.9021
  32.1025 23866.0302  223.1647 -999.9000    0.0000    0.0000    6.9837   88.9664
  31.3447 24022.9095  223.7362 -999.9000    0.0000    0.0000    7.3481   89.0294
  30.6036 24179.7889  224.3796 -999.9000    0.0000    0.0000    7.5956   89.0878
  29.8779 24336.6683  224.8676 -999.9000    0.0000    0.0000    7.6343   89.1301
  29.1715 24493.5477  224.9105 -999.9000    0.0000    0.0000    7.5688   89.0898
  28.4842 24650.4271  224.7565 -999.9000    0.0000    0.0000    7.4516   88.9796
  27.8138 24807.3065  224.7741 -999.9000    0.0000    0.0000    7.2970   88.8366
  27.1583 24964.1859  225.3304 -999.9000    0.0000    0.0000    7.1185   88.6979
  26.5173 25121.0653  226.4866 -999.9000    0.0000    0.0000    6.9368   88.5852
  25.8939 25277.9447  227.6547 -999.9000    0.0000    0.0000    6.7864   88.4883
  25.2914 25434.8241  228.1644 -999.9000    0.0000    0.0000    6.7037   88.3927
  24.7096 25591.7035  227.6493 -999.9000    0.0000    0.0000    6.7700   88.3136
  24.1354 25748.5829  227.0951 -999.9000    0.0000    0.0000    7.1459   88.3442
  23.5706 25905.4623  226.8348 -999.9000    0.0000    0.0000    7.7335   88.4419
  23.0189 26062.3417  227.0776 -999.9000    0.0000    0.0000    8.4077   88.5480
  22.4826 26219.2211  227.8893 -999.9000    0.0000    0.0000    9.0677   88.6216
  21.9608 26376.1005  228.9639 -999.9000    0.0000    0.0000    9.6748   88.6692
  21.4521 26532.9799  229.9369 -999.9000    0.0000    0.0000   10.2006   88.7041
  20.9548 26689.8593  230.4433 -999.9000    0.0000    0.0000   10.6165   88.7401
  20.4676 26846.7387  230.1185 -999.9000    0.0000    0.0000   10.8937   88.7908
  19.9891 27003.6181  228.6330 -999.9000    0.0000    0.0000   10.9969   88.8671
  19.5243 27160.4975  227.7085 -999.9000    0.0000    0.0000   10.5640   88.8331
  19.0752 27317.3769  228.1325 -999.9000    0.0000    0.0000    9.6669   88.6652
  18.6391 27474.2563  229.3245 -999.9000    0.0000    0.0000    8.6998   88.4541
  18.2135 27631.1357  230.7047 -999.9000    0.0000    0.0000    8.0571   88.2905
  17.7959 27788.0151  231.7019 -999.9000    0.0000    0.0000    8.1100   88.2601
  17.3864 27944.8945  231.9690 -999.9000    0.0000    0.0000    8.6795   88.3267
  16.9866 28101.7739  231.5325 -999.9000    0.0000    0.0000    9.2842   88.3867
  16.5963 28258.6533  230.6891 -999.9000    0.0000    0.0000    9.8892   88.4341
  16.2153 28415.5327  229.7630 -999.9000    0.0000    0.0000   10.5086   88.4734
  15.8432 28572.4121  229.0780 -999.9000    0.0000    0.0000   11.1570   88.5095
  15.4798 28729.2915  228.9522 -999.9000    0.0000    0.0000   11.8466   88.5468
  15.1246 28886.1709  229.3468 -999.9000    0.0000    0.0000   12.4748   88.5881
  14.7769 29043.0503  229.7052 -999.9000    0.0000    0.0000   12.7777   88.6333
  14.4368 29199.9296  229.8636 -999.9000    0.0000    0.0000   12.6904   88.6841
  14.1043 29356.8090  229.9598 -999.9000    0.0000    0.0000   12.2938   88.7433
  13.7798 29513.6884  230.1372 -999.9000    0.0000    0.0000   11.6726   88.8140
  13.4633 29670.5678  230.5394 -999.9000    0.0000    0.0000   10.9105   88.8992
  13.1552 29827.4472  231.3100 -999.9000    0.0000    0.0000   10.0921   89.0018
  12.8555 29984.3266  232.5357 -999.9000    0.0000    0.0000    9.2992   89.1215
  12.5638 30141.2060  233.9042 -999.9000    0.0000    0.0000    8.5999   89.2343
  12.2794 30298.0854  234.9338 -999.9000    0.0000    0.0000    8.0559   89.3059
  12.0018 30454.9648  235.1421 -999.9000    0.0000    0.0000    7.7292   89.3022
  11.7304 30611.8442  234.3012 -999.9000    0.0000    0.0000    7.6404   89.2026
  11.4650 30768.7236  233.2230 -999.9000    0.0000    0.0000    7.6442   89.0420
  11.2056 30925.6030  232.9842 -999.9000    0.0000    0.0000    7.5528   88.8691
  10.9522 31082.4824  234.2367 -999.9000    0.0000    0.0000    7.2456   88.7216
  10.7056 31239.3618  235.8206 -999.9000    0.0000    0.0000    6.8918   88.5894
  10.4661 31396.2412  236.4178 -999.9000    0.0000    0.0000    6.6880   88.4534
  10.2318 31553.1206  236.1085 -999.9000    0.0000    0.0000    6.6197   88.3118
  10.0000 31710.0000  235.3477 -999.9000    0.0000    0.0000    6.6157   88.1674
