# 06610 LSMP Payerne Observations at 12Z 30 Jul 2008
# Radiosonde file generated by raso.rb
#
  P [hPa],     Z [m],    T [K],   Td [K],   RH [%], r [g/kg], WS [m/s], WD [deg]
 962.0000   491.0000  298.3035 -999.9000   66.2756   13.6900    1.6911   93.0543
 944.6891   647.8794  296.2692 -999.9000   67.8414   12.6302    4.1205   92.6754
 927.6873   804.7588  294.9029 -999.9000   79.5997   13.9071    1.7262   92.9144
 911.0964   961.6382  293.6335 -999.9000   80.0621   14.4362    0.0692   88.9012
 894.7070  1118.5176  292.7170 -999.9000   80.0635   14.3064    0.8644   90.9797
 878.5406  1275.3970  292.4379 -999.9000   80.1293   13.3485    1.8307   90.6229
 862.6769  1432.2764  291.0719 -999.9000   81.0413   13.5129    2.0501   90.4248
 846.9845  1589.1558  289.8382 -999.9000   80.3572   13.9027    3.6501   90.3491
 831.5533  1746.0352  289.4951 -999.9000   80.8301   13.2228    4.5332   90.3950
 816.3570  1902.9146  288.1814 -999.9000   80.7116   11.9693    5.6430   90.4496
 801.3249  2059.7940  286.5884 -999.9000   80.4235   11.5640    6.2746   90.4939
 786.5365  2216.6734  285.2287 -999.9000   80.2596   10.4184    7.0343   90.5367
 771.9169  2373.5528  283.9895 -999.9000   80.6367    8.7627    8.2403   90.5644
 757.5041  2530.4322  282.9241 -999.9000   80.4919    8.5006    8.7886   90.6155
 743.3854  2687.3116  282.3421 -999.9000   77.8347    7.5803    7.6978   90.6080
 729.2940  2844.1910  281.2612 -999.9000   60.4236    5.5688    7.4733   90.6173
 715.5826  3001.0704  280.2075 -999.9000   50.1499    4.3807    9.0730   90.6971
 702.0616  3157.9497  279.0181 -999.9000   51.6243    4.2344   10.3747   90.7782
 688.7126  3314.8291  277.5353 -999.9000   58.9373    4.4448   10.4841   90.8007
 675.5482  3471.7085  275.9035 -999.9000   68.2231    4.6752   10.7537   90.8205
 662.5494  3628.5879  274.4229 -999.9000   74.1543    4.6607   11.3800   90.8487
 649.7305  3785.4673  273.4096 -999.9000   67.2710    4.0055   11.6950   90.8627
 637.1240  3942.3467  272.5528 -999.9000   55.1341    3.1437   11.0358   90.9118
 624.7467  4099.2261  271.5345 -999.9000   50.1534    2.7055    9.5098   91.0167
 612.5275  4256.1055  270.4709 -999.9000   50.0799    2.5464    9.0995   91.0465
 600.5160  4412.9849  269.8598 -999.9000   38.1940    1.8919    9.4024   91.0390
 588.7253  4569.8643  269.2616 -999.9000   22.7509    1.0986    9.6098   91.0433
 577.1128  4726.7437  267.9660 -999.9000   18.1564    0.8108    9.6841   91.0483
 565.6299  4883.6231  267.1284 -999.9000   17.0239    0.7276    9.6707   91.0538
 554.4053  5040.5025  266.5659 -999.9000   13.4898    0.5634    9.0062   91.1400
 543.3471  5197.3819  265.8908 -999.9000   12.8301    0.5190    8.2522   91.2153
 532.4739  5354.2613  264.8665 -999.9000   22.1856    0.8459    8.6821   91.2112
 521.8251  5511.1407  263.8209 -999.9000   24.0301    0.8613    9.4615   91.1806
 511.3144  5668.0201  263.0328 -999.9000   14.0889    0.4842   10.1655   91.1583
 500.9731  5824.8995  261.6945 -999.9000   12.9740    0.4090   10.8896   91.1344
 490.8286  5981.7789  260.0858 -999.9000   18.4020    0.5200   11.0656   91.1143
 480.7236  6138.6583  258.9749 -999.9000   29.2324    0.7703   11.4195   91.0832
 470.8214  6295.5377  257.6894 -999.9000   31.4970    0.7621   11.5352   91.0728
 461.0900  6452.4171  256.2637 -999.9000   30.8318    0.6762   11.2730   90.9894
 451.4963  6609.2965  254.9634 -999.9000   32.0066    0.6422   10.2787   90.8335
 442.0676  6766.1759  253.8870 -999.9000   32.5823    0.6091    9.3996   90.7116
 432.8253  6923.0553  252.9192 -999.9000   32.3003    0.5674   10.3183   90.6964
 423.7241  7079.9347  251.5048 -999.9000   36.0052    0.5712   11.2056   90.7318
 414.7432  7236.8141  249.7899 -999.9000   41.2288    0.5742   11.0067   90.7585
 405.9174  7393.6935  248.7826 -999.9000   31.8215    0.4138   11.2345   90.7794
 397.1974  7550.5729  247.4811 -999.9000   27.2398    0.3219   11.4971   90.7881
 388.6475  7707.4523  246.0712 -999.9000   31.1629    0.3308   11.6324   90.8405
 380.2876  7864.3317  245.0366 -999.9000   34.8132    0.3433   11.8543   90.9010
 372.0784  8021.2111  244.1990 -999.9000   39.0836    0.3645   11.9885   90.8924
 363.9826  8178.0905  243.3842 -999.9000   45.2097    0.3994   11.8812   90.7526
 356.0087  8334.9698  242.5085 -999.9000   54.4492    0.4529   11.8435   90.7678
 348.2042  8491.8492  241.5908 -999.9000   60.5766    0.5188   12.4227   91.3797
 340.5609  8648.7286  240.7143 -999.9000   64.9721    0.5272   12.6321   91.7004
 333.0575  8805.6080  239.8287 -999.9000   65.5857    0.4852   12.5498   91.6152
 325.6771  8962.4874  238.8340 -999.9000   65.0179    0.4338   12.8221   91.4555
 318.4095  9119.3668  237.6141 -999.9000   65.8139    0.3977   13.7181   91.4682
 311.2701  9276.2462  235.9595 -999.9000   60.7157    0.3338   13.8522   91.4746
 304.2599  9433.1256  234.3721 -999.9000   55.5391    0.2938   14.0523   91.4194
 297.3812  9590.0050  233.2738 -999.9000   50.6997    0.2688   14.5101   91.3896
 290.6045  9746.8844  232.0157 -999.9000   45.4950    0.2331   14.8148   91.3805
 283.9369  9903.7638  230.6101 -999.9000   45.7972    0.2031   15.1693   91.3479
 277.3870 10060.6432  229.1029 -999.9000   45.6514    0.1789   15.5362   91.3074
 270.9631 10217.5226  227.5340 -999.9000   45.5918    0.1538   15.7834   91.2950
 264.6694 10374.4020  225.9781 -999.9000   45.7045    0.1244   15.8212   91.3378
 258.4744 10531.2814  224.7420 -999.9000   45.2150    0.1097   15.9506   91.3756
 252.3757 10688.1608  223.7081 -999.9000   45.5331    0.1034   16.2008   91.3933
 246.3812 10845.0402  222.6476 -999.9000   40.2525    0.0916   16.4903   91.3978
 240.4896 11001.9196  221.4535 -999.9000   35.6943    0.0742   16.7662   91.3965
 234.6950 11158.7990  220.1206 -999.9000   35.9479    0.0604   16.9991   91.3968
 229.0082 11315.6784  218.7456 -999.9000   35.4907    0.0528   17.1832   91.3986
 223.4492 11472.5578  217.4757 -999.9000   34.9620    0.0500   17.3247   91.3982
 218.0236 11629.4372  216.2871 -999.9000   30.1158    0.0480   17.1421   91.4126
 212.6609 11786.3166  214.6305 -999.9000   25.5972    0.0350   15.4849   91.5070
 207.3913 11943.1960  213.8170 -999.9000   23.7626    0.0295   14.3329   91.4951
 202.2510 12100.0754  214.5410 -999.9000   17.9984    0.0410   14.0576   91.5711
 197.2536 12256.9548  215.9603 -999.9000    9.0939    0.0304   12.0893   92.1270
 192.4469 12413.8342  218.3735 -999.9000    2.6440    0.0062   12.5731   91.9985
 187.8076 12570.7136  218.2093 -999.9000    0.2369    0.0003   12.8502   91.9213
 183.2603 12727.5930  216.9918 -999.9000    0.2954    0.0003   12.5930   91.8946
 178.8033 12884.4724  216.5955 -999.9000    0.0000    0.0000   12.3952   91.8603
 174.4458 13041.3518  217.0138 -999.9000    0.0133    0.0000   12.5634   91.7991
 170.1876 13198.2312  217.2524 -999.9000    0.0000    0.0000   13.1235   91.6668
 166.0391 13355.1106  217.4314 -999.9000    0.0000    0.0000   13.7778   91.5392
 162.0101 13511.9899  217.0635 -999.9000    0.0002    0.0000   14.1108   91.4198
 158.0706 13668.8693  216.0842 -999.9000    0.0000    0.0000   13.7608   91.3880
 154.1974 13825.7487  215.2130 -999.9000    0.0000    0.0000   12.6319   91.4693
 150.4126 13982.6281  215.1448 -999.9000    0.0000    0.0000   10.7491   91.5650
 146.7292 14139.5075  216.0689 -999.9000    0.0000    0.0000   10.7006   91.5673
 143.1108 14296.3869  214.2833 -999.9000    0.0000    0.0000   10.6473   91.5696
 139.5597 14453.2663  216.6900 -999.9000    0.0000    0.0000   10.6407   91.5684
 136.1266 14610.1457  214.3405 -999.9000    0.0000    0.0000   10.6556   91.5540
 132.7619 14767.0251  213.4555 -999.9000    0.0000    0.0000   10.6736   91.5347
 129.4754 14923.9045  214.4384 -999.9000    0.0000    0.0000   10.6885   91.5197
 126.2897 15080.7839  215.5317 -999.9000    0.0000    0.0000   10.6915   91.5108
 123.1790 15237.6633  216.7478 -999.9000    0.0000    0.0000   10.7205   91.4644
 120.1481 15394.5427  217.2104 -999.9000    0.0000    0.0000   10.5893   91.3748
 117.2138 15551.4221  216.5563 -999.9000    0.0000    0.0000   10.2379   91.2661
 114.3435 15708.3015  216.4526 -999.9000    0.0000    0.0000    9.9238   91.1464
 111.5416 15865.1809  216.2003 -999.9000    0.0000    0.0000    9.3491   91.1933
 108.8149 16022.0603  217.5046 -999.9000    0.0000    0.0000    8.5397   91.4869
 106.1648 16178.9397  217.5496 -999.9000    0.0000    0.0000    8.0818   91.3484
 103.5767 16335.8191  217.1732 -999.9000    0.0000    0.0000    6.6534   91.9971
 101.0524 16492.6985  219.2076 -999.9000    0.0000    0.0000    2.1763   90.4089
  98.6148 16649.5779  217.8041 -999.9000    0.0000    0.0000    1.3999   90.4014
  96.2203 16806.4573  217.0513 -999.9000    0.0000    0.0000    0.5702   90.4014
  93.8688 16963.3367  216.3218 -999.9000    0.0000    0.0000    1.6472   90.4014
  91.5836 17120.2161  216.1868 -999.9000    0.0000    0.0000    2.5073   90.4014
  89.3567 17277.0955  216.1498 -999.9000    0.0000    0.0000    3.1312   90.4014
  87.1784 17433.9749  215.6628 -999.9000    0.0000    0.0000    3.8155   90.3927
  85.0453 17590.8543  214.8381 -999.9000    0.0000    0.0000    4.7268   90.0754
  82.9608 17747.7337  214.4994 -999.9000    0.0000    0.0000    5.8916   90.9865
  80.9282 17904.6131  215.1302 -999.9000    0.0000    0.0000    7.0263   90.6807
  78.9484 18061.4925  215.7609 -999.9000    0.0000    0.0000    6.9024   90.4907
  77.0217 18218.3719  216.4219 -999.9000    0.0000    0.0000    5.9237   90.6714
  75.1483 18375.2513  217.4704 -999.9000    0.0000    0.0000    4.9450   90.9237
  73.3271 18532.1307  218.5646 -999.9000    0.0000    0.0000    4.2973   91.0464
  71.5556 18689.0101  218.6847 -999.9000    0.0000    0.0000    3.8027   90.9336
  69.8260 18845.8894  217.5658 -999.9000    0.0000    0.0000    3.1554   91.0562
  68.1227 19002.7688  217.2743 -999.9000    0.0000    0.0000    1.9887   91.7656
  66.4601 19159.6482  217.6253 -999.9000    0.0000    0.0000    0.9340   89.5288
  64.8418 19316.5276  218.1122 -999.9000    0.0000    0.0000    0.6014   87.4851
  63.2670 19473.4070  218.5214 -999.9000    0.0000    0.0000    1.1216   87.9468
  61.7318 19630.2864  219.0907 -999.9000    0.0000    0.0000    1.6862   88.3028
  60.2355 19787.1658  219.3140 -999.9000    0.0000    0.0000    2.4088   88.5476
  58.7762 19944.0452  219.0308 -999.9000    0.0000    0.0000    3.2300   88.9105
  57.3501 20100.9246  218.6675 -999.9000    0.0000    0.0000    3.6456   89.0671
  55.9562 20257.8040  218.4180 -999.9000    0.0000    0.0000    3.5586   88.9446
  54.5968 20414.6834  218.2026 -999.9000    0.0000    0.0000    3.3346   88.7725
  53.2731 20571.5628  218.1734 -999.9000    0.0000    0.0000    3.1370   88.6461
  51.9860 20728.4422  218.6409 -999.9000    0.0000    0.0000    2.9832   88.5640
  50.7361 20885.3216  219.9186 -999.9000    0.0000    0.0000    2.8876   88.5228
  49.5229 21042.2010  221.7179 -999.9000    0.0000    0.0000    2.8342   88.5126
  48.3394 21199.0804  221.1288 -999.9000    0.0000    0.0000    3.1727   88.5757
  47.1874 21355.9598  221.2271 -999.9000    0.0000    0.0000    4.3020   88.7747
  46.0647 21512.8392  221.6506 -999.9000    0.0000    0.0000    5.3375   88.9472
  44.9691 21669.7186  221.9203 -999.9000    0.0000    0.0000    5.5465   88.9570
  43.8989 21826.5980  221.9728 -999.9000    0.0000    0.0000    5.1611   88.8369
  42.8525 21983.4774  221.8685 -999.9000    0.0000    0.0000    4.6976   88.6697
  41.8295 22140.3568  221.6554 -999.9000    0.0000    0.0000    4.4447   88.5214
  40.8309 22297.2362  221.3615 -999.9000    0.0000    0.0000    4.3400   88.4316
  39.8584 22454.1156  221.0161 -999.9000    0.0000    0.0000    4.2913   88.4374
  38.9104 22610.9950  221.4453 -999.9000    0.0000    0.0000    4.4463   88.5046
  37.9838 22767.8744  222.7424 -999.9000    0.0000    0.0000    4.8612   88.5579
  37.0791 22924.7538  223.4709 -999.9000    0.0000    0.0000    5.2042   88.6106
  36.1962 23081.6332  223.5996 -999.9000    0.0000    0.0000    5.4591   88.6649
  35.3349 23238.5126  223.3462 -999.9000    0.0000    0.0000    5.6653   88.7211
  34.4951 23395.3920  222.9279 -999.9000    0.0000    0.0000    5.8623   88.7793
  33.6765 23552.2714  222.5623 -999.9000    0.0000    0.0000    6.0894   88.8396
  32.8792 23709.1508  222.4667 -999.9000    0.0000    0.0000    6.3865   88.9021
  32.1025 23866.0302  222.7832 -999.9000    0.0000    0.0000    6.7656   88.9664
  31.3447 24022.9095  223.3738 -999.9000    0.0000    0.0000    7.1383   89.0294
  30.6036 24179.7889  224.0364 -999.9000    0.0000    0.0000    7.3932   89.0878
  29.8779 24336.6683  224.5432 -999.9000    0.0000    0.0000    7.4385   89.1301
  29.1715 24493.5477  224.6049 -999.9000    0.0000    0.0000    7.3784   89.0898
  28.4842 24650.4271  224.4690 -999.9000    0.0000    0.0000    7.2653   88.9796
  27.8138 24807.3065  224.5041 -999.9000    0.0000    0.0000    7.1135   88.8366
  27.1583 24964.1859  225.0772 -999.9000    0.0000    0.0000    6.9364   88.6979
  26.5173 25121.0653  226.2493 -999.9000    0.0000    0.0000    6.7547   88.5852
  25.8939 25277.9447  227.4328 -999.9000    0.0000    0.0000    6.6032   88.4883
  25.2914 25434.8241  227.9569 -999.9000    0.0000    0.0000    6.5184   88.3927
  24.7096 25591.7035  227.4556 -999.9000    0.0000    0.0000    6.5817   88.3136
  24.1354 25748.5829  226.9145 -999.9000    0.0000    0.0000    6.9539   88.3442
  23.5706 25905.4623  226.6665 -999.9000    0.0000    0.0000    7.5373   88.4419
  23.0189 26062.3417  226.9211 -999.9000    0.0000    0.0000    8.2068   88.5480
  22.4826 26219.2211  227.7438 -999.9000    0.0000    0.0000    8.8620   88.6216
  21.9608 26376.1005  228.8287 -999.9000    0.0000    0.0000    9.4641   88.6692
  21.4521 26532.9799  229.8113 -999.9000    0.0000    0.0000    9.9850   88.7041
  20.9548 26689.8593  230.3267 -999.9000    0.0000    0.0000   10.3961   88.7401
  20.4676 26846.7387  230.0103 -999.9000    0.0000    0.0000   10.6689   88.7908
  19.9891 27003.6181  228.5326 -999.9000    0.0000    0.0000   10.7682   88.8671
  19.5243 27160.4975  227.6153 -999.9000    0.0000    0.0000   10.3320   88.8331
  19.0752 27317.3769  228.0457 -999.9000    0.0000    0.0000    9.4324   88.6652
  18.6391 27474.2563  229.2437 -999.9000    0.0000    0.0000    8.4638   88.4541
  18.2135 27631.1357  230.6293 -999.9000    0.0000    0.0000    7.8206   88.2905
  17.7959 27788.0151  231.6312 -999.9000    0.0000    0.0000    7.8743   88.2601
  17.3864 27944.8945  231.9025 -999.9000    0.0000    0.0000    8.4460   88.3267
  16.9866 28101.7739  231.4697 -999.9000    0.0000    0.0000    9.0544   88.3867
  16.5963 28258.6533  230.6295 -999.9000    0.0000    0.0000    9.6648   88.4341
  16.2153 28415.5327  229.7060 -999.9000    0.0000    0.0000   10.2915   88.4734
  15.8432 28572.4121  229.0231 -999.9000    0.0000    0.0000   10.9492   88.5095
  15.4798 28729.2915  228.8988 -999.9000    0.0000    0.0000   11.6501   88.5468
  15.1246 28886.1709  229.2945 -999.9000    0.0000    0.0000   12.2920   88.5881
  14.7769 29043.0503  229.6536 -999.9000    0.0000    0.0000   12.6111   88.6333
  14.4368 29199.9296  229.8121 -999.9000    0.0000    0.0000   12.5424   88.6841
  14.1043 29356.8090  229.9079 -999.9000    0.0000    0.0000   12.1674   88.7433
  13.7798 29513.6884  230.0845 -999.9000    0.0000    0.0000   11.5704   88.8140
  13.4633 29670.5678  230.4855 -999.9000    0.0000    0.0000   10.8358   88.8992
  13.1552 29827.4472  231.2544 -999.9000    0.0000    0.0000   10.0479   89.0018
  12.8555 29984.3266  232.4781 -999.9000    0.0000    0.0000    9.2889   89.1215
  12.5638 30141.2060  233.8441 -999.9000    0.0000    0.0000    8.6270   89.2343
  12.2794 30298.0854  234.8708 -999.9000    0.0000    0.0000    8.1241   89.3059
  12.0018 30454.9648  235.0758 -999.9000    0.0000    0.0000    7.8421   89.3022
  11.7304 30611.8442  234.2314 -999.9000    0.0000    0.0000    7.8022   89.2026
  11.4650 30768.7236  233.1492 -999.9000    0.0000    0.0000    7.8588   89.0420
  11.2056 30925.6030  232.9060 -999.9000    0.0000    0.0000    7.8244   88.8691
  10.9522 31082.4824  234.1538 -999.9000    0.0000    0.0000    7.5787   88.7216
  10.7056 31239.3618  235.7327 -999.9000    0.0000    0.0000    7.2909   88.5894
  10.4661 31396.2412  236.3245 -999.9000    0.0000    0.0000    7.1579   88.4534
  10.2318 31553.1206  236.0096 -999.9000    0.0000    0.0000    7.1651   88.3118
  10.0000 31710.0000  235.2429 -999.9000    0.0000    0.0000    7.2416   88.1674
