# 06610 LSMP Payerne Observations at 12Z 30 Jul 2008
# Radiosonde file generated by raso.rb
#
  P [hPa],     Z [m],    T [K],   Td [K],   RH [%], r [g/kg], WS [m/s], WD [deg]
 962.0000   491.0000  297.8306 -999.9000   66.1225   13.6900    1.9867   93.0543
 944.6891   647.8794  295.7619 -999.9000   67.6893   12.6302    4.4737   92.6754
 927.6873   804.7588  294.3648 -999.9000   79.4269   13.9071    2.1298   92.9144
 911.0964   961.6382  293.0683 -999.9000   79.8941   14.4362    0.3782   92.0428
 894.7070  1118.5176  292.1281 -999.9000   79.9015   14.3064    1.3489   90.9797
 878.5406  1275.3970  291.8287 -999.9000   79.9732   13.3485    2.3463   90.6229
 862.6769  1432.2764  290.4456 -999.9000   80.8897   13.5129    2.5908   90.4248
 846.9845  1589.1558  289.1979 -999.9000   80.2131   13.9027    4.2102   90.3491
 831.5533  1746.0352  288.8438 -999.9000   80.6915   13.2228    5.1074   90.3950
 816.3570  1902.9146  287.5220 -999.9000   80.5796   11.9693    6.2261   90.4496
 801.3249  2059.7940  285.9237 -999.9000   80.2984   11.5640    6.8619   90.4939
 786.5365  2216.6734  284.5612 -999.9000   80.1413   10.4184    7.6212   90.5367
 771.9169  2373.5528  283.3219 -999.9000   80.5243    8.7627    8.8225   90.5644
 757.5041  2530.4322  282.2589 -999.9000   80.3862    8.5006    9.3622   90.6155
 743.3854  2687.3116  281.6815 -999.9000   77.7386    7.5803    8.2590   90.6080
 729.2940  2844.1910  280.6074 -999.9000   60.3538    5.5688    8.0187   90.6173
 715.5826  3001.0704  279.5627 -999.9000   50.0959    4.3807    9.5993   90.6971
 702.0616  3157.9497  278.3842 -999.9000   51.5727    4.2344   10.8792   90.7782
 688.7126  3314.8291  276.9141 -999.9000   58.8830    4.4448   10.9640   90.8007
 675.5482  3471.7085  275.2969 -999.9000   68.1654    4.6752   11.2068   90.8205
 662.5494  3628.5879  273.8324 -999.9000   74.0970    4.6607   11.8042   90.8487
 649.7305  3785.4673  272.8369 -999.9000   67.2238    4.0055   12.0885   90.8627
 637.1240  3942.3467  271.9991 -999.9000   55.0993    3.1437   11.3971   90.9118
 624.7467  4099.2261  271.0012 -999.9000   50.1252    2.7055    9.8377   91.0167
 612.5275  4256.1055  269.9591 -999.9000   50.0550    2.5464    9.3930   91.0465
 600.5160  4412.9849  269.3707 -999.9000   38.1775    1.8919    9.6609   91.0390
 588.7253  4569.8643  268.7961 -999.9000   22.7425    1.0986    9.8328   91.0433
 577.1128  4726.7437  267.5250 -999.9000   18.1507    0.8108    9.8715   91.0483
 565.6299  4883.6231  266.7125 -999.9000   17.0195    0.7276    9.8227   91.0538
 554.4053  5040.5025  266.1757 -999.9000   13.4870    0.5634    9.1231   91.1400
 543.3471  5197.3819  265.5269 -999.9000   12.8280    0.5190    8.3348   91.2153
 532.4739  5354.2613  264.5293 -999.9000   22.1831    0.8459    8.7313   91.2112
 521.8251  5511.1407  263.5105 -999.9000   24.0284    0.8613    9.4787   91.1806
 511.3144  5668.0201  262.7495 -999.9000   14.0884    0.4842   10.1521   91.1583
 500.9731  5824.8995  261.4383 -999.9000   12.9740    0.4090   10.8475   91.1344
 490.8286  5981.7789  259.8567 -999.9000   18.4025    0.5200   10.9969   91.1143
 480.7236  6138.6583  258.7727 -999.9000   29.2338    0.7703   11.3264   91.0832
 470.8214  6295.5377  257.5136 -999.9000   31.4991    0.7621   11.4204   91.0728
 461.0900  6452.4171  256.1141 -999.9000   30.8343    0.6762   11.1395   90.9894
 451.4963  6609.2965  254.8394 -999.9000   32.0094    0.6422   10.1297   90.8335
 442.0676  6766.1759  253.7880 -999.9000   32.5853    0.6091    9.2384   90.7116
 432.8253  6923.0553  252.8445 -999.9000   32.3032    0.5674   10.1487   90.6964
 423.7241  7079.9347  251.4534 -999.9000   36.0081    0.5712   11.0317   90.7318
 414.7432  7236.8141  249.7609 -999.9000   41.2316    0.5742   10.8327   90.7585
 405.9174  7393.6935  248.7748 -999.9000   31.8230    0.4138   11.0650   90.7794
 397.1974  7550.5729  247.4933 -999.9000   27.2403    0.3219   11.3370   90.7881
 388.6475  7707.4523  246.1023 -999.9000   31.1625    0.3308   11.4861   90.8405
 380.2876  7864.3317  245.0851 -999.9000   34.8115    0.3433   11.7256   90.9010
 372.0784  8021.2111  244.2637 -999.9000   39.0801    0.3645   11.8808   90.8924
 363.9826  8178.0905  243.4636 -999.9000   45.2035    0.3994   11.7973   90.7526
 356.0087  8334.9698  242.6012 -999.9000   54.4393    0.4529   11.7855   90.7678
 348.2042  8491.8492  241.6954 -999.9000   60.5626    0.5188   12.3923   91.3797
 340.5609  8648.7286  240.8291 -999.9000   64.9540    0.5272   12.6304   91.7004
 333.0575  8805.6080  239.9523 -999.9000   65.5642    0.4852   12.5772   91.6152
 325.6771  8962.4874  238.9647 -999.9000   64.9935    0.4338   12.8786   91.4555
 318.4095  9119.3668  237.7503 -999.9000   65.7862    0.3977   13.8030   91.4682
 311.2701  9276.2462  236.0995 -999.9000   60.6877    0.3338   13.9645   91.4746
 304.2599  9433.1256  234.5142 -999.9000   55.5113    0.2938   14.1900   91.4194
 297.3812  9590.0050  233.4162 -999.9000   50.6725    0.2688   14.6710   91.3896
 290.6045  9746.8844  232.1566 -999.9000   45.4694    0.2331   14.9959   91.3805
 283.9369  9903.7638  230.7476 -999.9000   45.7704    0.2031   15.3671   91.3479
 277.3870 10060.6432  229.2352 -999.9000   45.6240    0.1789   15.7468   91.3074
 270.9631 10217.5226  227.6591 -999.9000   45.5641    0.1538   16.0021   91.2950
 264.6694 10374.4020  226.0939 -999.9000   45.6768    0.1244   16.0429   91.3378
 258.4744 10531.2814  224.8467 -999.9000   45.1882    0.1097   16.1695   91.3756
 252.3757 10688.1608  223.7995 -999.9000   45.5071    0.1034   16.4106   91.3933
 246.3812 10845.0402  222.7237 -999.9000   40.2309    0.0916   16.6842   91.3978
 240.4896 11001.9196  221.5120 -999.9000   35.6768    0.0742   16.9367   91.3965
 234.6950 11158.7990  220.1597 -999.9000   35.9323    0.0604   17.1391   91.3968
 229.0082 11315.6784  218.7636 -999.9000   35.4778    0.0528   17.2862   91.3986
 223.4492 11472.5578  217.4714 -999.9000   34.9521    0.0500   17.3850   91.3982
 218.0236 11629.4372  216.2595 -999.9000   30.1099    0.0480   17.1545   91.4126
 212.6609 11786.3166  214.5790 -999.9000   25.5946    0.0350   15.4449   91.5070
 207.3913 11943.1960  213.7413 -999.9000   23.7625    0.0295   14.2369   91.4951
 202.2510 12100.0754  214.4410 -999.9000   18.0002    0.0410   13.9024   91.5711
 197.2536 12256.9548  215.8366 -999.9000    9.0958    0.0304   11.8727   92.1270
 192.4469 12413.8342  218.2266 -999.9000    2.6449    0.0062   12.2934   91.9985
 187.8076 12570.7136  218.0403 -999.9000    0.2370    0.0003   12.5063   91.9213
 183.2603 12727.5930  216.8021 -999.9000    0.2955    0.0003   12.1846   91.8946
 178.8033 12884.4724  216.3867 -999.9000    0.0000    0.0000   11.9226   91.8603
 174.4458 13041.3518  216.7880 -999.9000    0.0133    0.0000   12.0278   91.7991
 170.1876 13198.2312  217.0118 -999.9000    0.0000    0.0000   12.5266   91.6668
 166.0391 13355.1106  217.1788 -999.9000    0.0000    0.0000   13.1220   91.5392
 162.0101 13511.9899  216.8018 -999.9000    0.0002    0.0000   13.3992   91.4198
 158.0706 13668.8693  215.8169 -999.9000    0.0000    0.0000   12.9973   91.3880
 154.1974 13825.7487  214.9436 -999.9000    0.0000    0.0000   11.8208   91.4693
 150.4126 13982.6281  214.8774 -999.9000    0.0000    0.0000    9.8957   91.5650
 146.7292 14139.5075  215.8077 -999.9000    0.0000    0.0000    9.8108   91.5673
 143.1108 14296.3869  214.0330 -999.9000    0.0000    0.0000    9.7275   91.5696
 139.5597 14453.2663  216.4556 -999.9000    0.0000    0.0000    9.6982   91.5684
 136.1266 14610.1457  214.1268 -999.9000    0.0000    0.0000    9.6977   91.5540
 132.7619 14767.0251  213.2669 -999.9000    0.0000    0.0000    9.7072   91.5347
 129.4754 14923.9045  214.2788 -999.9000    0.0000    0.0000    9.7201   91.5197
 126.2897 15080.7839  215.4045 -999.9000    0.0000    0.0000    9.7272   91.5108
 123.1790 15237.6633  216.6559 -999.9000    0.0000    0.0000    9.7662   91.4644
 120.1481 15394.5427  217.1562 -999.9000    0.0000    0.0000    9.6502   91.3748
 117.2138 15551.4221  216.5420 -999.9000    0.0000    0.0000    9.3190   91.2661
 114.3435 15708.3015  216.4795 -999.9000    0.0000    0.0000    9.0296   91.1464
 111.5416 15865.1809  216.2694 -999.9000    0.0000    0.0000    8.4839   91.1933
 108.8149 16022.0603  217.6165 -999.9000    0.0000    0.0000    7.7071   91.4869
 106.1648 16178.9397  217.7043 -999.9000    0.0000    0.0000    7.2852   91.3484
 103.5767 16335.8191  217.3703 -999.9000    0.0000    0.0000    5.8958   91.9971
 101.0524 16492.6985  219.4463 -999.9000    0.0000    0.0000    1.4604   90.4089
  98.6148 16649.5779  218.0829 -999.9000    0.0000    0.0000    0.7277   90.4014
  96.2203 16806.4573  217.3683 -999.9000    0.0000    0.0000    0.0564   87.2598
  93.8688 16963.3367  216.6747 -999.9000    0.0000    0.0000    1.0676   90.4014
  91.5836 17120.2161  216.5727 -999.9000    0.0000    0.0000    1.9758   90.4014
  89.3567 17277.0955  216.5654 -999.9000    0.0000    0.0000    2.6483   90.4014
  87.1784 17433.9749  216.1044 -999.9000    0.0000    0.0000    3.3815   90.3927
  85.0453 17590.8543  215.3014 -999.9000    0.0000    0.0000    4.3415   90.0754
  82.9608 17747.7337  214.9795 -999.9000    0.0000    0.0000    5.5544   90.9865
  80.9282 17904.6131  215.6220 -999.9000    0.0000    0.0000    6.7362   90.6807
  78.9484 18061.4925  216.2591 -999.9000    0.0000    0.0000    6.6583   90.4907
  77.0217 18218.3719  216.9215 -999.9000    0.0000    0.0000    5.7243   90.6714
  75.1483 18375.2513  217.9667 -999.9000    0.0000    0.0000    4.7891   90.9237
  73.3271 18532.1307  219.0535 -999.9000    0.0000    0.0000    4.1834   91.0464
  71.5556 18689.0101  219.1622 -999.9000    0.0000    0.0000    3.7296   90.9336
  69.8260 18845.8894  218.0285 -999.9000    0.0000    0.0000    3.1215   91.0562
  68.1227 19002.7688  217.7190 -999.9000    0.0000    0.0000    1.9926   91.7656
  66.4601 19159.6482  218.0493 -999.9000    0.0000    0.0000    0.9741   89.5288
  64.8418 19316.5276  218.5131 -999.9000    0.0000    0.0000    0.6762   87.4851
  63.2670 19473.4070  218.8971 -999.9000    0.0000    0.0000    1.2293   87.9468
  61.7318 19630.2864  219.4395 -999.9000    0.0000    0.0000    1.8253   88.3028
  60.2355 19787.1658  219.6347 -999.9000    0.0000    0.0000    2.5775   88.5476
  58.7762 19944.0452  219.3225 -999.9000    0.0000    0.0000    3.4264   88.9105
  57.3501 20100.9246  218.9296 -999.9000    0.0000    0.0000    3.8680   89.0671
  55.9562 20257.8040  218.6502 -999.9000    0.0000    0.0000    3.8051   88.9446
  54.5968 20414.6834  218.4053 -999.9000    0.0000    0.0000    3.6033   88.7725
  53.2731 20571.5628  218.3470 -999.9000    0.0000    0.0000    3.4260   88.6461
  51.9860 20728.4422  218.7863 -999.9000    0.0000    0.0000    3.2903   88.5640
  50.7361 20885.3216  220.0372 -999.9000    0.0000    0.0000    3.2108   88.5228
  49.5229 21042.2010  221.8113 -999.9000    0.0000    0.0000    3.1714   88.5126
  48.3394 21199.0804  221.1990 -999.9000    0.0000    0.0000    3.5217   88.5757
  47.1874 21355.9598  221.2764 -999.9000    0.0000    0.0000    4.6607   88.7747
  46.0647 21512.8392  221.6818 -999.9000    0.0000    0.0000    5.7036   88.9472
  44.9691 21669.7186  221.9357 -999.9000    0.0000    0.0000    5.9178   88.9570
  43.8989 21826.5980  221.9748 -999.9000    0.0000    0.0000    5.5357   88.8369
  42.8525 21983.4774  221.8596 -999.9000    0.0000    0.0000    5.0736   88.6697
  41.8295 22140.3568  221.6376 -999.9000    0.0000    0.0000    4.8204   88.5214
  40.8309 22297.2362  221.3369 -999.9000    0.0000    0.0000    4.7136   88.4316
  39.8584 22454.1156  220.9866 -999.9000    0.0000    0.0000    4.6613   88.4374
  38.9104 22610.9950  221.4130 -999.9000    0.0000    0.0000    4.8113   88.5046
  37.9838 22767.8744  222.7089 -999.9000    0.0000    0.0000    5.2197   88.5579
  37.0791 22924.7538  223.4380 -999.9000    0.0000    0.0000    5.5550   88.6106
  36.1962 23081.6332  223.5688 -999.9000    0.0000    0.0000    5.8012   88.6649
  35.3349 23238.5126  223.3190 -999.9000    0.0000    0.0000    5.9975   88.7211
  34.4951 23395.3920  222.9056 -999.9000    0.0000    0.0000    6.1838   88.7793
  33.6765 23552.2714  222.5462 -999.9000    0.0000    0.0000    6.3994   88.8396
  32.8792 23709.1508  222.4580 -999.9000    0.0000    0.0000    6.6842   88.9021
  32.1025 23866.0302  222.7829 -999.9000    0.0000    0.0000    7.0504   88.9664
  31.3447 24022.9095  223.3829 -999.9000    0.0000    0.0000    7.4098   89.0294
  30.6036 24179.7889  224.0557 -999.9000    0.0000    0.0000    7.6510   89.0878
  29.8779 24336.6683  224.5736 -999.9000    0.0000    0.0000    7.6823   89.1301
  29.1715 24493.5477  224.6469 -999.9000    0.0000    0.0000    7.6080   89.0898
  28.4842 24650.4271  224.5232 -999.9000    0.0000    0.0000    7.4808   88.9796
  27.8138 24807.3065  224.5710 -999.9000    0.0000    0.0000    7.3147   88.8366
  27.1583 24964.1859  225.1571 -999.9000    0.0000    0.0000    7.1236   88.6979
  26.5173 25121.0653  226.3425 -999.9000    0.0000    0.0000    6.9282   88.5852
  25.8939 25277.9447  227.5394 -999.9000    0.0000    0.0000    6.7630   88.4883
  25.2914 25434.8241  228.0771 -999.9000    0.0000    0.0000    6.6650   88.3927
  24.7096 25591.7035  227.5895 -999.9000    0.0000    0.0000    6.7153   88.3136
  24.1354 25748.5829  227.0620 -999.9000    0.0000    0.0000    7.0750   88.3442
  23.5706 25905.4623  226.8276 -999.9000    0.0000    0.0000    7.6463   88.4419
  23.0189 26062.3417  227.0956 -999.9000    0.0000    0.0000    8.3043   88.5480
  22.4826 26219.2211  227.9314 -999.9000    0.0000    0.0000    8.9484   88.6216
  21.9608 26376.1005  229.0292 -999.9000    0.0000    0.0000    9.5401   88.6692
  21.4521 26532.9799  230.0242 -999.9000    0.0000    0.0000   10.0512   88.7041
  20.9548 26689.8593  230.5517 -999.9000    0.0000    0.0000   10.4532   88.7401
  20.4676 26846.7387  230.2468 -999.9000    0.0000    0.0000   10.7177   88.7908
  19.9891 27003.6181  228.7800 -999.9000    0.0000    0.0000   10.8094   88.8671
  19.5243 27160.4975  227.8728 -999.9000    0.0000    0.0000   10.3666   88.8331
  19.0752 27317.3769  228.3128 -999.9000    0.0000    0.0000    9.4612   88.6652
  18.6391 27474.2563  229.5194 -999.9000    0.0000    0.0000    8.4877   88.4541
  18.2135 27631.1357  230.9127 -999.9000    0.0000    0.0000    7.8407   88.2905
  17.7959 27788.0151  231.9214 -999.9000    0.0000    0.0000    7.8916   88.2601
  17.3864 27944.8945  232.1985 -999.9000    0.0000    0.0000    8.4616   88.3267
  16.9866 28101.7739  231.7704 -999.9000    0.0000    0.0000    9.0695   88.3867
  16.5963 28258.6533  230.9336 -999.9000    0.0000    0.0000    9.6806   88.4341
  16.2153 28415.5327  230.0123 -999.9000    0.0000    0.0000   10.3092   88.4734
  15.8432 28572.4121  229.3303 -999.9000    0.0000    0.0000   10.9701   88.5095
  15.4798 28729.2915  229.2055 -999.9000    0.0000    0.0000   11.6756   88.5468
  15.1246 28886.1709  229.5992 -999.9000    0.0000    0.0000   12.3235   88.5881
  14.7769 29043.0503  229.9547 -999.9000    0.0000    0.0000   12.6500   88.6333
  14.4368 29199.9296  230.1081 -999.9000    0.0000    0.0000   12.5903   88.6841
  14.1043 29356.8090  230.1970 -999.9000    0.0000    0.0000   12.2257   88.7433
  13.7798 29513.6884  230.3650 -999.9000    0.0000    0.0000   11.6408   88.8140
  13.4633 29670.5678  230.7555 -999.9000    0.0000    0.0000   10.9199   88.8992
  13.1552 29827.4472  231.5121 -999.9000    0.0000    0.0000   10.1475   89.0018
  12.8555 29984.3266  232.7213 -999.9000    0.0000    0.0000    9.4057   89.1215
  12.5638 30141.2060  234.0709 -999.9000    0.0000    0.0000    8.7628   89.2343
  12.2794 30298.0854  235.0791 -999.9000    0.0000    0.0000    8.2807   89.3059
  12.0018 30454.9648  235.2634 -999.9000    0.0000    0.0000    8.0216   89.3022
  11.7304 30611.8442  234.3959 -999.9000    0.0000    0.0000    8.0063   89.2026
  11.4650 30768.7236  233.2883 -999.9000    0.0000    0.0000    8.0897   89.0420
  11.2056 30925.6030  233.0173 -999.9000    0.0000    0.0000    8.0841   88.8691
  10.9522 31082.4824  234.2349 -999.9000    0.0000    0.0000    7.8693   88.7216
  10.7056 31239.3618  235.7808 -999.9000    0.0000    0.0000    7.6145   88.5894
  10.4661 31396.2412  236.3372 -999.9000    0.0000    0.0000    7.5167   88.4534
  10.2318 31553.1206  235.9840 -999.9000    0.0000    0.0000    7.5614   88.3118
  10.0000 31710.0000  235.1763 -999.9000    0.0000    0.0000    7.6777   88.1674
