# 06610 LSMP Payerne Observations at 12Z 30 Jul 2008
# Radiosonde file generated by raso.rb
#
  P [hPa],     Z [m],    T [K],   Td [K],   RH [%], r [g/kg], WS [m/s], WD [deg]
 962.0000   491.0000  298.3645 -999.9000   66.2572   13.6900    2.3819   93.0543
 944.6891   647.8794  296.2130 -999.9000   67.8324   12.6302    4.8255   92.6754
 927.6873   804.7588  294.7402 -999.9000   79.5996   13.9071    2.4412   92.9144
 911.0964   961.6382  293.3746 -999.9000   80.0716   14.4362    0.6517   92.0428
 894.7070  1118.5176  292.3717 -999.9000   80.0817   14.3064    1.5873   90.9797
 878.5406  1275.3970  292.0157 -999.9000   80.1554   13.3485    2.5520   90.6229
 862.6769  1432.2764  290.5821 -999.9000   81.0747   13.5129    2.7663   90.4248
 846.9845  1589.1558  289.2896 -999.9000   80.3964   13.9027    4.3578   90.3491
 831.5533  1746.0352  288.8963 -999.9000   80.8749   13.2228    5.2294   90.3950
 816.3570  1902.9146  287.5406 -999.9000   80.7608   11.9693    6.3246   90.4496
 801.3249  2059.7940  285.9135 -999.9000   80.4763   11.5640    6.9390   90.4939
 786.5365  2216.6734  284.5271 -999.9000   80.3155   10.4184    7.6790   90.5367
 771.9169  2373.5528  283.2685 -999.9000   80.6951    8.7627    8.8627   90.5644
 757.5041  2530.4322  282.1905 -999.9000   80.5520    8.5006    9.3867   90.6155
 743.3854  2687.3116  281.6025 -999.9000   77.8937    7.5803    8.2695   90.6080
 729.2940  2844.1910  280.5217 -999.9000   60.4698    5.5688    8.0169   90.6173
 715.5826  3001.0704  279.4740 -999.9000   50.1882    4.3807    9.5867   90.6971
 702.0616  3157.9497  278.2960 -999.9000   51.6632    4.2344   10.8571   90.7782
 688.7126  3314.8291  276.8299 -999.9000   58.9809    4.4448   10.9340   90.8007
 675.5482  3471.7085  275.2196 -999.9000   68.2721    4.6752   11.1700   90.8205
 662.5494  3628.5879  273.7649 -999.9000   74.2056    4.6607   11.7618   90.8487
 649.7305  3785.4673  272.7818 -999.9000   67.3153    4.0055   12.0416   90.8627
 637.1240  3942.3467  271.9589 -999.9000   55.1684    3.1437   11.3466   90.9118
 624.7467  4099.2261  270.9780 -999.9000   50.1825    2.7055    9.7845   91.0167
 612.5275  4256.1055  269.9550 -999.9000   50.1066    2.5464    9.3380   91.0465
 600.5160  4412.9849  269.3873 -999.9000   38.2125    1.8919    9.6048   91.0390
 588.7253  4569.8643  268.8350 -999.9000   22.7607    1.0986    9.7763   91.0433
 577.1128  4726.7437  267.5873 -999.9000   18.1632    0.8108    9.8150   91.0483
 565.6299  4883.6231  266.7995 -999.9000   17.0292    0.7276    9.7667   91.0538
 554.4053  5040.5025  266.2882 -999.9000   13.4932    0.5634    9.0679   91.1400
 543.3471  5197.3819  265.6655 -999.9000   12.8325    0.5190    8.2807   91.2153
 532.4739  5354.2613  264.6944 -999.9000   22.1884    0.8459    8.6786   91.2112
 521.8251  5511.1407  263.7023 -999.9000   24.0315    0.8613    9.4273   91.1806
 511.3144  5668.0201  262.9679 -999.9000   14.0887    0.4842   10.1021   91.1583
 500.9731  5824.8995  261.6830 -999.9000   12.9730    0.4090   10.7987   91.1344
 490.8286  5981.7789  260.1273 -999.9000   18.3993    0.5200   10.9492   91.1143
 480.7236  6138.6583  259.0684 -999.9000   29.2260    0.7703   11.2796   91.0832
 470.8214  6295.5377  257.8336 -999.9000   31.4880    0.7621   11.3741   91.0728
 461.0900  6452.4171  256.4572 -999.9000   30.8209    0.6762   11.0931   90.9894
 451.4963  6609.2965  255.2042 -999.9000   31.9931    0.6422   10.0827   90.8335
 442.0676  6766.1759  254.1728 -999.9000   32.5664    0.6091    9.1903   90.7116
 432.8253  6923.0553  253.2475 -999.9000   32.2826    0.5674   10.0986   90.6964
 423.7241  7079.9347  251.8726 -999.9000   35.9833    0.5712   10.9788   90.7318
 414.7432  7236.8141  250.1940 -999.9000   41.2014    0.5742   10.7762   90.7585
 405.9174  7393.6935  249.2193 -999.9000   31.7986    0.4138   11.0039   90.7794
 397.1974  7550.5729  247.9465 -999.9000   27.2187    0.3219   11.2701   90.7881
 388.6475  7707.4523  246.5615 -999.9000   31.1374    0.3308   11.4125   90.8405
 380.2876  7864.3317  245.5478 -999.9000   34.7832    0.3433   11.6447   90.9010
 372.0784  8021.2111  244.7274 -999.9000   39.0484    0.3645   11.7921   90.8924
 363.9826  8178.0905  243.9262 -999.9000   45.1674    0.3994   11.7006   90.7526
 356.0087  8334.9698  243.0605 -999.9000   54.3968    0.4529   11.6810   90.7678
 348.2042  8491.8492  242.1494 -999.9000   60.5169    0.5188   12.2802   91.3797
 340.5609  8648.7286  241.2760 -999.9000   64.9070    0.5272   12.5112   91.7004
 333.0575  8805.6080  240.3903 -999.9000   65.5193    0.4852   12.4518   91.6152
 325.6771  8962.4874  239.3923 -999.9000   64.9518    0.4338   12.7479   91.4555
 318.4095  9119.3668  238.1660 -999.9000   65.7472    0.3977   13.6684   91.4682
 311.2701  9276.2462  236.5020 -999.9000   60.6549    0.3338   13.8274   91.4746
 304.2599  9433.1256  234.9024 -999.9000   55.4845    0.2938   14.0523   91.4194
 297.3812  9590.0050  233.7891 -999.9000   50.6512    0.2688   14.5346   91.3896
 290.6045  9746.8844  232.5132 -999.9000   45.4532    0.2331   14.8632   91.3805
 283.9369  9903.7638  231.0871 -999.9000   45.7571    0.2031   15.2405   91.3479
 277.3870 10060.6432  229.5570 -999.9000   45.6140    0.1789   15.6290   91.3074
 270.9631 10217.5226  227.9628 -999.9000   45.5574    0.1538   15.8962   91.2950
 264.6694 10374.4020  226.3791 -999.9000   45.6733    0.1244   15.9519   91.3378
 258.4744 10531.2814  225.1131 -999.9000   45.1879    0.1097   16.0971   91.3756
 252.3757 10688.1608  224.0471 -999.9000   45.5102    0.1034   16.3605   91.3933
 246.3812 10845.0402  222.9526 -999.9000   40.2365    0.0916   16.6603   91.3978
 240.4896 11001.9196  221.7223 -999.9000   35.6844    0.0742   16.9433   91.3965
 234.6950 11158.7990  220.3517 -999.9000   35.9425    0.0604   17.1800   91.3968
 229.0082 11315.6784  218.9375 -999.9000   35.4903    0.0528   17.3649   91.3986
 223.4492 11472.5578  217.6273 -999.9000   34.9668    0.0500   17.5046   91.3982
 218.0236 11629.4372  216.3976 -999.9000   30.1246    0.0480   17.3173   91.4126
 212.6609 11786.3166  214.6995 -999.9000   25.6087    0.0350   15.6530   91.5070
 207.3913 11943.1960  213.8443 -999.9000   23.7771    0.0295   14.4917   91.4951
 202.2510 12100.0754  214.5267 -999.9000   18.0124    0.0410   14.2050   91.5711
 197.2536 12256.9548  215.9050 -999.9000    9.1025    0.0304   12.2235   92.1270
 192.4469 12413.8342  218.2778 -999.9000    2.6470    0.0062   12.6924   91.9985
 187.8076 12570.7136  218.0744 -999.9000    0.2372    0.0003   12.9530   91.9213
 183.2603 12727.5930  216.8191 -999.9000    0.2958    0.0003   12.6780   91.8946
 178.8033 12884.4724  216.3866 -999.9000    0.0000    0.0000   12.4613   91.8603
 174.4458 13041.3518  216.7708 -999.9000    0.0133    0.0000   12.6097   91.7991
 170.1876 13198.2312  216.9776 -999.9000    0.0000    0.0000   13.1493   91.6668
 166.0391 13355.1106  217.1275 -999.9000    0.0000    0.0000   13.7825   91.5392
 162.0101 13511.9899  216.7333 -999.9000    0.0002    0.0000   14.0940   91.4198
 158.0706 13668.8693  215.7312 -999.9000    0.0000    0.0000   13.7225   91.3880
 154.1974 13825.7487  214.8405 -999.9000    0.0000    0.0000   12.5719   91.4693
 150.4126 13982.6281  214.7569 -999.9000    0.0000    0.0000   10.6678   91.5650
 146.7292 14139.5075  215.6696 -999.9000    0.0000    0.0000   10.5983   91.5673
 143.1108 14296.3869  213.8773 -999.9000    0.0000    0.0000   10.5247   91.5696
 139.5597 14453.2663  216.2821 -999.9000    0.0000    0.0000   10.4984   91.5684
 136.1266 14610.1457  213.9353 -999.9000    0.0000    0.0000   10.4947   91.5540
 132.7619 14767.0251  213.0575 -999.9000    0.0000    0.0000   10.4949   91.5347
 129.4754 14923.9045  214.0518 -999.9000    0.0000    0.0000   10.4931   91.5197
 126.2897 15080.7839  215.1602 -999.9000    0.0000    0.0000   10.4803   91.5108
 123.1790 15237.6633  216.3949 -999.9000    0.0000    0.0000   10.4947   91.4644
 120.1481 15394.5427  216.8792 -999.9000    0.0000    0.0000   10.3499   91.3748
 117.2138 15551.4221  216.2497 -999.9000    0.0000    0.0000    9.9862   91.2661
 114.3435 15708.3015  216.1730 -999.9000    0.0000    0.0000    9.6609   91.1464
 111.5416 15865.1809  215.9499 -999.9000    0.0000    0.0000    9.0764   91.1933
 108.8149 16022.0603  217.2852 -999.9000    0.0000    0.0000    8.2584   91.4869
 106.1648 16178.9397  217.3627 -999.9000    0.0000    0.0000    7.7933   91.3484
 103.5767 16335.8191  217.0200 -999.9000    0.0000    0.0000    6.3591   91.9971
 101.0524 16492.6985  219.0890 -999.9000    0.0000    0.0000    1.8777   90.4089
  98.6148 16649.5779  217.7206 -999.9000    0.0000    0.0000    1.0984   90.4014
  96.2203 16806.4573  217.0030 -999.9000    0.0000    0.0000    0.2673   90.4014
  93.8688 16963.3367  216.3085 -999.9000    0.0000    0.0000    1.3446   90.4014
  91.5836 17120.2161  216.2082 -999.9000    0.0000    0.0000    2.2067   90.4014
  89.3567 17277.0955  216.2050 -999.9000    0.0000    0.0000    2.8342   90.4014
  87.1784 17433.9749  215.7508 -999.9000    0.0000    0.0000    3.5239   90.3927
  85.0453 17590.8543  214.9574 -999.9000    0.0000    0.0000    4.4423   90.0754
  82.9608 17747.7337  214.6482 -999.9000    0.0000    0.0000    5.6160   90.9865
  80.9282 17904.6131  215.3064 -999.9000    0.0000    0.0000    6.7615   90.6807
  78.9484 18061.4925  215.9623 -999.9000    0.0000    0.0000    6.6503   90.4907
  77.0217 18218.3719  216.6464 -999.9000    0.0000    0.0000    5.6859   90.6714
  75.1483 18375.2513  217.7159 -999.9000    0.0000    0.0000    4.7231   90.9237
  73.3271 18532.1307  218.8292 -999.9000    0.0000    0.0000    4.0925   91.0464
  71.5556 18689.0101  218.9665 -999.9000    0.0000    0.0000    3.6163   90.9336
  69.8260 18845.8894  217.8631 -999.9000    0.0000    0.0000    2.9884   91.0562
  68.1227 19002.7688  217.5855 -999.9000    0.0000    0.0000    1.8421   91.7656
  66.4601 19159.6482  217.9488 -999.9000    0.0000    0.0000    0.8083   89.5288
  64.8418 19316.5276  218.4467 -999.9000    0.0000    0.0000    0.4974   87.4851
  63.2670 19473.4070  218.8654 -999.9000    0.0000    0.0000    1.0396   87.9468
  61.7318 19630.2864  219.4430 -999.9000    0.0000    0.0000    1.6265   88.3028
  60.2355 19787.1658  219.6734 -999.9000    0.0000    0.0000    2.3716   88.5476
  58.7762 19944.0452  219.3964 -999.9000    0.0000    0.0000    3.2151   88.9105
  57.3501 20100.9246  219.0383 -999.9000    0.0000    0.0000    3.6528   89.0671
  55.9562 20257.8040  218.7931 -999.9000    0.0000    0.0000    3.5876   88.9446
  54.5968 20414.6834  218.5814 -999.9000    0.0000    0.0000    3.3849   88.7725
  53.2731 20571.5628  218.5551 -999.9000    0.0000    0.0000    3.2080   88.6461
  51.9860 20728.4422  219.0251 -999.9000    0.0000    0.0000    3.0739   88.5640
  50.7361 20885.3216  220.3048 -999.9000    0.0000    0.0000    2.9971   88.5228
  49.5229 21042.2010  222.1057 -999.9000    0.0000    0.0000    2.9613   88.5126
  48.3394 21199.0804  221.5180 -999.9000    0.0000    0.0000    3.3162   88.5757
  47.1874 21355.9598  221.6176 -999.9000    0.0000    0.0000    4.4604   88.7747
  46.0647 21512.8392  222.0424 -999.9000    0.0000    0.0000    5.5093   88.9472
  44.9691 21669.7186  222.3131 -999.9000    0.0000    0.0000    5.7301   88.9570
  43.8989 21826.5980  222.3665 -999.9000    0.0000    0.0000    5.3552   88.8369
  42.8525 21983.4774  222.2631 -999.9000    0.0000    0.0000    4.9007   88.6697
  41.8295 22140.3568  222.0505 -999.9000    0.0000    0.0000    4.6556   88.5214
  40.8309 22297.2362  221.7570 -999.9000    0.0000    0.0000    4.5573   88.4316
  39.8584 22454.1156  221.4116 -999.9000    0.0000    0.0000    4.5138   88.4374
  38.9104 22610.9950  221.8406 -999.9000    0.0000    0.0000    4.6729   88.5046
  37.9838 22767.8744  223.1372 -999.9000    0.0000    0.0000    5.0907   88.5579
  37.0791 22924.7538  223.8649 -999.9000    0.0000    0.0000    5.4356   88.6106
  36.1962 23081.6332  223.9924 -999.9000    0.0000    0.0000    5.6914   88.6649
  35.3349 23238.5126  223.7373 -999.9000    0.0000    0.0000    5.8975   88.7211
  34.4951 23395.3920  223.3170 -999.9000    0.0000    0.0000    6.0935   88.7793
  33.6765 23552.2714  222.9488 -999.9000    0.0000    0.0000    6.3188   88.8396
  32.8792 23709.1508  222.8503 -999.9000    0.0000    0.0000    6.6133   88.9021
  32.1025 23866.0302  223.1633 -999.9000    0.0000    0.0000    6.9890   88.9664
  31.3447 24022.9095  223.7498 -999.9000    0.0000    0.0000    7.3576   89.0294
  30.6036 24179.7889  224.4077 -999.9000    0.0000    0.0000    7.6079   89.0878
  29.8779 24336.6683  224.9094 -999.9000    0.0000    0.0000    7.6479   89.1301
  29.1715 24493.5477  224.9652 -999.9000    0.0000    0.0000    7.5820   89.0898
  28.4842 24650.4271  224.8228 -999.9000    0.0000    0.0000    7.4627   88.9796
  27.8138 24807.3065  224.8507 -999.9000    0.0000    0.0000    7.3041   88.8366
  27.1583 24964.1859  225.4159 -999.9000    0.0000    0.0000    7.1200   88.6979
  26.5173 25121.0653  226.5794 -999.9000    0.0000    0.0000    6.9309   88.5852
  25.8939 25277.9447  227.7537 -999.9000    0.0000    0.0000    6.7716   88.4883
  25.2914 25434.8241  228.2681 -999.9000    0.0000    0.0000    6.6788   88.3927
  24.7096 25591.7035  227.7566 -999.9000    0.0000    0.0000    6.7339   88.3136
  24.1354 25748.5829  227.2048 -999.9000    0.0000    0.0000    7.0976   88.3442
  23.5706 25905.4623  226.9457 -999.9000    0.0000    0.0000    7.6723   88.4419
  23.0189 26062.3417  227.1887 -999.9000    0.0000    0.0000    8.3331   88.5480
  22.4826 26219.2211  227.9996 -999.9000    0.0000    0.0000    8.9792   88.6216
  21.9608 26376.1005  229.0724 -999.9000    0.0000    0.0000    9.5723   88.6692
  21.4521 26532.9799  230.0426 -999.9000    0.0000    0.0000   10.0840   88.7041
  20.9548 26689.8593  230.5455 -999.9000    0.0000    0.0000   10.4859   88.7401
  20.4676 26846.7387  230.2164 -999.9000    0.0000    0.0000   10.7495   88.7908
  19.9891 27003.6181  228.7259 -999.9000    0.0000    0.0000   10.8396   88.8671
  19.5243 27160.4975  227.7957 -999.9000    0.0000    0.0000   10.3943   88.8331
  19.0752 27317.3769  228.2134 -999.9000    0.0000    0.0000    9.4857   88.6652
  18.6391 27474.2563  229.3986 -999.9000    0.0000    0.0000    8.5081   88.4541
  18.2135 27631.1357  230.7714 -999.9000    0.0000    0.0000    7.8561   88.2905
  17.7959 27788.0151  231.7608 -999.9000    0.0000    0.0000    7.9012   88.2601
  17.3864 27944.8945  232.0197 -999.9000    0.0000    0.0000    8.4645   88.3267
  16.9866 28101.7739  231.5747 -999.9000    0.0000    0.0000    9.0647   88.3867
  16.5963 28258.6533  230.7226 -999.9000    0.0000    0.0000    9.6671   88.4341
  16.2153 28415.5327  229.7875 -999.9000    0.0000    0.0000   10.2861   88.4734
  15.8432 28572.4121  229.0934 -999.9000    0.0000    0.0000   10.9364   88.5095
  15.4798 28729.2915  228.9583 -999.9000    0.0000    0.0000   11.6304   88.5468
  15.1246 28886.1709  229.3437 -999.9000    0.0000    0.0000   12.2656   88.5881
  14.7769 29043.0503  229.6930 -999.9000    0.0000    0.0000   12.5785   88.6333
  14.4368 29199.9296  229.8422 -999.9000    0.0000    0.0000   12.5041   88.6841
  14.1043 29356.8090  229.9294 -999.9000    0.0000    0.0000   12.1237   88.7433
  13.7798 29513.6884  230.0979 -999.9000    0.0000    0.0000   11.5219   88.8140
  13.4633 29670.5678  230.4916 -999.9000    0.0000    0.0000   10.7830   88.8992
  13.1552 29827.4472  231.2539 -999.9000    0.0000    0.0000    9.9913   89.0018
  12.8555 29984.3266  232.4718 -999.9000    0.0000    0.0000    9.2293   89.1215
  12.5638 30141.2060  233.8328 -999.9000    0.0000    0.0000    8.5648   89.2343
  12.2794 30298.0854  234.8554 -999.9000    0.0000    0.0000    8.0600   89.3059
  12.0018 30454.9648  235.0573 -999.9000    0.0000    0.0000    7.7769   89.3022
  11.7304 30611.8442  234.2106 -999.9000    0.0000    0.0000    7.7364   89.2026
  11.4650 30768.7236  233.1272 -999.9000    0.0000    0.0000    7.7933   89.0420
  11.2056 30925.6030  232.8839 -999.9000    0.0000    0.0000    7.7599   88.8691
  10.9522 31082.4824  234.1327 -999.9000    0.0000    0.0000    7.5161   88.7216
  10.7056 31239.3618  235.7137 -999.9000    0.0000    0.0000    7.2309   88.5894
  10.4661 31396.2412  236.3089 -999.9000    0.0000    0.0000    7.1013   88.4534
  10.2318 31553.1206  235.9985 -999.9000    0.0000    0.0000    7.1129   88.3118
  10.0000 31710.0000  235.2377 -999.9000    0.0000    0.0000    7.1947   88.1674
