# 06610 LSMP Payerne Observations at 12Z 30 Jul 2008
# Radiosonde file generated by raso.rb
#
  P [hPa],     Z [m],    T [K],   Td [K],   RH [%], r [g/kg], WS [m/s], WD [deg]
 962.0000   491.0000  298.1708 -999.9000   66.1663   13.6900    2.1959   93.0543
 944.6891   647.8794  296.0782 -999.9000   67.7069   12.6302    4.6602   92.6754
 927.6873   804.7588  294.6592 -999.9000   79.4187   13.9071    2.2939   92.9144
 911.0964   961.6382  293.3426 -999.9000   79.8600   14.4362    0.5200   92.0428
 894.7070  1118.5176  292.3841 -999.9000   79.8446   14.3064    1.4688   90.9797
 878.5406  1275.3970  292.0680 -999.9000   79.8964   13.3485    2.4444   90.6229
 862.6769  1432.2764  290.6700 -999.9000   80.7947   13.5129    2.6673   90.4248
 846.9845  1589.1558  289.4090 -999.9000   80.1045   13.9027    4.2654   90.3491
 831.5533  1746.0352  289.0432 -999.9000   80.5702   13.2228    5.1417   90.3950
 816.3570  1902.9146  287.7110 -999.9000   80.4490   11.9693    6.2397   90.4496
 801.3249  2059.7940  286.1037 -999.9000   80.1611   11.5640    6.8551   90.4939
 786.5365  2216.6734  284.7337 -999.9000   79.9993   10.4184    7.5944   90.5367
 771.9169  2373.5528  283.4880 -999.9000   80.3787    8.7627    8.7761   90.5644
 757.5041  2530.4322  282.4198 -999.9000   80.2399    8.5006    9.2965   90.6155
 743.3854  2687.3116  281.8384 -999.9000   77.5980    7.5803    8.1744   90.6080
 729.2940  2844.1910  280.7612 -999.9000   60.2467    5.5688    7.9156   90.6173
 715.5826  3001.0704  279.7145 -999.9000   50.0096    4.3807    9.4782   90.6971
 702.0616  3157.9497  278.5349 -999.9000   51.4875    4.2344   10.7405   90.7782
 688.7126  3314.8291  277.0646 -999.9000   58.7908    4.4448   10.8082   90.8007
 675.5482  3471.7085  275.4479 -999.9000   68.0656    4.6752   11.0344   90.8205
 662.5494  3628.5879  273.9846 -999.9000   73.9972    4.6607   11.6157   90.8487
 649.7305  3785.4673  272.9909 -999.9000   67.1420    4.0055   11.8844   90.8627
 637.1240  3942.3467  272.1556 -999.9000   55.0399    3.1437   11.1778   90.9118
 624.7467  4099.2261  271.1607 -999.9000   50.0786    2.7055    9.6039   91.0167
 612.5275  4256.1055  270.1220 -999.9000   50.0163    2.5464    9.1452   91.0465
 600.5160  4412.9849  269.5373 -999.9000   38.1542    1.8919    9.3998   91.0390
 588.7253  4569.8643  268.9668 -999.9000   22.7324    1.0986    9.5590   91.0433
 577.1128  4726.7437  267.6999 -999.9000   18.1457    0.8108    9.5856   91.0483
 565.6299  4883.6231  266.8918 -999.9000   17.0178    0.7276    9.5253   91.0538
 554.4053  5040.5025  266.3596 -999.9000   13.4880    0.5634    8.8149   91.1400
 543.3471  5197.3819  265.7154 -999.9000   12.8312    0.5190    8.0164   91.2153
 532.4739  5354.2613  264.7223 -999.9000   22.1922    0.8459    8.4035   91.2112
 521.8251  5511.1407  263.7080 -999.9000   24.0422    0.8613    9.1421   91.1806
 511.3144  5668.0201  262.9513 -999.9000   14.0987    0.4842    9.8076   91.1583
 500.9731  5824.8995  261.6441 -999.9000   12.9855    0.4090   10.4957   91.1344
 490.8286  5981.7789  260.0662 -999.9000   18.4214    0.5200   10.6386   91.1143
 480.7236  6138.6583  258.9855 -999.9000   29.2677    0.7703   10.9625   91.0832
 470.8214  6295.5377  257.7294 -999.9000   31.5394    0.7621   11.0517   91.0728
 461.0900  6452.4171  256.3322 -999.9000   30.8770    0.6762   10.7667   90.9894
 451.4963  6609.2965  255.0593 -999.9000   32.0567    0.6422    9.7536   90.8335
 442.0676  6766.1759  254.0090 -999.9000   32.6358    0.6091    8.8600   90.7116
 432.8253  6923.0553  253.0659 -999.9000   32.3552    0.5674    9.7688   90.6964
 423.7241  7079.9347  251.6745 -999.9000   36.0674    0.5712   10.6512   90.7318
 414.7432  7236.8141  249.9807 -999.9000   41.3002    0.5742   10.4526   90.7585
 405.9174  7393.6935  248.9925 -999.9000   31.8758    0.4138   10.6862   90.7794
 397.1974  7550.5729  247.7078 -999.9000   27.2847    0.3219   10.9603   90.7881
 388.6475  7707.4523  246.3127 -999.9000   31.2117    0.3308   11.1126   90.8405
 380.2876  7864.3317  245.2907 -999.9000   34.8639    0.3433   11.3564   90.9010
 372.0784  8021.2111  244.4635 -999.9000   39.1353    0.3645   11.5170   90.8924
 363.9826  8178.0905  243.6571 -999.9000   45.2627    0.3994   11.4401   90.7526
 356.0087  8334.9698  242.7878 -999.9000   54.5040    0.4529   11.4363   90.7678
 348.2042  8491.8492  241.8745 -999.9000   60.6267    0.5188   12.0524   91.3797
 340.5609  8648.7286  241.0004 -999.9000   65.0137    0.5272   12.3011   91.7004
 333.0575  8805.6080  240.1155 -999.9000   65.6150    0.4852   12.2600   91.6152
 325.6771  8962.4874  239.1195 -999.9000   65.0342    0.4338   12.5751   91.4555
 318.4095  9119.3668  237.8966 -999.9000   65.8174    0.3977   13.5149   91.4682
 311.2701  9276.2462  236.2372 -999.9000   60.7073    0.3338   13.6933   91.4746
 304.2599  9433.1256  234.6434 -999.9000   55.5210    0.2938   13.9375   91.4194
 297.3812  9590.0050  233.5371 -999.9000   50.6741    0.2688   14.4391   91.3896
 290.6045  9746.8844  232.2693 -999.9000   45.4646    0.2331   14.7864   91.3805
 283.9369  9903.7638  230.8525 -999.9000   45.7598    0.2031   15.1820   91.3479
 277.3870 10060.6432  229.3326 -999.9000   45.6083    0.1789   15.5881   91.3074
 270.9631 10217.5226  227.7495 -999.9000   45.5439    0.1538   15.8720   91.2950
 264.6694 10374.4020  226.1780 -999.9000   45.6527    0.1244   15.9434   91.3378
 258.4744 10531.2814  224.9250 -999.9000   45.1613    0.1097   16.1029   91.3756
 252.3757 10688.1608  223.8728 -999.9000   45.4781    0.1034   16.3792   91.3933
 246.3812 10845.0402  222.7929 -999.9000   40.2044    0.0916   16.6903   91.3978
 240.4896 11001.9196  221.5780 -999.9000   35.6535    0.0742   16.9828   91.3965
 234.6950 11158.7990  220.2234 -999.9000   35.9100    0.0604   17.2273   91.3968
 229.0082 11315.6784  218.8257 -999.9000   35.4576    0.0528   17.4183   91.3986
 223.4492 11472.5578  217.5327 -999.9000   34.9347    0.0500   17.5622   91.3982
 218.0236 11629.4372  216.3204 -999.9000   30.0977    0.0480   17.3777   91.4126
 212.6609 11786.3166  214.6400 -999.9000   25.5870    0.0350   15.7146   91.5070
 207.3913 11943.1960  213.8027 -999.9000   23.7584    0.0295   14.5529   91.4951
 202.2510 12100.0754  214.5032 -999.9000   17.9996    0.0410   14.2644   91.5711
 197.2536 12256.9548  215.8995 -999.9000    9.0968    0.0304   12.2798   92.1270
 192.4469 12413.8342  218.2903 -999.9000    2.6456    0.0062   12.7442   91.9985
 187.8076 12570.7136  218.1046 -999.9000    0.2371    0.0003   12.9991   91.9213
 183.2603 12727.5930  216.8668 -999.9000    0.2957    0.0003   12.7172   91.8946
 178.8033 12884.4724  216.4515 -999.9000    0.0000    0.0000   12.4924   91.8603
 174.4458 13041.3518  216.8524 -999.9000    0.0133    0.0000   12.6317   91.7991
 170.1876 13198.2312  217.0753 -999.9000    0.0000    0.0000   13.1612   91.6668
 166.0391 13355.1106  217.2407 -999.9000    0.0000    0.0000   13.7833   91.5392
 162.0101 13511.9899  216.8612 -999.9000    0.0002    0.0000   14.0829   91.4198
 158.0706 13668.8693  215.8730 -999.9000    0.0000    0.0000   13.6985   91.3880
 154.1974 13825.7487  214.9954 -999.9000    0.0000    0.0000   12.5344   91.4693
 150.4126 13982.6281  214.9237 -999.9000    0.0000    0.0000   10.6159   91.5650
 146.7292 14139.5075  215.8473 -999.9000    0.0000    0.0000   10.5316   91.5673
 143.1108 14296.3869  214.0647 -999.9000    0.0000    0.0000   10.4423   91.5696
 139.5597 14453.2663  216.4778 -999.9000    0.0000    0.0000   10.4001   91.5684
 136.1266 14610.1457  214.1381 -999.9000    0.0000    0.0000   10.3798   91.5540
 132.7619 14767.0251  213.2662 -999.9000    0.0000    0.0000   10.3633   91.5347
 129.4754 14923.9045  214.2652 -999.9000    0.0000    0.0000   10.3445   91.5197
 126.2897 15080.7839  215.3774 -999.9000    0.0000    0.0000   10.3148   91.5108
 123.1790 15237.6633  216.6149 -999.9000    0.0000    0.0000   10.3123   91.4644
 120.1481 15394.5427  217.1010 -999.9000    0.0000    0.0000   10.1510   91.3748
 117.2138 15551.4221  216.4727 -999.9000    0.0000    0.0000    9.7710   91.2661
 114.3435 15708.3015  216.3964 -999.9000    0.0000    0.0000    9.4301   91.1464
 111.5416 15865.1809  216.1732 -999.9000    0.0000    0.0000    8.8305   91.1933
 108.8149 16022.0603  217.5078 -999.9000    0.0000    0.0000    7.9982   91.4869
 106.1648 16178.9397  217.5842 -999.9000    0.0000    0.0000    7.5197   91.3484
 103.5767 16335.8191  217.2401 -999.9000    0.0000    0.0000    6.0732   91.9971
 101.0524 16492.6985  219.3074 -999.9000    0.0000    0.0000    1.5807   90.4089
  98.6148 16649.5779  217.9371 -999.9000    0.0000    0.0000    0.7916   90.4014
  96.2203 16806.4573  217.2175 -999.9000    0.0000    0.0000    0.0478   87.2598
  93.8688 16963.3367  216.5211 -999.9000    0.0000    0.0000    1.0228   90.4014
  91.5836 17120.2161  216.4189 -999.9000    0.0000    0.0000    1.8798   90.4014
  89.3567 17277.0955  216.4140 -999.9000    0.0000    0.0000    2.5042   90.4014
  87.1784 17433.9749  215.9583 -999.9000    0.0000    0.0000    3.1927   90.3927
  85.0453 17590.8543  215.1638 -999.9000    0.0000    0.0000    4.1121   90.0754
  82.9608 17747.7337  214.8539 -999.9000    0.0000    0.0000    5.2890   90.9865
  80.9282 17904.6131  215.5120 -999.9000    0.0000    0.0000    6.4401   90.6807
  78.9484 18061.4925  216.1682 -999.9000    0.0000    0.0000    6.3369   90.4907
  77.0217 18218.3719  216.8530 -999.9000    0.0000    0.0000    5.3827   90.6714
  75.1483 18375.2513  217.9235 -999.9000    0.0000    0.0000    4.4320   90.9237
  73.3271 18532.1307  219.0378 -999.9000    0.0000    0.0000    3.8154   91.0464
  71.5556 18689.0101  219.1762 -999.9000    0.0000    0.0000    3.3547   90.9336
  69.8260 18845.8894  218.0737 -999.9000    0.0000    0.0000    2.7438   91.0562
  68.1227 19002.7688  217.7967 -999.9000    0.0000    0.0000    1.6156   91.7656
  66.4601 19159.6482  218.1602 -999.9000    0.0000    0.0000    0.6011   89.5288
  64.8418 19316.5276  218.6577 -999.9000    0.0000    0.0000    0.3101   87.4851
  63.2670 19473.4070  219.0753 -999.9000    0.0000    0.0000    0.8729   87.9468
  61.7318 19630.2864  219.6511 -999.9000    0.0000    0.0000    1.4809   88.3028
  60.2355 19787.1658  219.8788 -999.9000    0.0000    0.0000    2.2472   88.5476
  58.7762 19944.0452  219.5979 -999.9000    0.0000    0.0000    3.1119   88.9105
  57.3501 20100.9246  219.2347 -999.9000    0.0000    0.0000    3.5708   89.0671
  55.9562 20257.8040  218.9831 -999.9000    0.0000    0.0000    3.5263   88.9446
  54.5968 20414.6834  218.7636 -999.9000    0.0000    0.0000    3.3437   88.7725
  53.2731 20571.5628  218.7278 -999.9000    0.0000    0.0000    3.1862   88.6461
  51.9860 20728.4422  219.1866 -999.9000    0.0000    0.0000    3.0705   88.5640
  50.7361 20885.3216  220.4533 -999.9000    0.0000    0.0000    3.0110   88.5228
  49.5229 21042.2010  222.2392 -999.9000    0.0000    0.0000    2.9912   88.5126
  48.3394 21199.0804  221.6343 -999.9000    0.0000    0.0000    3.3604   88.5757
  47.1874 21355.9598  221.7145 -999.9000    0.0000    0.0000    4.5173   88.7747
  46.0647 21512.8392  222.1176 -999.9000    0.0000    0.0000    5.5770   88.9472
  44.9691 21669.7186  222.3647 -999.9000    0.0000    0.0000    5.8067   88.9570
  43.8989 21826.5980  222.3930 -999.9000    0.0000    0.0000    5.4391   88.8369
  42.8525 21983.4774  222.2629 -999.9000    0.0000    0.0000    4.9902   88.6697
  41.8295 22140.3568  222.0228 -999.9000    0.0000    0.0000    4.7491   88.5214
  40.8309 22297.2362  221.7009 -999.9000    0.0000    0.0000    4.6532   88.4316
  39.8584 22454.1156  221.3267 -999.9000    0.0000    0.0000    4.6107   88.4374
  38.9104 22610.9950  221.7268 -999.9000    0.0000    0.0000    4.7692   88.5046
  37.9838 22767.8744  222.9946 -999.9000    0.0000    0.0000    5.1851   88.5579
  37.0791 22924.7538  223.6940 -999.9000    0.0000    0.0000    5.5269   88.6106
  36.1962 23081.6332  223.7940 -999.9000    0.0000    0.0000    5.7782   88.6649
  35.3349 23238.5126  223.5124 -999.9000    0.0000    0.0000    5.9787   88.7211
  34.4951 23395.3920  223.0669 -999.9000    0.0000    0.0000    6.1680   88.7793
  33.6765 23552.2714  222.6753 -999.9000    0.0000    0.0000    6.3855   88.8396
  32.8792 23709.1508  222.5552 -999.9000    0.0000    0.0000    6.6711   88.9021
  32.1025 23866.0302  222.8489 -999.9000    0.0000    0.0000    7.0371   88.9664
  31.3447 24022.9095  223.4187 -999.9000    0.0000    0.0000    7.3951   89.0294
  30.6036 24179.7889  224.0628 -999.9000    0.0000    0.0000    7.6339   89.0878
  29.8779 24336.6683  224.5538 -999.9000    0.0000    0.0000    7.6617   89.1301
  29.1715 24493.5477  224.6023 -999.9000    0.0000    0.0000    7.5828   89.0898
  28.4842 24650.4271  224.4564 -999.9000    0.0000    0.0000    7.4500   88.9796
  27.8138 24807.3065  224.4850 -999.9000    0.0000    0.0000    7.2773   88.8366
  27.1583 24964.1859  225.0549 -999.9000    0.0000    0.0000    7.0784   88.6979
  26.5173 25121.0653  226.2272 -999.9000    0.0000    0.0000    6.8742   88.5852
  25.8939 25277.9447  227.4138 -999.9000    0.0000    0.0000    6.6993   88.4883
  25.2914 25434.8241  227.9441 -999.9000    0.0000    0.0000    6.5906   88.3927
  24.7096 25591.7035  227.4516 -999.9000    0.0000    0.0000    6.6293   88.3136
  24.1354 25748.5829  226.9216 -999.9000    0.0000    0.0000    6.9765   88.3442
  23.5706 25905.4623  226.6870 -999.9000    0.0000    0.0000    7.5343   88.4419
  23.0189 26062.3417  226.9569 -999.9000    0.0000    0.0000    8.1780   88.5480
  22.4826 26219.2211  227.7967 -999.9000    0.0000    0.0000    8.8069   88.6216
  21.9608 26376.1005  228.9002 -999.9000    0.0000    0.0000    9.3826   88.6692
  21.4521 26532.9799  229.9027 -999.9000    0.0000    0.0000    9.8769   88.7041
  20.9548 26689.8593  230.4391 -999.9000    0.0000    0.0000   10.2613   88.7401
  20.4676 26846.7387  230.1445 -999.9000    0.0000    0.0000   10.5074   88.7908
  19.9891 27003.6181  228.6893 -999.9000    0.0000    0.0000   10.5802   88.8671
  19.5243 27160.4975  227.7948 -999.9000    0.0000    0.0000   10.1176   88.8331
  19.0752 27317.3769  228.2483 -999.9000    0.0000    0.0000    9.1918   88.6652
  18.6391 27474.2563  229.4693 -999.9000    0.0000    0.0000    8.1972   88.4541
  18.2135 27631.1357  230.8776 -999.9000    0.0000    0.0000    7.5285   88.2905
  17.7959 27788.0151  231.9018 -999.9000    0.0000    0.0000    7.5571   88.2601
  17.3864 27944.8945  232.1947 -999.9000    0.0000    0.0000    8.1042   88.3267
  16.9866 28101.7739  231.7825 -999.9000    0.0000    0.0000    8.6887   88.3867
  16.5963 28258.6533  230.9617 -999.9000    0.0000    0.0000    9.2758   88.4341
  16.2153 28415.5327  230.0563 -999.9000    0.0000    0.0000    9.8799   88.4734
  15.8432 28572.4121  229.3898 -999.9000    0.0000    0.0000   10.5158   88.5095
  15.4798 28729.2915  229.2802 -999.9000    0.0000    0.0000   11.1959   88.5468
  15.1246 28886.1709  229.6885 -999.9000    0.0000    0.0000   11.8179   88.5881
  14.7769 29043.0503  230.0580 -999.9000    0.0000    0.0000   12.1182   88.6333
  14.4368 29199.9296  230.2243 -999.9000    0.0000    0.0000   12.0318   88.6841
  14.1043 29356.8090  230.3253 -999.9000    0.0000    0.0000   11.6402   88.7433
  13.7798 29513.6884  230.5041 -999.9000    0.0000    0.0000   11.0281   88.8140
  13.4633 29670.5678  230.9041 -999.9000    0.0000    0.0000   10.2795   88.8992
  13.1552 29827.4472  231.6687 -999.9000    0.0000    0.0000    9.4791   89.0018
  12.8555 29984.3266  232.8844 -999.9000    0.0000    0.0000    8.7091   89.1215
  12.5638 30141.2060  234.2386 -999.9000    0.0000    0.0000    8.0378   89.2343
  12.2794 30298.0854  235.2495 -999.9000    0.0000    0.0000    7.5270   89.3059
  12.0018 30454.9648  235.4344 -999.9000    0.0000    0.0000    7.2390   89.3022
  11.7304 30611.8442  234.5653 -999.9000    0.0000    0.0000    7.1947   89.2026
  11.4650 30768.7236  233.4537 -999.9000    0.0000    0.0000    7.2490   89.0420
  11.2056 30925.6030  233.1762 -999.9000    0.0000    0.0000    7.2141   88.8691
  10.9522 31082.4824  234.3846 -999.9000    0.0000    0.0000    6.9699   88.7216
  10.7056 31239.3618  235.9186 -999.9000    0.0000    0.0000    6.6857   88.5894
  10.4661 31396.2412  236.4599 -999.9000    0.0000    0.0000    6.5584   88.4534
  10.2318 31553.1206  236.0887 -999.9000    0.0000    0.0000    6.5736   88.3118
  10.0000 31710.0000  235.2596 -999.9000    0.0000    0.0000    6.6604   88.1674
