# 06610 LSMP Payerne Observations at 12Z 30 Jul 2008
# Radiosonde file generated by raso.rb
#
  P [hPa],     Z [m],    T [K],   Td [K],   RH [%], r [g/kg], WS [m/s], WD [deg]
 962.0000   491.0000  297.9046 -999.9000   66.2717   13.6900    2.0290   93.0543
 944.6891   647.8794  295.9297 -999.9000   67.8266   12.6302    4.4993   92.6754
 927.6873   804.7588  294.6180 -999.9000   79.5713   13.9071    2.1389   92.9144
 911.0964   961.6382  293.3986 -999.9000   80.0242   14.4362    0.3710   92.0428
 894.7070  1118.5176  292.5277 -999.9000   80.0180   14.3064    1.3256   90.9797
 878.5406  1275.3970  292.2898 -999.9000   80.0776   13.3485    2.3071   90.6229
 862.6769  1432.2764  290.9610 -999.9000   80.9842   13.5129    2.5358   90.4248
 846.9845  1589.1558  289.7605 -999.9000   80.2973   13.9027    4.1398   90.3491
 831.5533  1746.0352  289.4469 -999.9000   80.7678   13.2228    5.0218   90.3950
 816.3570  1902.9146  288.1591 -999.9000   80.6486   11.9693    6.1257   90.4496
 801.3249  2059.7940  286.5885 -999.9000   80.3611   11.5640    6.7469   90.4939
 786.5365  2216.6734  285.2479 -999.9000   80.1989   10.4184    7.4920   90.5367
 771.9169  2373.5528  284.0248 -999.9000   80.5781    8.7627    8.6794   90.5644
 757.5041  2530.4322  282.9726 -999.9000   80.4369    8.5006    9.2055   90.6155
 743.3854  2687.3116  282.4011 -999.9000   77.7855    7.5803    8.0892   90.6080
 729.2940  2844.1910  281.3279 -999.9000   60.3892    5.5688    7.8362   90.6173
 715.5826  3001.0704  280.2797 -999.9000   50.1249    4.3807    9.4046   90.6971
 702.0616  3157.9497  279.0935 -999.9000   51.6025    4.2344   10.6726   90.7782
 688.7126  3314.8291  277.6118 -999.9000   58.9174    4.4448   10.7461   90.8007
 675.5482  3471.7085  275.9793 -999.9000   68.2062    4.6752   10.9781   90.8205
 662.5494  3628.5879  274.4961 -999.9000   74.1429    4.6607   11.5651   90.8487
 649.7305  3785.4673  273.4788 -999.9000   67.2673    4.0055   11.8397   90.8627
 637.1240  3942.3467  272.6165 -999.9000   55.1366    3.1437   11.1389   90.9118
 624.7467  4099.2261  271.5915 -999.9000   50.1608    2.7055    9.5708   91.0167
 612.5275  4256.1055  270.5202 -999.9000   50.0924    2.5464    9.1180   91.0465
 600.5160  4412.9849  269.9005 -999.9000   38.2075    1.8919    9.3785   91.0390
 588.7253  4569.8643  269.2930 -999.9000   22.7612    1.0986    9.5436   91.0433
 577.1128  4726.7437  267.9875 -999.9000   18.1664    0.8108    9.5761   91.0483
 565.6299  4883.6231  267.1396 -999.9000   17.0349    0.7276    9.5217   91.0538
 554.4053  5040.5025  266.5666 -999.9000   13.4998    0.5634    8.8173   91.1400
 543.3471  5197.3819  265.8810 -999.9000   12.8406    0.5190    8.0249   91.2153
 532.4739  5354.2613  264.8464 -999.9000   22.2056    0.8459    8.4181   91.2112
 521.8251  5511.1407  263.7907 -999.9000   24.0535    0.8613    9.1627   91.1806
 511.3144  5668.0201  262.9930 -999.9000   14.1035    0.4842    9.8343   91.1583
 500.9731  5824.8995  261.6457 -999.9000   12.9882    0.4090   10.5286   91.1344
 490.8286  5981.7789  260.0290 -999.9000   18.4229    0.5200   10.6778   91.1143
 480.7236  6138.6583  258.9109 -999.9000   29.2666    0.7703   11.0079   91.0832
 470.8214  6295.5377  257.6194 -999.9000   31.5344    0.7621   11.1034   91.0728
 461.0900  6452.4171  256.1891 -999.9000   30.8687    0.6762   10.8248   90.9894
 451.4963  6609.2965  254.8856 -999.9000   32.0446    0.6422    9.8181   90.8335
 442.0676  6766.1759  253.8077 -999.9000   32.6203    0.6091    8.9310   90.7116
 432.8253  6923.0553  252.8402 -999.9000   32.3368    0.5674    9.8464   90.6964
 423.7241  7079.9347  251.4281 -999.9000   36.0438    0.5712   10.7353   90.7318
 414.7432  7236.8141  249.7177 -999.9000   41.2700    0.5742   10.5433   90.7585
 405.9174  7393.6935  248.7172 -999.9000   31.8503    0.4138   10.7836   90.7794
 397.1974  7550.5729  247.4250 -999.9000   27.2613    0.3219   11.0645   90.7881
 388.6475  7707.4523  246.0268 -999.9000   31.1835    0.3308   11.2236   90.8405
 380.2876  7864.3317  245.0058 -999.9000   34.8311    0.3433   11.4741   90.9010
 372.0784  8021.2111  244.1837 -999.9000   39.0974    0.3645   11.6412   90.8924
 363.9826  8178.0905  243.3858 -999.9000   45.2178    0.3994   11.5704   90.7526
 356.0087  8334.9698  242.5283 -999.9000   54.4492    0.4529   11.5723   90.7678
 348.2042  8491.8492  241.6298 -999.9000   60.5653    0.5188   12.1937   91.3797
 340.5609  8648.7286  240.7731 -999.9000   64.9477    0.5272   12.4470   91.7004
 333.0575  8805.6080  239.9078 -999.9000   65.5487    0.4852   12.4100   91.6152
 325.6771  8962.4874  238.9334 -999.9000   64.9689    0.4338   12.7282   91.4555
 318.4095  9119.3668  237.7337 -999.9000   65.7522    0.3977   13.6702   91.4682
 311.2701  9276.2462  236.0989 -999.9000   60.6481    0.3338   13.8500   91.4746
 304.2599  9433.1256  234.5306 -999.9000   55.4679    0.2938   14.0944   91.4194
 297.3812  9590.0050  233.4504 -999.9000   50.6268    0.2688   14.5950   91.3896
 290.6045  9746.8844  232.2092 -999.9000   45.4232    0.2331   14.9402   91.3805
 283.9369  9903.7638  230.8189 -999.9000   45.7192    0.2031   15.3321   91.3479
 277.3870 10060.6432  229.3252 -999.9000   45.5688    0.1789   15.7331   91.3074
 270.9631 10217.5226  227.7678 -999.9000   45.5056    0.1538   16.0103   91.2950
 264.6694 10374.4020  226.2209 -999.9000   45.6153    0.1244   16.0734   91.3378
 258.4744 10531.2814  224.9913 -999.9000   45.1253    0.1097   16.2228   91.3756
 252.3757 10688.1608  223.9609 -999.9000   45.4426    0.1034   16.4872   91.3933
 246.3812 10845.0402  222.9008 -999.9000   40.1737    0.0916   16.7844   91.3978
 240.4896 11001.9196  221.7036 -999.9000   35.6267    0.0742   17.0609   91.3965
 234.6950 11158.7990  220.3644 -999.9000   35.8833    0.0604   17.2876   91.3968
 229.0082 11315.6784  218.9800 -999.9000   35.4314    0.0528   17.4591   91.3986
 223.4492 11472.5578  217.6983 -999.9000   34.9091    0.0500   17.5825   91.3982
 218.0236 11629.4372  216.4956 -999.9000   30.0756    0.0480   17.3766   91.4126
 212.6609 11786.3166  214.8232 -999.9000   25.5681    0.0350   15.6915   91.5070
 207.3913 11943.1960  213.9923 -999.9000   23.7408    0.0295   14.5077   91.4951
 202.2510 12100.0754  214.6978 -999.9000   17.9861    0.0410   14.1973   91.5711
 197.2536 12256.9548  216.0981 -999.9000    9.0899    0.0304   12.1911   92.1270
 192.4469 12413.8342  218.4917 -999.9000    2.6436    0.0062   12.6349   91.9985
 187.8076 12570.7136  218.3081 -999.9000    0.2369    0.0003   12.8703   91.9213
 183.2603 12727.5930  217.0715 -999.9000    0.2955    0.0003   12.5704   91.8946
 178.8033 12884.4724  216.6569 -999.9000    0.0000    0.0000   12.3295   91.8603
 174.4458 13041.3518  217.0581 -999.9000    0.0133    0.0000   12.4547   91.7991
 170.1876 13198.2312  217.2810 -999.9000    0.0000    0.0000   12.9727   91.6668
 166.0391 13355.1106  217.4462 -999.9000    0.0000    0.0000   13.5861   91.5392
 162.0101 13511.9899  217.0667 -999.9000    0.0002    0.0000   13.8802   91.4198
 158.0706 13668.8693  216.0786 -999.9000    0.0000    0.0000   13.4939   91.3880
 154.1974 13825.7487  215.2013 -999.9000    0.0000    0.0000   12.3316   91.4693
 150.4126 13982.6281  215.1306 -999.9000    0.0000    0.0000   10.4192   91.5650
 146.7292 14139.5075  216.0558 -999.9000    0.0000    0.0000   10.3455   91.5673
 143.1108 14296.3869  214.2755 -999.9000    0.0000    0.0000   10.2717   91.5696
 139.5597 14453.2663  216.6919 -999.9000    0.0000    0.0000   10.2500   91.5684
 136.1266 14610.1457  214.3564 -999.9000    0.0000    0.0000   10.2554   91.5540
 132.7619 14767.0251  213.4895 -999.9000    0.0000    0.0000   10.2689   91.5347
 129.4754 14923.9045  214.4942 -999.9000    0.0000    0.0000   10.2840   91.5197
 126.2897 15080.7839  215.6127 -999.9000    0.0000    0.0000   10.2914   91.5108
 123.1790 15237.6633  216.8569 -999.9000    0.0000    0.0000   10.3287   91.4644
 120.1481 15394.5427  217.3500 -999.9000    0.0000    0.0000   10.2091   91.3748
 117.2138 15551.4221  216.7288 -999.9000    0.0000    0.0000    9.8724   91.2661
 114.3435 15708.3015  216.6596 -999.9000    0.0000    0.0000    9.5755   91.1464
 111.5416 15865.1809  216.4434 -999.9000    0.0000    0.0000    9.0203   91.1933
 108.8149 16022.0603  217.7849 -999.9000    0.0000    0.0000    8.2321   91.4869
 106.1648 16178.9397  217.8677 -999.9000    0.0000    0.0000    7.7967   91.3484
 103.5767 16335.8191  217.5295 -999.9000    0.0000    0.0000    6.3917   91.9971
 101.0524 16492.6985  219.6021 -999.9000    0.0000    0.0000    1.9386   90.4089
  98.6148 16649.5779  218.2363 -999.9000    0.0000    0.0000    1.1863   90.4014
  96.2203 16806.4573  217.5205 -999.9000    0.0000    0.0000    0.3804   90.4014
  93.8688 16963.3367  216.8267 -999.9000    0.0000    0.0000    1.4804   90.4014
  91.5836 17120.2161  216.7260 -999.9000    0.0000    0.0000    2.3625   90.4014
  89.3567 17277.0955  216.7213 -999.9000    0.0000    0.0000    3.0068   90.4014
  87.1784 17433.9749  216.2644 -999.9000    0.0000    0.0000    3.7096   90.3927
  85.0453 17590.8543  215.4673 -999.9000    0.0000    0.0000    4.6369   90.0754
  82.9608 17747.7337  215.1530 -999.9000    0.0000    0.0000    5.8150   90.9865
  80.9282 17904.6131  215.8048 -999.9000    0.0000    0.0000    6.9598   90.6807
  78.9484 18061.4925  216.4531 -999.9000    0.0000    0.0000    6.8428   90.4907
  77.0217 18218.3719  217.1282 -999.9000    0.0000    0.0000    5.8679   90.6714
  75.1483 18375.2513  218.1873 -999.9000    0.0000    0.0000    4.8905   90.9237
  73.3271 18532.1307  219.2888 -999.9000    0.0000    0.0000    4.2416   91.0464
  71.5556 18689.0101  219.4130 -999.9000    0.0000    0.0000    3.7440   90.9336
  69.8260 18845.8894  218.2952 -999.9000    0.0000    0.0000    3.0919   91.0562
  68.1227 19002.7688  218.0016 -999.9000    0.0000    0.0000    1.9191   91.7656
  66.4601 19159.6482  218.3476 -999.9000    0.0000    0.0000    0.8572   89.5288
  64.8418 19316.5276  218.8266 -999.9000    0.0000    0.0000    0.5168   87.4851
  63.2670 19473.4070  219.2250 -999.9000    0.0000    0.0000    1.0287   87.9468
  61.7318 19630.2864  219.7808 -999.9000    0.0000    0.0000    1.5851   88.3028
  60.2355 19787.1658  219.9880 -999.9000    0.0000    0.0000    2.2996   88.5476
  58.7762 19944.0452  219.6862 -999.9000    0.0000    0.0000    3.1133   88.9105
  57.3501 20100.9246  219.3017 -999.9000    0.0000    0.0000    3.5224   89.0671
  55.9562 20257.8040  219.0286 -999.9000    0.0000    0.0000    3.4300   88.9446
  54.5968 20414.6834  218.7874 -999.9000    0.0000    0.0000    3.2022   88.7725
  53.2731 20571.5628  218.7301 -999.9000    0.0000    0.0000    3.0028   88.6461
  51.9860 20728.4422  219.1673 -999.9000    0.0000    0.0000    2.8491   88.5640
  50.7361 20885.3216  220.4128 -999.9000    0.0000    0.0000    2.7564   88.5228
  49.5229 21042.2010  222.1778 -999.9000    0.0000    0.0000    2.7086   88.5126
  48.3394 21199.0804  221.5525 -999.9000    0.0000    0.0000    3.0558   88.5757
  47.1874 21355.9598  221.6128 -999.9000    0.0000    0.0000    4.1974   88.7747
  46.0647 21512.8392  221.9968 -999.9000    0.0000    0.0000    5.2487   88.9472
  44.9691 21669.7186  222.2255 -999.9000    0.0000    0.0000    5.4767   88.9570
  43.8989 21826.5980  222.2361 -999.9000    0.0000    0.0000    5.1132   88.8369
  42.8525 21983.4774  222.0893 -999.9000    0.0000    0.0000    4.6741   88.6697
  41.8295 22140.3568  221.8333 -999.9000    0.0000    0.0000    4.4479   88.5214
  40.8309 22297.2362  221.4965 -999.9000    0.0000    0.0000    4.3716   88.4316
  39.8584 22454.1156  221.1085 -999.9000    0.0000    0.0000    4.3529   88.4374
  38.9104 22610.9950  221.4959 -999.9000    0.0000    0.0000    4.5389   88.5046
  37.9838 22767.8744  222.7522 -999.9000    0.0000    0.0000    4.9856   88.5579
  37.0791 22924.7538  223.4412 -999.9000    0.0000    0.0000    5.3610   88.6106
  36.1962 23081.6332  223.5321 -999.9000    0.0000    0.0000    5.6483   88.6649
  35.3349 23238.5126  223.2429 -999.9000    0.0000    0.0000    5.8866   88.7211
  34.4951 23395.3920  222.7910 -999.9000    0.0000    0.0000    6.1151   88.7793
  33.6765 23552.2714  222.3946 -999.9000    0.0000    0.0000    6.3728   88.8396
  32.8792 23709.1508  222.2713 -999.9000    0.0000    0.0000    6.6992   88.9021
  32.1025 23866.0302  222.5633 -999.9000    0.0000    0.0000    7.1059   88.9664
  31.3447 24022.9095  223.1331 -999.9000    0.0000    0.0000    7.5042   89.0294
  30.6036 24179.7889  223.7789 -999.9000    0.0000    0.0000    7.7824   89.0878
  29.8779 24336.6683  224.2733 -999.9000    0.0000    0.0000    7.8483   89.1301
  29.1715 24493.5477  224.3271 -999.9000    0.0000    0.0000    7.8057   89.0898
  28.4842 24650.4271  224.1884 -999.9000    0.0000    0.0000    7.7068   88.9796
  27.8138 24807.3065  224.2261 -999.9000    0.0000    0.0000    7.5653   88.8366
  27.1583 24964.1859  224.8071 -999.9000    0.0000    0.0000    7.3947   88.6979
  26.5173 25121.0653  225.9923 -999.9000    0.0000    0.0000    7.2157   88.5852
  25.8939 25277.9447  227.1935 -999.9000    0.0000    0.0000    7.0633   88.4883
  25.2914 25434.8241  227.7396 -999.9000    0.0000    0.0000    6.9744   88.3927
  24.7096 25591.7035  227.2643 -999.9000    0.0000    0.0000    7.0304   88.3136
  24.1354 25748.5829  226.7526 -999.9000    0.0000    0.0000    7.3924   88.3442
  23.5706 25905.4623  226.5372 -999.9000    0.0000    0.0000    7.9629   88.4419
  23.0189 26062.3417  226.8269 -999.9000    0.0000    0.0000    8.6171   88.5480
  22.4826 26219.2211  227.6871 -999.9000    0.0000    0.0000    9.2546   88.6216
  21.9608 26376.1005  228.8114 -999.9000    0.0000    0.0000    9.8370   88.6692
  21.4521 26532.9799  229.8349 -999.9000    0.0000    0.0000   10.3364   88.7041
  20.9548 26689.8593  230.3922 -999.9000    0.0000    0.0000   10.7243   88.7401
  20.4676 26846.7387  230.1184 -999.9000    0.0000    0.0000   10.9725   88.7908
  19.9891 27003.6181  228.6836 -999.9000    0.0000    0.0000   11.0459   88.8671
  19.5243 27160.4975  227.8090 -999.9000    0.0000    0.0000   10.5830   88.8331
  19.0752 27317.3769  228.2817 -999.9000    0.0000    0.0000    9.6558   88.6652
  18.6391 27474.2563  229.5211 -999.9000    0.0000    0.0000    8.6589   88.4541
  18.2135 27631.1357  230.9466 -999.9000    0.0000    0.0000    7.9872   88.2905
  17.7959 27788.0151  231.9868 -999.9000    0.0000    0.0000    8.0122   88.2601
  17.3864 27944.8945  232.2943 -999.9000    0.0000    0.0000    8.5553   88.3267
  16.9866 28101.7739  231.8951 -999.9000    0.0000    0.0000    9.1354   88.3867
  16.5963 28258.6533  231.0855 -999.9000    0.0000    0.0000    9.7179   88.4341
  16.2153 28415.5327  230.1893 -999.9000    0.0000    0.0000   10.3174   88.4734
  15.8432 28572.4121  229.5300 -999.9000    0.0000    0.0000   10.9488   88.5095
  15.4798 28729.2915  229.4252 -999.9000    0.0000    0.0000   11.6246   88.5468
  15.1246 28886.1709  229.8358 -999.9000    0.0000    0.0000   12.2427   88.5881
  14.7769 29043.0503  230.2048 -999.9000    0.0000    0.0000   12.5395   88.6333
  14.4368 29199.9296  230.3680 -999.9000    0.0000    0.0000   12.4503   88.6841
  14.1043 29356.8090  230.4627 -999.9000    0.0000    0.0000   12.0567   88.7433
  13.7798 29513.6884  230.6321 -999.9000    0.0000    0.0000   11.4434   88.8140
  13.4633 29670.5678  231.0192 -999.9000    0.0000    0.0000   10.6948   88.8992
  13.1552 29827.4472  231.7674 -999.9000    0.0000    0.0000    9.8955   89.0018
  12.8555 29984.3266  232.9630 -999.9000    0.0000    0.0000    9.1280   89.1215
  12.5638 30141.2060  234.2931 -999.9000    0.0000    0.0000    8.4606   89.2343
  12.2794 30298.0854  235.2759 -999.9000    0.0000    0.0000    7.9554   89.3059
  12.0018 30454.9648  235.4283 -999.9000    0.0000    0.0000    7.6746   89.3022
  11.7304 30611.8442  234.5223 -999.9000    0.0000    0.0000    7.6395   89.2026
  11.4650 30768.7236  233.3693 -999.9000    0.0000    0.0000    7.7049   89.0420
  11.2056 30925.6030  233.0455 -999.9000    0.0000    0.0000    7.6833   88.8691
  10.9522 31082.4824  234.2025 -999.9000    0.0000    0.0000    7.4547   88.7216
  10.7056 31239.3618  235.6800 -999.9000    0.0000    0.0000    7.1885   88.5894
  10.4661 31396.2412  236.1595 -999.9000    0.0000    0.0000    7.0818   88.4534
  10.2318 31553.1206  235.7209 -999.9000    0.0000    0.0000    7.1203   88.3118
  10.0000 31710.0000  234.8188 -999.9000    0.0000    0.0000    7.2332   88.1674
