# 06610 LSMP Payerne Observations at 12Z 30 Jul 2008
# Radiosonde file generated by raso.rb
#
  P [hPa],     Z [m],    T [K],   Td [K],   RH [%], r [g/kg], WS [m/s], WD [deg]
 962.0000   491.0000  298.1561 -999.9000   66.2881   13.6900    2.1781   93.0543
 944.6891   647.8794  296.1634 -999.9000   67.8406   12.6302    4.6452   92.6754
 927.6873   804.7588  294.8329 -999.9000   79.5845   13.9071    2.2824   92.9144
 911.0964   961.6382  293.5938 -999.9000   80.0340   14.4362    0.5129   92.0428
 894.7070  1118.5176  292.7022 -999.9000   80.0243   14.3064    1.4667   90.9797
 878.5406  1275.3970  292.4429 -999.9000   80.0804   13.3485    2.4480   90.6229
 862.6769  1432.2764  291.0920 -999.9000   80.9835   13.5129    2.6774   90.4248
 846.9845  1589.1558  289.8688 -999.9000   80.2930   13.9027    4.2824   90.3491
 831.5533  1746.0352  289.5320 -999.9000   80.7599   13.2228    5.1662   90.3950
 816.3570  1902.9146  288.2205 -999.9000   80.6372   11.9693    6.2722   90.4496
 801.3249  2059.7940  286.6259 -999.9000   80.3463   11.5640    6.8960   90.4939
 786.5365  2216.6734  285.2612 -999.9000   80.1808   10.4184    7.6441   90.5367
 771.9169  2373.5528  284.0137 -999.9000   80.5566    8.7627    8.8348   90.5644
 757.5041  2530.4322  282.9372 -999.9000   80.4123    8.5006    9.3646   90.6155
 743.3854  2687.3116  282.3413 -999.9000   77.7589    7.5803    8.2521   90.6080
 729.2940  2844.1910  281.2440 -999.9000   60.3664    5.5688    8.0031   90.6173
 715.5826  3001.0704  280.1718 -999.9000   50.1043    4.3807    9.5756   90.6971
 702.0616  3157.9497  278.9619 -999.9000   51.5798    4.2344   10.8479   90.7782
 688.7126  3314.8291  277.4570 -999.9000   58.8900    4.4448   10.9257   90.8007
 675.5482  3471.7085  275.8018 -999.9000   68.1728    4.6752   11.1618   90.8205
 662.5494  3628.5879  274.2965 -999.9000   74.1052    4.6607   11.7530   90.8487
 649.7305  3785.4673  273.2578 -999.9000   67.2319    4.0055   12.0315   90.8627
 637.1240  3942.3467  272.3748 -999.9000   55.1069    3.1437   11.3346   90.9118
 624.7467  4099.2261  271.3301 -999.9000   50.1334    2.7055    9.7701   91.0167
 612.5275  4256.1055  270.2400 -999.9000   50.0649    2.5464    9.3206   91.0465
 600.5160  4412.9849  269.6026 -999.9000   38.1866    1.8919    9.5839   91.0390
 588.7253  4569.8643  268.9785 -999.9000   22.7490    1.0986    9.7516   91.0433
 577.1128  4726.7437  267.6577 -999.9000   18.1568    0.8108    9.7861   91.0483
 565.6299  4883.6231  266.7958 -999.9000   17.0262    0.7276    9.7334   91.0538
 554.4053  5040.5025  266.2103 -999.9000   13.4932    0.5634    9.0300   91.1400
 543.3471  5197.3819  265.5137 -999.9000   12.8348    0.5190    8.2380   91.2153
 532.4739  5354.2613  264.4697 -999.9000   22.1964    0.8459    8.6309   91.2112
 521.8251  5511.1407  263.4063 -999.9000   24.0446    0.8613    9.3746   91.1806
 511.3144  5668.0201  262.6028 -999.9000   14.0990    0.4842   10.0445   91.1583
 500.9731  5824.8995  261.2515 -999.9000   12.9848    0.4090   10.7363   91.1344
 490.8286  5981.7789  259.6327 -999.9000   18.4193    0.5200   10.8820   91.1143
 480.7236  6138.6583  258.5147 -999.9000   29.2630    0.7703   11.2078   91.0832
 470.8214  6295.5377  257.2254 -999.9000   31.5332    0.7621   11.2980   91.0728
 461.0900  6452.4171  255.7996 -999.9000   30.8702    0.6762   11.0131   90.9894
 451.4963  6609.2965  254.5030 -999.9000   32.0494    0.6422    9.9990   90.8335
 442.0676  6766.1759  253.4344 -999.9000   32.6287    0.6091    9.1034   90.7116
 432.8253  6923.0553  252.4788 -999.9000   32.3489    0.5674   10.0090   90.6964
 423.7241  7079.9347  251.0812 -999.9000   36.0619    0.5712   10.8870   90.7318
 414.7432  7236.8141  249.3880 -999.9000   41.2964    0.5742   10.6828   90.7585
 405.9174  7393.6935  248.4075 -999.9000   31.8754    0.4138   10.9095   90.7794
 397.1974  7550.5729  247.1382 -999.9000   27.2871    0.3219   11.1754   90.7881
 388.6475  7707.4523  245.7655 -999.9000   31.2182    0.3308   11.3183   90.8405
 380.2876  7864.3317  244.7723 -999.9000   34.8759    0.3433   11.5515   90.9010
 372.0784  8021.2111  243.9798 -999.9000   39.1548    0.3645   11.7006   90.8924
 363.9826  8178.0905  243.2130 -999.9000   45.2924    0.3994   11.6111   90.7526
 356.0087  8334.9698  242.3876 -999.9000   54.5491    0.4529   11.5939   90.7678
 348.2042  8491.8492  241.5218 -999.9000   60.6875    0.5188   12.1960   91.3797
 340.5609  8648.7286  240.6981 -999.9000   65.0906    0.5272   12.4300   91.7004
 333.0575  8805.6080  239.8657 -999.9000   65.7044    0.4852   12.3739   91.6152
 325.6771  8962.4874  238.9236 -999.9000   65.1344    0.4338   12.6734   91.4555
 318.4095  9119.3668  237.7553 -999.9000   65.9303    0.3977   13.5974   91.4682
 311.2701  9276.2462  236.1506 -999.9000   60.8216    0.3338   13.7599   91.4746
 304.2599  9433.1256  234.6107 -999.9000   55.6344    0.2938   13.9882   91.4194
 297.3812  9590.0050  233.5568 -999.9000   50.7851    0.2688   14.4738   91.3896
 290.6045  9746.8844  232.3393 -999.9000   45.5702    0.2331   14.8054   91.3805
 283.9369  9903.7638  230.9698 -999.9000   45.8714    0.2031   15.1856   91.3479
 277.3870 10060.6432  229.4937 -999.9000   45.7239    0.1789   15.5766   91.3074
 270.9631 10217.5226  227.9502 -999.9000   45.6628    0.1538   15.8459   91.2950
 264.6694 10374.4020  226.4131 -999.9000   45.7741    0.1244   15.9033   91.3378
 258.4744 10531.2814  225.1888 -999.9000   45.2825    0.1097   16.0496   91.3756
 252.3757 10688.1608  224.1589 -999.9000   45.5998    0.1034   16.3135   91.3933
 246.3812 10845.0402  223.0940 -999.9000   40.3105    0.0916   16.6131   91.3978
 240.4896 11001.9196  221.8863 -999.9000   35.7449    0.0742   16.8952   91.3965
 234.6950 11158.7990  220.5313 -999.9000   35.9982    0.0604   17.1304   91.3968
 229.0082 11315.6784  219.1260 -999.9000   35.5398    0.0528   17.3131   91.3986
 223.4492 11472.5578  217.8190 -999.9000   35.0099    0.0500   17.4501   91.3982
 218.0236 11629.4372  216.5870 -999.9000   30.1568    0.0480   17.2597   91.4126
 212.6609 11786.3166  214.8817 -999.9000   25.6318    0.0350   15.5919   91.5070
 207.3913 11943.1960  214.0151 -999.9000   23.7945    0.0295   14.4269   91.4951
 202.2510 12100.0754  214.6823 -999.9000   18.0224    0.0410   14.1363   91.5711
 197.2536 12256.9548  216.0422 -999.9000    9.1060    0.0304   12.1509   92.1270
 192.4469 12413.8342  218.3941 -999.9000    2.6475    0.0062   12.6158   91.9985
 187.8076 12570.7136  218.1675 -999.9000    0.2372    0.0003   12.8727   91.9213
 183.2603 12727.5930  216.8876 -999.9000    0.2958    0.0003   12.5941   91.8946
 178.8033 12884.4724  216.4296 -999.9000    0.0000    0.0000   12.3740   91.8603
 174.4458 13041.3518  216.7878 -999.9000    0.0133    0.0000   12.5195   91.7991
 170.1876 13198.2312  216.9686 -999.9000    0.0000    0.0000   13.0566   91.6668
 166.0391 13355.1106  217.0933 -999.9000    0.0000    0.0000   13.6878   91.5392
 162.0101 13511.9899  216.6751 -999.9000    0.0002    0.0000   13.9980   91.4198
 158.0706 13668.8693  215.6508 -999.9000    0.0000    0.0000   13.6259   91.3880
 154.1974 13825.7487  214.7402 -999.9000    0.0000    0.0000   12.4756   91.4693
 150.4126 13982.6281  214.6396 -999.9000    0.0000    0.0000   10.5726   91.5650
 146.7292 14139.5075  215.5388 -999.9000    0.0000    0.0000   10.5053   91.5673
 143.1108 14296.3869  213.7369 -999.9000    0.0000    0.0000   10.4348   91.5696
 139.5597 14453.2663  216.1365 -999.9000    0.0000    0.0000   10.4130   91.5684
 136.1266 14610.1457  213.7893 -999.9000    0.0000    0.0000   10.4148   91.5540
 132.7619 14767.0251  212.9151 -999.9000    0.0000    0.0000   10.4216   91.5347
 129.4754 14923.9045  213.9168 -999.9000    0.0000    0.0000   10.4273   91.5197
 126.2897 15080.7839  215.0361 -999.9000    0.0000    0.0000   10.4229   91.5108
 123.1790 15237.6633  216.2847 -999.9000    0.0000    0.0000   10.4463   91.4644
 120.1481 15394.5427  216.7854 -999.9000    0.0000    0.0000   10.3112   91.3748
 117.2138 15551.4221  216.1746 -999.9000    0.0000    0.0000    9.9576   91.2661
 114.3435 15708.3015  216.1185 -999.9000    0.0000    0.0000    9.6428   91.1464
 111.5416 15865.1809  215.9173 -999.9000    0.0000    0.0000    9.0689   91.1933
 108.8149 16022.0603  217.2757 -999.9000    0.0000    0.0000    8.2618   91.4869
 106.1648 16178.9397  217.3769 -999.9000    0.0000    0.0000    7.8076   91.3484
 103.5767 16335.8191  217.0582 -999.9000    0.0000    0.0000    6.3842   91.9971
 101.0524 16492.6985  219.1511 -999.9000    0.0000    0.0000    1.9134   90.4089
  98.6148 16649.5779  217.8061 -999.9000    0.0000    0.0000    1.1444   90.4014
  96.2203 16806.4573  217.1110 -999.9000    0.0000    0.0000    0.3232   90.4014
  93.8688 16963.3367  216.4379 -999.9000    0.0000    0.0000    1.4098   90.4014
  91.5836 17120.2161  216.3571 -999.9000    0.0000    0.0000    2.2806   90.4014
  89.3567 17277.0955  216.3715 -999.9000    0.0000    0.0000    2.9160   90.4014
  87.1784 17433.9749  215.9323 -999.9000    0.0000    0.0000    3.6127   90.3927
  85.0453 17590.8543  215.1513 -999.9000    0.0000    0.0000    4.5372   90.0754
  82.9608 17747.7337  214.8511 -999.9000    0.0000    0.0000    5.7159   90.9865
  80.9282 17904.6131  215.5148 -999.9000    0.0000    0.0000    6.8651   90.6807
  78.9484 18061.4925  216.1724 -999.9000    0.0000    0.0000    6.7564   90.4907
  77.0217 18218.3719  216.8546 -999.9000    0.0000    0.0000    5.7935   90.6714
  75.1483 18375.2513  217.9187 -999.9000    0.0000    0.0000    4.8312   90.9237
  73.3271 18532.1307  219.0232 -999.9000    0.0000    0.0000    4.2004   91.0464
  71.5556 18689.0101  219.1485 -999.9000    0.0000    0.0000    3.7234   90.9336
  69.8260 18845.8894  218.0301 -999.9000    0.0000    0.0000    3.0941   91.0562
  68.1227 19002.7688  217.7345 -999.9000    0.0000    0.0000    1.9462   91.7656
  66.4601 19159.6482  218.0771 -999.9000    0.0000    0.0000    0.9106   89.5288
  64.8418 19316.5276  218.5516 -999.9000    0.0000    0.0000    0.5977   87.4851
  63.2670 19473.4070  218.9443 -999.9000    0.0000    0.0000    1.1381   87.9468
  61.7318 19630.2864  219.4936 -999.9000    0.0000    0.0000    1.7235   88.3028
  60.2355 19787.1658  219.6936 -999.9000    0.0000    0.0000    2.4673   88.5476
  58.7762 19944.0452  219.3839 -999.9000    0.0000    0.0000    3.3102   88.9105
  57.3501 20100.9246  218.9911 -999.9000    0.0000    0.0000    3.7480   89.0671
  55.9562 20257.8040  218.7095 -999.9000    0.0000    0.0000    3.6836   88.9446
  54.5968 20414.6834  218.4597 -999.9000    0.0000    0.0000    3.4827   88.7725
  53.2731 20571.5628  218.3938 -999.9000    0.0000    0.0000    3.3087   88.6461
  51.9860 20728.4422  218.8226 -999.9000    0.0000    0.0000    3.1788   88.5640
  50.7361 20885.3216  220.0601 -999.9000    0.0000    0.0000    3.1076   88.5228
  49.5229 21042.2010  221.8175 -999.9000    0.0000    0.0000    3.0789   88.5126
  48.3394 21199.0804  221.1853 -999.9000    0.0000    0.0000    3.4426   88.5757
  47.1874 21355.9598  221.2396 -999.9000    0.0000    0.0000    4.5975   88.7747
  46.0647 21512.8392  221.6184 -999.9000    0.0000    0.0000    5.6589   88.9472
  44.9691 21669.7186  221.8429 -999.9000    0.0000    0.0000    5.8937   88.9570
  43.8989 21826.5980  221.8501 -999.9000    0.0000    0.0000    5.5341   88.8369
  42.8525 21983.4774  221.7008 -999.9000    0.0000    0.0000    5.0960   88.6697
  41.8295 22140.3568  221.4431 -999.9000    0.0000    0.0000    4.8679   88.5214
  40.8309 22297.2362  221.1055 -999.9000    0.0000    0.0000    4.7870   88.4316
  39.8584 22454.1156  220.7175 -999.9000    0.0000    0.0000    4.7613   88.4374
  38.9104 22610.9950  221.1057 -999.9000    0.0000    0.0000    4.9378   88.5046
  37.9838 22767.8744  222.3635 -999.9000    0.0000    0.0000    5.3727   88.5579
  37.0791 22924.7538  223.0549 -999.9000    0.0000    0.0000    5.7340   88.6106
  36.1962 23081.6332  223.1488 -999.9000    0.0000    0.0000    6.0052   88.6649
  35.3349 23238.5126  222.8634 -999.9000    0.0000    0.0000    6.2255   88.7211
  34.4951 23395.3920  222.4160 -999.9000    0.0000    0.0000    6.4341   88.7793
  33.6765 23552.2714  222.0248 -999.9000    0.0000    0.0000    6.6703   88.8396
  32.8792 23709.1508  221.9073 -999.9000    0.0000    0.0000    6.9735   88.9021
  32.1025 23866.0302  222.2058 -999.9000    0.0000    0.0000    7.3555   88.9664
  31.3447 24022.9095  222.7828 -999.9000    0.0000    0.0000    7.7279   89.0294
  30.6036 24179.7889  223.4363 -999.9000    0.0000    0.0000    7.9789   89.0878
  29.8779 24336.6683  223.9391 -999.9000    0.0000    0.0000    8.0165   89.1301
  29.1715 24493.5477  224.0019 -999.9000    0.0000    0.0000    7.9446   89.0898
  28.4842 24650.4271  223.8728 -999.9000    0.0000    0.0000    7.8155   88.9796
  27.8138 24807.3065  223.9205 -999.9000    0.0000    0.0000    7.6431   88.8366
  27.1583 24964.1859  224.5121 -999.9000    0.0000    0.0000    7.4410   88.6979
  26.5173 25121.0653  225.7084 -999.9000    0.0000    0.0000    7.2301   88.5852
  25.8939 25277.9447  226.9212 -999.9000    0.0000    0.0000    7.0454   88.4883
  25.2914 25434.8241  227.4795 -999.9000    0.0000    0.0000    6.9240   88.3927
  24.7096 25591.7035  227.0167 -999.9000    0.0000    0.0000    6.9475   88.3136
  24.1354 25748.5829  226.5180 -999.9000    0.0000    0.0000    7.2771   88.3442
  23.5706 25905.4623  226.3160 -999.9000    0.0000    0.0000    7.8155   88.4419
  23.0189 26062.3417  226.6196 -999.9000    0.0000    0.0000    8.4380   88.5480
  22.4826 26219.2211  227.4939 -999.9000    0.0000    0.0000    9.0444   88.6216
  21.9608 26376.1005  228.6328 -999.9000    0.0000    0.0000    9.5965   88.6692
  21.4521 26532.9799  229.6712 -999.9000    0.0000    0.0000   10.0663   88.7041
  20.9548 26689.8593  230.2438 -999.9000    0.0000    0.0000   10.4256   88.7401
  20.4676 26846.7387  229.9856 -999.9000    0.0000    0.0000   10.6465   88.7908
  19.9891 27003.6181  228.5666 -999.9000    0.0000    0.0000   10.6939   88.8671
  19.5243 27160.4975  227.7081 -999.9000    0.0000    0.0000   10.2064   88.8331
  19.0752 27317.3769  228.1972 -999.9000    0.0000    0.0000    9.2562   88.6652
  18.6391 27474.2563  229.4532 -999.9000    0.0000    0.0000    8.2382   88.4541
  18.2135 27631.1357  230.8955 -999.9000    0.0000    0.0000    7.5471   88.2905
  17.7959 27788.0151  231.9527 -999.9000    0.0000    0.0000    7.5549   88.2601
  17.3864 27944.8945  232.2774 -999.9000    0.0000    0.0000    8.0829   88.3267
  16.9866 28101.7739  231.8956 -999.9000    0.0000    0.0000    8.6503   88.3867
  16.5963 28258.6533  231.1035 -999.9000    0.0000    0.0000    9.2226   88.4341
  16.2153 28415.5327  230.2250 -999.9000    0.0000    0.0000    9.8145   88.4734
  15.8432 28572.4121  229.5834 -999.9000    0.0000    0.0000   10.4411   88.5095
  15.4798 28729.2915  229.4964 -999.9000    0.0000    0.0000   11.1151   88.5468
  15.1246 28886.1709  229.9249 -999.9000    0.0000    0.0000   11.7344   88.5881
  14.7769 29043.0503  230.3119 -999.9000    0.0000    0.0000   12.0357   88.6333
  14.4368 29199.9296  230.4930 -999.9000    0.0000    0.0000   11.9545   88.6841
  14.1043 29356.8090  230.6057 -999.9000    0.0000    0.0000   11.5723   88.7433
  13.7798 29513.6884  230.7930 -999.9000    0.0000    0.0000   10.9741   88.8140
  13.4633 29670.5678  231.1982 -999.9000    0.0000    0.0000   10.2444   88.8992
  13.1552 29827.4472  231.9643 -999.9000    0.0000    0.0000    9.4680   89.0018
  12.8555 29984.3266  233.1777 -999.9000    0.0000    0.0000    8.7275   89.1215
  12.5638 30141.2060  234.5256 -999.9000    0.0000    0.0000    8.0914   89.2343
  12.2794 30298.0854  235.5260 -999.9000    0.0000    0.0000    7.6219   89.3059
  12.0018 30454.9648  235.6961 -999.9000    0.0000    0.0000    7.3815   89.3022
  11.7304 30611.8442  234.8075 -999.9000    0.0000    0.0000    7.3914   89.2026
  11.4650 30768.7236  233.6717 -999.9000    0.0000    0.0000    7.5066   89.0420
  11.2056 30925.6030  233.3650 -999.9000    0.0000    0.0000    7.5400   88.8691
  10.9522 31082.4824  234.5389 -999.9000    0.0000    0.0000    7.3715   88.7216
  10.7056 31239.3618  236.0331 -999.9000    0.0000    0.0000    7.1707   88.5894
  10.4661 31396.2412  236.5291 -999.9000    0.0000    0.0000    7.1348   88.4534
  10.2318 31553.1206  236.1067 -999.9000    0.0000    0.0000    7.2498   88.3118
  10.0000 31710.0000  235.2205 -999.9000    0.0000    0.0000    7.4449   88.1674
