# 06610 LSMP Payerne Observations at 12Z 30 Jul 2008
# Radiosonde file generated by raso.rb
#
  P [hPa],     Z [m],    T [K],   Td [K],   RH [%], r [g/kg], WS [m/s], WD [deg]
 962.0000   491.0000  298.2950 -999.9000   66.2321   13.6900    2.0509   93.0543
 944.6891   647.8794  296.1950 -999.9000   67.7796   12.6302    4.5500   92.6754
 927.6873   804.7588  294.7698 -999.9000   79.5094   13.9071    2.2174   92.9144
 911.0964   961.6382  293.4481 -999.9000   79.9558   14.4362    0.4764   92.0428
 894.7070  1118.5176  292.4854 -999.9000   79.9439   14.3064    1.4572   90.9797
 878.5406  1275.3970  292.1660 -999.9000   79.9985   13.3485    2.4639   90.6229
 862.6769  1432.2764  290.7656 -999.9000   80.8998   13.5129    2.7171   90.4248
 846.9845  1589.1558  289.5030 -999.9000   80.2098   13.9027    4.3446   90.3491
 831.5533  1746.0352  289.1362 -999.9000   80.6766   13.2228    5.2494   90.3950
 816.3570  1902.9146  287.8038 -999.9000   80.5548   11.9693    6.3751   90.4496
 801.3249  2059.7940  286.1969 -999.9000   80.2655   11.5640    7.0174   90.4939
 786.5365  2216.6734  284.8277 -999.9000   80.1019   10.4184    7.7828   90.5367
 771.9169  2373.5528  283.5834 -999.9000   80.4796    8.7627    8.9896   90.5644
 757.5041  2530.4322  282.5169 -999.9000   80.3379    8.5006    9.5345   90.6155
 743.3854  2687.3116  281.9377 -999.9000   77.6897    7.5803    8.4360   90.6080
 729.2940  2844.1910  280.8629 -999.9000   60.3151    5.5688    8.2002   90.6173
 715.5826  3001.0704  279.8188 -999.9000   50.0638    4.3807    9.7849   90.6971
 702.0616  3157.9497  278.6420 -999.9000   51.5405    4.2344   11.0685   90.7782
 688.7126  3314.8291  277.1746 -999.9000   58.8478    4.4448   11.1569   90.8007
 675.5482  3471.7085  275.5608 -999.9000   68.1274    4.6752   11.4029   90.8205
 662.5494  3628.5879  274.1005 -999.9000   74.0595    4.6607   12.0033   90.8487
 649.7305  3785.4673  273.1095 -999.9000   67.1939    4.0055   12.2904   90.8627
 637.1240  3942.3467  272.2769 -999.9000   55.0787    3.1437   11.6016   90.9118
 624.7467  4099.2261  271.2844 -999.9000   50.1103    2.7055   10.0447   91.0167
 612.5275  4256.1055  270.2479 -999.9000   50.0444    2.5464    9.6024   91.0465
 600.5160  4412.9849  269.6650 -999.9000   38.1729    1.8919    9.8726   91.0390
 588.7253  4569.8643  269.0959 -999.9000   22.7419    1.0986   10.0468   91.0433
 577.1128  4726.7437  267.8300 -999.9000   18.1520    0.8108   10.0876   91.0483
 565.6299  4883.6231  267.0224 -999.9000   17.0225    0.7276   10.0410   91.0538
 554.4053  5040.5025  266.4900 -999.9000   13.4908    0.5634    9.3437   91.1400
 543.3471  5197.3819  265.8449 -999.9000   12.8330    0.5190    8.5576   91.2153
 532.4739  5354.2613  264.8503 -999.9000   22.1940    0.8459    8.9565   91.2112
 521.8251  5511.1407  263.8337 -999.9000   24.0427    0.8613    9.7063   91.1806
 511.3144  5668.0201  263.0738 -999.9000   14.0983    0.4842   10.3823   91.1583
 500.9731  5824.8995  261.7626 -999.9000   12.9844    0.4090   11.0805   91.1344
 490.8286  5981.7789  260.1797 -999.9000   18.4190    0.5200   11.2328   91.1143
 480.7236  6138.6583  259.0929 -999.9000   29.2628    0.7703   11.5655   91.0832
 470.8214  6295.5377  257.8296 -999.9000   31.5330    0.7621   11.6630   91.0728
 461.0900  6452.4171  256.4242 -999.9000   30.8699    0.6762   11.3858   90.9894
 451.4963  6609.2965  255.1417 -999.9000   32.0487    0.6422   10.3800   90.8335
 442.0676  6766.1759  254.0807 -999.9000   32.6273    0.6091    9.4931   90.7116
 432.8253  6923.0553  253.1254 -999.9000   32.3466    0.5674   10.4080   90.6964
 423.7241  7079.9347  251.7204 -999.9000   36.0580    0.5712   11.2961   90.7318
 414.7432  7236.8141  250.0116 -999.9000   41.2900    0.5742   11.1026   90.7585
 405.9174  7393.6935  249.0069 -999.9000   31.8687    0.4138   11.3409   90.7794
 397.1974  7550.5729  247.7041 -999.9000   27.2795    0.3219   11.6192   90.7881
 388.6475  7707.4523  246.2895 -999.9000   31.2071    0.3308   11.7751   90.8405
 380.2876  7864.3317  245.2467 -999.9000   34.8606    0.3433   12.0219   90.9010
 372.0784  8021.2111  244.3979 -999.9000   39.1339    0.3645   12.1847   90.8924
 363.9826  8178.0905  243.5692 -999.9000   45.2639    0.3994   12.1091   90.7526
 356.0087  8334.9698  242.6771 -999.9000   54.5092    0.4529   12.1055   90.7678
 348.2042  8491.8492  241.7408 -999.9000   60.6367    0.5188   12.7208   91.3797
 340.5609  8648.7286  240.8438 -999.9000   65.0289    0.5272   12.9674   91.7004
 333.0575  8805.6080  239.9361 -999.9000   65.6350    0.4852   12.9229   91.6152
 325.6771  8962.4874  238.9180 -999.9000   65.0584    0.4338   13.2331   91.4555
 318.4095  9119.3668  237.6736 -999.9000   65.8463    0.3977   14.1664   91.4682
 311.2701  9276.2462  235.9938 -999.9000   60.7376    0.3338   14.3367   91.4746
 304.2599  9433.1256  234.3808 -999.9000   55.5518    0.2938   14.5711   91.4194
 297.3812  9590.0050  233.2568 -999.9000   50.7047    0.2688   15.0608   91.3896
 290.6045  9746.8844  231.9731 -999.9000   45.4939    0.2331   15.3944   91.3805
 283.9369  9903.7638  230.5422 -999.9000   45.7906    0.2031   15.7741   91.3479
 277.3870 10060.6432  229.0105 -999.9000   45.6398    0.1789   16.1620   91.3074
 270.9631 10217.5226  227.4181 -999.9000   45.5756    0.1538   16.4253   91.2950
 264.6694 10374.4020  225.8399 -999.9000   45.6841    0.1244   16.4737   91.3378
 258.4744 10531.2814  224.5831 -999.9000   45.1913    0.1097   16.6077   91.3756
 252.3757 10688.1608  223.5304 -999.9000   45.5064    0.1034   16.8558   91.3933
 246.3812 10845.0402  222.4533 -999.9000   40.2271    0.0916   17.1359   91.3978
 240.4896 11001.9196  221.2449 -999.9000   35.6708    0.0742   17.3946   91.3965
 234.6950 11158.7990  219.9004 -999.9000   35.9238    0.0604   17.6025   91.3968
 229.0082 11315.6784  218.5161 -999.9000   35.4672    0.0528   17.7548   91.3986
 223.4492 11472.5578  217.2396 -999.9000   34.9397    0.0500   17.8584   91.3982
 218.0236 11629.4372  216.0466 -999.9000   30.0977    0.0480   17.6323   91.4126
 212.6609 11786.3166  214.3881 -999.9000   25.5831    0.0350   15.9268   91.5070
 207.3913 11943.1960  213.5751 -999.9000   23.7509    0.0295   14.7225   91.4951
 202.2510 12100.0754  214.3019 -999.9000   17.9908    0.0410   14.3916   91.5711
 197.2536 12256.9548  215.7265 -999.9000    9.0907    0.0304   12.3652   92.1270
 192.4469 12413.8342  218.1472 -999.9000    2.6434    0.0062   12.7889   91.9985
 187.8076 12570.7136  217.9927 -999.9000    0.2368    0.0003   13.0048   91.9213
 183.2603 12727.5930  216.7873 -999.9000    0.2953    0.0003   12.6859   91.8946
 178.8033 12884.4724  216.4052 -999.9000    0.0000    0.0000   12.4266   91.8603
 174.4458 13041.3518  216.8400 -999.9000    0.0133    0.0000   12.5344   91.7991
 170.1876 13198.2312  217.0972 -999.9000    0.0000    0.0000   13.0358   91.6668
 166.0391 13355.1106  217.2970 -999.9000    0.0000    0.0000   13.6338   91.5392
 162.0101 13511.9899  216.9519 -999.9000    0.0002    0.0000   13.9137   91.4198
 158.0706 13668.8693  215.9976 -999.9000    0.0000    0.0000   13.5145   91.3880
 154.1974 13825.7487  215.1534 -999.9000    0.0000    0.0000   12.3409   91.4693
 150.4126 13982.6281  215.1143 -999.9000    0.0000    0.0000   10.4187   91.5650
 146.7292 14139.5075  216.0695 -999.9000    0.0000    0.0000   10.3369   91.5673
 143.1108 14296.3869  214.3170 -999.9000    0.0000    0.0000   10.2570   91.5696
 139.5597 14453.2663  216.7587 -999.9000    0.0000    0.0000   10.2313   91.5684
 136.1266 14610.1457  214.4460 -999.9000    0.0000    0.0000   10.2346   91.5540
 132.7619 14767.0251  213.5995 -999.9000    0.0000    0.0000   10.2478   91.5347
 129.4754 14923.9045  214.6222 -999.9000    0.0000    0.0000   10.2644   91.5197
 126.2897 15080.7839  215.7566 -999.9000    0.0000    0.0000   10.2750   91.5108
 123.1790 15237.6633  217.0146 -999.9000    0.0000    0.0000   10.3170   91.4644
 120.1481 15394.5427  217.5198 -999.9000    0.0000    0.0000   10.2036   91.3748
 117.2138 15551.4221  216.9089 -999.9000    0.0000    0.0000    9.8744   91.2661
 114.3435 15708.3015  216.8486 -999.9000    0.0000    0.0000    9.5861   91.1464
 111.5416 15865.1809  216.6399 -999.9000    0.0000    0.0000    9.0405   91.1933
 108.8149 16022.0603  217.9876 -999.9000    0.0000    0.0000    8.2629   91.4869
 106.1648 16178.9397  218.0755 -999.9000    0.0000    0.0000    7.8389   91.3484
 103.5767 16335.8191  217.7416 -999.9000    0.0000    0.0000    6.4461   91.9971
 101.0524 16492.6985  219.8177 -999.9000    0.0000    0.0000    2.0057   90.4089
  98.6148 16649.5779  218.4547 -999.9000    0.0000    0.0000    1.2666   90.4014
  96.2203 16806.4573  217.7412 -999.9000    0.0000    0.0000    0.4742   90.4014
  93.8688 16963.3367  217.0495 -999.9000    0.0000    0.0000    1.5880   90.4014
  91.5836 17120.2161  216.9507 -999.9000    0.0000    0.0000    2.4839   90.4014
  89.3567 17277.0955  216.9480 -999.9000    0.0000    0.0000    3.1421   90.4014
  87.1784 17433.9749  216.4931 -999.9000    0.0000    0.0000    3.8586   90.3927
  85.0453 17590.8543  215.6983 -999.9000    0.0000    0.0000    4.7994   90.0754
  82.9608 17747.7337  215.3867 -999.9000    0.0000    0.0000    5.9906   90.9865
  80.9282 17904.6131  216.0419 -999.9000    0.0000    0.0000    7.1479   90.6807
  78.9484 18061.4925  216.6942 -999.9000    0.0000    0.0000    7.0429   90.4907
  77.0217 18218.3719  217.3737 -999.9000    0.0000    0.0000    6.0795   90.6714
  75.1483 18375.2513  218.4376 -999.9000    0.0000    0.0000    5.1128   90.9237
  73.3271 18532.1307  219.5442 -999.9000    0.0000    0.0000    4.4739   91.0464
  71.5556 18689.0101  219.6733 -999.9000    0.0000    0.0000    3.9855   90.9336
  69.8260 18845.8894  218.5604 -999.9000    0.0000    0.0000    3.3416   91.0562
  68.1227 19002.7688  218.2714 -999.9000    0.0000    0.0000    2.1763   91.7656
  66.4601 19159.6482  218.6216 -999.9000    0.0000    0.0000    1.1208   89.5288
  64.8418 19316.5276  219.1043 -999.9000    0.0000    0.0000    0.7858   87.4851
  63.2670 19473.4070  219.5058 -999.9000    0.0000    0.0000    1.3021   87.9468
  61.7318 19630.2864  220.0638 -999.9000    0.0000    0.0000    1.8616   88.3028
  60.2355 19787.1658  220.2721 -999.9000    0.0000    0.0000    2.5782   88.5476
  58.7762 19944.0452  219.9704 -999.9000    0.0000    0.0000    3.3927   88.9105
  57.3501 20100.9246  219.5846 -999.9000    0.0000    0.0000    3.8012   89.0671
  55.9562 20257.8040  219.3089 -999.9000    0.0000    0.0000    3.7070   88.9446
  54.5968 20414.6834  219.0636 -999.9000    0.0000    0.0000    3.4759   88.7725
  53.2731 20571.5628  219.0003 -999.9000    0.0000    0.0000    3.2716   88.6461
  51.9860 20728.4422  219.4298 -999.9000    0.0000    0.0000    3.1118   88.5640
  50.7361 20885.3216  220.6655 -999.9000    0.0000    0.0000    3.0111   88.5228
  49.5229 21042.2010  222.4186 -999.9000    0.0000    0.0000    2.9538   88.5126
  48.3394 21199.0804  221.7791 -999.9000    0.0000    0.0000    3.2899   88.5757
  47.1874 21355.9598  221.8228 -999.9000    0.0000    0.0000    4.4186   88.7747
  46.0647 21512.8392  222.1877 -999.9000    0.0000    0.0000    5.4552   88.9472
  44.9691 21669.7186  222.3951 -999.9000    0.0000    0.0000    5.6670   88.9570
  43.8989 21826.5980  222.3826 -999.9000    0.0000    0.0000    5.2860   88.8369
  42.8525 21983.4774  222.2110 -999.9000    0.0000    0.0000    4.8283   88.6697
  41.8295 22140.3568  221.9288 -999.9000    0.0000    0.0000    4.5823   88.5214
  40.8309 22297.2362  221.5648 -999.9000    0.0000    0.0000    4.4856   88.4316
  39.8584 22454.1156  221.1486 -999.9000    0.0000    0.0000    4.4458   88.4374
  38.9104 22610.9950  221.5073 -999.9000    0.0000    0.0000    4.6103   88.5046
  37.9838 22767.8744  222.7345 -999.9000    0.0000    0.0000    5.0352   88.5579
  37.0791 22924.7538  223.3945 -999.9000    0.0000    0.0000    5.3887   88.6106
  36.1962 23081.6332  223.4565 -999.9000    0.0000    0.0000    5.6543   88.6649
  35.3349 23238.5126  223.1389 -999.9000    0.0000    0.0000    5.8711   88.7211
  34.4951 23395.3920  222.6594 -999.9000    0.0000    0.0000    6.0787   88.7793
  33.6765 23552.2714  222.2364 -999.9000    0.0000    0.0000    6.3162   88.8396
  32.8792 23709.1508  222.0877 -999.9000    0.0000    0.0000    6.6231   88.9021
  32.1025 23866.0302  222.3560 -999.9000    0.0000    0.0000    7.0114   88.9664
  31.3447 24022.9095  222.9038 -999.9000    0.0000    0.0000    7.3926   89.0294
  30.6036 24179.7889  223.5297 -999.9000    0.0000    0.0000    7.6551   89.0878
  29.8779 24336.6683  224.0066 -999.9000    0.0000    0.0000    7.7067   89.1301
  29.1715 24493.5477  224.0456 -999.9000    0.0000    0.0000    7.6517   89.0898
  28.4842 24650.4271  223.8948 -999.9000    0.0000    0.0000    7.5424   88.9796
  27.8138 24807.3065  223.9236 -999.9000    0.0000    0.0000    7.3926   88.8366
  27.1583 24964.1859  224.4991 -999.9000    0.0000    0.0000    7.2160   88.6979
  26.5173 25121.0653  225.6819 -999.9000    0.0000    0.0000    7.0331   88.5852
  25.8939 25277.9447  226.8838 -999.9000    0.0000    0.0000    6.8787   88.4883
  25.2914 25434.8241  227.4337 -999.9000    0.0000    0.0000    6.7896   88.3927
  24.7096 25591.7035  226.9649 -999.9000    0.0000    0.0000    6.8473   88.3136
  24.1354 25748.5829  226.4624 -999.9000    0.0000    0.0000    7.2125   88.3442
  23.5706 25905.4623  226.2588 -999.9000    0.0000    0.0000    7.7876   88.4419
  23.0189 26062.3417  226.5630 -999.9000    0.0000    0.0000    8.4478   88.5480
  22.4826 26219.2211  227.4398 -999.9000    0.0000    0.0000    9.0924   88.6216
  21.9608 26376.1005  228.5830 -999.9000    0.0000    0.0000    9.6831   88.6692
  21.4521 26532.9799  229.6275 -999.9000    0.0000    0.0000   10.1915   88.7041
  20.9548 26689.8593  230.2080 -999.9000    0.0000    0.0000   10.5893   88.7401
  20.4676 26846.7387  229.9591 -999.9000    0.0000    0.0000   10.8481   88.7908
  19.9891 27003.6181  228.5509 -999.9000    0.0000    0.0000   10.9326   88.8671
  19.5243 27160.4975  227.7046 -999.9000    0.0000    0.0000   10.4811   88.8331
  19.0752 27317.3769  228.2071 -999.9000    0.0000    0.0000    9.5656   88.6652
  18.6391 27474.2563  229.4777 -999.9000    0.0000    0.0000    8.5806   88.4541
  18.2135 27631.1357  230.9357 -999.9000    0.0000    0.0000    7.9207   88.2905
  17.7959 27788.0151  232.0094 -999.9000    0.0000    0.0000    7.9574   88.2601
  17.3864 27944.8945  232.3515 -999.9000    0.0000    0.0000    8.5119   88.3267
  16.9866 28101.7739  231.9878 -999.9000    0.0000    0.0000    9.1029   88.3867
  16.5963 28258.6533  231.2145 -999.9000    0.0000    0.0000    9.6959   88.4341
  16.2153 28415.5327  230.3553 -999.9000    0.0000    0.0000   10.3051   88.4734
  15.8432 28572.4121  229.7335 -999.9000    0.0000    0.0000   10.9454   88.5095
  15.4798 28729.2915  229.6665 -999.9000    0.0000    0.0000   11.6292   88.5468
  15.1246 28886.1709  230.1153 -999.9000    0.0000    0.0000   12.2542   88.5881
  14.7769 29043.0503  230.5227 -999.9000    0.0000    0.0000   12.5567   88.6333
  14.4368 29199.9296  230.7243 -999.9000    0.0000    0.0000   12.4718   88.6841
  14.1043 29356.8090  230.8574 -999.9000    0.0000    0.0000   12.0810   88.7433
  13.7798 29513.6884  231.0648 -999.9000    0.0000    0.0000   11.4690   88.8140
  13.4633 29670.5678  231.4898 -999.9000    0.0000    0.0000   10.7198   88.8992
  13.1552 29827.4472  232.2754 -999.9000    0.0000    0.0000    9.9181   89.0018
  12.8555 29984.3266  233.5078 -999.9000    0.0000    0.0000    9.1462   89.1215
  12.5638 30141.2060  234.8741 -999.9000    0.0000    0.0000    8.4722   89.2343
  12.2794 30298.0854  235.8922 -999.9000    0.0000    0.0000    7.9581   89.3059
  12.0018 30454.9648  236.0791 -999.9000    0.0000    0.0000    7.6661   89.3022
  11.7304 30611.8442  235.2065 -999.9000    0.0000    0.0000    7.6171   89.2026
  11.4650 30768.7236  234.0856 -999.9000    0.0000    0.0000    7.6660   89.0420
  11.2056 30925.6030  233.7928 -999.9000    0.0000    0.0000    7.6250   88.8691
  10.9522 31082.4824  234.9793 -999.9000    0.0000    0.0000    7.3742   88.7216
  10.7056 31239.3618  236.4848 -999.9000    0.0000    0.0000    7.0826   88.5894
  10.4661 31396.2412  236.9907 -999.9000    0.0000    0.0000    6.9473   88.4534
  10.2318 31553.1206  236.5766 -999.9000    0.0000    0.0000    6.9538   88.3118
  10.0000 31710.0000  235.6971 -999.9000    0.0000    0.0000    7.0313   88.1674
