# 06610 LSMP Payerne Observations at 12Z 30 Jul 2008
# Radiosonde file generated by raso.rb
#
  P [hPa],     Z [m],    T [K],   Td [K],   RH [%], r [g/kg], WS [m/s], WD [deg]
 962.0000   491.0000  298.6722 -999.9000   66.2752   13.6900    2.2242   93.0543
 944.6891   647.8794  296.5912 -999.9000   67.8222   12.6302    4.6279   92.6754
 927.6873   804.7588  295.1805 -999.9000   79.5580   13.9071    2.2080   92.9144
 911.0964   961.6382  293.8689 -999.9000   80.0037   14.4362    0.3875   92.0428
 894.7070  1118.5176  292.9124 -999.9000   79.9914   14.3064    1.2962   90.9797
 878.5406  1275.3970  292.5954 -999.9000   80.0461   13.3485    2.2380   90.6229
 862.6769  1432.2764  291.1936 -999.9000   80.9483   13.5129    2.4332   90.4248
 846.9845  1589.1558  289.9261 -999.9000   80.2587   13.9027    4.0093   90.3491
 831.5533  1746.0352  289.5512 -999.9000   80.7269   13.2228    4.8690   90.3950
 816.3570  1902.9146  288.2077 -999.9000   80.6066   11.9693    5.9557   90.4496
 801.3249  2059.7940  286.5867 -999.9000   80.3190   11.5640    6.5646   90.4939
 786.5365  2216.6734  285.2008 -999.9000   80.1574   10.4184    7.3021   90.5367
 771.9169  2373.5528  283.9373 -999.9000   80.5378    8.7627    8.4862   90.5644
 757.5041  2530.4322  282.8494 -999.9000   80.3987    8.5006    9.0131   90.6155
 743.3854  2687.3116  282.2466 -999.9000   77.7513    7.5803    7.9013   90.6080
 729.2940  2844.1910  281.1465 -999.9000   60.3653    5.5688    7.6564   90.6173
 715.5826  3001.0704  280.0753 -999.9000   50.1076    4.3807    9.2360   90.6971
 702.0616  3157.9497  278.8699 -999.9000   51.5879    4.2344   10.5182   90.7782
 688.7126  3314.8291  277.3727 -999.9000   58.9047    4.4448   10.6085   90.8007
 675.5482  3471.7085  275.7279 -999.9000   68.1965    4.6752   10.8596   90.8205
 662.5494  3628.5879  274.2358 -999.9000   74.1382    4.6607   11.4678   90.8487
 649.7305  3785.4673  273.2124 -999.9000   67.2688    4.0055   11.7654   90.8627
 637.1240  3942.3467  272.3468 -999.9000   55.1429    3.1437   11.0892   90.9118
 624.7467  4099.2261  271.3210 -999.9000   50.1713    2.7055    9.5468   91.0167
 612.5275  4256.1055  270.2512 -999.9000   50.1080    2.5464    9.1206   91.0465
 600.5160  4412.9849  269.6351 -999.9000   38.2234    1.8919    9.4084   91.0390
 588.7253  4569.8643  269.0330 -999.9000   22.7732    1.0986    9.6012   91.0433
 577.1128  4726.7437  267.7347 -999.9000   18.1780    0.8108    9.6614   91.0483
 565.6299  4883.6231  266.8954 -999.9000   17.0477    0.7276    9.6346   91.0538
 554.4053  5040.5025  266.3322 -999.9000   13.5115    0.5634    8.9573   91.1400
 543.3471  5197.3819  265.6575 -999.9000   12.8533    0.5190    8.1911   91.2153
 532.4739  5354.2613  264.6345 -999.9000   22.2302    0.8459    8.6095   91.2112
 521.8251  5511.1407  263.5910 -999.9000   24.0831    0.8613    9.3781   91.1806
 511.3144  5668.0201  262.8060 -999.9000   14.1225    0.4842   10.0720   91.1583
 500.9731  5824.8995  261.4715 -999.9000   13.0073    0.4090   10.7866   91.1344
 490.8286  5981.7789  259.8674 -999.9000   18.4523    0.5200   10.9540   91.1143
 480.7236  6138.6583  258.7618 -999.9000   29.3167    0.7703   11.2998   91.0832
 470.8214  6295.5377  257.4821 -999.9000   31.5922    0.7621   11.4082   91.0728
 461.0900  6452.4171  256.0630 -999.9000   30.9288    0.6762   11.1395   90.9894
 451.4963  6609.2965  254.7698 -999.9000   32.1108    0.6422   10.1394   90.8335
 442.0676  6766.1759  253.7011 -999.9000   32.6913    0.6091    9.2553   90.7116
 432.8253  6923.0553  252.7414 -999.9000   32.4107    0.5674   10.1697   90.6964
 423.7241  7079.9347  251.3356 -999.9000   36.1300    0.5712   11.0535   90.7318
 414.7432  7236.8141  249.6296 -999.9000   41.3730    0.5742   10.8520   90.7585
 405.9174  7393.6935  248.6315 -999.9000   31.9329    0.4138   11.0780   90.7794
 397.1974  7550.5729  247.3395 -999.9000   27.3346    0.3219   11.3396   90.7881
 388.6475  7707.4523  245.9395 -999.9000   31.2700    0.3308   11.4747   90.8405
 380.2876  7864.3317  244.9147 -999.9000   34.9306    0.3433   11.6970   90.9010
 372.0784  8021.2111  244.0870 -999.9000   39.2120    0.3645   11.8323   90.8924
 363.9826  8178.0905  243.2821 -999.9000   45.3536    0.3994   11.7266   90.7526
 356.0087  8334.9698  242.4160 -999.9000   54.6161    0.4529   11.6910   90.7678
 348.2042  8491.8492  241.5078 -999.9000   60.7543    0.5188   12.2728   91.3797
 340.5609  8648.7286  240.6403 -999.9000   65.1534    0.5272   12.4850   91.7004
 333.0575  8805.6080  239.7633 -999.9000   65.7588    0.4852   12.4058   91.6152
 325.6771  8962.4874  238.7766 -999.9000   65.1792    0.4338   12.6813   91.4555
 318.4095  9119.3668  237.5641 -999.9000   65.9664    0.3977   13.5807   91.4682
 311.2701  9276.2462  235.9161 -999.9000   60.8464    0.3338   13.7183   91.4746
 304.2599  9433.1256  234.3345 -999.9000   55.6493    0.2938   13.9217   91.4194
 297.3812  9590.0050  233.2411 -999.9000   50.7919    0.2688   14.3828   91.3896
 290.6045  9746.8844  231.9869 -999.9000   45.5704    0.2331   14.6905   91.3805
 283.9369  9903.7638  230.5840 -999.9000   45.8660    0.2031   15.0478   91.3479
 277.3870 10060.6432  229.0783 -999.9000   45.7132    0.1789   15.4171   91.3074
 270.9631 10217.5226  227.5097 -999.9000   45.6472    0.1538   15.6664   91.2950
 264.6694 10374.4020  225.9524 -999.9000   45.7542    0.1244   15.7057   91.3378
 258.4744 10531.2814  224.7137 -999.9000   45.2591    0.1097   15.8361   91.3756
 252.3757 10688.1608  223.6754 -999.9000   45.5731    0.1034   16.0866   91.3933
 246.3812 10845.0402  222.6090 -999.9000   40.2847    0.0916   16.3758   91.3978
 240.4896 11001.9196  221.4070 -999.9000   35.7208    0.0742   16.6505   91.3965
 234.6950 11158.7990  220.0648 -999.9000   35.9732    0.0604   16.8815   91.3968
 229.0082 11315.6784  218.6787 -999.9000   35.5149    0.0528   17.0628   91.3986
 223.4492 11472.5578  217.3966 -999.9000   34.9857    0.0500   17.2009   91.3982
 218.0236 11629.4372  216.1946 -999.9000   30.1365    0.0480   17.0140   91.4126
 212.6609 11786.3166  214.5238 -999.9000   25.6153    0.0350   15.3518   91.5070
 207.3913 11943.1960  213.6953 -999.9000   23.7801    0.0295   14.1942   91.4951
 202.2510 12100.0754  214.4038 -999.9000   18.0123    0.0410   13.9125   91.5711
 197.2536 12256.9548  215.8073 -999.9000    9.1013    0.0304   11.9373   92.1270
 192.4469 12413.8342  218.2046 -999.9000    2.6463    0.0062   12.4134   91.9985
 187.8076 12570.7136  218.0245 -999.9000    0.2371    0.0003   12.6823   91.9213
 183.2603 12727.5930  216.7915 -999.9000    0.2957    0.0003   12.4162   91.8946
 178.8033 12884.4724  216.3800 -999.9000    0.0000    0.0000   12.2088   91.8603
 174.4458 13041.3518  216.7839 -999.9000    0.0133    0.0000   12.3670   91.7991
 170.1876 13198.2312  217.0089 -999.9000    0.0000    0.0000   12.9165   91.6668
 166.0391 13355.1106  217.1754 -999.9000    0.0000    0.0000   13.5596   91.5392
 162.0101 13511.9899  216.7961 -999.9000    0.0002    0.0000   13.8809   91.4198
 158.0706 13668.8693  215.8070 -999.9000    0.0000    0.0000   13.5189   91.3880
 154.1974 13825.7487  214.9275 -999.9000    0.0000    0.0000   12.3773   91.4693
 150.4126 13982.6281  214.8530 -999.9000    0.0000    0.0000   10.4814   91.5650
 146.7292 14139.5075  215.7727 -999.9000    0.0000    0.0000   10.4194   91.5673
 143.1108 14296.3869  213.9850 -999.9000    0.0000    0.0000   10.3521   91.5696
 139.5597 14453.2663  216.3921 -999.9000    0.0000    0.0000   10.3312   91.5684
 136.1266 14610.1457  214.0452 -999.9000    0.0000    0.0000   10.3315   91.5540
 132.7619 14767.0251  213.1653 -999.9000    0.0000    0.0000   10.3347   91.5347
 129.4754 14923.9045  214.1554 -999.9000    0.0000    0.0000   10.3351   91.5197
 126.2897 15080.7839  215.2579 -999.9000    0.0000    0.0000   10.3236   91.5108
 123.1790 15237.6633  216.4851 -999.9000    0.0000    0.0000   10.3388   91.4644
 120.1481 15394.5427  216.9605 -999.9000    0.0000    0.0000   10.1944   91.3748
 117.2138 15551.4221  216.3210 -999.9000    0.0000    0.0000    9.8306   91.2661
 114.3435 15708.3015  216.2332 -999.9000    0.0000    0.0000    9.5051   91.1464
 111.5416 15865.1809  215.9981 -999.9000    0.0000    0.0000    8.9202   91.1933
 108.8149 16022.0603  217.3210 -999.9000    0.0000    0.0000    8.1021   91.4869
 106.1648 16178.9397  217.3855 -999.9000    0.0000    0.0000    7.6370   91.3484
 103.5767 16335.8191  217.0296 -999.9000    0.0000    0.0000    6.2032   91.9971
 101.0524 16492.6985  219.0854 -999.9000    0.0000    0.0000    1.7227   90.4089
  98.6148 16649.5779  217.7039 -999.9000    0.0000    0.0000    0.9450   90.4014
  96.2203 16806.4573  216.9736 -999.9000    0.0000    0.0000    0.1164   90.4014
  93.8688 16963.3367  216.2669 -999.9000    0.0000    0.0000    1.1970   90.4014
  91.5836 17120.2161  216.1551 -999.9000    0.0000    0.0000    2.0635   90.4014
  89.3567 17277.0955  216.1413 -999.9000    0.0000    0.0000    2.6966   90.4014
  87.1784 17433.9749  215.6775 -999.9000    0.0000    0.0000    3.3933   90.3927
  85.0453 17590.8543  214.8760 -999.9000    0.0000    0.0000    4.3202   90.0754
  82.9608 17747.7337  214.5600 -999.9000    0.0000    0.0000    5.5041   90.9865
  80.9282 17904.6131  215.2132 -999.9000    0.0000    0.0000    6.6615   90.6807
  78.9484 18061.4925  215.8657 -999.9000    0.0000    0.0000    6.5640   90.4907
  77.0217 18218.3719  216.5479 -999.9000    0.0000    0.0000    5.6150   90.6714
  75.1483 18375.2513  217.6168 -999.9000    0.0000    0.0000    4.6691   90.9237
  73.3271 18532.1307  218.7307 -999.9000    0.0000    0.0000    4.0569   91.0464
  71.5556 18689.0101  218.8694 -999.9000    0.0000    0.0000    3.6003   90.9336
  69.8260 18845.8894  217.7683 -999.9000    0.0000    0.0000    2.9931   91.0562
  68.1227 19002.7688  217.4934 -999.9000    0.0000    0.0000    1.8686   91.7656
  66.4601 19159.6482  217.8599 -999.9000    0.0000    0.0000    0.8575   89.5288
  64.8418 19316.5276  218.3610 -999.9000    0.0000    0.0000    0.5699   87.4851
  63.2670 19473.4070  218.7830 -999.9000    0.0000    0.0000    1.1360   87.9468
  61.7318 19630.2864  219.3637 -999.9000    0.0000    0.0000    1.7473   88.3028
  60.2355 19787.1658  219.5968 -999.9000    0.0000    0.0000    2.5170   88.5476
  58.7762 19944.0452  219.3219 -999.9000    0.0000    0.0000    3.3854   88.9105
  57.3501 20100.9246  218.9650 -999.9000    0.0000    0.0000    3.8481   89.0671
  55.9562 20257.8040  218.7201 -999.9000    0.0000    0.0000    3.8077   88.9446
  54.5968 20414.6834  218.5076 -999.9000    0.0000    0.0000    3.6296   88.7725
  53.2731 20571.5628  218.4791 -999.9000    0.0000    0.0000    3.4769   88.6461
  51.9860 20728.4422  218.9453 -999.9000    0.0000    0.0000    3.3666   88.5640
  50.7361 20885.3216  220.2196 -999.9000    0.0000    0.0000    3.3130   88.5228
  49.5229 21042.2010  222.0131 -999.9000    0.0000    0.0000    3.2996   88.5126
  48.3394 21199.0804  221.4159 -999.9000    0.0000    0.0000    3.6759   88.5757
  47.1874 21355.9598  221.5036 -999.9000    0.0000    0.0000    4.8406   88.7747
  46.0647 21512.8392  221.9143 -999.9000    0.0000    0.0000    5.9088   88.9472
  44.9691 21669.7186  222.1688 -999.9000    0.0000    0.0000    6.1476   88.9570
  43.8989 21826.5980  222.2042 -999.9000    0.0000    0.0000    5.7895   88.8369
  42.8525 21983.4774  222.0811 -999.9000    0.0000    0.0000    5.3505   88.6697
  41.8295 22140.3568  221.8476 -999.9000    0.0000    0.0000    5.1194   88.5214
  40.8309 22297.2362  221.5321 -999.9000    0.0000    0.0000    5.0336   88.4316
  39.8584 22454.1156  221.1639 -999.9000    0.0000    0.0000    5.0012   88.4374
  38.9104 22610.9950  221.5696 -999.9000    0.0000    0.0000    5.1696   88.5046
  37.9838 22767.8744  222.8426 -999.9000    0.0000    0.0000    5.5951   88.5579
  37.0791 22924.7538  223.5467 -999.9000    0.0000    0.0000    5.9459   88.6106
  36.1962 23081.6332  223.6508 -999.9000    0.0000    0.0000    6.2058   88.6649
  35.3349 23238.5126  223.3729 -999.9000    0.0000    0.0000    6.4140   88.7211
  34.4951 23395.3920  222.9304 -999.9000    0.0000    0.0000    6.6103   88.7793
  33.6765 23552.2714  222.5412 -999.9000    0.0000    0.0000    6.8338   88.8396
  32.8792 23709.1508  222.4228 -999.9000    0.0000    0.0000    7.1243   88.9021
  32.1025 23866.0302  222.7174 -999.9000    0.0000    0.0000    7.4940   88.9664
  31.3447 24022.9095  223.2875 -999.9000    0.0000    0.0000    7.8543   89.0294
  30.6036 24179.7889  223.9310 -999.9000    0.0000    0.0000    8.0940   89.0878
  29.8779 24336.6683  224.4205 -999.9000    0.0000    0.0000    8.1210   89.1301
  29.1715 24493.5477  224.4667 -999.9000    0.0000    0.0000    8.0396   89.0898
  28.4842 24650.4271  224.3175 -999.9000    0.0000    0.0000    7.9024   88.9796
  27.8138 24807.3065  224.3418 -999.9000    0.0000    0.0000    7.7233   88.8366
  27.1583 24964.1859  224.9065 -999.9000    0.0000    0.0000    7.5161   88.6979
  26.5173 25121.0653  226.0726 -999.9000    0.0000    0.0000    7.3016   88.5852
  25.8939 25277.9447  227.2523 -999.9000    0.0000    0.0000    7.1147   88.4883
  25.2914 25434.8241  227.7749 -999.9000    0.0000    0.0000    6.9925   88.3927
  24.7096 25591.7035  227.2740 -999.9000    0.0000    0.0000    7.0164   88.3136
  24.1354 25748.5829  226.7350 -999.9000    0.0000    0.0000    7.3475   88.3442
  23.5706 25905.4623  226.4910 -999.9000    0.0000    0.0000    7.8883   88.4419
  23.0189 26062.3417  226.7510 -999.9000    0.0000    0.0000    8.5141   88.5480
  22.4826 26219.2211  227.5805 -999.9000    0.0000    0.0000    9.1245   88.6216
  21.9608 26376.1005  228.6735 -999.9000    0.0000    0.0000    9.6813   88.6692
  21.4521 26532.9799  229.6653 -999.9000    0.0000    0.0000   10.1564   88.7041
  20.9548 26689.8593  230.1910 -999.9000    0.0000    0.0000   10.5214   88.7401
  20.4676 26846.7387  229.8855 -999.9000    0.0000    0.0000   10.7483   88.7908
  19.9891 27003.6181  228.4196 -999.9000    0.0000    0.0000   10.8021   88.8671
  19.5243 27160.4975  227.5144 -999.9000    0.0000    0.0000   10.3209   88.8331
  19.0752 27317.3769  227.9576 -999.9000    0.0000    0.0000    9.3771   88.6652
  18.6391 27474.2563  229.1685 -999.9000    0.0000    0.0000    8.3653   88.4541
  18.2135 27631.1357  230.5671 -999.9000    0.0000    0.0000    7.6804   88.2905
  17.7959 27788.0151  231.5820 -999.9000    0.0000    0.0000    7.6939   88.2601
  17.3864 27944.8945  231.8662 -999.9000    0.0000    0.0000    8.2273   88.3267
  16.9866 28101.7739  231.4460 -999.9000    0.0000    0.0000    8.7994   88.3867
  16.5963 28258.6533  230.6178 -999.9000    0.0000    0.0000    9.3759   88.4341
  16.2153 28415.5327  229.7059 -999.9000    0.0000    0.0000    9.9712   88.4734
  15.8432 28572.4121  229.0337 -999.9000    0.0000    0.0000   10.6004   88.5095
  15.4798 28729.2915  228.9193 -999.9000    0.0000    0.0000   11.2759   88.5468
  15.1246 28886.1709  229.3239 -999.9000    0.0000    0.0000   11.8958   88.5881
  14.7769 29043.0503  229.6907 -999.9000    0.0000    0.0000   12.1964   88.6333
  14.4368 29199.9296  229.8556 -999.9000    0.0000    0.0000   12.1131   88.6841
  14.1043 29356.8090  229.9564 -999.9000    0.0000    0.0000   11.7276   88.7433
  13.7798 29513.6884  230.1364 -999.9000    0.0000    0.0000   11.1245   88.8140
  13.4633 29670.5678  230.5390 -999.9000    0.0000    0.0000   10.3883   88.8992
  13.1552 29827.4472  231.3077 -999.9000    0.0000    0.0000    9.6037   89.0018
  12.8555 29984.3266  232.5291 -999.9000    0.0000    0.0000    8.8532   89.1215
  12.5638 30141.2060  233.8907 -999.9000    0.0000    0.0000    8.2051   89.2343
  12.2794 30298.0854  234.9107 -999.9000    0.0000    0.0000    7.7216   89.3059
  12.0018 30454.9648  235.1066 -999.9000    0.0000    0.0000    7.4649   89.3022
  11.7304 30611.8442  234.2504 -999.9000    0.0000    0.0000    7.4564   89.2026
  11.4650 30768.7236  233.1537 -999.9000    0.0000    0.0000    7.5508   89.0420
  11.2056 30925.6030  232.8932 -999.9000    0.0000    0.0000    7.5608   88.8691
  10.9522 31082.4824  234.1207 -999.9000    0.0000    0.0000    7.3664   88.7216
  10.7056 31239.3618  235.6760 -999.9000    0.0000    0.0000    7.1369   88.5894
  10.4661 31396.2412  236.2411 -999.9000    0.0000    0.0000    7.0697   88.4534
  10.2318 31553.1206  235.8959 -999.9000    0.0000    0.0000    7.1503   88.3118
  10.0000 31710.0000  235.0953 -999.9000    0.0000    0.0000    7.3081   88.1674
