# 06610 LSMP Payerne Observations at 12Z 30 Jul 2008
# Radiosonde file generated by raso.rb
#
  P [hPa],     Z [m],    T [K],   Td [K],   RH [%], r [g/kg], WS [m/s], WD [deg]
 962.0000   491.0000  298.0707 -999.9000   66.3600   13.6900    2.2893   93.0543
 944.6891   647.8794  296.1006 -999.9000   67.9185   12.6302    4.6837   92.6754
 927.6873   804.7588  294.7923 -999.9000   79.6802   13.9071    2.2553   92.9144
 911.0964   961.6382  293.5748 -999.9000   80.1342   14.4362    0.4266   92.0428
 894.7070  1118.5176  292.7044 -999.9000   80.1278   14.3064    1.3278   90.9797
 878.5406  1275.3970  292.4658 -999.9000   80.1868   13.3485    2.2627   90.6229
 862.6769  1432.2764  291.1350 -999.9000   81.0934   13.5129    2.4516   90.4248
 846.9845  1589.1558  289.9314 -999.9000   80.4037   13.9027    4.0219   90.3491
 831.5533  1746.0352  289.6136 -999.9000   80.8726   13.2228    4.8764   90.3950
 816.3570  1902.9146  288.3205 -999.9000   80.7506   11.9693    5.9584   90.4496
 801.3249  2059.7940  286.7439 -999.9000   80.4598   11.5640    6.5632   90.4939
 786.5365  2216.6734  285.3963 -999.9000   80.2940   10.4184    7.2972   90.5367
 771.9169  2373.5528  284.1655 -999.9000   80.6700    8.7627    8.4783   90.5644
 757.5041  2530.4322  283.1049 -999.9000   80.5247    8.5006    9.0029   90.6155
 743.3854  2687.3116  282.5243 -999.9000   77.8665    7.5803    7.8893   90.6080
 729.2940  2844.1910  281.4417 -999.9000   60.4489    5.5688    7.6430   90.6173
 715.5826  3001.0704  280.3834 -999.9000   50.1716    4.3807    9.2219   90.6971
 702.0616  3157.9497  279.1868 -999.9000   51.6478    4.2344   10.5040   90.7782
 688.7126  3314.8291  277.6944 -999.9000   58.9658    4.4448   10.5947   90.8007
 675.5482  3471.7085  276.0509 -999.9000   68.2583    4.6752   10.8467   90.8205
 662.5494  3628.5879  274.5566 -999.9000   74.1954    4.6607   11.4565   90.8487
 649.7305  3785.4673  273.5281 -999.9000   67.3111    4.0055   11.7562   90.8627
 637.1240  3942.3467  272.6546 -999.9000   55.1695    3.1437   11.0826   90.9118
 624.7467  4099.2261  271.6185 -999.9000   50.1881    2.7055    9.5434   91.0167
 612.5275  4256.1055  270.5361 -999.9000   50.1172    2.5464    9.1210   91.0465
 600.5160  4412.9849  269.9056 -999.9000   38.2246    1.8919    9.4131   91.0390
 588.7253  4569.8643  269.2876 -999.9000   22.7704    1.0986    9.6107   91.0433
 577.1128  4726.7437  267.9720 -999.9000   18.1730    0.8108    9.6763   91.0483
 565.6299  4883.6231  267.1144 -999.9000   17.0405    0.7276    9.6555   91.0538
 554.4053  5040.5025  266.5323 -999.9000   13.5038    0.5634    8.9847   91.1400
 543.3471  5197.3819  265.8381 -999.9000   12.8442    0.5190    8.2256   91.2153
 532.4739  5354.2613  264.7956 -999.9000   22.2113    0.8459    8.6516   91.2112
 521.8251  5511.1407  263.7328 -999.9000   24.0594    0.8613    9.4284   91.1806
 511.3144  5668.0201  262.9288 -999.9000   14.1069    0.4842   10.1309   91.1583
 500.9731  5824.8995  261.5761 -999.9000   12.9913    0.4090   10.8549   91.1344
 490.8286  5981.7789  259.9549 -999.9000   18.4275    0.5200   11.0320   91.1143
 480.7236  6138.6583  258.8335 -999.9000   29.2744    0.7703   11.3882   91.0832
 470.8214  6295.5377  257.5397 -999.9000   31.5438    0.7621   11.5075   91.0728
 461.0900  6452.4171  256.1083 -999.9000   30.8789    0.6762   11.2503   90.9894
 451.4963  6609.2965  254.8050 -999.9000   32.0568    0.6422   10.2622   90.8335
 442.0676  6766.1759  253.7287 -999.9000   32.6345    0.6091    9.3906   90.7116
 432.8253  6923.0553  252.7642 -999.9000   32.3531    0.5674   10.3181   90.6964
 423.7241  7079.9347  251.3566 -999.9000   36.0648    0.5712   11.2155   90.7318
 414.7432  7236.8141  249.6523 -999.9000   41.2979    0.5742   11.0281   90.7585
 405.9174  7393.6935  248.6595 -999.9000   31.8751    0.4138   11.2688   90.7794
 397.1974  7550.5729  247.3767 -999.9000   27.2858    0.3219   11.5457   90.7881
 388.6475  7707.4523  245.9896 -999.9000   31.2155    0.3308   11.6965   90.8405
 380.2876  7864.3317  244.9811 -999.9000   34.8716    0.3433   11.9348   90.9010
 372.0784  8021.2111  244.1726 -999.9000   39.1486    0.3645   12.0865   90.8924
 363.9826  8178.0905  243.3894 -999.9000   45.2839    0.3994   11.9972   90.7526
 356.0087  8334.9698  242.5473 -999.9000   54.5373    0.4529   11.9782   90.7678
 348.2042  8491.8492  241.6648 -999.9000   60.6729    0.5188   12.5764   91.3797
 340.5609  8648.7286  240.8245 -999.9000   65.0733    0.5272   12.8049   91.7004
 333.0575  8805.6080  239.9758 -999.9000   65.6857    0.4852   12.7416   91.6152
 325.6771  8962.4874  239.0181 -999.9000   65.1147    0.4338   13.0328   91.4555
 318.4095  9119.3668  237.8348 -999.9000   65.9093    0.3977   13.9474   91.4682
 311.2701  9276.2462  236.2160 -999.9000   60.8015    0.3338   14.0995   91.4746
 304.2599  9433.1256  234.6632 -999.9000   55.6154    0.2938   14.3169   91.4194
 297.3812  9590.0050  233.5977 -999.9000   50.7674    0.2688   14.7911   91.3896
 290.6045  9746.8844  232.3701 -999.9000   45.5541    0.2331   15.1110   91.3805
 283.9369  9903.7638  230.9922 -999.9000   45.8551    0.2031   15.4795   91.3479
 277.3870 10060.6432  229.5096 -999.9000   45.7076    0.1789   15.8590   91.3074
 270.9631 10217.5226  227.9616 -999.9000   45.6466    0.1538   16.1172   91.2950
 264.6694 10374.4020  226.4224 -999.9000   45.7581    0.1244   16.1641   91.3378
 258.4744 10531.2814  225.1984 -999.9000   45.2670    0.1097   16.3007   91.3756
 252.3757 10688.1608  224.1716 -999.9000   45.5846    0.1034   16.5559   91.3933
 246.3812 10845.0402  223.1126 -999.9000   40.2975    0.0916   16.8481   91.3978
 240.4896 11001.9196  221.9139 -999.9000   35.7339    0.0742   17.1242   91.3965
 234.6950 11158.7990  220.5707 -999.9000   35.9877    0.0604   17.3547   91.3968
 229.0082 11315.6784  219.1799 -999.9000   35.5301    0.0528   17.5339   91.3986
 223.4492 11472.5578  217.8896 -999.9000   35.0011    0.0500   17.6681   91.3982
 218.0236 11629.4372  216.6762 -999.9000   30.1499    0.0480   17.4757   91.4126
 212.6609 11786.3166  214.9912 -999.9000   25.6265    0.0350   15.8063   91.5070
 207.3913 11943.1960  214.1460 -999.9000   23.7902    0.0295   14.6397   91.4951
 202.2510 12100.0754  214.8357 -999.9000   18.0196    0.0410   14.3475   91.5711
 197.2536 12256.9548  216.2186 -999.9000    9.1048    0.0304   12.3601   92.1270
 192.4469 12413.8342  218.5938 -999.9000    2.6473    0.0062   12.8225   91.9985
 187.8076 12570.7136  218.3905 -999.9000    0.2372    0.0003   13.0759   91.9213
 183.2603 12727.5930  217.1335 -999.9000    0.2957    0.0003   12.7928   91.8946
 178.8033 12884.4724  216.6976 -999.9000    0.0000    0.0000   12.5669   91.8603
 174.4458 13041.3518  217.0770 -999.9000    0.0133    0.0000   12.7050   91.7991
 170.1876 13198.2312  217.2776 -999.9000    0.0000    0.0000   13.2328   91.6668
 166.0391 13355.1106  217.4203 -999.9000    0.0000    0.0000   13.8528   91.5392
 162.0101 13511.9899  217.0181 -999.9000    0.0002    0.0000   14.1495   91.4198
 158.0706 13668.8693  216.0074 -999.9000    0.0000    0.0000   13.7612   91.3880
 154.1974 13825.7487  215.1079 -999.9000    0.0000    0.0000   12.5920   91.4693
 150.4126 13982.6281  215.0152 -999.9000    0.0000    0.0000   10.6671   91.5650
 146.7292 14139.5075  215.9190 -999.9000    0.0000    0.0000   10.5746   91.5673
 143.1108 14296.3869  214.1179 -999.9000    0.0000    0.0000   10.4754   91.5696
 139.5597 14453.2663  216.5145 -999.9000    0.0000    0.0000   10.4211   91.5684
 136.1266 14610.1457  214.1602 -999.9000    0.0000    0.0000   10.3869   91.5540
 132.7619 14767.0251  213.2755 -999.9000    0.0000    0.0000   10.3547   91.5347
 129.4754 14923.9045  214.2632 -999.9000    0.0000    0.0000   10.3190   91.5197
 126.2897 15080.7839  215.3658 -999.9000    0.0000    0.0000   10.2714   91.5108
 123.1790 15237.6633  216.5950 -999.9000    0.0000    0.0000   10.2505   91.4644
 120.1481 15394.5427  217.0741 -999.9000    0.0000    0.0000   10.0704   91.3748
 117.2138 15551.4221  216.4400 -999.9000    0.0000    0.0000    9.6717   91.2661
 114.3435 15708.3015  216.3589 -999.9000    0.0000    0.0000    9.3123   91.1464
 111.5416 15865.1809  216.1318 -999.9000    0.0000    0.0000    8.6950   91.1933
 108.8149 16022.0603  217.4634 -999.9000    0.0000    0.0000    7.8462   91.4869
 106.1648 16178.9397  217.5374 -999.9000    0.0000    0.0000    7.3525   91.3484
 103.5767 16335.8191  217.1913 -999.9000    0.0000    0.0000    5.8924   91.9971
 101.0524 16492.6985  219.2572 -999.9000    0.0000    0.0000    1.3885   90.4089
  98.6148 16649.5779  217.8858 -999.9000    0.0000    0.0000    0.5903   90.4014
  96.2203 16806.4573  217.1653 -999.9000    0.0000    0.0000    0.2554   87.2598
  93.8688 16963.3367  216.4681 -999.9000    0.0000    0.0000    0.8118   90.4014
  91.5836 17120.2161  216.3649 -999.9000    0.0000    0.0000    1.6690   90.4014
  89.3567 17277.0955  216.3589 -999.9000    0.0000    0.0000    2.2972   90.4014
  87.1784 17433.9749  215.9018 -999.9000    0.0000    0.0000    2.9936   90.3927
  85.0453 17590.8543  215.1055 -999.9000    0.0000    0.0000    3.9253   90.0754
  82.9608 17747.7337  214.7932 -999.9000    0.0000    0.0000    5.1192   90.9865
  80.9282 17904.6131  215.4482 -999.9000    0.0000    0.0000    6.2924   90.6807
  78.9484 18061.4925  216.1007 -999.9000    0.0000    0.0000    6.2163   90.4907
  77.0217 18218.3719  216.7812 -999.9000    0.0000    0.0000    5.2938   90.6714
  75.1483 18375.2513  217.8468 -999.9000    0.0000    0.0000    4.3788   90.9237
  73.3271 18532.1307  218.9558 -999.9000    0.0000    0.0000    3.8015   91.0464
  71.5556 18689.0101  219.0884 -999.9000    0.0000    0.0000    3.3833   90.9336
  69.8260 18845.8894  217.9800 -999.9000    0.0000    0.0000    2.8173   91.0562
  68.1227 19002.7688  217.6968 -999.9000    0.0000    0.0000    1.7363   91.7656
  66.4601 19159.6482  218.0541 -999.9000    0.0000    0.0000    0.7704   89.5288
  64.8418 19316.5276  218.5454 -999.9000    0.0000    0.0000    0.5294   87.4851
  63.2670 19473.4070  218.9569 -999.9000    0.0000    0.0000    1.1427   87.9468
  61.7318 19630.2864  219.5267 -999.9000    0.0000    0.0000    1.8013   88.3028
  60.2355 19787.1658  219.7486 -999.9000    0.0000    0.0000    2.6179   88.5476
  58.7762 19944.0452  219.4623 -999.9000    0.0000    0.0000    3.5322   88.9105
  57.3501 20100.9246  219.0941 -999.9000    0.0000    0.0000    4.0393   89.0671
  55.9562 20257.8040  218.8381 -999.9000    0.0000    0.0000    4.0412   88.9446
  54.5968 20414.6834  218.6147 -999.9000    0.0000    0.0000    3.9028   88.7725
  53.2731 20571.5628  218.5757 -999.9000    0.0000    0.0000    3.7867   88.6461
  51.9860 20728.4422  219.0320 -999.9000    0.0000    0.0000    3.7091   88.5640
  50.7361 20885.3216  220.2972 -999.9000    0.0000    0.0000    3.6841   88.5228
  49.5229 21042.2010  222.0824 -999.9000    0.0000    0.0000    3.6944   88.5126
  48.3394 21199.0804  221.4780 -999.9000    0.0000    0.0000    4.0890   88.5757
  47.1874 21355.9598  221.5596 -999.9000    0.0000    0.0000    5.2661   88.7747
  46.0647 21512.8392  221.9653 -999.9000    0.0000    0.0000    6.3407   88.9472
  44.9691 21669.7186  222.2161 -999.9000    0.0000    0.0000    6.5802   88.9570
  43.8989 21826.5980  222.2487 -999.9000    0.0000    0.0000    6.2176   88.8369
  42.8525 21983.4774  222.1236 -999.9000    0.0000    0.0000    5.7694   88.6697
  41.8295 22140.3568  221.8890 -999.9000    0.0000    0.0000    5.5249   88.5214
  40.8309 22297.2362  221.5729 -999.9000    0.0000    0.0000    5.4219   88.4316
  39.8584 22454.1156  221.2047 -999.9000    0.0000    0.0000    5.3689   88.4374
  38.9104 22610.9950  221.6107 -999.9000    0.0000    0.0000    5.5140   88.5046
  37.9838 22767.8744  222.8843 -999.9000    0.0000    0.0000    5.9138   88.5579
  37.0791 22924.7538  223.5892 -999.9000    0.0000    0.0000    6.2370   88.6106
  36.1962 23081.6332  223.6941 -999.9000    0.0000    0.0000    6.4679   88.6649
  35.3349 23238.5126  223.4169 -999.9000    0.0000    0.0000    6.6462   88.7211
  34.4951 23395.3920  222.9750 -999.9000    0.0000    0.0000    6.8120   88.7793
  33.6765 23552.2714  222.5859 -999.9000    0.0000    0.0000    7.0052   88.8396
  32.8792 23709.1508  222.4674 -999.9000    0.0000    0.0000    7.2658   88.9021
  32.1025 23866.0302  222.7612 -999.9000    0.0000    0.0000    7.6064   88.9664
  31.3447 24022.9095  223.3298 -999.9000    0.0000    0.0000    7.9392   89.0294
  30.6036 24179.7889  223.9711 -999.9000    0.0000    0.0000    8.1532   89.0878
  29.8779 24336.6683  224.4574 -999.9000    0.0000    0.0000    8.1569   89.1301
  29.1715 24493.5477  224.4994 -999.9000    0.0000    0.0000    8.0550   89.0898
  28.4842 24650.4271  224.3449 -999.9000    0.0000    0.0000    7.9006   88.9796
  27.8138 24807.3065  224.3626 -999.9000    0.0000    0.0000    7.7081   88.8366
  27.1583 24964.1859  224.9193 -999.9000    0.0000    0.0000    7.4915   88.6979
  26.5173 25121.0653  226.0764 -999.9000    0.0000    0.0000    7.2714   88.5852
  25.8939 25277.9447  227.2459 -999.9000    0.0000    0.0000    7.0825   88.4883
  25.2914 25434.8241  227.7572 -999.9000    0.0000    0.0000    6.9616   88.3927
  24.7096 25591.7035  227.2443 -999.9000    0.0000    0.0000    6.9897   88.3136
  24.1354 25748.5829  226.6926 -999.9000    0.0000    0.0000    7.3279   88.3442
  23.5706 25905.4623  226.4352 -999.9000    0.0000    0.0000    7.8783   88.4419
  23.0189 26062.3417  226.6813 -999.9000    0.0000    0.0000    8.5159   88.5480
  22.4826 26219.2211  227.4966 -999.9000    0.0000    0.0000    9.1401   88.6216
  21.9608 26376.1005  228.5751 -999.9000    0.0000    0.0000    9.7124   88.6692
  21.4521 26532.9799  229.5524 -999.9000    0.0000    0.0000   10.2044   88.7041
  20.9548 26689.8593  230.0634 -999.9000    0.0000    0.0000   10.5877   88.7401
  20.4676 26846.7387  229.7435 -999.9000    0.0000    0.0000   10.8336   88.7908
  19.9891 27003.6181  228.2633 -999.9000    0.0000    0.0000   10.9071   88.8671
  19.5243 27160.4975  227.3443 -999.9000    0.0000    0.0000   10.4460   88.8331
  19.0752 27317.3769  227.7740 -999.9000    0.0000    0.0000    9.5225   88.6652
  18.6391 27474.2563  228.9722 -999.9000    0.0000    0.0000    8.5308   88.4541
  18.2135 27631.1357  230.3587 -999.9000    0.0000    0.0000    7.8656   88.2905
  17.7959 27788.0151  231.3624 -999.9000    0.0000    0.0000    7.8983   88.2601
  17.3864 27944.8945  231.6363 -999.9000    0.0000    0.0000    8.4498   88.3267
  16.9866 28101.7739  231.2068 -999.9000    0.0000    0.0000    9.0389   88.3867
  16.5963 28258.6533  230.3707 -999.9000    0.0000    0.0000    9.6309   88.4341
  16.2153 28415.5327  229.4520 -999.9000    0.0000    0.0000   10.2401   88.4734
  15.8432 28572.4121  228.7746 -999.9000    0.0000    0.0000   10.8811   88.5095
  15.4798 28729.2915  228.6566 -999.9000    0.0000    0.0000   11.5663   88.5468
  15.1246 28886.1709  229.0592 -999.9000    0.0000    0.0000   12.1933   88.5881
  14.7769 29043.0503  229.4258 -999.9000    0.0000    0.0000   12.4983   88.6333
  14.4368 29199.9296  229.5925 -999.9000    0.0000    0.0000   12.4164   88.6841
  14.1043 29356.8090  229.6970 -999.9000    0.0000    0.0000   12.0289   88.7433
  13.7798 29513.6884  229.8830 -999.9000    0.0000    0.0000   11.4203   88.8140
  13.4633 29670.5678  230.2938 -999.9000    0.0000    0.0000   10.6748   88.8992
  13.1552 29827.4472  231.0732 -999.9000    0.0000    0.0000    9.8769   89.0018
  12.8555 29984.3266  232.3078 -999.9000    0.0000    0.0000    9.1087   89.1215
  12.5638 30141.2060  233.6852 -999.9000    0.0000    0.0000    8.4382   89.2343
  12.2794 30298.0854  234.7239 -999.9000    0.0000    0.0000    7.9275   89.3059
  12.0018 30454.9648  234.9412 -999.9000    0.0000    0.0000    7.6386   89.3022
  11.7304 30611.8442  234.1095 -999.9000    0.0000    0.0000    7.5923   89.2026
  11.4650 30768.7236  233.0405 -999.9000    0.0000    0.0000    7.6434   89.0420
  11.2056 30925.6030  232.8109 -999.9000    0.0000    0.0000    7.6041   88.8691
  10.9522 31082.4824  234.0727 -999.9000    0.0000    0.0000    7.3543   88.7216
  10.7056 31239.3618  235.6658 -999.9000    0.0000    0.0000    7.0629   88.5894
  10.4661 31396.2412  236.2722 -999.9000    0.0000    0.0000    6.9271   88.4534
  10.2318 31553.1206  235.9721 -999.9000    0.0000    0.0000    6.9321   88.3118
  10.0000 31710.0000  235.2206 -999.9000    0.0000    0.0000    7.0071   88.1674
