# 06610 LSMP Payerne Observations at 12Z 30 Jul 2008
# Radiosonde file generated by raso.rb
#
  P [hPa],     Z [m],    T [K],   Td [K],   RH [%], r [g/kg], WS [m/s], WD [deg]
 962.0000   491.0000  298.3669 -999.9000   66.1716   13.6900    1.6476   93.0543
 944.6891   647.8794  296.2687 -999.9000   67.7369   12.6302    4.1342   92.6754
 927.6873   804.7588  294.8445 -999.9000   79.4797   13.9071    1.7906   92.9144
 911.0964   961.6382  293.5231 -999.9000   79.9444   14.4362    0.0395   92.0428
 894.7070  1118.5176  292.5601 -999.9000   79.9491   14.3064    1.0114   90.9797
 878.5406  1275.3970  292.2400 -999.9000   80.0185   13.3485    2.0103   90.6229
 862.6769  1432.2764  290.8383 -999.9000   80.9331   13.5129    2.2568   90.4248
 846.9845  1589.1558  289.5739 -999.9000   80.2540   13.9027    3.8787   90.3491
 831.5533  1746.0352  289.2050 -999.9000   80.7306   13.2228    4.7787   90.3950
 816.3570  1902.9146  287.8701 -999.9000   80.6168   11.9693    5.9007   90.4496
 801.3249  2059.7940  286.2604 -999.9000   80.3337   11.5640    6.5402   90.4939
 786.5365  2216.6734  284.8883 -999.9000   80.1749   10.4184    7.3037   90.5367
 771.9169  2373.5528  283.6407 -999.9000   80.5566    8.7627    8.5094   90.5644
 757.5041  2530.4322  282.5709 -999.9000   80.4171    8.5006    9.0540   90.6155
 743.3854  2687.3116  281.9881 -999.9000   77.7673    7.5803    7.9561   90.6080
 729.2940  2844.1910  280.9099 -999.9000   60.3753    5.5688    7.7215   90.6173
 715.5826  3001.0704  279.8623 -999.9000   50.1131    4.3807    9.3082   90.6971
 702.0616  3157.9497  278.6820 -999.9000   51.5899    4.2344   10.5944   90.7782
 688.7126  3314.8291  277.2113 -999.9000   58.9020    4.4448   10.6860   90.8007
 675.5482  3471.7085  275.5943 -999.9000   68.1868    4.6752   10.9359   90.8205
 662.5494  3628.5879  274.1310 -999.9000   74.1198    4.6607   11.5408   90.8487
 649.7305  3785.4673  273.1373 -999.9000   67.2441    4.0055   11.8329   90.8627
 637.1240  3942.3467  272.3023 -999.9000   55.1156    3.1437   11.1495   90.9118
 624.7467  4099.2261  271.3077 -999.9000   50.1398    2.7055    9.5985   91.0167
 612.5275  4256.1055  270.2696 -999.9000   50.0694    2.5464    9.1625   91.0465
 600.5160  4412.9849  269.6855 -999.9000   38.1884    1.8919    9.4394   91.0390
 588.7253  4569.8643  269.1157 -999.9000   22.7489    1.0986    9.6206   91.0433
 577.1128  4726.7437  267.8497 -999.9000   18.1558    0.8108    9.6688   91.0483
 565.6299  4883.6231  267.0426 -999.9000   17.0243    0.7276    9.6299   91.0538
 554.4053  5040.5025  266.5114 -999.9000   13.4908    0.5634    8.9404   91.1400
 543.3471  5197.3819  265.8682 -999.9000   12.8317    0.5190    8.1624   91.2153
 532.4739  5354.2613  264.8763 -999.9000   22.1894    0.8459    8.5696   91.2112
 521.8251  5511.1407  263.8631 -999.9000   24.0352    0.8613    9.3278   91.1806
 511.3144  5668.0201  263.1076 -999.9000   14.0924    0.4842   10.0123   91.1583
 500.9731  5824.8995  261.8016 -999.9000   12.9777    0.4090   10.7190   91.1344
 490.8286  5981.7789  260.2249 -999.9000   18.4078    0.5200   10.8799   91.1143
 480.7236  6138.6583  259.1453 -999.9000   29.2424    0.7703   11.2211   91.0832
 470.8214  6295.5377  257.8904 -999.9000   31.5084    0.7621   11.3271   91.0728
 461.0900  6452.4171  256.4943 -999.9000   30.8434    0.6762   11.0584   90.9894
 451.4963  6609.2965  255.2225 -999.9000   32.0190    0.6422   10.0608   90.8335
 442.0676  6766.1759  254.1732 -999.9000   32.5951    0.6091    9.1821   90.7116
 432.8253  6923.0553  253.2310 -999.9000   32.3131    0.5674   10.1050   90.6964
 423.7241  7079.9347  251.8404 -999.9000   36.0191    0.5712   11.0008   90.7318
 414.7432  7236.8141  250.1474 -999.9000   41.2443    0.5742   10.8148   90.7585
 405.9174  7393.6935  249.1598 -999.9000   31.8328    0.4138   11.0603   90.7794
 397.1974  7550.5729  247.8758 -999.9000   27.2487    0.3219   11.3454   90.7881
 388.6475  7707.4523  246.4811 -999.9000   31.1721    0.3308   11.5080   90.8405
 380.2876  7864.3317  245.4593 -999.9000   34.8222    0.3433   11.7612   90.9010
 372.0784  8021.2111  244.6323 -999.9000   39.0921    0.3645   11.9304   90.8924
 363.9826  8178.0905  243.8259 -999.9000   45.2173    0.3994   11.8612   90.7526
 356.0087  8334.9698  242.9564 -999.9000   54.4557    0.4529   11.8642   90.7678
 348.2042  8491.8492  242.0429 -999.9000   60.5807    0.5188   12.4862   91.3797
 340.5609  8648.7286  241.1685 -999.9000   64.9731    0.5272   12.7400   91.7004
 333.0575  8805.6080  240.2830 -999.9000   65.5832    0.4852   12.7031   91.6152
 325.6771  8962.4874  239.2864 -999.9000   65.0120    0.4338   13.0214   91.4555
 318.4095  9119.3668  238.0627 -999.9000   65.8045    0.3977   13.9635   91.4682
 311.2701  9276.2462  236.4024 -999.9000   60.7041    0.3338   14.1434   91.4746
 304.2599  9433.1256  234.8075 -999.9000   55.5258    0.2938   14.3881   91.4194
 297.3812  9590.0050  233.6999 -999.9000   50.6853    0.2688   14.8892   91.3896
 290.6045  9746.8844  232.4308 -999.9000   45.4804    0.2331   15.2351   91.3805
 283.9369  9903.7638  231.0125 -999.9000   45.7809    0.2031   15.6283   91.3479
 277.3870 10060.6432  229.4909 -999.9000   45.6339    0.1789   16.0310   91.3074
 270.9631 10217.5226  227.9060 -999.9000   45.5734    0.1538   16.3105   91.2950
 264.6694 10374.4020  226.3325 -999.9000   45.6854    0.1244   16.3765   91.3378
 258.4744 10531.2814  225.0774 -999.9000   45.1959    0.1097   16.5297   91.3756
 252.3757 10688.1608  224.0230 -999.9000   45.5141    0.1034   16.7986   91.3933
 246.3812 10845.0402  222.9406 -999.9000   40.2363    0.0916   17.1012   91.3978
 240.4896 11001.9196  221.7231 -999.9000   35.6809    0.0742   17.3843   91.3965
 234.6950 11158.7990  220.3658 -999.9000   35.9357    0.0604   17.6183   91.3968
 229.0082 11315.6784  218.9652 -999.9000   35.4803    0.0528   17.7978   91.3986
 223.4492 11472.5578  217.6691 -999.9000   34.9538    0.0500   17.9296   91.3982
 218.0236 11629.4372  216.4537 -999.9000   30.1107    0.0480   17.7320   91.4126
 212.6609 11786.3166  214.7700 -999.9000   25.5947    0.0350   16.0552   91.5070
 207.3913 11943.1960  213.9293 -999.9000   23.7621    0.0295   14.8793   91.4951
 202.2510 12100.0754  214.6261 -999.9000   17.9996    0.0410   14.5760   91.5711
 197.2536 12256.9548  216.0188 -999.9000    9.0953    0.0304   12.5761   92.1270
 192.4469 12413.8342  218.4058 -999.9000    2.6447    0.0062   13.0248   91.9985
 187.8076 12570.7136  218.2163 -999.9000    0.2369    0.0003   13.2638   91.9213
 183.2603 12727.5930  216.9745 -999.9000    0.2955    0.0003   12.9658   91.8946
 178.8033 12884.4724  216.5552 -999.9000    0.0000    0.0000   12.7247   91.8603
 174.4458 13041.3518  216.9520 -999.9000    0.0133    0.0000   12.8476   91.7991
 170.1876 13198.2312  217.1707 -999.9000    0.0000    0.0000   13.3607   91.6668
 166.0391 13355.1106  217.3318 -999.9000    0.0000    0.0000   13.9666   91.5392
 162.0101 13511.9899  216.9480 -999.9000    0.0002    0.0000   14.2500   91.4198
 158.0706 13668.8693  215.9554 -999.9000    0.0000    0.0000   13.8499   91.3880
 154.1974 13825.7487  215.0734 -999.9000    0.0000    0.0000   12.6702   91.4693
 150.4126 13982.6281  214.9972 -999.9000    0.0000    0.0000   10.7367   91.5650
 146.7292 14139.5075  215.9164 -999.9000    0.0000    0.0000   10.6377   91.5673
 143.1108 14296.3869  214.1292 -999.9000    0.0000    0.0000   10.5344   91.5696
 139.5597 14453.2663  216.5377 -999.9000    0.0000    0.0000   10.4787   91.5684
 136.1266 14610.1457  214.1935 -999.9000    0.0000    0.0000   10.4457   91.5540
 132.7619 14767.0251  213.3170 -999.9000    0.0000    0.0000   10.4172   91.5347
 129.4754 14923.9045  214.3115 -999.9000    0.0000    0.0000   10.3874   91.5197
 126.2897 15080.7839  215.4192 -999.9000    0.0000    0.0000   10.3475   91.5108
 123.1790 15237.6633  216.6522 -999.9000    0.0000    0.0000   10.3359   91.4644
 120.1481 15394.5427  217.1341 -999.9000    0.0000    0.0000   10.1665   91.3748
 117.2138 15551.4221  216.5014 -999.9000    0.0000    0.0000    9.7796   91.2661
 114.3435 15708.3015  216.4210 -999.9000    0.0000    0.0000    9.4329   91.1464
 111.5416 15865.1809  216.1937 -999.9000    0.0000    0.0000    8.8289   91.1933
 108.8149 16022.0603  217.5244 -999.9000    0.0000    0.0000    7.9935   91.4869
 106.1648 16178.9397  217.5971 -999.9000    0.0000    0.0000    7.5134   91.3484
 103.5767 16335.8191  217.2493 -999.9000    0.0000    0.0000    6.0667   91.9971
 101.0524 16492.6985  219.3132 -999.9000    0.0000    0.0000    1.5757   90.4089
  98.6148 16649.5779  217.9397 -999.9000    0.0000    0.0000    0.7897   90.4014
  96.2203 16806.4573  217.2172 -999.9000    0.0000    0.0000    0.0449   87.2598
  93.8688 16963.3367  216.5181 -999.9000    0.0000    0.0000    1.0323   90.4014
  91.5836 17120.2161  216.4134 -999.9000    0.0000    0.0000    1.8978   90.4014
  89.3567 17277.0955  216.4063 -999.9000    0.0000    0.0000    2.5325   90.4014
  87.1784 17433.9749  215.9487 -999.9000    0.0000    0.0000    3.2334   90.3927
  85.0453 17590.8543  215.1526 -999.9000    0.0000    0.0000    4.1673   90.0754
  82.9608 17747.7337  214.8414 -999.9000    0.0000    0.0000    5.3609   90.9865
  80.9282 17904.6131  215.4985 -999.9000    0.0000    0.0000    6.5308   90.6807
  78.9484 18061.4925  216.1541 -999.9000    0.0000    0.0000    6.4486   90.4907
  77.0217 18218.3719  216.8386 -999.9000    0.0000    0.0000    5.5171   90.6714
  75.1483 18375.2513  217.9090 -999.9000    0.0000    0.0000    4.5906   90.9237
  73.3271 18532.1307  219.0235 -999.9000    0.0000    0.0000    3.9993   91.0464
  71.5556 18689.0101  219.1623 -999.9000    0.0000    0.0000    3.5648   90.9336
  69.8260 18845.8894  218.0604 -999.9000    0.0000    0.0000    2.9804   91.0562
  68.1227 19002.7688  217.7841 -999.9000    0.0000    0.0000    1.8790   91.7656
  66.4601 19159.6482  218.1485 -999.9000    0.0000    0.0000    0.8910   89.5288
  64.8418 19316.5276  218.6469 -999.9000    0.0000    0.0000    0.6260   87.4851
  63.2670 19473.4070  219.0656 -999.9000    0.0000    0.0000    1.2140   87.9468
  61.7318 19630.2864  219.6424 -999.9000    0.0000    0.0000    1.8459   88.3028
  60.2355 19787.1658  219.8711 -999.9000    0.0000    0.0000    2.6345   88.5476
  58.7762 19944.0452  219.5912 -999.9000    0.0000    0.0000    3.5199   88.9105
  57.3501 20100.9246  219.2289 -999.9000    0.0000    0.0000    3.9971   89.0671
  55.9562 20257.8040  218.9782 -999.9000    0.0000    0.0000    3.9684   88.9446
  54.5968 20414.6834  218.7594 -999.9000    0.0000    0.0000    3.7989   88.7725
  53.2731 20571.5628  218.7242 -999.9000    0.0000    0.0000    3.6512   88.6461
  51.9860 20728.4422  219.1833 -999.9000    0.0000    0.0000    3.5418   88.5640
  50.7361 20885.3216  220.4502 -999.9000    0.0000    0.0000    3.4848   88.5228
  49.5229 21042.2010  222.2360 -999.9000    0.0000    0.0000    3.4633   88.5126
  48.3394 21199.0804  221.6308 -999.9000    0.0000    0.0000    3.8263   88.5757
  47.1874 21355.9598  221.7102 -999.9000    0.0000    0.0000    4.9722   88.7747
  46.0647 21512.8392  222.1123 -999.9000    0.0000    0.0000    6.0160   88.9472
  44.9691 21669.7186  222.3582 -999.9000    0.0000    0.0000    6.2254   88.9570
  43.8989 21826.5980  222.3847 -999.9000    0.0000    0.0000    5.8335   88.8369
  42.8525 21983.4774  222.2526 -999.9000    0.0000    0.0000    5.3568   88.6697
  41.8295 22140.3568  222.0101 -999.9000    0.0000    0.0000    5.0848   88.5214
  40.8309 22297.2362  221.6854 -999.9000    0.0000    0.0000    4.9555   88.4316
  39.8584 22454.1156  221.3081 -999.9000    0.0000    0.0000    4.8774   88.4374
  38.9104 22610.9950  221.7047 -999.9000    0.0000    0.0000    4.9987   88.5046
  37.9838 22767.8744  222.9685 -999.9000    0.0000    0.0000    5.3761   88.5579
  37.0791 22924.7538  223.6636 -999.9000    0.0000    0.0000    5.6786   88.6106
  36.1962 23081.6332  223.7588 -999.9000    0.0000    0.0000    5.8905   88.6649
  35.3349 23238.5126  223.4721 -999.9000    0.0000    0.0000    6.0517   88.7211
  34.4951 23395.3920  223.0210 -999.9000    0.0000    0.0000    6.2022   88.7793
  33.6765 23552.2714  222.6234 -999.9000    0.0000    0.0000    6.3822   88.8396
  32.8792 23709.1508  222.4969 -999.9000    0.0000    0.0000    6.6318   88.9021
  32.1025 23866.0302  222.7837 -999.9000    0.0000    0.0000    6.9637   88.9664
  31.3447 24022.9095  223.3462 -999.9000    0.0000    0.0000    7.2902   89.0294
  30.6036 24179.7889  223.9825 -999.9000    0.0000    0.0000    7.5005   89.0878
  29.8779 24336.6683  224.4652 -999.9000    0.0000    0.0000    7.5031   89.1301
  29.1715 24493.5477  224.5050 -999.9000    0.0000    0.0000    7.4029   89.0898
  28.4842 24650.4271  224.3499 -999.9000    0.0000    0.0000    7.2531   88.9796
  27.8138 24807.3065  224.3687 -999.9000    0.0000    0.0000    7.0682   88.8366
  27.1583 24964.1859  224.9284 -999.9000    0.0000    0.0000    6.8622   88.6979
  26.5173 25121.0653  226.0901 -999.9000    0.0000    0.0000    6.6557   88.5852
  25.8939 25277.9447  227.2660 -999.9000    0.0000    0.0000    6.4829   88.4883
  25.2914 25434.8241  227.7852 -999.9000    0.0000    0.0000    6.3806   88.3927
  24.7096 25591.7035  227.2815 -999.9000    0.0000    0.0000    6.4296   88.3136
  24.1354 25748.5829  226.7404 -999.9000    0.0000    0.0000    6.7907   88.3442
  23.5706 25905.4623  226.4948 -999.9000    0.0000    0.0000    7.3659   88.4419
  23.0189 26062.3417  226.7538 -999.9000    0.0000    0.0000    8.0300   88.5480
  22.4826 26219.2211  227.5830 -999.9000    0.0000    0.0000    8.6821   88.6216
  21.9608 26376.1005  228.6764 -999.9000    0.0000    0.0000    9.2836   88.6692
  21.4521 26532.9799  229.6692 -999.9000    0.0000    0.0000    9.8058   88.7041
  20.9548 26689.8593  230.1965 -999.9000    0.0000    0.0000   10.2202   88.7401
  20.4676 26846.7387  229.8934 -999.9000    0.0000    0.0000   10.4979   88.7908
  19.9891 27003.6181  228.4305 -999.9000    0.0000    0.0000   10.6035   88.8671
  19.5243 27160.4975  227.5292 -999.9000    0.0000    0.0000   10.1749   88.8331
  19.0752 27317.3769  227.9769 -999.9000    0.0000    0.0000    9.2839   88.6652
  18.6391 27474.2563  229.1931 -999.9000    0.0000    0.0000    8.3246   88.4541
  18.2135 27631.1357  230.5977 -999.9000    0.0000    0.0000    7.6914   88.2905
  17.7959 27788.0151  231.6194 -999.9000    0.0000    0.0000    7.7555   88.2601
  17.3864 27944.8945  231.9112 -999.9000    0.0000    0.0000    8.3378   88.3267
  16.9866 28101.7739  231.4994 -999.9000    0.0000    0.0000    8.9567   88.3867
  16.5963 28258.6533  230.6805 -999.9000    0.0000    0.0000    9.5774   88.4341
  16.2153 28415.5327  229.7786 -999.9000    0.0000    0.0000   10.2138   88.4734
  15.8432 28572.4121  229.1174 -999.9000    0.0000    0.0000   10.8806   88.5095
  15.4798 28729.2915  229.0148 -999.9000    0.0000    0.0000   11.5898   88.5468
  15.1246 28886.1709  229.4321 -999.9000    0.0000    0.0000   12.2388   88.5881
  14.7769 29043.0503  229.8125 -999.9000    0.0000    0.0000   12.5637   88.6333
  14.4368 29199.9296  229.9919 -999.9000    0.0000    0.0000   12.4994   88.6841
  14.1043 29356.8090  230.1081 -999.9000    0.0000    0.0000   12.1269   88.7433
  13.7798 29513.6884  230.3045 -999.9000    0.0000    0.0000   11.5306   88.8140
  13.4633 29670.5678  230.7244 -999.9000    0.0000    0.0000   10.7944   88.8992
  13.1552 29827.4472  231.5114 -999.9000    0.0000    0.0000   10.0026   89.0018
  12.8555 29984.3266  232.7521 -999.9000    0.0000    0.0000    9.2372   89.1215
  12.5638 30141.2060  234.1340 -999.9000    0.0000    0.0000    8.5660   89.2343
  12.2794 30298.0854  235.1754 -999.9000    0.0000    0.0000    8.0508   89.3059
  12.0018 30454.9648  235.3936 -999.9000    0.0000    0.0000    7.7535   89.3022
  11.7304 30611.8442  234.5608 -999.9000    0.0000    0.0000    7.6946   89.2026
  11.4650 30768.7236  233.4886 -999.9000    0.0000    0.0000    7.7287   89.0420
  11.2056 30925.6030  233.2536 -999.9000    0.0000    0.0000    7.6680   88.8691
  10.9522 31082.4824  234.5077 -999.9000    0.0000    0.0000    7.3918   88.7216
  10.7056 31239.3618  236.0907 -999.9000    0.0000    0.0000    7.0693   88.5894
  10.4661 31396.2412  236.6846 -999.9000    0.0000    0.0000    6.8971   88.4534
  10.2318 31553.1206  236.3695 -999.9000    0.0000    0.0000    6.8604   88.3118
  10.0000 31710.0000  235.6001 -999.9000    0.0000    0.0000    6.8882   88.1674
