# 06610 LSMP Payerne Observations at 12Z 30 Jul 2008
# Radiosonde file generated by raso.rb
#
  P [hPa],     Z [m],    T [K],   Td [K],   RH [%], r [g/kg], WS [m/s], WD [deg]
 962.0000   491.0000  298.3224 -999.9000   66.2390   13.6900    1.8300   93.0543
 944.6891   647.8794  296.3442 -999.9000   67.8181   12.6302    4.3286   92.6754
 927.6873   804.7588  295.0275 -999.9000   79.5882   13.9071    1.9970   92.9144
 911.0964   961.6382  293.8014 -999.9000   80.0656   14.4362    0.2581   92.0428
 894.7070  1118.5176  292.9221 -999.9000   80.0812   14.3064    1.2421   90.9797
 878.5406  1275.3970  292.6743 -999.9000   80.1605   13.3485    2.2531   90.6229
 862.6769  1432.2764  291.3340 -999.9000   81.0855   13.5129    2.5116   90.4248
 846.9845  1589.1558  290.1207 -999.9000   80.4129   13.9027    4.1454   90.3491
 831.5533  1746.0352  289.7929 -999.9000   80.8972   13.2228    5.0572   90.3950
 816.3570  1902.9146  288.4895 -999.9000   80.7889   11.9693    6.1908   90.4496
 801.3249  2059.7940  286.9023 -999.9000   80.5100   11.5640    6.8415   90.4939
 786.5365  2216.6734  285.5439 -999.9000   80.3547   10.4184    7.6161   90.5367
 771.9169  2373.5528  284.3019 -999.9000   80.7403    8.7627    8.8326   90.5644
 757.5041  2530.4322  283.2299 -999.9000   80.6027    8.5006    9.3875   90.6155
 743.3854  2687.3116  282.6376 -999.9000   77.9482    7.5803    8.2996   90.6080
 729.2940  2844.1910  281.5429 -999.9000   60.5162    5.5688    8.0745   90.6173
 715.5826  3001.0704  280.4724 -999.9000   50.2300    4.3807    9.6702   90.6971
 702.0616  3157.9497  279.2632 -999.9000   51.7097    4.2344   10.9649   90.7782
 688.7126  3314.8291  277.7579 -999.9000   59.0378    4.4448   11.0645   90.8007
 675.5482  3471.7085  276.1012 -999.9000   68.3423    4.6752   11.3217   90.8205
 662.5494  3628.5879  274.5935 -999.9000   74.2864    4.6607   11.9332   90.8487
 649.7305  3785.4673  273.5513 -999.9000   67.3926    4.0055   12.2313   90.8627
 637.1240  3942.3467  272.6637 -999.9000   55.2349    3.1437   11.5532   90.9118
 624.7467  4099.2261  271.6133 -999.9000   50.2458    2.7055   10.0066   91.0167
 612.5275  4256.1055  270.5163 -999.9000   50.1724    2.5464    9.5743   91.0465
 600.5160  4412.9849  269.8710 -999.9000   38.2646    1.8919    9.8540   91.0390
 588.7253  4569.8643  269.2377 -999.9000   22.7928    1.0986   10.0372   91.0433
 577.1128  4726.7437  267.9066 -999.9000   18.1896    0.8108   10.0864   91.0483
 565.6299  4883.6231  267.0333 -999.9000   17.0547    0.7276   10.0474   91.0538
 554.4053  5040.5025  266.4350 -999.9000   13.5139    0.5634    9.3569   91.1400
 543.3471  5197.3819  265.7245 -999.9000   12.8526    0.5190    8.5768   91.2153
 532.4739  5354.2613  264.6653 -999.9000   22.2238    0.8459    8.9809   91.2112
 521.8251  5511.1407  263.5855 -999.9000   24.0704    0.8613    9.7347   91.1806
 511.3144  5668.0201  262.7642 -999.9000   14.1119    0.4842   10.4137   91.1583
 500.9731  5824.8995  261.3939 -999.9000   12.9945    0.4090   11.1136   91.1344
 490.8286  5981.7789  259.7548 -999.9000   18.4301    0.5200   11.2665   91.1143
 480.7236  6138.6583  258.6152 -999.9000   29.2752    0.7703   11.5985   91.0832
 470.8214  6295.5377  257.3028 -999.9000   31.5411    0.7621   11.6938   91.0728
 461.0900  6452.4171  255.8526 -999.9000   30.8728    0.6762   11.4130   90.9894
 451.4963  6609.2965  254.5303 -999.9000   32.0469    0.6422   10.4019   90.8335
 442.0676  6766.1759  253.4345 -999.9000   32.6208    0.6091    9.5082   90.7116
 432.8253  6923.0553  252.4503 -999.9000   32.3360    0.5674   10.4147   90.6964
 423.7241  7079.9347  251.0227 -999.9000   36.0419    0.5712   11.2924   90.7318
 414.7432  7236.8141  249.2980 -999.9000   41.2673    0.5742   11.0869   90.7585
 405.9174  7393.6935  248.2845 -999.9000   31.8484    0.4138   11.3110   90.7794
 397.1974  7550.5729  246.9807 -999.9000   27.2602    0.3219   11.5733   90.7881
 388.6475  7707.4523  245.5724 -999.9000   31.1834    0.3308   11.7114   90.8405
 380.2876  7864.3317  244.5427 -999.9000   34.8328    0.3433   11.9388   90.9010
 372.0784  8021.2111  243.7131 -999.9000   39.1018    0.3645   12.0812   90.8924
 363.9826  8178.0905  242.9092 -999.9000   45.2263    0.3994   11.9843   90.7526
 356.0087  8334.9698  242.0468 -999.9000   54.4640    0.4529   11.9590   90.7678
 348.2042  8491.8492  241.1447 -999.9000   60.5872    0.5188   12.5523   91.3797
 340.5609  8648.7286  240.2856 -999.9000   64.9774    0.5272   12.7771   91.7004
 333.0575  8805.6080  239.4190 -999.9000   65.5851    0.4852   12.7113   91.6152
 325.6771  8962.4874  238.4444 -999.9000   65.0115    0.4338   13.0008   91.4555
 318.4095  9119.3668  237.2456 -999.9000   65.8019    0.3977   13.9147   91.4682
 311.2701  9276.2462  235.6128 -999.9000   60.6998    0.3338   14.0669   91.4746
 304.2599  9433.1256  234.0474 -999.9000   55.5204    0.2938   14.2849   91.4194
 297.3812  9590.0050  232.9712 -999.9000   50.6791    0.2688   14.7604   91.3896
 290.6045  9746.8844  231.7349 -999.9000   45.4737    0.2331   15.0820   91.3805
 283.9369  9903.7638  230.3503 -999.9000   45.7731    0.2031   15.4524   91.3479
 277.3870 10060.6432  228.8633 -999.9000   45.6253    0.1789   15.8341   91.3074
 270.9631 10217.5226  227.3133 -999.9000   45.5639    0.1538   16.0946   91.2950
 264.6694 10374.4020  225.7747 -999.9000   45.6751    0.1244   16.1437   91.3378
 258.4744 10531.2814  224.5541 -999.9000   45.1849    0.1097   16.2825   91.3756
 252.3757 10688.1608  223.5335 -999.9000   45.5023    0.1034   16.5396   91.3933
 246.3812 10845.0402  222.4838 -999.9000   40.2253    0.0916   16.8333   91.3978
 240.4896 11001.9196  221.2976 -999.9000   35.6706    0.0742   17.1104   91.3965
 234.6950 11158.7990  219.9701 -999.9000   35.9249    0.0604   17.3416   91.3968
 229.0082 11315.6784  218.5978 -999.9000   35.4692    0.0528   17.5212   91.3986
 223.4492 11472.5578  217.3285 -999.9000   34.9424    0.0500   17.6557   91.3982
 218.0236 11629.4372  216.1385 -999.9000   30.1005    0.0480   17.4635   91.4126
 212.6609 11786.3166  214.4790 -999.9000   25.5857    0.0350   15.7945   91.5070
 207.3913 11943.1960  213.6610 -999.9000   23.7536    0.0295   14.6286   91.4951
 202.2510 12100.0754  214.3795 -999.9000   17.9929    0.0410   14.3376   91.5711
 197.2536 12256.9548  215.7924 -999.9000    9.0919    0.0304   12.3519   92.1270
 192.4469 12413.8342  218.1986 -999.9000    2.6437    0.0062   12.8168   91.9985
 187.8076 12570.7136  218.0271 -999.9000    0.2369    0.0003   13.0735   91.9213
 183.2603 12727.5930  216.8023 -999.9000    0.2954    0.0003   12.7948   91.8946
 178.8033 12884.4724  216.3988 -999.9000    0.0000    0.0000   12.5745   91.8603
 174.4458 13041.3518  216.8104 -999.9000    0.0133    0.0000   12.7194   91.7991
 170.1876 13198.2312  217.0431 -999.9000    0.0000    0.0000   13.2555   91.6668
 166.0391 13355.1106  217.2172 -999.9000    0.0000    0.0000   13.8854   91.5392
 162.0101 13511.9899  216.8456 -999.9000    0.0002    0.0000   14.1937   91.4198
 158.0706 13668.8693  215.8643 -999.9000    0.0000    0.0000   13.8189   91.3880
 154.1974 13825.7487  214.9928 -999.9000    0.0000    0.0000   12.6652   91.4693
 150.4126 13982.6281  214.9265 -999.9000    0.0000    0.0000   10.7580   91.5650
 146.7292 14139.5075  215.8547 -999.9000    0.0000    0.0000   10.6855   91.5673
 143.1108 14296.3869  214.0760 -999.9000    0.0000    0.0000   10.6087   91.5696
 139.5597 14453.2663  216.4924 -999.9000    0.0000    0.0000   10.5795   91.5684
 136.1266 14610.1457  214.1554 -999.9000    0.0000    0.0000   10.5727   91.5540
 132.7619 14767.0251  213.2858 -999.9000    0.0000    0.0000   10.5699   91.5347
 129.4754 14923.9045  214.2866 -999.9000    0.0000    0.0000   10.5651   91.5197
 126.2897 15080.7839  215.4002 -999.9000    0.0000    0.0000   10.5493   91.5108
 123.1790 15237.6633  216.6388 -999.9000    0.0000    0.0000   10.5608   91.4644
 120.1481 15394.5427  217.1258 -999.9000    0.0000    0.0000   10.4131   91.3748
 117.2138 15551.4221  216.4981 -999.9000    0.0000    0.0000   10.0465   91.2661
 114.3435 15708.3015  216.4224 -999.9000    0.0000    0.0000    9.7185   91.1464
 111.5416 15865.1809  216.1996 -999.9000    0.0000    0.0000    9.1312   91.1933
 108.8149 16022.0603  217.5347 -999.9000    0.0000    0.0000    8.3106   91.4869
 106.1648 16178.9397  217.6116 -999.9000    0.0000    0.0000    7.8429   91.3484
 103.5767 16335.8191  217.2681 -999.9000    0.0000    0.0000    6.4062   91.9971
 101.0524 16492.6985  219.3363 -999.9000    0.0000    0.0000    1.9224   90.4089
  98.6148 16649.5779  217.9671 -999.9000    0.0000    0.0000    1.1408   90.4014
  96.2203 16806.4573  217.2489 -999.9000    0.0000    0.0000    0.3076   90.4014
  93.8688 16963.3367  216.5543 -999.9000    0.0000    0.0000    1.3828   90.4014
  91.5836 17120.2161  216.4543 -999.9000    0.0000    0.0000    2.2430   90.4014
  89.3567 17277.0955  216.4522 -999.9000    0.0000    0.0000    2.8686   90.4014
  87.1784 17433.9749  215.9998 -999.9000    0.0000    0.0000    3.5567   90.3927
  85.0453 17590.8543  215.2093 -999.9000    0.0000    0.0000    4.4736   90.0754
  82.9608 17747.7337  214.9040 -999.9000    0.0000    0.0000    5.6459   90.9865
  80.9282 17904.6131  215.5675 -999.9000    0.0000    0.0000    6.7902   90.6807
  78.9484 18061.4925  216.2298 -999.9000    0.0000    0.0000    6.6779   90.4907
  77.0217 18218.3719  216.9212 -999.9000    0.0000    0.0000    5.7126   90.6714
  75.1483 18375.2513  217.9986 -999.9000    0.0000    0.0000    4.7489   90.9237
  73.3271 18532.1307  219.1200 -999.9000    0.0000    0.0000    4.1177   91.0464
  71.5556 18689.0101  219.2654 -999.9000    0.0000    0.0000    3.6410   90.9336
  69.8260 18845.8894  218.1697 -999.9000    0.0000    0.0000    3.0125   91.0562
  68.1227 19002.7688  217.8991 -999.9000    0.0000    0.0000    1.8658   91.7656
  66.4601 19159.6482  218.2683 -999.9000    0.0000    0.0000    0.8318   89.5288
  64.8418 19316.5276  218.7708 -999.9000    0.0000    0.0000    0.5205   87.4851
  63.2670 19473.4070  219.1924 -999.9000    0.0000    0.0000    1.0625   87.9468
  61.7318 19630.2864  219.7709 -999.9000    0.0000    0.0000    1.6492   88.3028
  60.2355 19787.1658  220.0000 -999.9000    0.0000    0.0000    2.3940   88.5476
  58.7762 19944.0452  219.7189 -999.9000    0.0000    0.0000    3.2373   88.9105
  57.3501 20100.9246  219.3537 -999.9000    0.0000    0.0000    3.6748   89.0671
  55.9562 20257.8040  219.0983 -999.9000    0.0000    0.0000    3.6093   88.9446
  54.5968 20414.6834  218.8727 -999.9000    0.0000    0.0000    3.4062   88.7725
  53.2731 20571.5628  218.8286 -999.9000    0.0000    0.0000    3.2289   88.6461
  51.9860 20728.4422  219.2765 -999.9000    0.0000    0.0000    3.0943   88.5640
  50.7361 20885.3216  220.5297 -999.9000    0.0000    0.0000    3.0170   88.5228
  49.5229 21042.2010  222.2991 -999.9000    0.0000    0.0000    2.9805   88.5126
  48.3394 21199.0804  221.6748 -999.9000    0.0000    0.0000    3.3346   88.5757
  47.1874 21355.9598  221.7321 -999.9000    0.0000    0.0000    4.4779   88.7747
  46.0647 21512.8392  222.1092 -999.9000    0.0000    0.0000    5.5257   88.9472
  44.9691 21669.7186  222.3274 -999.9000    0.0000    0.0000    5.7453   88.9570
  43.8989 21826.5980  222.3241 -999.9000    0.0000    0.0000    5.3691   88.8369
  42.8525 21983.4774  222.1603 -999.9000    0.0000    0.0000    4.9131   88.6697
  41.8295 22140.3568  221.8846 -999.9000    0.0000    0.0000    4.6664   88.5214
  40.8309 22297.2362  221.5257 -999.9000    0.0000    0.0000    4.5663   88.4316
  39.8584 22454.1156  221.1133 -999.9000    0.0000    0.0000    4.5210   88.4374
  38.9104 22610.9950  221.4745 -999.9000    0.0000    0.0000    4.6780   88.5046
  37.9838 22767.8744  222.7030 -999.9000    0.0000    0.0000    5.0937   88.5579
  37.0791 22924.7538  223.3630 -999.9000    0.0000    0.0000    5.4363   88.6106
  36.1962 23081.6332  223.4238 -999.9000    0.0000    0.0000    5.6896   88.6649
  35.3349 23238.5126  223.1039 -999.9000    0.0000    0.0000    5.8931   88.7211
  34.4951 23395.3920  222.6210 -999.9000    0.0000    0.0000    6.0864   88.7793
  33.6765 23552.2714  222.1934 -999.9000    0.0000    0.0000    6.3089   88.8396
  32.8792 23709.1508  222.0391 -999.9000    0.0000    0.0000    6.6004   88.9021
  32.1025 23866.0302  222.3007 -999.9000    0.0000    0.0000    6.9729   88.9664
  31.3447 24022.9095  222.8409 -999.9000    0.0000    0.0000    7.3383   89.0294
  30.6036 24179.7889  223.4582 -999.9000    0.0000    0.0000    7.5852   89.0878
  29.8779 24336.6683  223.9256 -999.9000    0.0000    0.0000    7.6217   89.1301
  29.1715 24493.5477  223.9540 -999.9000    0.0000    0.0000    7.5521   89.0898
  28.4842 24650.4271  223.7920 -999.9000    0.0000    0.0000    7.4290   88.9796
  27.8138 24807.3065  223.8086 -999.9000    0.0000    0.0000    7.2665   88.8366
  27.1583 24964.1859  224.3710 -999.9000    0.0000    0.0000    7.0782   88.6979
  26.5173 25121.0653  225.5401 -999.9000    0.0000    0.0000    6.8850   88.5852
  25.8939 25277.9447  226.7275 -999.9000    0.0000    0.0000    6.7215   88.4883
  25.2914 25434.8241  227.2623 -999.9000    0.0000    0.0000    6.6245   88.3927
  24.7096 25591.7035  226.7778 -999.9000    0.0000    0.0000    6.6754   88.3136
  24.1354 25748.5829  226.2590 -999.9000    0.0000    0.0000    7.0350   88.3442
  23.5706 25905.4623  226.0386 -999.9000    0.0000    0.0000    7.6057   88.4419
  23.0189 26062.3417  226.3254 -999.9000    0.0000    0.0000    8.2625   88.5480
  22.4826 26219.2211  227.1846 -999.9000    0.0000    0.0000    8.9050   88.6216
  21.9608 26376.1005  228.3097 -999.9000    0.0000    0.0000    9.4946   88.6692
  21.4521 26532.9799  229.3359 -999.9000    0.0000    0.0000   10.0032   88.7041
  20.9548 26689.8593  229.8976 -999.9000    0.0000    0.0000   10.4022   88.7401
  20.4676 26846.7387  229.6299 -999.9000    0.0000    0.0000   10.6633   88.7908
  19.9891 27003.6181  228.2027 -999.9000    0.0000    0.0000   10.7512   88.8671
  19.5243 27160.4975  227.3372 -999.9000    0.0000    0.0000   10.3042   88.8331
  19.0752 27317.3769  227.8205 -999.9000    0.0000    0.0000    9.3943   88.6652
  18.6391 27474.2563  229.0717 -999.9000    0.0000    0.0000    8.4159   88.4541
  18.2135 27631.1357  230.5105 -999.9000    0.0000    0.0000    7.7637   88.2905
  17.7959 27788.0151  231.5650 -999.9000    0.0000    0.0000    7.8092   88.2601
  17.3864 27944.8945  231.8881 -999.9000    0.0000    0.0000    8.3734   88.3267
  16.9866 28101.7739  231.5055 -999.9000    0.0000    0.0000    8.9753   88.3867
  16.5963 28258.6533  230.7136 -999.9000    0.0000    0.0000    9.5801   88.4341
  16.2153 28415.5327  229.8360 -999.9000    0.0000    0.0000   10.2022   88.4734
  15.8432 28572.4121  229.1960 -999.9000    0.0000    0.0000   10.8563   88.5095
  15.4798 28729.2915  229.1114 -999.9000    0.0000    0.0000   11.5549   88.5468
  15.1246 28886.1709  229.5429 -999.9000    0.0000    0.0000   12.1957   88.5881
  14.7769 29043.0503  229.9335 -999.9000    0.0000    0.0000   12.5151   88.6333
  14.4368 29199.9296  230.1187 -999.9000    0.0000    0.0000   12.4480   88.6841
  14.1043 29356.8090  230.2360 -999.9000    0.0000    0.0000   12.0759   88.7433
  13.7798 29513.6884  230.4283 -999.9000    0.0000    0.0000   11.4835   88.8140
  13.4633 29670.5678  230.8388 -999.9000    0.0000    0.0000   10.7550   88.8992
  13.1552 29827.4472  231.6106 -999.9000    0.0000    0.0000    9.9749   89.0018
  12.8555 29984.3266  232.8300 -999.9000    0.0000    0.0000    9.2254   89.1215
  12.5638 30141.2060  234.1841 -999.9000    0.0000    0.0000    8.5748   89.2343
  12.2794 30298.0854  235.1908 -999.9000    0.0000    0.0000    8.0850   89.3059
  12.0018 30454.9648  235.3672 -999.9000    0.0000    0.0000    7.8181   89.3022
  11.7304 30611.8442  234.4851 -999.9000    0.0000    0.0000    7.7952   89.2026
  11.4650 30768.7236  233.3558 -999.9000    0.0000    0.0000    7.8710   89.0420
  11.2056 30925.6030  233.0554 -999.9000    0.0000    0.0000    7.8579   88.8691
  10.9522 31082.4824  234.2356 -999.9000    0.0000    0.0000    7.6357   88.7216
  10.7056 31239.3618  235.7359 -999.9000    0.0000    0.0000    7.3736   88.5894
  10.4661 31396.2412  236.2378 -999.9000    0.0000    0.0000    7.2686   88.4534
  10.2318 31553.1206  235.8210 -999.9000    0.0000    0.0000    7.3064   88.3118
  10.0000 31710.0000  234.9400 -999.9000    0.0000    0.0000    7.4159   88.1674
