# 06610 LSMP Payerne Observations at 12Z 30 Jul 2008
# Radiosonde file generated by raso.rb
#
  P [hPa],     Z [m],    T [K],   Td [K],   RH [%], r [g/kg], WS [m/s], WD [deg]
 962.0000   491.0000  298.0995 -999.9000   66.2025   13.6900    2.0011   93.0543
 944.6891   647.8794  296.0803 -999.9000   67.7508   12.6302    4.4670   92.6754
 927.6873   804.7588  294.7263 -999.9000   79.4770   13.9071    2.1047   92.9144
 911.0964   961.6382  293.4666 -999.9000   79.9242   14.4362    0.3371   92.0428
 894.7070  1118.5176  292.5570 -999.9000   79.9133   14.3064    1.2943   90.9797
 878.5406  1275.3970  292.2823 -999.9000   79.9685   13.3485    2.2804   90.6229
 862.6769  1432.2764  290.9185 -999.9000   80.8699   13.5129    2.5157   90.4248
 846.9845  1589.1558  289.6848 -999.9000   80.1803   13.9027    4.1281   90.3491
 831.5533  1746.0352  289.3396 -999.9000   80.6468   13.2228    5.0202   90.3950
 816.3570  1902.9146  288.0219 -999.9000   80.5250   11.9693    6.1357   90.4496
 801.3249  2059.7940  286.4232 -999.9000   80.2354   11.5640    6.7700   90.4939
 786.5365  2216.6734  285.0560 -999.9000   80.0713   10.4184    7.5294   90.5367
 771.9169  2373.5528  283.8080 -999.9000   80.4481    8.7627    8.7324   90.5644
 757.5041  2530.4322  282.7324 -999.9000   80.3056    8.5006    9.2751   90.6155
 743.3854  2687.3116  282.1390 -999.9000   77.6575    7.5803    8.1763   90.6080
 729.2940  2844.1910  281.0456 -999.9000   60.2893    5.5688    7.9415   90.6173
 715.5826  3001.0704  279.9785 -999.9000   50.0417    4.3807    9.5288   90.6971
 702.0616  3157.9497  278.7750 -999.9000   51.5168    4.2344   10.8163   90.7782
 688.7126  3314.8291  277.2773 -999.9000   58.8198    4.4448   10.9096   90.8007
 675.5482  3471.7085  275.6303 -999.9000   68.0937    4.6752   11.1616   90.8205
 662.5494  3628.5879  274.1340 -999.9000   74.0215    4.6607   11.7689   90.8487
 649.7305  3785.4673  273.1049 -999.9000   67.1582    4.0055   12.0637   90.8627
 637.1240  3942.3467  272.2321 -999.9000   55.0483    3.1437   11.3831   90.9118
 624.7467  4099.2261  271.1980 -999.9000   50.0817    2.7055    9.8348   91.0167
 612.5275  4256.1055  270.1187 -999.9000   50.0148    2.5464    9.4015   91.0465
 600.5160  4412.9849  269.4923 -999.9000   38.1495    1.8919    9.6809   91.0390
 588.7253  4569.8643  268.8793 -999.9000   22.7275    1.0986    9.8643   91.0433
 577.1128  4726.7437  267.5695 -999.9000   18.1402    0.8108    9.9143   91.0483
 565.6299  4883.6231  266.7185 -999.9000   17.0111    0.7276    9.8766   91.0538
 554.4053  5040.5025  266.1435 -999.9000   13.4815    0.5634    9.1878   91.1400
 543.3471  5197.3819  265.4569 -999.9000   12.8240    0.5190    8.4098   91.2153
 532.4739  5354.2613  264.4225 -999.9000   22.1781    0.8459    8.8161   91.2112
 521.8251  5511.1407  263.3679 -999.9000   24.0251    0.8613    9.5725   91.1806
 511.3144  5668.0201  262.5724 -999.9000   14.0877    0.4842   10.2543   91.1583
 500.9731  5824.8995  261.2283 -999.9000   12.9745    0.4090   10.9571   91.1344
 490.8286  5981.7789  259.6156 -999.9000   18.4048    0.5200   11.1130   91.1143
 480.7236  6138.6583  258.5026 -999.9000   29.2400    0.7703   11.4479   91.0832
 470.8214  6295.5377  257.2170 -999.9000   31.5082    0.7621   11.5461   91.0728
 461.0900  6452.4171  255.7934 -999.9000   30.8455    0.6762   11.2680   90.9894
 451.4963  6609.2965  254.4975 -999.9000   32.0233    0.6422   10.2595   90.8335
 442.0676  6766.1759  253.4281 -999.9000   32.6014    0.6091    9.3681   90.7116
 432.8253  6923.0553  252.4698 -999.9000   32.3210    0.5674   10.2766   90.6964
 423.7241  7079.9347  251.0676 -999.9000   36.0296    0.5712   11.1560   90.7318
 414.7432  7236.8141  249.3679 -999.9000   41.2578    0.5742   10.9516   90.7585
 405.9174  7393.6935  248.3787 -999.9000   31.8442    0.4138   11.1766   90.7794
 397.1974  7550.5729  247.0985 -999.9000   27.2589    0.3219   11.4390   90.7881
 388.6475  7707.4523  245.7129 -999.9000   31.1841    0.3308   11.5768   90.8405
 380.2876  7864.3317  244.7051 -999.9000   34.8356    0.3433   11.8033   90.9010
 372.0784  8021.2111  243.8966 -999.9000   39.1069    0.3645   11.9442   90.8924
 363.9826  8178.0905  243.1127 -999.9000   45.2339    0.3994   11.8453   90.7526
 356.0087  8334.9698  242.2695 -999.9000   54.4749    0.4529   11.8174   90.7678
 348.2042  8491.8492  241.3854 -999.9000   60.6008    0.5188   12.4075   91.3797
 340.5609  8648.7286  240.5433 -999.9000   64.9933    0.5272   12.6286   91.7004
 333.0575  8805.6080  239.6927 -999.9000   65.6022    0.4852   12.5585   91.6152
 325.6771  8962.4874  238.7330 -999.9000   65.0294    0.4338   12.8432   91.4555
 318.4095  9119.3668  237.5479 -999.9000   65.8209    0.3977   13.7516   91.4682
 311.2701  9276.2462  235.9275 -999.9000   60.7182    0.3338   13.8978   91.4746
 304.2599  9433.1256  234.3735 -999.9000   55.5380    0.2938   14.1093   91.4194
 297.3812  9590.0050  233.3072 -999.9000   50.6961    0.2688   14.5776   91.3896
 290.6045  9746.8844  232.0795 -999.9000   45.4900    0.2331   14.8915   91.3805
 283.9369  9903.7638  230.7022 -999.9000   45.7910    0.2031   15.2537   91.3479
 277.3870 10060.6432  229.2210 -999.9000   45.6447    0.1789   15.6265   91.3074
 270.9631 10217.5226  227.6755 -999.9000   45.5854    0.1538   15.8776   91.2950
 264.6694 10374.4020  226.1398 -999.9000   45.6992    0.1244   15.9167   91.3378
 258.4744 10531.2814  224.9207 -999.9000   45.2118    0.1097   16.0449   91.3756
 252.3757 10688.1608  223.8999 -999.9000   45.5330    0.1034   16.2908   91.3933
 246.3812 10845.0402  222.8485 -999.9000   40.2563    0.0916   16.5728   91.3978
 240.4896 11001.9196  221.6590 -999.9000   35.7020    0.0742   16.8376   91.3965
 234.6950 11158.7990  220.3265 -999.9000   35.9609    0.0604   17.0559   91.3968
 229.0082 11315.6784  218.9478 -999.9000   35.5096    0.0528   17.2222   91.3986
 223.4492 11472.5578  217.6708 -999.9000   34.9873    0.0500   17.3431   91.3982
 218.0236 11629.4372  216.4719 -999.9000   30.1438    0.0480   17.1370   91.4126
 212.6609 11786.3166  214.8023 -999.9000   25.6266    0.0350   15.4538   91.5070
 207.3913 11943.1960  213.9733 -999.9000   23.7953    0.0295   14.2737   91.4951
 202.2510 12100.0754  214.6798 -999.9000   18.0274    0.0410   13.9684   91.5711
 197.2536 12256.9548  216.0801 -999.9000    9.1107    0.0304   11.9685   92.1270
 192.4469 12413.8342  218.4730 -999.9000    2.6496    0.0062   12.4192   91.9985
 187.8076 12570.7136  218.2876 -999.9000    0.2374    0.0003   12.6621   91.9213
 183.2603 12727.5930  217.0485 -999.9000    0.2961    0.0003   12.3698   91.8946
 178.8033 12884.4724  216.6306 -999.9000    0.0000    0.0000   12.1362   91.8603
 174.4458 13041.3518  217.0275 -999.9000    0.0133    0.0000   12.2683   91.7991
 170.1876 13198.2312  217.2454 -999.9000    0.0000    0.0000   12.7922   91.6668
 166.0391 13355.1106  217.4048 -999.9000    0.0000    0.0000   13.4105   91.5392
 162.0101 13511.9899  217.0187 -999.9000    0.0002    0.0000   13.7078   91.4198
 158.0706 13668.8693  216.0233 -999.9000    0.0000    0.0000   13.3229   91.3880
 154.1974 13825.7487  215.1379 -999.9000    0.0000    0.0000   12.1600   91.4693
 150.4126 13982.6281  215.0584 -999.9000    0.0000    0.0000   10.2444   91.5650
 146.7292 14139.5075  215.9740 -999.9000    0.0000    0.0000   10.1646   91.5673
 143.1108 14296.3869  214.1834 -999.9000    0.0000    0.0000   10.0817   91.5696
 139.5597 14453.2663  216.5889 -999.9000    0.0000    0.0000   10.0474   91.5684
 136.1266 14610.1457  214.2419 -999.9000    0.0000    0.0000   10.0369   91.5540
 132.7619 14767.0251  213.3630 -999.9000    0.0000    0.0000   10.0316   91.5347
 129.4754 14923.9045  214.3552 -999.9000    0.0000    0.0000   10.0257   91.5197
 126.2897 15080.7839  215.4610 -999.9000    0.0000    0.0000   10.0102   91.5108
 123.1790 15237.6633  216.6922 -999.9000    0.0000    0.0000   10.0234   91.4644
 120.1481 15394.5427  217.1724 -999.9000    0.0000    0.0000    9.8789   91.3748
 117.2138 15551.4221  216.5383 -999.9000    0.0000    0.0000    9.5169   91.2661
 114.3435 15708.3015  216.4564 -999.9000    0.0000    0.0000    9.1951   91.1464
 111.5416 15865.1809  216.2278 -999.9000    0.0000    0.0000    8.6156   91.1933
 108.8149 16022.0603  217.5572 -999.9000    0.0000    0.0000    7.8044   91.4869
 106.1648 16178.9397  217.6285 -999.9000    0.0000    0.0000    7.3477   91.3484
 103.5767 16335.8191  217.2793 -999.9000    0.0000    0.0000    5.9238   91.9971
 101.0524 16492.6985  219.3418 -999.9000    0.0000    0.0000    1.4545   90.4089
  98.6148 16649.5779  217.9667 -999.9000    0.0000    0.0000    0.6893   90.4014
  96.2203 16806.4573  217.2424 -999.9000    0.0000    0.0000    0.1258   87.2598
  93.8688 16963.3367  216.5414 -999.9000    0.0000    0.0000    0.9695   90.4014
  91.5836 17120.2161  216.4345 -999.9000    0.0000    0.0000    1.8516   90.4014
  89.3567 17277.0955  216.4251 -999.9000    0.0000    0.0000    2.5012   90.4014
  87.1784 17433.9749  215.9648 -999.9000    0.0000    0.0000    3.2151   90.3927
  85.0453 17590.8543  215.1657 -999.9000    0.0000    0.0000    4.1599   90.0754
  82.9608 17747.7337  214.8511 -999.9000    0.0000    0.0000    5.3623   90.9865
  80.9282 17904.6131  215.5044 -999.9000    0.0000    0.0000    6.5387   90.6807
  78.9484 18061.4925  216.1559 -999.9000    0.0000    0.0000    6.4606   90.4907
  77.0217 18218.3719  216.8359 -999.9000    0.0000    0.0000    5.5311   90.6714
  75.1483 18375.2513  217.9015 -999.9000    0.0000    0.0000    4.6045   90.9237
  73.3271 18532.1307  219.0109 -999.9000    0.0000    0.0000    4.0114   91.0464
  71.5556 18689.0101  219.1443 -999.9000    0.0000    0.0000    3.5734   90.9336
  69.8260 18845.8894  218.0369 -999.9000    0.0000    0.0000    2.9840   91.0562
  68.1227 19002.7688  217.7550 -999.9000    0.0000    0.0000    1.8764   91.7656
  66.4601 19159.6482  218.1136 -999.9000    0.0000    0.0000    0.8810   89.5288
  64.8418 19316.5276  218.6061 -999.9000    0.0000    0.0000    0.6077   87.4851
  63.2670 19473.4070  219.0189 -999.9000    0.0000    0.0000    1.1866   87.9468
  61.7318 19630.2864  219.5898 -999.9000    0.0000    0.0000    1.8088   88.3028
  60.2355 19787.1658  219.8126 -999.9000    0.0000    0.0000    2.5874   88.5476
  58.7762 19944.0452  219.5270 -999.9000    0.0000    0.0000    3.4625   88.9105
  57.3501 20100.9246  219.1590 -999.9000    0.0000    0.0000    3.9293   89.0671
  55.9562 20257.8040  218.9028 -999.9000    0.0000    0.0000    3.8905   88.9446
  54.5968 20414.6834  218.6787 -999.9000    0.0000    0.0000    3.7110   88.7725
  53.2731 20571.5628  218.6384 -999.9000    0.0000    0.0000    3.5538   88.6461
  51.9860 20728.4422  219.0928 -999.9000    0.0000    0.0000    3.4356   88.5640
  50.7361 20885.3216  220.3552 -999.9000    0.0000    0.0000    3.3706   88.5228
  49.5229 21042.2010  222.1369 -999.9000    0.0000    0.0000    3.3421   88.5126
  48.3394 21199.0804  221.5280 -999.9000    0.0000    0.0000    3.6993   88.5757
  47.1874 21355.9598  221.6042 -999.9000    0.0000    0.0000    4.8407   88.7747
  46.0647 21512.8392  222.0035 -999.9000    0.0000    0.0000    5.8814   88.9472
  44.9691 21669.7186  222.2470 -999.9000    0.0000    0.0000    6.0892   88.9570
  43.8989 21826.5980  222.2716 -999.9000    0.0000    0.0000    5.6968   88.8369
  42.8525 21983.4774  222.1381 -999.9000    0.0000    0.0000    5.2209   88.6697
  41.8295 22140.3568  221.8946 -999.9000    0.0000    0.0000    4.9507   88.5214
  40.8309 22297.2362  221.5695 -999.9000    0.0000    0.0000    4.8242   88.4316
  39.8584 22454.1156  221.1921 -999.9000    0.0000    0.0000    4.7498   88.4374
  38.9104 22610.9950  221.5890 -999.9000    0.0000    0.0000    4.8757   88.5046
  37.9838 22767.8744  222.8537 -999.9000    0.0000    0.0000    5.2584   88.5579
  37.0791 22924.7538  223.5500 -999.9000    0.0000    0.0000    5.5669   88.6106
  36.1962 23081.6332  223.6469 -999.9000    0.0000    0.0000    5.7852   88.6649
  35.3349 23238.5126  223.3623 -999.9000    0.0000    0.0000    5.9533   88.7211
  34.4951 23395.3920  222.9138 -999.9000    0.0000    0.0000    6.1112   88.7793
  33.6765 23552.2714  222.5192 -999.9000    0.0000    0.0000    6.2987   88.8396
  32.8792 23709.1508  222.3961 -999.9000    0.0000    0.0000    6.5561   88.9021
  32.1025 23866.0302  222.6867 -999.9000    0.0000    0.0000    6.8960   88.9664
  31.3447 24022.9095  223.2535 -999.9000    0.0000    0.0000    7.2304   89.0294
  30.6036 24179.7889  223.8945 -999.9000    0.0000    0.0000    7.4485   89.0878
  29.8779 24336.6683  224.3822 -999.9000    0.0000    0.0000    7.4588   89.1301
  29.1715 24493.5477  224.4275 -999.9000    0.0000    0.0000    7.3661   89.0898
  28.4842 24650.4271  224.2783 -999.9000    0.0000    0.0000    7.2234   88.9796
  27.8138 24807.3065  224.3035 -999.9000    0.0000    0.0000    7.0452   88.8366
  27.1583 24964.1859  224.8699 -999.9000    0.0000    0.0000    6.8454   88.6979
  26.5173 25121.0653  226.0386 -999.9000    0.0000    0.0000    6.6446   88.5852
  25.8939 25277.9447  227.2218 -999.9000    0.0000    0.0000    6.4771   88.4883
  25.2914 25434.8241  227.7485 -999.9000    0.0000    0.0000    6.3796   88.3927
  24.7096 25591.7035  227.2525 -999.9000    0.0000    0.0000    6.4332   88.3136
  24.1354 25748.5829  226.7191 -999.9000    0.0000    0.0000    6.7983   88.3442
  23.5706 25905.4623  226.4812 -999.9000    0.0000    0.0000    7.3772   88.4419
  23.0189 26062.3417  226.7480 -999.9000    0.0000    0.0000    8.0446   88.5480
  22.4826 26219.2211  227.5848 -999.9000    0.0000    0.0000    8.6998   88.6216
  21.9608 26376.1005  228.6856 -999.9000    0.0000    0.0000    9.3039   88.6692
  21.4521 26532.9799  229.6856 -999.9000    0.0000    0.0000    9.8285   88.7041
  20.9548 26689.8593  230.2199 -999.9000    0.0000    0.0000   10.2450   88.7401
  20.4676 26846.7387  229.9234 -999.9000    0.0000    0.0000   10.5245   88.7908
  19.9891 27003.6181  228.4667 -999.9000    0.0000    0.0000   10.6318   88.8671
  19.5243 27160.4975  227.5711 -999.9000    0.0000    0.0000   10.2046   88.8331
  19.0752 27317.3769  228.0240 -999.9000    0.0000    0.0000    9.3148   88.6652
  18.6391 27474.2563  229.2448 -999.9000    0.0000    0.0000    8.3566   88.4541
  18.2135 27631.1357  230.6534 -999.9000    0.0000    0.0000    7.7243   88.2905
  17.7959 27788.0151  231.6783 -999.9000    0.0000    0.0000    7.7892   88.2601
  17.3864 27944.8945  231.9726 -999.9000    0.0000    0.0000    8.3720   88.3267
  16.9866 28101.7739  231.5624 -999.9000    0.0000    0.0000    8.9915   88.3867
  16.5963 28258.6533  230.7442 -999.9000    0.0000    0.0000    9.6126   88.4341
  16.2153 28415.5327  229.8421 -999.9000    0.0000    0.0000   10.2494   88.4734
  15.8432 28572.4121  229.1796 -999.9000    0.0000    0.0000   10.9166   88.5095
  15.4798 28729.2915  229.0748 -999.9000    0.0000    0.0000   11.6261   88.5468
  15.1246 28886.1709  229.4886 -999.9000    0.0000    0.0000   12.2754   88.5881
  14.7769 29043.0503  229.8643 -999.9000    0.0000    0.0000   12.6007   88.6333
  14.4368 29199.9296  230.0378 -999.9000    0.0000    0.0000   12.5367   88.6841
  14.1043 29356.8090  230.1467 -999.9000    0.0000    0.0000   12.1647   88.7433
  13.7798 29513.6884  230.3344 -999.9000    0.0000    0.0000   11.5689   88.8140
  13.4633 29670.5678  230.7443 -999.9000    0.0000    0.0000   10.8333   88.8992
  13.1552 29827.4472  231.5197 -999.9000    0.0000    0.0000   10.0422   89.0018
  12.8555 29984.3266  232.7472 -999.9000    0.0000    0.0000    9.2777   89.1215
  12.5638 30141.2060  234.1143 -999.9000    0.0000    0.0000    8.6075   89.2343
  12.2794 30298.0854  235.1391 -999.9000    0.0000    0.0000    8.0935   89.3059
  12.0018 30454.9648  235.3391 -999.9000    0.0000    0.0000    7.7975   89.3022
  11.7304 30611.8442  234.4862 -999.9000    0.0000    0.0000    7.7402   89.2026
  11.4650 30768.7236  233.3920 -999.9000    0.0000    0.0000    7.7762   89.0420
  11.2056 30925.6030  233.1332 -999.9000    0.0000    0.0000    7.7175   88.8691
  10.9522 31082.4824  234.3614 -999.9000    0.0000    0.0000    7.4437   88.7216
  10.7056 31239.3618  235.9165 -999.9000    0.0000    0.0000    7.1238   88.5894
  10.4661 31396.2412  236.4803 -999.9000    0.0000    0.0000    6.9545   88.4534
  10.2318 31553.1206  236.1328 -999.9000    0.0000    0.0000    6.9212   88.3118
  10.0000 31710.0000  235.3289 -999.9000    0.0000    0.0000    6.9525   88.1674
