# 06610 LSMP Payerne Observations at 12Z 30 Jul 2008
# Radiosonde file generated by raso.rb
#
  P [hPa],     Z [m],    T [K],   Td [K],   RH [%], r [g/kg], WS [m/s], WD [deg]
 962.0000   491.0000  297.9283 -999.9000   66.3614   13.6900    1.9414   93.0543
 944.6891   647.8794  295.8883 -999.9000   67.9040   12.6302    4.3544   92.6754
 927.6873   804.7588  294.5184 -999.9000   79.6461   13.9071    1.9432   92.9144
 911.0964   961.6382  293.2474 -999.9000   80.0842   14.4362    0.1305   92.0428
 894.7070  1118.5176  292.3310 -999.9000   80.0635   14.3064    1.0465   90.9797
 878.5406  1275.3970  292.0539 -999.9000   80.1097   13.3485    1.9951   90.6229
 862.6769  1432.2764  290.6916 -999.9000   81.0038   13.5129    2.1965   90.4248
 846.9845  1589.1558  289.4632 -999.9000   80.3049   13.9027    3.7784   90.3491
 831.5533  1746.0352  289.1271 -999.9000   80.7643   13.2228    4.6435   90.3950
 816.3570  1902.9146  287.8217 -999.9000   80.6349   11.9693    5.7351   90.4496
 801.3249  2059.7940  286.2386 -999.9000   80.3380   11.5640    6.3487   90.4939
 786.5365  2216.6734  284.8899 -999.9000   80.1672   10.4184    7.0905   90.5367
 771.9169  2373.5528  283.6632 -999.9000   80.5383    8.7627    8.2788   90.5644
 757.5041  2530.4322  282.6114 -999.9000   80.3900    8.5006    8.8097   90.6155
 743.3854  2687.3116  282.0441 -999.9000   77.7341    7.5803    7.7017   90.6080
 729.2940  2844.1910  280.9789 -999.9000   60.3451    5.5688    7.4605   90.6173
 715.5826  3001.0704  279.9420 -999.9000   50.0852    4.3807    9.0438   90.6971
 702.0616  3157.9497  278.7702 -999.9000   51.5590    4.2344   10.3298   90.7782
 688.7126  3314.8291  277.3058 -999.9000   58.8653    4.4448   10.4239   90.8007
 675.5482  3471.7085  275.6932 -999.9000   68.1435    4.6752   10.6789   90.8205
 662.5494  3628.5879  274.2324 -999.9000   74.0729    4.6607   11.2913   90.8487
 649.7305  3785.4673  273.2395 -999.9000   67.2026    4.0055   11.5931   90.8627
 637.1240  3942.3467  272.4036 -999.9000   55.0831    3.1437   10.9215   90.9118
 624.7467  4099.2261  271.4066 -999.9000   50.1120    2.7055    9.3839   91.0167
 612.5275  4256.1055  270.3647 -999.9000   50.0441    2.5464    8.9630   91.0465
 600.5160  4412.9849  269.7756 -999.9000   38.1712    1.8919    9.2564   91.0390
 588.7253  4569.8643  269.1996 -999.9000   22.7402    1.0986    9.4553   91.0433
 577.1128  4726.7437  267.9264 -999.9000   18.1501    0.8108    9.5221   91.0483
 565.6299  4883.6231  267.1111 -999.9000   17.0203    0.7276    9.5025   91.0538
 554.4053  5040.5025  266.5709 -999.9000   13.4888    0.5634    8.8329   91.1400
 543.3471  5197.3819  265.9181 -999.9000   12.8309    0.5190    8.0752   91.2153
 532.4739  5354.2613  264.9160 -999.9000   22.1900    0.8459    8.5027   91.2112
 521.8251  5511.1407  263.8921 -999.9000   24.0382    0.8613    9.2812   91.1806
 511.3144  5668.0201  263.1256 -999.9000   14.0956    0.4842    9.9857   91.1583
 500.9731  5824.8995  261.8084 -999.9000   12.9819    0.4090   10.7119   91.1344
 490.8286  5981.7789  260.2205 -999.9000   18.4155    0.5200   10.8916   91.1143
 480.7236  6138.6583  259.1296 -999.9000   29.2575    0.7703   11.2508   91.0832
 470.8214  6295.5377  257.8636 -999.9000   31.5278    0.7621   11.3736   91.0728
 461.0900  6452.4171  256.4567 -999.9000   30.8653    0.6762   11.1203   90.9894
 451.4963  6609.2965  255.1744 -999.9000   32.0447    0.6422   10.1367   90.8335
 442.0676  6766.1759  254.1152 -999.9000   32.6240    0.6091    9.2702   90.7116
 432.8253  6923.0553  253.1637 -999.9000   32.3444    0.5674   10.2034   90.6964
 423.7241  7079.9347  251.7645 -999.9000   36.0568    0.5712   11.1073   90.7318
 414.7432  7236.8141  250.0638 -999.9000   41.2903    0.5742   10.9271   90.7585
 405.9174  7393.6935  249.0695 -999.9000   31.8703    0.4138   11.1758   90.7794
 397.1974  7550.5729  247.7797 -999.9000   27.2823    0.3219   11.4615   90.7881
 388.6475  7707.4523  246.3803 -999.9000   31.2120    0.3308   11.6219   90.8405
 380.2876  7864.3317  245.3547 -999.9000   34.8680    0.3433   11.8705   90.9010
 372.0784  8021.2111  244.5245 -999.9000   39.1447    0.3645   12.0330   90.8924
 363.9826  8178.0905  243.7155 -999.9000   45.2793    0.3994   11.9552   90.7526
 356.0087  8334.9698  242.8437 -999.9000   54.5314    0.4529   11.9479   90.7678
 348.2042  8491.8492  241.9281 -999.9000   60.6657    0.5188   12.5582   91.3797
 340.5609  8648.7286  241.0516 -999.9000   65.0648    0.5272   12.7990   91.7004
 333.0575  8805.6080  240.1640 -999.9000   65.6760    0.4852   12.7482   91.6152
 325.6771  8962.4874  239.1649 -999.9000   65.1040    0.4338   13.0519   91.4555
 318.4095  9119.3668  237.9383 -999.9000   65.8973    0.3977   13.9788   91.4682
 311.2701  9276.2462  236.2744 -999.9000   60.7893    0.3338   14.1432   91.4746
 304.2599  9433.1256  234.6753 -999.9000   55.6033    0.2938   14.3725   91.4194
 297.3812  9590.0050  233.5625 -999.9000   50.7556    0.2688   14.8583   91.3896
 290.6045  9746.8844  232.2870 -999.9000   45.5429    0.2331   15.1894   91.3805
 283.9369  9903.7638  230.8611 -999.9000   45.8433    0.2031   15.5685   91.3479
 277.3870 10060.6432  229.3306 -999.9000   45.6956    0.1789   15.9580   91.3074
 270.9631 10217.5226  227.7352 -999.9000   45.6345    0.1538   16.2254   91.2950
 264.6694 10374.4020  226.1494 -999.9000   45.7462    0.1244   16.2808   91.3378
 258.4744 10531.2814  224.8801 -999.9000   45.2557    0.1097   16.4249   91.3756
 252.3757 10688.1608  223.8095 -999.9000   45.5739    0.1034   16.6866   91.3933
 246.3812 10845.0402  222.7087 -999.9000   40.2891    0.0916   16.9842   91.3978
 240.4896 11001.9196  221.4704 -999.9000   35.7276    0.0742   17.2645   91.3965
 234.6950 11158.7990  220.0902 -999.9000   35.9829    0.0604   17.4980   91.3968
 229.0082 11315.6784  218.6649 -999.9000   35.5270    0.0528   17.6791   91.3986
 223.4492 11472.5578  217.3428 -999.9000   35.0000    0.0500   17.8143   91.3982
 218.0236 11629.4372  216.1004 -999.9000   30.1507    0.0480   17.6220   91.4126
 212.6609 11786.3166  214.3892 -999.9000   25.6289    0.0350   15.9518   91.5070
 207.3913 11943.1960  213.5208 -999.9000   23.7940    0.0295   14.7838   91.4951
 202.2510 12100.0754  214.1903 -999.9000   18.0239    0.0410   14.4896   91.5711
 197.2536 12256.9548  215.5562 -999.9000    9.1076    0.0304   12.4996   92.1270
 192.4469 12413.8342  217.9176 -999.9000    2.6483    0.0062   12.9589   91.9985
 187.8076 12570.7136  217.7038 -999.9000    0.2373    0.0003   13.2090   91.9213
 183.2603 12727.5930  216.4398 -999.9000    0.2959    0.0003   12.9224   91.8946
 178.8033 12884.4724  216.0004 -999.9000    0.0000    0.0000   12.6928   91.8603
 174.4458 13041.3518  216.3798 -999.9000    0.0133    0.0000   12.8271   91.7991
 170.1876 13198.2312  216.5842 -999.9000    0.0000    0.0000   13.3513   91.6668
 166.0391 13355.1106  216.7345 -999.9000    0.0000    0.0000   13.9678   91.5392
 162.0101 13511.9899  216.3439 -999.9000    0.0002    0.0000   14.2611   91.4198
 158.0706 13668.8693  215.3486 -999.9000    0.0000    0.0000   13.8699   91.3880
 154.1974 13825.7487  214.4686 -999.9000    0.0000    0.0000   12.6981   91.4693
 150.4126 13982.6281  214.3997 -999.9000    0.0000    0.0000   10.7712   91.5650
 146.7292 14139.5075  215.3315 -999.9000    0.0000    0.0000   10.6772   91.5673
 143.1108 14296.3869  213.5628 -999.9000    0.0000    0.0000   10.5773   91.5696
 139.5597 14453.2663  215.9963 -999.9000    0.0000    0.0000   10.5231   91.5684
 136.1266 14610.1457  213.6830 -999.9000    0.0000    0.0000   10.4897   91.5540
 132.7619 14767.0251  212.8430 -999.9000    0.0000    0.0000   10.4589   91.5347
 129.4754 14923.9045  213.8787 -999.9000    0.0000    0.0000   10.4250   91.5197
 126.2897 15080.7839  215.0319 -999.9000    0.0000    0.0000   10.3794   91.5108
 123.1790 15237.6633  216.3139 -999.9000    0.0000    0.0000   10.3605   91.4644
 120.1481 15394.5427  216.8476 -999.9000    0.0000    0.0000   10.1823   91.3748
 117.2138 15551.4221  216.2691 -999.9000    0.0000    0.0000    9.7852   91.2661
 114.3435 15708.3015  216.2444 -999.9000    0.0000    0.0000    9.4270   91.1464
 111.5416 15865.1809  216.0737 -999.9000    0.0000    0.0000    8.8102   91.1933
 108.8149 16022.0603  217.4615 -999.9000    0.0000    0.0000    7.9610   91.4869
 106.1648 16178.9397  217.5908 -999.9000    0.0000    0.0000    7.4659   91.3484
 103.5767 16335.8191  217.2987 -999.9000    0.0000    0.0000    6.0033   91.9971
 101.0524 16492.6985  219.4166 -999.9000    0.0000    0.0000    1.4955   90.4089
  98.6148 16649.5779  218.0948 -999.9000    0.0000    0.0000    0.6919   90.4014
  96.2203 16806.4573  217.4211 -999.9000    0.0000    0.0000    0.1609   87.2598
  93.8688 16963.3367  216.7672 -999.9000    0.0000    0.0000    0.8974   90.4014
  91.5836 17120.2161  216.7034 -999.9000    0.0000    0.0000    1.7435   90.4014
  89.3567 17277.0955  216.7325 -999.9000    0.0000    0.0000    2.3584   90.4014
  87.1784 17433.9749  216.3054 -999.9000    0.0000    0.0000    3.0391   90.3927
  85.0453 17590.8543  215.5338 -999.9000    0.0000    0.0000    3.9525   90.0754
  82.9608 17747.7337  215.2402 -999.9000    0.0000    0.0000    5.1255   90.9865
  80.9282 17904.6131  215.9074 -999.9000    0.0000    0.0000    6.2748   90.6807
  78.9484 18061.4925  216.5657 -999.9000    0.0000    0.0000    6.1719   90.4907
  77.0217 18218.3719  217.2459 -999.9000    0.0000    0.0000    5.2198   90.6714
  75.1483 18375.2513  218.3056 -999.9000    0.0000    0.0000    4.2730   90.9237
  73.3271 18532.1307  219.4036 -999.9000    0.0000    0.0000    3.6618   91.0464
  71.5556 18689.0101  219.5206 -999.9000    0.0000    0.0000    3.2077   90.9336
  69.8260 18845.8894  218.3924 -999.9000    0.0000    0.0000    2.6043   91.0562
  68.1227 19002.7688  218.0857 -999.9000    0.0000    0.0000    1.4846   91.7656
  66.4601 19159.6482  218.4162 -999.9000    0.0000    0.0000    0.4790   89.5288
  64.8418 19316.5276  218.8780 -999.9000    0.0000    0.0000    0.1973   87.4851
  63.2670 19473.4070  219.2577 -999.9000    0.0000    0.0000    0.7694   87.9468
  61.7318 19630.2864  219.7939 -999.9000    0.0000    0.0000    1.3867   88.3028
  60.2355 19787.1658  219.9809 -999.9000    0.0000    0.0000    2.1618   88.5476
  58.7762 19944.0452  219.6587 -999.9000    0.0000    0.0000    3.0350   88.9105
  57.3501 20100.9246  219.2543 -999.9000    0.0000    0.0000    3.5013   89.0671
  55.9562 20257.8040  218.9621 -999.9000    0.0000    0.0000    3.4634   88.9446
  54.5968 20414.6834  218.7030 -999.9000    0.0000    0.0000    3.2861   88.7725
  53.2731 20571.5628  218.6294 -999.9000    0.0000    0.0000    3.1324   88.6461
  51.9860 20728.4422  219.0526 -999.9000    0.0000    0.0000    3.0188   88.5640
  50.7361 20885.3216  220.2865 -999.9000    0.0000    0.0000    2.9596   88.5228
  49.5229 21042.2010  222.0430 -999.9000    0.0000    0.0000    2.9378   88.5126
  48.3394 21199.0804  221.4126 -999.9000    0.0000    0.0000    3.3026   88.5757
  47.1874 21355.9598  221.4717 -999.9000    0.0000    0.0000    4.4526   88.7747
  46.0647 21512.8392  221.8585 -999.9000    0.0000    0.0000    5.5028   88.9472
  44.9691 21669.7186  222.0937 -999.9000    0.0000    0.0000    5.7206   88.9570
  43.8989 21826.5980  222.1140 -999.9000    0.0000    0.0000    5.3389   88.8369
  42.8525 21983.4774  221.9797 -999.9000    0.0000    0.0000    4.8741   88.6697
  41.8295 22140.3568  221.7387 -999.9000    0.0000    0.0000    4.6154   88.5214
  40.8309 22297.2362  221.4190 -999.9000    0.0000    0.0000    4.5007   88.4316
  39.8584 22454.1156  221.0496 -999.9000    0.0000    0.0000    4.4383   88.4374
  38.9104 22610.9950  221.4568 -999.9000    0.0000    0.0000    4.5761   88.5046
  37.9838 22767.8744  222.7337 -999.9000    0.0000    0.0000    4.9708   88.5579
  37.0791 22924.7538  223.4439 -999.9000    0.0000    0.0000    5.2909   88.6106
  36.1962 23081.6332  223.5559 -999.9000    0.0000    0.0000    5.5208   88.6649
  35.3349 23238.5126  223.2873 -999.9000    0.0000    0.0000    5.6999   88.7211
  34.4951 23395.3920  222.8554 -999.9000    0.0000    0.0000    5.8684   88.7793
  33.6765 23552.2714  222.4776 -999.9000    0.0000    0.0000    6.0660   88.8396
  32.8792 23709.1508  222.3713 -999.9000    0.0000    0.0000    6.3326   88.9021
  32.1025 23866.0302  222.6783 -999.9000    0.0000    0.0000    6.6810   88.9664
  31.3447 24022.9095  223.2608 -999.9000    0.0000    0.0000    7.0229   89.0294
  30.6036 24179.7889  223.9163 -999.9000    0.0000    0.0000    7.2475   89.0878
  29.8779 24336.6683  224.4173 -999.9000    0.0000    0.0000    7.2632   89.1301
  29.1715 24493.5477  224.4740 -999.9000    0.0000    0.0000    7.1746   89.0898
  28.4842 24650.4271  224.3342 -999.9000    0.0000    0.0000    7.0347   88.9796
  27.8138 24807.3065  224.3663 -999.9000    0.0000    0.0000    6.8578   88.8366
  27.1583 24964.1859  224.9371 -999.9000    0.0000    0.0000    6.6578   88.6979
  26.5173 25121.0653  226.1077 -999.9000    0.0000    0.0000    6.4554   88.5852
  25.8939 25277.9447  227.2904 -999.9000    0.0000    0.0000    6.2851   88.4883
  25.2914 25434.8241  227.8145 -999.9000    0.0000    0.0000    6.1835   88.3927
  24.7096 25591.7035  227.3138 -999.9000    0.0000    0.0000    6.2319   88.3136
  24.1354 25748.5829  226.7738 -999.9000    0.0000    0.0000    6.5910   88.3442
  23.5706 25905.4623  226.5275 -999.9000    0.0000    0.0000    7.1631   88.4419
  23.0189 26062.3417  226.7843 -999.9000    0.0000    0.0000    7.8230   88.5480
  22.4826 26219.2211  227.6096 -999.9000    0.0000    0.0000    8.4700   88.6216
  21.9608 26376.1005  228.6976 -999.9000    0.0000    0.0000    9.0656   88.6692
  21.4521 26532.9799  229.6837 -999.9000    0.0000    0.0000    9.5814   88.7041
  20.9548 26689.8593  230.2029 -999.9000    0.0000    0.0000    9.9887   88.7401
  20.4676 26846.7387  229.8905 -999.9000    0.0000    0.0000   10.2591   88.7908
  19.9891 27003.6181  228.4171 -999.9000    0.0000    0.0000   10.3572   88.8671
  19.5243 27160.4975  227.5042 -999.9000    0.0000    0.0000    9.9210   88.8331
  19.0752 27317.3769  227.9393 -999.9000    0.0000    0.0000    9.0225   88.6652
  18.6391 27474.2563  229.1421 -999.9000    0.0000    0.0000    8.0559   88.4541
  18.2135 27631.1357  230.5325 -999.9000    0.0000    0.0000    7.4157   88.2905
  17.7959 27788.0151  231.5392 -999.9000    0.0000    0.0000    7.4733   88.2601
  17.3864 27944.8945  231.8153 -999.9000    0.0000    0.0000    8.0496   88.3267
  16.9866 28101.7739  231.3872 -999.9000    0.0000    0.0000    8.6634   88.3867
  16.5963 28258.6533  230.5516 -999.9000    0.0000    0.0000    9.2798   88.4341
  16.2153 28415.5327  229.6325 -999.9000    0.0000    0.0000    9.9131   88.4734
  15.8432 28572.4121  228.9538 -999.9000    0.0000    0.0000   10.5778   88.5095
  15.4798 28729.2915  228.8335 -999.9000    0.0000    0.0000   11.2863   88.5468
  15.1246 28886.1709  229.2329 -999.9000    0.0000    0.0000   11.9360   88.5881
  14.7769 29043.0503  229.5953 -999.9000    0.0000    0.0000   12.2633   88.6333
  14.4368 29199.9296  229.7568 -999.9000    0.0000    0.0000   12.2029   88.6841
  14.1043 29356.8090  229.8552 -999.9000    0.0000    0.0000   11.8364   88.7433
  13.7798 29513.6884  230.0339 -999.9000    0.0000    0.0000   11.2480   88.8140
  13.4633 29670.5678  230.4364 -999.9000    0.0000    0.0000   10.5218   88.8992
  13.1552 29827.4472  231.2063 -999.9000    0.0000    0.0000    9.7424   89.0018
  12.8555 29984.3266  232.4304 -999.9000    0.0000    0.0000    8.9917   89.1215
  12.5638 30141.2060  233.7962 -999.9000    0.0000    0.0000    8.3379   89.2343
  12.2794 30298.0854  234.8219 -999.9000    0.0000    0.0000    7.8427   89.3059
  12.0018 30454.9648  235.0253 -999.9000    0.0000    0.0000    7.5681   89.3022
  11.7304 30611.8442  234.1783 -999.9000    0.0000    0.0000    7.5351   89.2026
  11.4650 30768.7236  233.0929 -999.9000    0.0000    0.0000    7.5981   89.0420
  11.2056 30925.6030  232.8455 -999.9000    0.0000    0.0000    7.5695   88.8691
  10.9522 31082.4824  234.0883 -999.9000    0.0000    0.0000    7.3290   88.7216
  10.7056 31239.3618  235.6611 -999.9000    0.0000    0.0000    7.0455   88.5894
  10.4661 31396.2412  236.2459 -999.9000    0.0000    0.0000    6.9160   88.4534
  10.2318 31553.1206  235.9229 -999.9000    0.0000    0.0000    6.9259   88.3118
  10.0000 31710.0000  235.1470 -999.9000    0.0000    0.0000    7.0042   88.1674
