# 06610 LSMP Payerne Observations at 12Z 30 Jul 2008
# Radiosonde file generated by raso.rb
#
  P [hPa],     Z [m],    T [K],   Td [K],   RH [%], r [g/kg], WS [m/s], WD [deg]
 962.0000   491.0000  298.4150 -999.9000   66.3300   13.6900    2.3699   93.0543
 944.6891   647.8794  296.3534 -999.9000   67.8735   12.6302    4.8548   92.6754
 927.6873   804.7588  294.9608 -999.9000   79.6123   13.9071    2.5078   92.9144
 911.0964   961.6382  293.6663 -999.9000   80.0519   14.4362    0.7520   92.0428
 894.7070  1118.5176  292.7257 -999.9000   80.0330   14.3064    1.7176   90.9797
 878.5406  1275.3970  292.4236 -999.9000   80.0806   13.3485    2.7089   90.6229
 862.6769  1432.2764  291.0357 -999.9000   80.9760   13.5129    2.9465   90.4248
 846.9845  1589.1558  289.7812 -999.9000   80.2786   13.9027    4.5581   90.3491
 831.5533  1746.0352  289.4185 -999.9000   80.7392   13.2228    5.4467   90.3950
 816.3570  1902.9146  288.0861 -999.9000   80.6109   11.9693    6.5562   90.4496
 801.3249  2059.7940  286.4756 -999.9000   80.3153   11.5640    7.1820   90.4939
 786.5365  2216.6734  285.0994 -999.9000   80.1456   10.4184    7.9308   90.5367
 771.9169  2373.5528  283.8448 -999.9000   80.5176    8.7627    9.1210   90.5644
 757.5041  2530.4322  282.7651 -999.9000   80.3703    8.5006    9.6491   90.6155
 743.3854  2687.3116  282.1699 -999.9000   77.7158    7.5803    8.5338   90.6080
 729.2940  2844.1910  281.0769 -999.9000   60.3315    5.5688    8.2811   90.6173
 715.5826  3001.0704  280.0121 -999.9000   50.0744    4.3807    9.8489   90.6971
 702.0616  3157.9497  278.8128 -999.9000   51.5484    4.2344   11.1157   90.7782
 688.7126  3314.8291  277.3210 -999.9000   58.8537    4.4448   11.1872   90.8007
 675.5482  3471.7085  275.6815 -999.9000   68.1307    4.6752   11.4165   90.8205
 662.5494  3628.5879  274.1941 -999.9000   74.0596    4.6607   12.0003   90.8487
 649.7305  3785.4673  273.1751 -999.9000   67.1911    4.0055   12.2709   90.8627
 637.1240  3942.3467  272.3137 -999.9000   55.0741    3.1437   11.5657   90.9118
 624.7467  4099.2261  271.2919 -999.9000   50.1043    2.7055    9.9926   91.0167
 612.5275  4256.1055  270.2258 -999.9000   50.0368    2.5464    9.5343   91.0465
 600.5160  4412.9849  269.6133 -999.9000   38.1660    1.8919    9.7887   91.0390
 588.7253  4569.8643  269.0148 -999.9000   22.7372    1.0986    9.9474   91.0433
 577.1128  4726.7437  267.7199 -999.9000   18.1479    0.8108    9.9730   91.0483
 565.6299  4883.6231  266.8841 -999.9000   17.0184    0.7276    9.9114   91.0538
 554.4053  5040.5025  266.3244 -999.9000   13.4874    0.5634    9.1994   91.1400
 543.3471  5197.3819  265.6533 -999.9000   12.8297    0.5190    8.3991   91.2153
 532.4739  5354.2613  264.6340 -999.9000   22.1883    0.8459    8.7841   91.2112
 521.8251  5511.1407  263.5944 -999.9000   24.0366    0.8613    9.5204   91.1806
 511.3144  5668.0201  262.8135 -999.9000   14.0948    0.4842   10.1833   91.1583
 500.9731  5824.8995  261.4833 -999.9000   12.9813    0.4090   10.8689   91.1344
 490.8286  5981.7789  259.8840 -999.9000   18.4150    0.5200   11.0091   91.1143
 480.7236  6138.6583  258.7833 -999.9000   29.2572    0.7703   11.3301   91.0832
 470.8214  6295.5377  257.5091 -999.9000   31.5279    0.7621   11.4165   91.0728
 461.0900  6452.4171  256.0959 -999.9000   30.8659    0.6762   11.1287   90.9894
 451.4963  6609.2965  254.8091 -999.9000   32.0459    0.6422   10.1129   90.8335
 442.0676  6766.1759  253.7472 -999.9000   32.6259    0.6091    9.2166   90.7116
 432.8253  6923.0553  252.7950 -999.9000   32.3470    0.5674   10.1229   90.6964
 423.7241  7079.9347  251.3972 -999.9000   36.0605    0.5712   11.0028   90.7318
 414.7432  7236.8141  249.7000 -999.9000   41.2955    0.5742   10.8019   90.7585
 405.9174  7393.6935  248.7114 -999.9000   31.8751    0.4138   11.0335   90.7794
 397.1974  7550.5729  247.4296 -999.9000   27.2872    0.3219   11.3058   90.7881
 388.6475  7707.4523  246.0405 -999.9000   31.2184    0.3308   11.4566   90.8405
 380.2876  7864.3317  245.0272 -999.9000   34.8763    0.3433   11.6990   90.9010
 372.0784  8021.2111  244.2115 -999.9000   39.1552    0.3645   11.8584   90.8924
 363.9826  8178.0905  243.4189 -999.9000   45.2929    0.3994   11.7803   90.7526
 356.0087  8334.9698  242.5656 -999.9000   54.5496    0.4529   11.7754   90.7678
 348.2042  8491.8492  241.6703 -999.9000   60.6880    0.5188   12.3903   91.3797
 340.5609  8648.7286  240.8158 -999.9000   65.0910    0.5272   12.6378   91.7004
 333.0575  8805.6080  239.9519 -999.9000   65.7048    0.4852   12.5955   91.6152
 325.6771  8962.4874  238.9782 -999.9000   65.1348    0.4338   12.9090   91.4555
 318.4095  9119.3668  237.7785 -999.9000   65.9310    0.3977   13.8471   91.4682
 311.2701  9276.2462  236.1431 -999.9000   60.8226    0.3338   14.0235   91.4746
 304.2599  9433.1256  234.5737 -999.9000   55.6358    0.2938   14.2656   91.4194
 297.3812  9590.0050  233.4921 -999.9000   50.7871    0.2688   14.7645   91.3896
 290.6045  9746.8844  232.2491 -999.9000   45.5728    0.2331   15.1089   91.3805
 283.9369  9903.7638  230.8567 -999.9000   45.8751    0.2031   15.5010   91.3479
 277.3870 10060.6432  229.3609 -999.9000   45.7289    0.1789   15.9031   91.3074
 270.9631 10217.5226  227.8012 -999.9000   45.6694    0.1538   16.1825   91.2950
 264.6694 10374.4020  226.2521 -999.9000   45.7827    0.1244   16.2488   91.3378
 258.4744 10531.2814  225.0204 -999.9000   45.2933    0.1097   16.4026   91.3756
 252.3757 10688.1608  223.9881 -999.9000   45.6133    0.1034   16.6725   91.3933
 246.3812 10845.0402  222.9264 -999.9000   40.3252    0.0916   16.9764   91.3978
 240.4896 11001.9196  221.7279 -999.9000   35.7607    0.0742   17.2610   91.3965
 234.6950 11158.7990  220.3877 -999.9000   36.0172    0.0604   17.4968   91.3968
 229.0082 11315.6784  219.0026 -999.9000   35.5619    0.0528   17.6785   91.3986
 223.4492 11472.5578  217.7203 -999.9000   35.0353    0.0500   17.8128   91.3982
 218.0236 11629.4372  216.5170 -999.9000   30.1818    0.0480   17.6184   91.4126
 212.6609 11786.3166  214.8439 -999.9000   25.6559    0.0350   15.9452   91.5070
 207.3913 11943.1960  214.0123 -999.9000   23.8195    0.0295   14.7735   91.4951
 202.2510 12100.0754  214.7167 -999.9000   18.0435    0.0410   14.4751   91.5711
 197.2536 12256.9548  216.1154 -999.9000    9.1177    0.0304   12.4808   92.1270
 192.4469 12413.8342  218.5071 -999.9000    2.6512    0.0062   12.9361   91.9985
 187.8076 12570.7136  218.3209 -999.9000    0.2375    0.0003   13.1824   91.9213
 183.2603 12727.5930  217.0811 -999.9000    0.2962    0.0003   12.8927   91.8946
 178.8033 12884.4724  216.6625 -999.9000    0.0000    0.0000   12.6609   91.8603
 174.4458 13041.3518  217.0587 -999.9000    0.0133    0.0000   12.7942   91.7991
 170.1876 13198.2312  217.2757 -999.9000    0.0000    0.0000   13.3189   91.6668
 166.0391 13355.1106  217.4340 -999.9000    0.0000    0.0000   13.9374   91.5392
 162.0101 13511.9899  217.0464 -999.9000    0.0002    0.0000   14.2349   91.4198
 158.0706 13668.8693  216.0488 -999.9000    0.0000    0.0000   13.8500   91.3880
 154.1974 13825.7487  215.1607 -999.9000    0.0000    0.0000   12.6871   91.4693
 150.4126 13982.6281  215.0777 -999.9000    0.0000    0.0000   10.7718   91.5650
 146.7292 14139.5075  215.9889 -999.9000    0.0000    0.0000   10.6925   91.5673
 143.1108 14296.3869  214.1930 -999.9000    0.0000    0.0000   10.6105   91.5696
 139.5597 14453.2663  216.5920 -999.9000    0.0000    0.0000   10.5778   91.5684
 136.1266 14610.1457  214.2375 -999.9000    0.0000    0.0000   10.5694   91.5540
 132.7619 14767.0251  213.3501 -999.9000    0.0000    0.0000   10.5665   91.5347
 129.4754 14923.9045  214.3331 -999.9000    0.0000    0.0000   10.5631   91.5197
 126.2897 15080.7839  215.4289 -999.9000    0.0000    0.0000   10.5502   91.5108
 123.1790 15237.6633  216.6497 -999.9000    0.0000    0.0000   10.5657   91.4644
 120.1481 15394.5427  217.1191 -999.9000    0.0000    0.0000   10.4231   91.3748
 117.2138 15551.4221  216.4738 -999.9000    0.0000    0.0000   10.0626   91.2661
 114.3435 15708.3015  216.3808 -999.9000    0.0000    0.0000    9.7414   91.1464
 111.5416 15865.1809  216.1409 -999.9000    0.0000    0.0000    9.1617   91.1933
 108.8149 16022.0603  217.4593 -999.9000    0.0000    0.0000    8.3491   91.4869
 106.1648 16178.9397  217.5199 -999.9000    0.0000    0.0000    7.8898   91.3484
 103.5767 16335.8191  217.1604 -999.9000    0.0000    0.0000    6.4618   91.9971
 101.0524 16492.6985  219.2131 -999.9000    0.0000    0.0000    1.9867   90.4089
  98.6148 16649.5779  217.8290 -999.9000    0.0000    0.0000    1.2139   90.4014
  96.2203 16806.4573  217.0966 -999.9000    0.0000    0.0000    0.3892   90.4014
  93.8688 16963.3367  216.3884 -999.9000    0.0000    0.0000    1.4726   90.4014
  91.5836 17120.2161  216.2755 -999.9000    0.0000    0.0000    2.3405   90.4014
  89.3567 17277.0955  216.2612 -999.9000    0.0000    0.0000    2.9734   90.4014
  87.1784 17433.9749  215.7975 -999.9000    0.0000    0.0000    3.6678   90.3927
  85.0453 17590.8543  214.9965 -999.9000    0.0000    0.0000    4.5902   90.0754
  82.9608 17747.7337  214.6817 -999.9000    0.0000    0.0000    5.7670   90.9865
  80.9282 17904.6131  215.3367 -999.9000    0.0000    0.0000    6.9147   90.6807
  78.9484 18061.4925  215.9916 -999.9000    0.0000    0.0000    6.8045   90.4907
  77.0217 18218.3719  216.6767 -999.9000    0.0000    0.0000    5.8403   90.6714
  75.1483 18375.2513  217.7490 -999.9000    0.0000    0.0000    4.8769   90.9237
  73.3271 18532.1307  218.8665 -999.9000    0.0000    0.0000    4.2450   91.0464
  71.5556 18689.0101  219.0093 -999.9000    0.0000    0.0000    3.7670   90.9336
  69.8260 18845.8894  217.9124 -999.9000    0.0000    0.0000    3.1367   91.0562
  68.1227 19002.7688  217.6420 -999.9000    0.0000    0.0000    1.9878   91.7656
  66.4601 19159.6482  218.0131 -999.9000    0.0000    0.0000    0.9512   89.5288
  64.8418 19316.5276  218.5188 -999.9000    0.0000    0.0000    0.6372   87.4851
  63.2670 19473.4070  218.9454 -999.9000    0.0000    0.0000    1.1764   87.9468
  61.7318 19630.2864  219.5305 -999.9000    0.0000    0.0000    1.7605   88.3028
  60.2355 19787.1658  219.7680 -999.9000    0.0000    0.0000    2.5029   88.5476
  58.7762 19944.0452  219.4972 -999.9000    0.0000    0.0000    3.3441   88.9105
  57.3501 20100.9246  219.1441 -999.9000    0.0000    0.0000    3.7800   89.0671
  55.9562 20257.8040  218.9027 -999.9000    0.0000    0.0000    3.7135   88.9446
  54.5968 20414.6834  218.6932 -999.9000    0.0000    0.0000    3.5101   88.7725
  53.2731 20571.5628  218.6673 -999.9000    0.0000    0.0000    3.3334   88.6461
  51.9860 20728.4422  219.1355 -999.9000    0.0000    0.0000    3.2004   88.5640
  50.7361 20885.3216  220.4111 -999.9000    0.0000    0.0000    3.1258   88.5228
  49.5229 21042.2010  222.2053 -999.9000    0.0000    0.0000    3.0933   88.5126
  48.3394 21199.0804  221.6080 -999.9000    0.0000    0.0000    3.4527   88.5757
  47.1874 21355.9598  221.6949 -999.9000    0.0000    0.0000    4.6028   88.7747
  46.0647 21512.8392  222.1037 -999.9000    0.0000    0.0000    5.6590   88.9472
  44.9691 21669.7186  222.3558 -999.9000    0.0000    0.0000    5.8882   88.9570
  43.8989 21826.5980  222.3879 -999.9000    0.0000    0.0000    5.5228   88.8369
  42.8525 21983.4774  222.2611 -999.9000    0.0000    0.0000    5.0787   88.6697
  41.8295 22140.3568  222.0233 -999.9000    0.0000    0.0000    4.8445   88.5214
  40.8309 22297.2362  221.7031 -999.9000    0.0000    0.0000    4.7576   88.4316
  39.8584 22454.1156  221.3298 -999.9000    0.0000    0.0000    4.7259   88.4374
  38.9104 22610.9950  221.7302 -999.9000    0.0000    0.0000    4.8967   88.5046
  37.9838 22767.8744  222.9976 -999.9000    0.0000    0.0000    5.3262   88.5579
  37.0791 22924.7538  223.6961 -999.9000    0.0000    0.0000    5.6825   88.6106
  36.1962 23081.6332  223.7945 -999.9000    0.0000    0.0000    5.9492   88.6649
  35.3349 23238.5126  223.5109 -999.9000    0.0000    0.0000    6.1655   88.7211
  34.4951 23395.3920  223.0629 -999.9000    0.0000    0.0000    6.3710   88.7793
  33.6765 23552.2714  222.6685 -999.9000    0.0000    0.0000    6.6047   88.8396
  32.8792 23709.1508  222.5451 -999.9000    0.0000    0.0000    6.9064   88.9021
  32.1025 23866.0302  222.8352 -999.9000    0.0000    0.0000    7.2879   88.9664
  31.3447 24022.9095  223.4011 -999.9000    0.0000    0.0000    7.6608   89.0294
  30.6036 24179.7889  224.0411 -999.9000    0.0000    0.0000    7.9136   89.0878
  29.8779 24336.6683  224.5277 -999.9000    0.0000    0.0000    7.9541   89.1301
  29.1715 24493.5477  224.5716 -999.9000    0.0000    0.0000    7.8865   89.0898
  28.4842 24650.4271  224.4211 -999.9000    0.0000    0.0000    7.7633   88.9796
  27.8138 24807.3065  224.4448 -999.9000    0.0000    0.0000    7.5983   88.8366
  27.1583 24964.1859  225.0098 -999.9000    0.0000    0.0000    7.4051   88.6979
  26.5173 25121.0653  226.1772 -999.9000    0.0000    0.0000    7.2046   88.5852
  25.8939 25277.9447  227.3589 -999.9000    0.0000    0.0000    7.0316   88.4883
  25.2914 25434.8241  227.8842 -999.9000    0.0000    0.0000    6.9230   88.3927
  24.7096 25591.7035  227.3867 -999.9000    0.0000    0.0000    6.9603   88.3136
  24.1354 25748.5829  226.8517 -999.9000    0.0000    0.0000    7.3046   88.3442
  23.5706 25905.4623  226.6122 -999.9000    0.0000    0.0000    7.8584   88.4419
  23.0189 26062.3417  226.8772 -999.9000    0.0000    0.0000    8.4967   88.5480
  22.4826 26219.2211  227.7120 -999.9000    0.0000    0.0000    9.1193   88.6216
  21.9608 26376.1005  228.8107 -999.9000    0.0000    0.0000    9.6878   88.6692
  21.4521 26532.9799  229.8085 -999.9000    0.0000    0.0000   10.1740   88.7041
  20.9548 26689.8593  230.3403 -999.9000    0.0000    0.0000   10.5498   88.7401
  20.4676 26846.7387  230.0411 -999.9000    0.0000    0.0000   10.7868   88.7908
  19.9891 27003.6181  228.5815 -999.9000    0.0000    0.0000   10.8499   88.8671
  19.5243 27160.4975  227.6827 -999.9000    0.0000    0.0000   10.3775   88.8331
  19.0752 27317.3769  228.1320 -999.9000    0.0000    0.0000    9.4418   88.6652
  18.6391 27474.2563  229.3491 -999.9000    0.0000    0.0000    8.4373   88.4541
  18.2135 27631.1357  230.7535 -999.9000    0.0000    0.0000    7.7588   88.2905
  17.7959 27788.0151  231.7741 -999.9000    0.0000    0.0000    7.7780   88.2601
  17.3864 27944.8945  232.0636 -999.9000    0.0000    0.0000    8.3160   88.3267
  16.9866 28101.7739  231.6482 -999.9000    0.0000    0.0000    8.8919   88.3867
  16.5963 28258.6533  230.8244 -999.9000    0.0000    0.0000    9.4711   88.4341
  16.2153 28415.5327  229.9163 -999.9000    0.0000    0.0000   10.0681   88.4734
  15.8432 28572.4121  229.2474 -999.9000    0.0000    0.0000   10.6978   88.5095
  15.4798 28729.2915  229.1356 -999.9000    0.0000    0.0000   11.3728   88.5468
  15.1246 28886.1709  229.5420 -999.9000    0.0000    0.0000   11.9910   88.5881
  14.7769 29043.0503  229.9098 -999.9000    0.0000    0.0000   12.2886   88.6333
  14.4368 29199.9296  230.0749 -999.9000    0.0000    0.0000   12.2011   88.6841
  14.1043 29356.8090  230.1748 -999.9000    0.0000    0.0000   11.8100   88.7433
  13.7798 29513.6884  230.3530 -999.9000    0.0000    0.0000   11.1999   88.8140
  13.4633 29670.5678  230.7527 -999.9000    0.0000    0.0000   10.4554   88.8992
  13.1552 29827.4472  231.5175 -999.9000    0.0000    0.0000    9.6610   89.0018
  12.8555 29984.3266  232.7336 -999.9000    0.0000    0.0000    8.8991   89.1215
  12.5638 30141.2060  234.0888 -999.9000    0.0000    0.0000    8.2381   89.2343
  12.2794 30298.0854  235.1009 -999.9000    0.0000    0.0000    7.7401   89.3059
  12.0018 30454.9648  235.2876 -999.9000    0.0000    0.0000    7.4673   89.3022
  11.7304 30611.8442  234.4206 -999.9000    0.0000    0.0000    7.4409   89.2026
  11.4650 30768.7236  233.3117 -999.9000    0.0000    0.0000    7.5157   89.0420
  11.2056 30925.6030  233.0374 -999.9000    0.0000    0.0000    7.5043   88.8691
  10.9522 31082.4824  234.2493 -999.9000    0.0000    0.0000    7.2867   88.7216
  10.7056 31239.3618  235.7874 -999.9000    0.0000    0.0000    7.0322   88.5894
  10.4661 31396.2412  236.3333 -999.9000    0.0000    0.0000    6.9379   88.4534
  10.2318 31553.1206  235.9672 -999.9000    0.0000    0.0000    6.9896   88.3118
  10.0000 31710.0000  235.1438 -999.9000    0.0000    0.0000    7.1163   88.1674
