# 06610 LSMP Payerne Observations at 12Z 30 Jul 2008
# Radiosonde file generated by raso.rb
#
  P [hPa],     Z [m],    T [K],   Td [K],   RH [%], r [g/kg], WS [m/s], WD [deg]
 962.0000   491.0000  297.8068 -999.9000   66.2316   13.6900    2.5004   93.0543
 944.6891   647.8794  295.8367 -999.9000   67.7890   12.6302    4.8880   92.6754
 927.6873   804.7588  294.5299 -999.9000   79.5302   13.9071    2.4526   92.9144
 911.0964   961.6382  293.3156 -999.9000   79.9846   14.4362    0.6168   92.0428
 894.7070  1118.5176  292.4497 -999.9000   79.9789   14.3064    1.5106   90.9797
 878.5406  1275.3970  292.2170 -999.9000   80.0380   13.3485    2.4379   90.6229
 862.6769  1432.2764  290.8933 -999.9000   80.9427   13.5129    2.6190   90.4248
 846.9845  1589.1558  289.6981 -999.9000   80.2537   13.9027    4.1814   90.3491
 831.5533  1746.0352  289.3898 -999.9000   80.7206   13.2228    5.0278   90.3950
 816.3570  1902.9146  288.1073 -999.9000   80.5974   11.9693    6.1016   90.4496
 801.3249  2059.7940  286.5421 -999.9000   80.3053   11.5640    6.6979   90.4939
 786.5365  2216.6734  285.2069 -999.9000   80.1377   10.4184    7.4233   90.5367
 771.9169  2373.5528  283.9893 -999.9000   80.5105    8.7627    8.5957   90.5644
 757.5041  2530.4322  282.9426 -999.9000   80.3628    8.5006    9.1113   90.6155
 743.3854  2687.3116  282.3765 -999.9000   77.7071    7.5803    7.9886   90.6080
 729.2940  2844.1910  281.3089 -999.9000   60.3228    5.5688    7.7331   90.6173
 715.5826  3001.0704  280.2662 -999.9000   50.0649    4.3807    9.3026   90.6971
 702.0616  3157.9497  279.0855 -999.9000   51.5357    4.2344   10.5751   90.7782
 688.7126  3314.8291  277.6093 -999.9000   58.8352    4.4448   10.6562   90.8007
 675.5482  3471.7085  275.9824 -999.9000   68.1040    4.6752   10.8984   90.8205
 662.5494  3628.5879  274.5047 -999.9000   74.0242    4.6607   11.4983   90.8487
 649.7305  3785.4673  273.4929 -999.9000   67.1527    4.0055   11.7878   90.8627
 637.1240  3942.3467  272.6361 -999.9000   55.0371    3.1437   11.1041   90.9118
 624.7467  4099.2261  271.6167 -999.9000   50.0653    2.7055    9.5546   91.0167
 612.5275  4256.1055  270.5508 -999.9000   49.9923    2.5464    9.1217   91.0465
 600.5160  4412.9849  269.9365 -999.9000   38.1277    1.8919    9.4032   91.0390
 588.7253  4569.8643  269.3344 -999.9000   22.7117    1.0986    9.5902   91.0433
 577.1128  4726.7437  268.0343 -999.9000   18.1254    0.8108    9.6451   91.0483
 565.6299  4883.6231  267.1918 -999.9000   16.9952    0.7276    9.6134   91.0538
 554.4053  5040.5025  266.6241 -999.9000   13.4674    0.5634    8.9316   91.1400
 543.3471  5197.3819  265.9438 -999.9000   12.8091    0.5190    8.1614   91.2153
 532.4739  5354.2613  264.9143 -999.9000   22.1500    0.8459    8.5763   91.2112
 521.8251  5511.1407  263.8638 -999.9000   23.9924    0.8613    9.3417   91.1806
 511.3144  5668.0201  263.0712 -999.9000   14.0673    0.4842   10.0330   91.1583
 500.9731  5824.8995  261.7289 -999.9000   12.9546    0.4090   10.7455   91.1344
 490.8286  5981.7789  260.1171 -999.9000   18.3752    0.5200   10.9111   91.1143
 480.7236  6138.6583  259.0039 -999.9000   29.1910    0.7703   11.2557   91.0832
 470.8214  6295.5377  257.7172 -999.9000   31.4538    0.7621   11.3634   91.0728
 461.0900  6452.4171  256.2916 -999.9000   30.7910    0.6762   11.0944   90.9894
 451.4963  6609.2965  254.9927 -999.9000   31.9658    0.6422   10.0946   90.8335
 442.0676  6766.1759  253.9194 -999.9000   32.5424    0.6091    9.2111   90.7116
 432.8253  6923.0553  252.9563 -999.9000   32.2625    0.5674   10.1267   90.6964
 423.7241  7079.9347  251.5486 -999.9000   35.9649    0.5712   11.0122   90.7318
 414.7432  7236.8141  249.8424 -999.9000   41.1850    0.5742   10.8128   90.7585
 405.9174  7393.6935  248.8460 -999.9000   31.7895    0.4138   11.0415   90.7794
 397.1974  7550.5729  247.5577 -999.9000   27.2140    0.3219   11.3062   90.7881
 388.6475  7707.4523  246.1634 -999.9000   31.1352    0.3308   11.4449   90.8405
 380.2876  7864.3317  245.1462 -999.9000   34.7844    0.3433   11.6713   90.9010
 372.0784  8021.2111  244.3277 -999.9000   39.0537    0.3645   11.8111   90.8924
 363.9826  8178.0905  243.5334 -999.9000   45.1779    0.3994   11.7103   90.7526
 356.0087  8334.9698  242.6792 -999.9000   54.4145    0.4529   11.6799   90.7678
 348.2042  8491.8492  241.7838 -999.9000   60.5419    0.5188   12.2672   91.3797
 340.5609  8648.7286  240.9301 -999.9000   64.9393    0.5272   12.4852   91.7004
 333.0575  8805.6080  240.0675 -999.9000   65.5571    0.4852   12.4120   91.6152
 325.6771  8962.4874  239.0958 -999.9000   64.9941    0.4338   12.6938   91.4555
 318.4095  9119.3668  237.8985 -999.9000   65.7945    0.3977   13.5996   91.4682
 311.2701  9276.2462  236.2658 -999.9000   60.7023    0.3338   13.7438   91.4746
 304.2599  9433.1256  234.6995 -999.9000   55.5310    0.2938   13.9539   91.4194
 297.3812  9590.0050  233.6211 -999.9000   50.6961    0.2688   14.4218   91.3896
 290.6045  9746.8844  232.3813 -999.9000   45.4954    0.2331   14.7364   91.3805
 283.9369  9903.7638  230.9923 -999.9000   45.8012    0.2031   15.1004   91.3479
 277.3870 10060.6432  229.4996 -999.9000   45.6591    0.1789   15.4766   91.3074
 270.9631 10217.5226  227.9429 -999.9000   45.6033    0.1538   15.7327   91.2950
 264.6694 10374.4020  226.3965 -999.9000   45.7199    0.1244   15.7787   91.3378
 258.4744 10531.2814  225.1670 -999.9000   45.2341    0.1097   15.9157   91.3756
 252.3757 10688.1608  224.1366 -999.9000   45.5563    0.1034   16.1727   91.3933
 246.3812 10845.0402  223.0761 -999.9000   40.2767    0.0916   16.4681   91.3978
 240.4896 11001.9196  221.8781 -999.9000   35.7190    0.0742   16.7489   91.3965
 234.6950 11158.7990  220.5379 -999.9000   35.9761    0.0604   16.9857   91.3968
 229.0082 11315.6784  219.1520 -999.9000   35.5219    0.0528   17.1728   91.3986
 223.4492 11472.5578  217.8682 -999.9000   34.9961    0.0500   17.3166   91.3982
 218.0236 11629.4372  216.6628 -999.9000   30.1481    0.0480   17.1354   91.4126
 212.6609 11786.3166  214.9869 -999.9000   25.6271    0.0350   15.4790   91.5070
 207.3913 11943.1960  214.1519 -999.9000   23.7925    0.0295   14.3271   91.4951
 202.2510 12100.0754  214.8524 -999.9000   18.0228    0.0410   14.0514   91.5711
 197.2536 12256.9548  216.2466 -999.9000    9.1070    0.0304   12.0823   92.1270
 192.4469 12413.8342  218.6332 -999.9000    2.6481    0.0062   12.5648   91.9985
 187.8076 12570.7136  218.4414 -999.9000    0.2372    0.0003   12.8403   91.9213
 183.2603 12727.5930  217.1954 -999.9000    0.2959    0.0003   12.5813   91.8946
 178.8033 12884.4724  216.7701 -999.9000    0.0000    0.0000   12.3815   91.8603
 174.4458 13041.3518  217.1592 -999.9000    0.0133    0.0000   12.5476   91.7991
 170.1876 13198.2312  217.3685 -999.9000    0.0000    0.0000   13.1056   91.6668
 166.0391 13355.1106  217.5187 -999.9000    0.0000    0.0000   13.7579   91.5392
 162.0101 13511.9899  217.1224 -999.9000    0.0002    0.0000   14.0889   91.4198
 158.0706 13668.8693  216.1158 -999.9000    0.0000    0.0000   13.7372   91.3880
 154.1974 13825.7487  215.2184 -999.9000    0.0000    0.0000   12.6068   91.4693
 150.4126 13982.6281  215.1255 -999.9000    0.0000    0.0000   10.7229   91.5650
 146.7292 14139.5075  216.0265 -999.9000    0.0000    0.0000   10.6738   91.5673
 143.1108 14296.3869  214.2200 -999.9000    0.0000    0.0000   10.6203   91.5696
 139.5597 14453.2663  216.6081 -999.9000    0.0000    0.0000   10.6140   91.5684
 136.1266 14610.1457  214.2423 -999.9000    0.0000    0.0000   10.6299   91.5540
 132.7619 14767.0251  213.3433 -999.9000    0.0000    0.0000   10.6493   91.5347
 129.4754 14923.9045  214.3144 -999.9000    0.0000    0.0000   10.6660   91.5197
 126.2897 15080.7839  215.3980 -999.9000    0.0000    0.0000   10.6711   91.5108
 123.1790 15237.6633  216.6065 -999.9000    0.0000    0.0000   10.7025   91.4644
 120.1481 15394.5427  217.0632 -999.9000    0.0000    0.0000   10.5738   91.3748
 117.2138 15551.4221  216.4051 -999.9000    0.0000    0.0000   10.2251   91.2661
 114.3435 15708.3015  216.2990 -999.9000    0.0000    0.0000    9.9135   91.1464
 111.5416 15865.1809  216.0460 -999.9000    0.0000    0.0000    9.3414   91.1933
 108.8149 16022.0603  217.3511 -999.9000    0.0000    0.0000    8.5343   91.4869
 106.1648 16178.9397  217.3982 -999.9000    0.0000    0.0000    8.0785   91.3484
 103.5767 16335.8191  217.0253 -999.9000    0.0000    0.0000    6.6518   91.9971
 101.0524 16492.6985  219.0644 -999.9000    0.0000    0.0000    2.1762   90.4089
  98.6148 16649.5779  217.6667 -999.9000    0.0000    0.0000    1.4006   90.4014
  96.2203 16806.4573  216.9206 -999.9000    0.0000    0.0000    0.5712   90.4014
  93.8688 16963.3367  216.1987 -999.9000    0.0000    0.0000    1.6479   90.4014
  91.5836 17120.2161  216.0722 -999.9000    0.0000    0.0000    2.5071   90.4014
  89.3567 17277.0955  216.0443 -999.9000    0.0000    0.0000    3.1291   90.4014
  87.1784 17433.9749  215.5670 -999.9000    0.0000    0.0000    3.8107   90.3927
  85.0453 17590.8543  214.7526 -999.9000    0.0000    0.0000    4.7184   90.0754
  82.9608 17747.7337  214.4245 -999.9000    0.0000    0.0000    5.8784   90.9865
  80.9282 17904.6131  215.0662 -999.9000    0.0000    0.0000    7.0073   90.6807
  78.9484 18061.4925  215.7081 -999.9000    0.0000    0.0000    6.8765   90.4907
  77.0217 18218.3719  216.3805 -999.9000    0.0000    0.0000    5.8898   90.6714
  75.1483 18375.2513  217.4404 -999.9000    0.0000    0.0000    4.9024   90.9237
  73.3271 18532.1307  218.5461 -999.9000    0.0000    0.0000    4.2450   91.0464
  71.5556 18689.0101  218.6777 -999.9000    0.0000    0.0000    3.7402   90.9336
  69.8260 18845.8894  217.5704 -999.9000    0.0000    0.0000    3.0821   91.0562
  68.1227 19002.7688  217.2903 -999.9000    0.0000    0.0000    1.9043   91.7656
  66.4601 19159.6482  217.6525 -999.9000    0.0000    0.0000    0.8380   89.5288
  64.8418 19316.5276  218.1506 -999.9000    0.0000    0.0000    0.4938   87.4851
  63.2670 19473.4070  218.5706 -999.9000    0.0000    0.0000    1.0022   87.9468
  61.7318 19630.2864  219.1504 -999.9000    0.0000    0.0000    1.5552   88.3028
  60.2355 19787.1658  219.3839 -999.9000    0.0000    0.0000    2.2663   88.5476
  58.7762 19944.0452  219.1106 -999.9000    0.0000    0.0000    3.0762   88.9105
  57.3501 20100.9246  218.7566 -999.9000    0.0000    0.0000    3.4809   89.0671
  55.9562 20257.8040  218.5159 -999.9000    0.0000    0.0000    3.3836   88.9446
  54.5968 20414.6834  218.3089 -999.9000    0.0000    0.0000    3.1499   88.7725
  53.2731 20571.5628  218.2873 -999.9000    0.0000    0.0000    2.9434   88.6461
  51.9860 20728.4422  218.7619 -999.9000    0.0000    0.0000    2.7815   88.5640
  50.7361 20885.3216  220.0460 -999.9000    0.0000    0.0000    2.6788   88.5228
  49.5229 21042.2010  221.8509 -999.9000    0.0000    0.0000    2.6194   88.5126
  48.3394 21199.0804  221.2665 -999.9000    0.0000    0.0000    2.9531   88.5757
  47.1874 21355.9598  221.3688 -999.9000    0.0000    0.0000    4.0790   88.7747
  46.0647 21512.8392  221.7954 -999.9000    0.0000    0.0000    5.1124   88.9472
  44.9691 21669.7186  222.0672 -999.9000    0.0000    0.0000    5.3206   88.9570
  43.8989 21826.5980  222.1212 -999.9000    0.0000    0.0000    4.9358   88.8369
  42.8525 21983.4774  222.0177 -999.9000    0.0000    0.0000    4.4740   88.6697
  41.8295 22140.3568  221.8046 -999.9000    0.0000    0.0000    4.2241   88.5214
  40.8309 22297.2362  221.5101 -999.9000    0.0000    0.0000    4.1233   88.4316
  39.8584 22454.1156  221.1634 -999.9000    0.0000    0.0000    4.0798   88.4374
  38.9104 22610.9950  221.5909 -999.9000    0.0000    0.0000    4.2409   88.5046
  37.9838 22767.8744  222.8857 -999.9000    0.0000    0.0000    4.6628   88.5579
  37.0791 22924.7538  223.6116 -999.9000    0.0000    0.0000    5.0137   88.6106
  36.1962 23081.6332  223.7372 -999.9000    0.0000    0.0000    5.2774   88.6649
  35.3349 23238.5126  223.4803 -999.9000    0.0000    0.0000    5.4931   88.7211
  34.4951 23395.3920  223.0582 -999.9000    0.0000    0.0000    5.7004   88.7793
  33.6765 23552.2714  222.6886 -999.9000    0.0000    0.0000    5.9386   88.8396
  32.8792 23709.1508  222.5888 -999.9000    0.0000    0.0000    6.2472   88.9021
  32.1025 23866.0302  222.9009 -999.9000    0.0000    0.0000    6.6384   88.9664
  31.3447 24022.9095  223.4870 -999.9000    0.0000    0.0000    7.0238   89.0294
  30.6036 24179.7889  224.1450 -999.9000    0.0000    0.0000    7.2919   89.0878
  29.8779 24336.6683  224.6473 -999.9000    0.0000    0.0000    7.3507   89.1301
  29.1715 24493.5477  224.7044 -999.9000    0.0000    0.0000    7.3044   89.0898
  28.4842 24650.4271  224.5640 -999.9000    0.0000    0.0000    7.2055   88.9796
  27.8138 24807.3065  224.5948 -999.9000    0.0000    0.0000    7.0681   88.8366
  27.1583 24964.1859  225.1636 -999.9000    0.0000    0.0000    6.9055   88.6979
  26.5173 25121.0653  226.3317 -999.9000    0.0000    0.0000    6.7385   88.5852
  25.8939 25277.9447  227.5114 -999.9000    0.0000    0.0000    6.6016   88.4883
  25.2914 25434.8241  228.0320 -999.9000    0.0000    0.0000    6.5314   88.3927
  24.7096 25591.7035  227.5274 -999.9000    0.0000    0.0000    6.6091   88.3136
  24.1354 25748.5829  226.9833 -999.9000    0.0000    0.0000    6.9955   88.3442
  23.5706 25905.4623  226.7326 -999.9000    0.0000    0.0000    7.5927   88.4419
  23.0189 26062.3417  226.9849 -999.9000    0.0000    0.0000    8.2757   88.5480
  22.4826 26219.2211  227.8056 -999.9000    0.0000    0.0000    8.9438   88.6216
  21.9608 26376.1005  228.8890 -999.9000    0.0000    0.0000    9.5583   88.6692
  21.4521 26532.9799  229.8704 -999.9000    0.0000    0.0000   10.0909   88.7041
  20.9548 26689.8593  230.3852 -999.9000    0.0000    0.0000   10.5129   88.7401
  20.4676 26846.7387  230.0686 -999.9000    0.0000    0.0000   10.7958   88.7908
  19.9891 27003.6181  228.5912 -999.9000    0.0000    0.0000   10.9043   88.8671
  19.5243 27160.4975  227.6746 -999.9000    0.0000    0.0000   10.4764   88.8331
  19.0752 27317.3769  228.1065 -999.9000    0.0000    0.0000    9.5839   88.6652
  18.6391 27474.2563  229.3064 -999.9000    0.0000    0.0000    8.6213   88.4541
  18.2135 27631.1357  230.6945 -999.9000    0.0000    0.0000    7.9828   88.2905
  17.7959 27788.0151  231.6996 -999.9000    0.0000    0.0000    8.0399   88.2601
  17.3864 27944.8945  231.9748 -999.9000    0.0000    0.0000    8.6136   88.3267
  16.9866 28101.7739  231.5465 -999.9000    0.0000    0.0000    9.2225   88.3867
  16.5963 28258.6533  230.7115 -999.9000    0.0000    0.0000    9.8318   88.4341
  16.2153 28415.5327  229.7940 -999.9000    0.0000    0.0000   10.4557   88.4734
  15.8432 28572.4121  229.1177 -999.9000    0.0000    0.0000   11.1089   88.5095
  15.4798 28729.2915  229.0010 -999.9000    0.0000    0.0000   11.8035   88.5468
  15.1246 28886.1709  229.4050 -999.9000    0.0000    0.0000   12.4371   88.5881
  14.7769 29043.0503  229.7732 -999.9000    0.0000    0.0000   12.7460   88.6333
  14.4368 29199.9296  229.9417 -999.9000    0.0000    0.0000   12.6650   88.6841
  14.1043 29356.8090  230.0484 -999.9000    0.0000    0.0000   12.2754   88.7433
  13.7798 29513.6884  230.2368 -999.9000    0.0000    0.0000   11.6617   88.8140
  13.4633 29670.5678  230.6506 -999.9000    0.0000    0.0000   10.9079   88.8992
  13.1552 29827.4472  231.4332 -999.9000    0.0000    0.0000   10.0985   89.0018
  12.8555 29984.3266  232.6716 -999.9000    0.0000    0.0000    9.3156   89.1215
  12.5638 30141.2060  234.0533 -999.9000    0.0000    0.0000    8.6271   89.2343
  12.2794 30298.0854  235.0968 -999.9000    0.0000    0.0000    8.0948   89.3059
  12.0018 30454.9648  235.3197 -999.9000    0.0000    0.0000    7.7809   89.3022
  11.7304 30611.8442  234.4941 -999.9000    0.0000    0.0000    7.7061   89.2026
  11.4650 30768.7236  233.4320 -999.9000    0.0000    0.0000    7.7250   89.0420
  11.2056 30925.6030  233.2100 -999.9000    0.0000    0.0000    7.6498   88.8691
  10.9522 31082.4824  234.4802 -999.9000    0.0000    0.0000    7.3603   88.7216
  10.7056 31239.3618  236.0826 -999.9000    0.0000    0.0000    7.0254   88.5894
  10.4661 31396.2412  236.6992 -999.9000    0.0000    0.0000    6.8421   88.4534
  10.2318 31553.1206  236.4103 -999.9000    0.0000    0.0000    6.7957   88.3118
  10.0000 31710.0000  235.6709 -999.9000    0.0000    0.0000    6.8152   88.1674
