# 06610 LSMP Payerne Observations at 12Z 30 Jul 2008
# Radiosonde file generated by raso.rb
#
  P [hPa],     Z [m],    T [K],   Td [K],   RH [%], r [g/kg], WS [m/s], WD [deg]
 962.0000   491.0000  298.6111 -999.9000   66.2353   13.6900    1.9180   93.0543
 944.6891   647.8794  296.5491 -999.9000   67.7884   12.6302    4.4103   92.6754
 927.6873   804.7588  295.1564 -999.9000   79.5257   13.9071    2.0712   92.9144
 911.0964   961.6382  293.8620 -999.9000   79.9780   14.4362    0.3237   92.0428
 894.7070  1118.5176  292.9216 -999.9000   79.9716   14.3064    1.2980   90.9797
 878.5406  1275.3970  292.6198 -999.9000   80.0314   13.3485    2.2982   90.6229
 862.6769  1432.2764  291.2324 -999.9000   80.9381   13.5129    2.5451   90.4248
 846.9845  1589.1558  289.9785 -999.9000   80.2524   13.9027    4.1663   90.3491
 831.5533  1746.0352  289.6164 -999.9000   80.7238   13.2228    5.0648   90.3950
 816.3570  1902.9146  288.2849 -999.9000   80.6061   11.9693    6.1843   90.4496
 801.3249  2059.7940  286.6753 -999.9000   80.3204   11.5640    6.8204   90.4939
 786.5365  2216.6734  285.3002 -999.9000   80.1602   10.4184    7.5796   90.5367
 771.9169  2373.5528  284.0468 -999.9000   80.5414    8.7627    8.7803   90.5644
 757.5041  2530.4322  282.9684 -999.9000   80.4026    8.5006    9.3190   90.6155
 743.3854  2687.3116  282.3746 -999.9000   77.7549    7.5803    8.2145   90.6080
 729.2940  2844.1910  281.2829 -999.9000   60.3676    5.5688    7.9725   90.6173
 715.5826  3001.0704  280.2198 -999.9000   50.1088    4.3807    9.5511   90.6971
 702.0616  3157.9497  279.0220 -999.9000   51.5880    4.2344   10.8286   90.7782
 688.7126  3314.8291  277.5320 -999.9000   58.9034    4.4448   10.9108   90.8007
 675.5482  3471.7085  275.8942 -999.9000   68.1930    4.6752   11.1507   90.8205
 662.5494  3628.5879  274.4086 -999.9000   74.1319    4.6607   11.7450   90.8487
 649.7305  3785.4673  273.3915 -999.9000   67.2604    4.0055   12.0259   90.8627
 637.1240  3942.3467  272.5320 -999.9000   55.1337    3.1437   11.3309   90.9118
 624.7467  4099.2261  271.5122 -999.9000   50.1607    2.7055    9.7678   91.0167
 612.5275  4256.1055  270.4481 -999.9000   50.0949    2.5464    9.3192   91.0465
 600.5160  4412.9849  269.8378 -999.9000   38.2114    1.8919    9.5831   91.0390
 588.7253  4569.8643  269.2413 -999.9000   22.7648    1.0986    9.7509   91.0433
 577.1128  4726.7437  267.9486 -999.9000   18.1702    0.8108    9.7854   91.0483
 565.6299  4883.6231  267.1149 -999.9000   17.0394    0.7276    9.7323   91.0538
 554.4053  5040.5025  266.5574 -999.9000   13.5041    0.5634    9.0284   91.1400
 543.3471  5197.3819  265.8885 -999.9000   12.8455    0.5190    8.2357   91.2153
 532.4739  5354.2613  264.8714 -999.9000   22.2154    0.8459    8.6280   91.2112
 521.8251  5511.1407  263.8340 -999.9000   24.0654    0.8613    9.3710   91.1806
 511.3144  5668.0201  263.0552 -999.9000   14.1113    0.4842   10.0402   91.1583
 500.9731  5824.8995  261.7272 -999.9000   12.9961    0.4090   10.7314   91.1344
 490.8286  5981.7789  260.1300 -999.9000   18.4352    0.5200   10.8768   91.1143
 480.7236  6138.6583  259.0315 -999.9000   29.2877    0.7703   11.2024   91.0832
 470.8214  6295.5377  257.7594 -999.9000   31.5589    0.7621   11.2927   91.0728
 461.0900  6452.4171  256.3483 -999.9000   30.8943    0.6762   11.0081   90.9894
 451.4963  6609.2965  255.0635 -999.9000   32.0730    0.6422    9.9948   90.8335
 442.0676  6766.1759  254.0036 -999.9000   32.6509    0.6091    9.1004   90.7116
 432.8253  6923.0553  253.0533 -999.9000   32.3688    0.5674   10.0077   90.6964
 423.7241  7079.9347  251.6575 -999.9000   36.0813    0.5712   10.8879   90.7318
 414.7432  7236.8141  249.9621 -999.9000   41.3150    0.5742   10.6866   90.7585
 405.9174  7393.6935  248.9753 -999.9000   31.8866    0.4138   10.9167   90.7794
 397.1974  7550.5729  247.6952 -999.9000   27.2936    0.3219   11.1869   90.7881
 388.6475  7707.4523  246.3076 -999.9000   31.2218    0.3308   11.3345   90.8405
 380.2876  7864.3317  245.2958 -999.9000   34.8753    0.3433   11.5731   90.9010
 372.0784  8021.2111  244.4812 -999.9000   39.1486    0.3645   11.7279   90.8924
 363.9826  8178.0905  243.6895 -999.9000   45.2786    0.3994   11.6446   90.7526
 356.0087  8334.9698  242.8366 -999.9000   54.5241    0.4529   11.6338   90.7678
 348.2042  8491.8492  241.9413 -999.9000   60.6503    0.5188   12.2423   91.3797
 340.5609  8648.7286  241.0863 -999.9000   65.0403    0.5272   12.4828   91.7004
 333.0575  8805.6080  240.2213 -999.9000   65.6433    0.4852   12.4331   91.6152
 325.6771  8962.4874  239.2459 -999.9000   65.0635    0.4338   12.7389   91.4555
 318.4095  9119.3668  238.0438 -999.9000   65.8483    0.3977   13.6689   91.4682
 311.2701  9276.2462  236.4051 -999.9000   60.7367    0.3338   13.8369   91.4746
 304.2599  9433.1256  234.8317 -999.9000   55.5485    0.2938   14.0703   91.4194
 297.3812  9590.0050  233.7452 -999.9000   50.6996    0.2688   14.5604   91.3896
 290.6045  9746.8844  232.4962 -999.9000   45.4875    0.2331   14.8959   91.3805
 283.9369  9903.7638  231.0969 -999.9000   45.7825    0.2031   15.2790   91.3479
 277.3870 10060.6432  229.5930 -999.9000   45.6302    0.1789   15.6722   91.3074
 270.9631 10217.5226  228.0241 -999.9000   45.5646    0.1538   15.9426   91.2950
 264.6694 10374.4020  226.4646 -999.9000   45.6718    0.1244   16.0001   91.3378
 258.4744 10531.2814  225.2211 -999.9000   45.1781    0.1097   16.1452   91.3756
 252.3757 10688.1608  224.1757 -999.9000   45.4922    0.1034   16.4066   91.3933
 246.3812 10845.0402  223.0994 -999.9000   40.2140    0.0916   16.7024   91.3978
 240.4896 11001.9196  221.8849 -999.9000   35.6588    0.0742   16.9791   91.3965
 234.6950 11158.7990  220.5274 -999.9000   35.9117    0.0604   17.2074   91.3968
 229.0082 11315.6784  219.1239 -999.9000   35.4551    0.0528   17.3818   91.3986
 223.4492 11472.5578  217.8223 -999.9000   34.9279    0.0500   17.5091   91.3982
 218.0236 11629.4372  216.5992 -999.9000   30.0877    0.0480   17.3078   91.4126
 212.6609 11786.3166  214.9061 -999.9000   25.5748    0.0350   15.6280   91.5070
 207.3913 11943.1960  214.0543 -999.9000   23.7435    0.0295   14.4497   91.4951
 202.2510 12100.0754  214.7388 -999.9000   17.9854    0.0410   14.1449   91.5711
 197.2536 12256.9548  216.1182 -999.9000    9.0881    0.0304   12.1442   92.1270
 192.4469 12413.8342  218.4914 -999.9000    2.6426    0.0062   12.5930   91.9985
 187.8076 12570.7136  218.2876 -999.9000    0.2368    0.0003   12.8329   91.9213
 183.2603 12727.5930  217.0316 -999.9000    0.2953    0.0003   12.5366   91.8946
 178.8033 12884.4724  216.5982 -999.9000    0.0000    0.0000   12.2981   91.8603
 174.4458 13041.3518  216.9816 -999.9000    0.0133    0.0000   12.4246   91.7991
 170.1876 13198.2312  217.1878 -999.9000    0.0000    0.0000   12.9422   91.6668
 166.0391 13355.1106  217.3377 -999.9000    0.0000    0.0000   13.5535   91.5392
 162.0101 13511.9899  216.9442 -999.9000    0.0002    0.0000   13.8434   91.4198
 158.0706 13668.8693  215.9437 -999.9000    0.0000    0.0000   13.4507   91.3880
 154.1974 13825.7487  215.0558 -999.9000    0.0000    0.0000   12.2795   91.4693
 150.4126 13982.6281  214.9764 -999.9000    0.0000    0.0000   10.3555   91.5650
 146.7292 14139.5075  215.8949 -999.9000    0.0000    0.0000   10.2671   91.5673
 143.1108 14296.3869  214.1102 -999.9000    0.0000    0.0000   10.1756   91.5696
 139.5597 14453.2663  216.5246 -999.9000    0.0000    0.0000   10.1328   91.5684
 136.1266 14610.1457  214.1894 -999.9000    0.0000    0.0000   10.1138   91.5540
 132.7619 14767.0251  213.3248 -999.9000    0.0000    0.0000   10.1000   91.5347
 129.4754 14923.9045  214.3335 -999.9000    0.0000    0.0000   10.0855   91.5197
 126.2897 15080.7839  215.4573 -999.9000    0.0000    0.0000   10.0614   91.5108
 123.1790 15237.6633  216.7079 -999.9000    0.0000    0.0000   10.0658   91.4644
 120.1481 15394.5427  217.2082 -999.9000    0.0000    0.0000    9.9124   91.3748
 117.2138 15551.4221  216.5946 -999.9000    0.0000    0.0000    9.5413   91.2661
 114.3435 15708.3015  216.5332 -999.9000    0.0000    0.0000    9.2099   91.1464
 111.5416 15865.1809  216.3246 -999.9000    0.0000    0.0000    8.6207   91.1933
 108.8149 16022.0603  217.6731 -999.9000    0.0000    0.0000    7.7993   91.4869
 106.1648 16178.9397  217.7623 -999.9000    0.0000    0.0000    7.3320   91.3484
 103.5767 16335.8191  217.4293 -999.9000    0.0000    0.0000    5.8969   91.9971
 101.0524 16492.6985  219.5057 -999.9000    0.0000    0.0000    1.4160   90.4089
  98.6148 16649.5779  218.1420 -999.9000    0.0000    0.0000    0.6386   90.4014
  96.2203 16806.4573  217.4262 -999.9000    0.0000    0.0000    0.1894   87.2598
  93.8688 16963.3367  216.7301 -999.9000    0.0000    0.0000    0.8923   90.4014
  91.5836 17120.2161  216.6245 -999.9000    0.0000    0.0000    1.7601   90.4014
  89.3567 17277.0955  216.6119 -999.9000    0.0000    0.0000    2.3946   90.4014
  87.1784 17433.9749  216.1439 -999.9000    0.0000    0.0000    3.0927   90.3927
  85.0453 17590.8543  215.3319 -999.9000    0.0000    0.0000    4.0207   90.0754
  82.9608 17747.7337  214.9990 -999.9000    0.0000    0.0000    5.2054   90.9865
  80.9282 17904.6131  215.6281 -999.9000    0.0000    0.0000    6.3631   90.6807
  78.9484 18061.4925  216.2494 -999.9000    0.0000    0.0000    6.2653   90.4907
  77.0217 18218.3719  216.8942 -999.9000    0.0000    0.0000    5.3154   90.6714
  75.1483 18375.2513  217.9201 -999.9000    0.0000    0.0000    4.3681   90.9237
  73.3271 18532.1307  218.9863 -999.9000    0.0000    0.0000    3.7538   91.0464
  71.5556 18689.0101  219.0734 -999.9000    0.0000    0.0000    3.2946   90.9336
  69.8260 18845.8894  217.9176 -999.9000    0.0000    0.0000    2.6841   91.0562
  68.1227 19002.7688  217.5857 -999.9000    0.0000    0.0000    1.5556   91.7656
  66.4601 19159.6482  217.8936 -999.9000    0.0000    0.0000    0.5399   89.5288
  64.8418 19316.5276  218.3354 -999.9000    0.0000    0.0000    0.2471   87.4851
  63.2670 19473.4070  218.6982 -999.9000    0.0000    0.0000    0.8073   87.9468
  61.7318 19630.2864  219.2205 -999.9000    0.0000    0.0000    1.4121   88.3028
  60.2355 19787.1658  219.3970 -999.9000    0.0000    0.0000    2.1746   88.5476
  58.7762 19944.0452  219.0678 -999.9000    0.0000    0.0000    3.0350   88.9105
  57.3501 20100.9246  218.6599 -999.9000    0.0000    0.0000    3.4891   89.0671
  55.9562 20257.8040  218.3682 -999.9000    0.0000    0.0000    3.4394   88.9446
  54.5968 20414.6834  218.1136 -999.9000    0.0000    0.0000    3.2512   88.7725
  53.2731 20571.5628  218.0487 -999.9000    0.0000    0.0000    3.0878   88.6461
  51.9860 20728.4422  218.4849 -999.9000    0.0000    0.0000    2.9660   88.5640
  50.7361 20885.3216  219.7365 -999.9000    0.0000    0.0000    2.9001   88.5228
  49.5229 21042.2010  221.5153 -999.9000    0.0000    0.0000    2.8737   88.5126
  48.3394 21199.0804  220.9123 -999.9000    0.0000    0.0000    3.2362   88.5757
  47.1874 21355.9598  221.0038 -999.9000    0.0000    0.0000    4.3863   88.7747
  46.0647 21512.8392  221.4280 -999.9000    0.0000    0.0000    5.4392   88.9472
  44.9691 21669.7186  221.7052 -999.9000    0.0000    0.0000    5.6624   88.9570
  43.8989 21826.5980  221.7715 -999.9000    0.0000    0.0000    5.2882   88.8369
  42.8525 21983.4774  221.6869 -999.9000    0.0000    0.0000    4.8331   88.6697
  41.8295 22140.3568  221.4986 -999.9000    0.0000    0.0000    4.5861   88.5214
  40.8309 22297.2362  221.2341 -999.9000    0.0000    0.0000    4.4847   88.4316
  39.8584 22454.1156  220.9221 -999.9000    0.0000    0.0000    4.4373   88.4374
  38.9104 22610.9950  221.3882 -999.9000    0.0000    0.0000    4.5915   88.5046
  37.9838 22767.8744  222.7250 -999.9000    0.0000    0.0000    5.0038   88.5579
  37.0791 22924.7538  223.4957 -999.9000    0.0000    0.0000    5.3427   88.6106
  36.1962 23081.6332  223.6683 -999.9000    0.0000    0.0000    5.5921   88.6649
  35.3349 23238.5126  223.4598 -999.9000    0.0000    0.0000    5.7915   88.7211
  34.4951 23395.3920  223.0871 -999.9000    0.0000    0.0000    5.9808   88.7793
  33.6765 23552.2714  222.7672 -999.9000    0.0000    0.0000    6.1994   88.8396
  32.8792 23709.1508  222.7167 -999.9000    0.0000    0.0000    6.4874   88.9021
  32.1025 23866.0302  223.0772 -999.9000    0.0000    0.0000    6.8570   88.9664
  31.3447 24022.9095  223.7101 -999.9000    0.0000    0.0000    7.2201   89.0294
  30.6036 24179.7889  224.4127 -999.9000    0.0000    0.0000    7.4654   89.0878
  29.8779 24336.6683  224.9567 -999.9000    0.0000    0.0000    7.5012   89.1301
  29.1715 24493.5477  225.0522 -999.9000    0.0000    0.0000    7.4321   89.0898
  28.4842 24650.4271  224.9461 -999.9000    0.0000    0.0000    7.3107   88.9796
  27.8138 24807.3065  225.0065 -999.9000    0.0000    0.0000    7.1512   88.8366
  27.1583 24964.1859  225.5999 -999.9000    0.0000    0.0000    6.9675   88.6979
  26.5173 25121.0653  226.7877 -999.9000    0.0000    0.0000    6.7802   88.5852
  25.8939 25277.9447  227.9823 -999.9000    0.0000    0.0000    6.6238   88.4883
  25.2914 25434.8241  228.5134 -999.9000    0.0000    0.0000    6.5350   88.3927
  24.7096 25591.7035  228.0150 -999.9000    0.0000    0.0000    6.5951   88.3136
  24.1354 25748.5829  227.4729 -999.9000    0.0000    0.0000    6.9648   88.3442
  23.5706 25905.4623  227.2205 -999.9000    0.0000    0.0000    7.5463   88.4419
  23.0189 26062.3417  227.4672 -999.9000    0.0000    0.0000    8.2148   88.5480
  22.4826 26219.2211  228.2790 -999.9000    0.0000    0.0000    8.8693   88.6216
  21.9608 26376.1005  229.3501 -999.9000    0.0000    0.0000    9.4714   88.6692
  21.4521 26532.9799  230.3162 -999.9000    0.0000    0.0000    9.9928   88.7041
  20.9548 26689.8593  230.8127 -999.9000    0.0000    0.0000   10.4048   88.7401
  20.4676 26846.7387  230.4752 -999.9000    0.0000    0.0000   10.6789   88.7908
  19.9891 27003.6181  228.9744 -999.9000    0.0000    0.0000   10.7799   88.8671
  19.5243 27160.4975  228.0323 -999.9000    0.0000    0.0000   10.3457   88.8331
  19.0752 27317.3769  228.4364 -999.9000    0.0000    0.0000    9.4484   88.6652
  18.6391 27474.2563  229.6068 -999.9000    0.0000    0.0000    8.4822   88.4541
  18.2135 27631.1357  230.9637 -999.9000    0.0000    0.0000    7.8417   88.2905
  17.7959 27788.0151  231.9361 -999.9000    0.0000    0.0000    7.8982   88.2601
  17.3864 27944.8945  232.1774 -999.9000    0.0000    0.0000    8.4728   88.3267
  16.9866 28101.7739  231.7141 -999.9000    0.0000    0.0000    9.0841   88.3867
  16.5963 28258.6533  230.8433 -999.9000    0.0000    0.0000    9.6973   88.4341
  16.2153 28415.5327  229.8893 -999.9000    0.0000    0.0000   10.3268   88.4734
  15.8432 28572.4121  229.1762 -999.9000    0.0000    0.0000   10.9872   88.5095
  15.4798 28729.2915  229.0224 -999.9000    0.0000    0.0000   11.6907   88.5468
  15.1246 28886.1709  229.3892 -999.9000    0.0000    0.0000   12.3349   88.5881
  14.7769 29043.0503  229.7205 -999.9000    0.0000    0.0000   12.6561   88.6333
  14.4368 29199.9296  229.8524 -999.9000    0.0000    0.0000   12.5892   88.6841
  14.1043 29356.8090  229.9231 -999.9000    0.0000    0.0000   12.2156   88.7433
  13.7798 29513.6884  230.0763 -999.9000    0.0000    0.0000   11.6197   88.8140
  13.4633 29670.5678  230.4557 -999.9000    0.0000    0.0000   10.8857   88.8992
  13.1552 29827.4472  231.2053 -999.9000    0.0000    0.0000   10.0979   89.0018
  12.8555 29984.3266  232.4120 -999.9000    0.0000    0.0000    9.3386   89.1215
  12.5638 30141.2060  233.7637 -999.9000    0.0000    0.0000    8.6757   89.2343
  12.2794 30298.0854  234.7789 -999.9000    0.0000    0.0000    8.1712   89.3059
  12.0018 30454.9648  234.9755 -999.9000    0.0000    0.0000    7.8870   89.3022
  11.7304 30611.8442  234.1258 -999.9000    0.0000    0.0000    7.8441   89.2026
  11.4650 30768.7236  233.0421 -999.9000    0.0000    0.0000    7.8970   89.0420
  11.2056 30925.6030  232.8010 -999.9000    0.0000    0.0000    7.8581   88.8691
  10.9522 31082.4824  234.0550 -999.9000    0.0000    0.0000    7.6070   88.7216
  10.7056 31239.3618  235.6442 -999.9000    0.0000    0.0000    7.3128   88.5894
  10.4661 31396.2412  236.2508 -999.9000    0.0000    0.0000    7.1725   88.4534
  10.2318 31553.1206  235.9553 -999.9000    0.0000    0.0000    7.1715   88.3118
  10.0000 31710.0000  235.2130 -999.9000    0.0000    0.0000    7.2387   88.1674
