# 06610 LSMP Payerne Observations at 12Z 30 Jul 2008
# Radiosonde file generated by raso.rb
#
  P [hPa],     Z [m],    T [K],   Td [K],   RH [%], r [g/kg], WS [m/s], WD [deg]
 962.0000   491.0000  297.9392 -999.9000   66.3107   13.6900    2.4138   93.0543
 944.6891   647.8794  295.9821 -999.9000   67.8695   12.6302    4.8013   92.6754
 927.6873   804.7588  294.6877 -999.9000   79.6245   13.9071    2.3665   92.9144
 911.0964   961.6382  293.4850 -999.9000   80.0797   14.4362    0.5322   92.0428
 894.7070  1118.5176  292.6302 -999.9000   80.0746   14.3064    1.4283   90.9797
 878.5406  1275.3970  292.4078 -999.9000   80.1348   13.3485    2.3588   90.6229
 862.6769  1432.2764  291.0939 -999.9000   81.0420   13.5129    2.5437   90.4248
 846.9845  1589.1558  289.9077 -999.9000   80.3538   13.9027    4.1105   90.3491
 831.5533  1746.0352  289.6078 -999.9000   80.8233   13.2228    4.9620   90.3950
 816.3570  1902.9146  288.3329 -999.9000   80.7022   11.9693    6.0414   90.4496
 801.3249  2059.7940  286.7747 -999.9000   80.4122   11.5640    6.6440   90.4939
 786.5365  2216.6734  285.4457 -999.9000   80.2470   10.4184    7.3760   90.5367
 771.9169  2373.5528  284.2336 -999.9000   80.6233    8.7627    8.5555   90.5644
 757.5041  2530.4322  283.1917 -999.9000   80.4785    8.5006    9.0786   90.6155
 743.3854  2687.3116  282.6297 -999.9000   77.8220    7.5803    7.9637   90.6080
 729.2940  2844.1910  281.5654 -999.9000   60.4145    5.5688    7.7164   90.6173
 715.5826  3001.0704  280.5253 -999.9000   50.1432    4.3807    9.2943   90.6971
 702.0616  3157.9497  279.3464 -999.9000   51.6185    4.2344   10.5754   90.7782
 688.7126  3314.8291  277.8713 -999.9000   58.9324    4.4448   10.6652   90.8007
 675.5482  3471.7085  276.2446 -999.9000   68.2196    4.6752   10.9163   90.8205
 662.5494  3628.5879  274.7664 -999.9000   74.1532    4.6607   11.5251   90.8487
 649.7305  3785.4673  273.7533 -999.9000   67.2727    4.0055   11.8236   90.8627
 637.1240  3942.3467  272.8944 -999.9000   55.1379    3.1437   11.1488   90.9118
 624.7467  4099.2261  271.8720 -999.9000   50.1592    2.7055    9.6081   91.0167
 612.5275  4256.1055  270.8024 -999.9000   50.0881    2.5464    9.1841   91.0465
 600.5160  4412.9849  270.1836 -999.9000   38.2023    1.8919    9.4741   91.0390
 588.7253  4569.8643  269.5761 -999.9000   22.7570    1.0986    9.6695   91.0433
 577.1128  4726.7437  268.2698 -999.9000   18.1623    0.8108    9.7325   91.0483
 565.6299  4883.6231  267.4201 -999.9000   17.0303    0.7276    9.7086   91.0538
 554.4053  5040.5025  266.8445 -999.9000   13.4957    0.5634    9.0343   91.1400
 543.3471  5197.3819  266.1554 -999.9000   12.8364    0.5190    8.2712   91.2153
 532.4739  5354.2613  265.1163 -999.9000   22.1977    0.8459    8.6927   91.2112
 521.8251  5511.1407  264.0551 -999.9000   24.0445    0.8613    9.4643   91.1806
 511.3144  5668.0201  263.2511 -999.9000   14.0981    0.4842   10.1612   91.1583
 500.9731  5824.8995  261.8965 -999.9000   12.9832    0.4090   10.8787   91.1344
 490.8286  5981.7789  260.2714 -999.9000   18.4159    0.5200   11.0488   91.1143
 480.7236  6138.6583  259.1440 -999.9000   29.2559    0.7703   11.3971   91.0832
 470.8214  6295.5377  257.8422 -999.9000   31.5237    0.7621   11.5078   91.0728
 461.0900  6452.4171  256.4005 -999.9000   30.8592    0.6762   11.2412   90.9894
 451.4963  6609.2965  255.0847 -999.9000   32.0362    0.6422   10.2427   90.8335
 442.0676  6766.1759  253.9934 -999.9000   32.6135    0.6091    9.3599   90.7116
 432.8253  6923.0553  253.0114 -999.9000   32.3322    0.5674   10.2752   90.6964
 423.7241  7079.9347  251.5839 -999.9000   36.0416    0.5712   11.1594   90.7318
 414.7432  7236.8141  249.8569 -999.9000   41.2713    0.5742   10.9578   90.7585
 405.9174  7393.6935  248.8386 -999.9000   31.8547    0.4138   11.1832   90.7794
 397.1974  7550.5729  247.5276 -999.9000   27.2683    0.3219   11.4436   90.7881
 388.6475  7707.4523  246.1097 -999.9000   31.1956    0.3308   11.5770   90.8405
 380.2876  7864.3317  245.0682 -999.9000   34.8496    0.3433   11.7971   90.9010
 372.0784  8021.2111  244.2251 -999.9000   39.1241    0.3645   11.9299   90.8924
 363.9826  8178.0905  243.4058 -999.9000   45.2559    0.3994   11.8214   90.7526
 356.0087  8334.9698  242.5268 -999.9000   54.5041    0.4529   11.7828   90.7678
 348.2042  8491.8492  241.6067 -999.9000   60.6365    0.5188   12.3614   91.3797
 340.5609  8648.7286  240.7287 -999.9000   65.0350    0.5272   12.5704   91.7004
 333.0575  8805.6080  239.8425 -999.9000   65.6479    0.4852   12.4880   91.6152
 325.6771  8962.4874  238.8479 -999.9000   65.0781    0.4338   12.7606   91.4555
 318.4095  9119.3668  237.6288 -999.9000   65.8735    0.3977   13.6572   91.4682
 311.2701  9276.2462  235.9756 -999.9000   60.7695    0.3338   13.7922   91.4746
 304.2599  9433.1256  234.3901 -999.9000   55.5872    0.2938   13.9935   91.4194
 297.3812  9590.0050  233.2942 -999.9000   50.7428    0.2688   14.4529   91.3896
 290.6045  9746.8844  232.0388 -999.9000   45.5331    0.2331   14.7595   91.3805
 283.9369  9903.7638  230.6362 -999.9000   45.8351    0.2031   15.1162   91.3479
 277.3870 10060.6432  229.1322 -999.9000   45.6890    0.1789   15.4858   91.3074
 270.9631 10217.5226  227.5666 -999.9000   45.6293    0.1538   15.7360   91.2950
 264.6694 10374.4020  226.0140 -999.9000   45.7423    0.1244   15.7772   91.3378
 258.4744 10531.2814  224.7813 -999.9000   45.2530    0.1097   15.9103   91.3756
 252.3757 10688.1608  223.7506 -999.9000   45.5722    0.1034   16.1647   91.3933
 246.3812 10845.0402  222.6932 -999.9000   40.2881    0.0916   16.4588   91.3978
 240.4896 11001.9196  221.5019 -999.9000   35.7272    0.0742   16.7397   91.3965
 234.6950 11158.7990  220.1715 -999.9000   35.9825    0.0604   16.9779   91.3968
 229.0082 11315.6784  218.7986 -999.9000   35.5266    0.0528   17.1674   91.3986
 223.4492 11472.5578  217.5306 -999.9000   34.9994    0.0500   17.3146   91.3982
 218.0236 11629.4372  216.3434 -999.9000   30.1499    0.0480   17.1375   91.4126
 212.6609 11786.3166  214.6879 -999.9000   25.6278    0.0350   15.4857   91.5070
 207.3913 11943.1960  213.8750 -999.9000   23.7926    0.0295   14.3387   91.4951
 202.2510 12100.0754  214.5992 -999.9000   18.0224    0.0410   14.0680   91.5711
 197.2536 12256.9548  216.0183 -999.9000    9.1067    0.0304   12.1039   92.1270
 192.4469 12413.8342  218.4308 -999.9000    2.6479    0.0062   12.5911   91.9985
 187.8076 12570.7136  218.2653 -999.9000    0.2372    0.0003   12.8707   91.9213
 183.2603 12727.5930  217.0461 -999.9000    0.2958    0.0003   12.6152   91.8946
 178.8033 12884.4724  216.6476 -999.9000    0.0000    0.0000   12.4179   91.8603
 174.4458 13041.3518  217.0630 -999.9000    0.0133    0.0000   12.5855   91.7991
 170.1876 13198.2312  217.2982 -999.9000    0.0000    0.0000   13.1437   91.6668
 166.0391 13355.1106  217.4732 -999.9000    0.0000    0.0000   13.7946   91.5392
 162.0101 13511.9899  217.1006 -999.9000    0.0002    0.0000   14.1226   91.4198
 158.0706 13668.8693  216.1161 -999.9000    0.0000    0.0000   13.7660   91.3880
 154.1974 13825.7487  215.2388 -999.9000    0.0000    0.0000   12.6285   91.4693
 150.4126 13982.6281  215.1640 -999.9000    0.0000    0.0000   10.7353   91.5650
 146.7292 14139.5075  216.0807 -999.9000    0.0000    0.0000   10.6743   91.5673
 143.1108 14296.3869  214.2870 -999.9000    0.0000    0.0000   10.6063   91.5696
 139.5597 14453.2663  216.6849 -999.9000    0.0000    0.0000   10.5826   91.5684
 136.1266 14610.1457  214.3258 -999.9000    0.0000    0.0000   10.5784   91.5540
 132.7619 14767.0251  213.4307 -999.9000    0.0000    0.0000   10.5752   91.5347
 129.4754 14923.9045  214.4030 -999.9000    0.0000    0.0000   10.5675   91.5197
 126.2897 15080.7839  215.4854 -999.9000    0.0000    0.0000   10.5467   91.5108
 123.1790 15237.6633  216.6904 -999.9000    0.0000    0.0000   10.5512   91.4644
 120.1481 15394.5427  217.1416 -999.9000    0.0000    0.0000   10.3949   91.3748
 117.2138 15551.4221  216.4763 -999.9000    0.0000    0.0000   10.0183   91.2661
 114.3435 15708.3015  216.3615 -999.9000    0.0000    0.0000    9.6791   91.1464
 111.5416 15865.1809  216.0983 -999.9000    0.0000    0.0000    9.0799   91.1933
 108.8149 16022.0603  217.3921 -999.9000    0.0000    0.0000    8.2469   91.4869
 106.1648 16178.9397  217.4270 -999.9000    0.0000    0.0000    7.7666   91.3484
 103.5767 16335.8191  217.0412 -999.9000    0.0000    0.0000    6.3173   91.9971
 101.0524 16492.6985  219.0670 -999.9000    0.0000    0.0000    1.8214   90.4089
  98.6148 16649.5779  217.6556 -999.9000    0.0000    0.0000    1.0283   90.4014
  96.2203 16806.4573  216.8959 -999.9000    0.0000    0.0000    0.1845   90.4014
  93.8688 16963.3367  216.1605 -999.9000    0.0000    0.0000    1.2504   90.4014
  91.5836 17120.2161  216.0209 -999.9000    0.0000    0.0000    2.1027   90.4014
  89.3567 17277.0955  215.9805 -999.9000    0.0000    0.0000    2.7224   90.4014
  87.1784 17433.9749  215.4916 -999.9000    0.0000    0.0000    3.4065   90.3927
  85.0453 17590.8543  214.6667 -999.9000    0.0000    0.0000    4.3219   90.0754
  82.9608 17747.7337  214.3292 -999.9000    0.0000    0.0000    5.4954   90.9865
  80.9282 17904.6131  214.9631 -999.9000    0.0000    0.0000    6.6438   90.6807
  78.9484 18061.4925  215.5987 -999.9000    0.0000    0.0000    6.5387   90.4907
  77.0217 18218.3719  216.2661 -999.9000    0.0000    0.0000    5.5832   90.6714
  75.1483 18375.2513  217.3224 -999.9000    0.0000    0.0000    4.6319   90.9237
  73.3271 18532.1307  218.4256 -999.9000    0.0000    0.0000    4.0152   91.0464
  71.5556 18689.0101  218.5556 -999.9000    0.0000    0.0000    3.5548   90.9336
  69.8260 18845.8894  217.4475 -999.9000    0.0000    0.0000    2.9445   91.0562
  68.1227 19002.7688  217.1673 -999.9000    0.0000    0.0000    1.8172   91.7656
  66.4601 19159.6482  217.5300 -999.9000    0.0000    0.0000    0.8037   89.5288
  64.8418 19316.5276  218.0289 -999.9000    0.0000    0.0000    0.5138   87.4851
  63.2670 19473.4070  218.4499 -999.9000    0.0000    0.0000    1.0777   87.9468
  61.7318 19630.2864  219.0310 -999.9000    0.0000    0.0000    1.6866   88.3028
  60.2355 19787.1658  219.2656 -999.9000    0.0000    0.0000    2.4536   88.5476
  58.7762 19944.0452  218.9932 -999.9000    0.0000    0.0000    3.3188   88.9105
  57.3501 20100.9246  218.6398 -999.9000    0.0000    0.0000    3.7777   89.0671
  55.9562 20257.8040  218.3993 -999.9000    0.0000    0.0000    3.7328   88.9446
  54.5968 20414.6834  218.1918 -999.9000    0.0000    0.0000    3.5492   88.7725
  53.2731 20571.5628  218.1690 -999.9000    0.0000    0.0000    3.3900   88.6461
  51.9860 20728.4422  218.6414 -999.9000    0.0000    0.0000    3.2719   88.5640
  50.7361 20885.3216  219.9223 -999.9000    0.0000    0.0000    3.2092   88.5228
  49.5229 21042.2010  221.7228 -999.9000    0.0000    0.0000    3.1852   88.5126
  48.3394 21199.0804  221.1327 -999.9000    0.0000    0.0000    3.5493   88.5757
  47.1874 21355.9598  221.2277 -999.9000    0.0000    0.0000    4.6999   88.7747
  46.0647 21512.8392  221.6456 -999.9000    0.0000    0.0000    5.7522   88.9472
  44.9691 21669.7186  221.9075 -999.9000    0.0000    0.0000    5.9735   88.9570
  43.8989 21826.5980  221.9504 -999.9000    0.0000    0.0000    5.5965   88.8369
  42.8525 21983.4774  221.8350 -999.9000    0.0000    0.0000    5.1375   88.6697
  41.8295 22140.3568  221.6094 -999.9000    0.0000    0.0000    4.8855   88.5214
  40.8309 22297.2362  221.3020 -999.9000    0.0000    0.0000    4.7782   88.4316
  39.8584 22454.1156  220.9423 -999.9000    0.0000    0.0000    4.7237   88.4374
  38.9104 22610.9950  221.3568 -999.9000    0.0000    0.0000    4.8699   88.5046
  37.9838 22767.8744  222.6389 -999.9000    0.0000    0.0000    5.2732   88.5579
  37.0791 22924.7538  223.3526 -999.9000    0.0000    0.0000    5.6021   88.6106
  36.1962 23081.6332  223.4668 -999.9000    0.0000    0.0000    5.8405   88.6649
  35.3349 23238.5126  223.1994 -999.9000    0.0000    0.0000    6.0281   88.7211
  34.4951 23395.3920  222.7680 -999.9000    0.0000    0.0000    6.2046   88.7793
  33.6765 23552.2714  222.3905 -999.9000    0.0000    0.0000    6.4097   88.8396
  32.8792 23709.1508  222.2844 -999.9000    0.0000    0.0000    6.6831   88.9021
  32.1025 23866.0302  222.5921 -999.9000    0.0000    0.0000    7.0373   88.9664
  31.3447 24022.9095  223.1758 -999.9000    0.0000    0.0000    7.3842   89.0294
  30.6036 24179.7889  223.8338 -999.9000    0.0000    0.0000    7.6125   89.0878
  29.8779 24336.6683  224.3386 -999.9000    0.0000    0.0000    7.6305   89.1301
  29.1715 24493.5477  224.4009 -999.9000    0.0000    0.0000    7.5427   89.0898
  28.4842 24650.4271  224.2687 -999.9000    0.0000    0.0000    7.4019   88.9796
  27.8138 24807.3065  224.3109 -999.9000    0.0000    0.0000    7.2224   88.8366
  27.1583 24964.1859  224.8944 -999.9000    0.0000    0.0000    7.0178   88.6979
  26.5173 25121.0653  226.0803 -999.9000    0.0000    0.0000    6.8090   88.5852
  25.8939 25277.9447  227.2804 -999.9000    0.0000    0.0000    6.6307   88.4883
  25.2914 25434.8241  227.8238 -999.9000    0.0000    0.0000    6.5196   88.3927
  24.7096 25591.7035  227.3444 -999.9000    0.0000    0.0000    6.5570   88.3136
  24.1354 25748.5829  226.8272 -999.9000    0.0000    0.0000    6.9038   88.3442
  23.5706 25905.4623  226.6052 -999.9000    0.0000    0.0000    7.4624   88.4419
  23.0189 26062.3417  226.8873 -999.9000    0.0000    0.0000    8.1078   88.5480
  22.4826 26219.2211  227.7390 -999.9000    0.0000    0.0000    8.7395   88.6216
  21.9608 26376.1005  228.8540 -999.9000    0.0000    0.0000    9.3189   88.6692
  21.4521 26532.9799  229.8677 -999.9000    0.0000    0.0000    9.8178   88.7041
  20.9548 26689.8593  230.4148 -999.9000    0.0000    0.0000   10.2078   88.7401
  20.4676 26846.7387  230.1304 -999.9000    0.0000    0.0000   10.4604   88.7908
  19.9891 27003.6181  228.6849 -999.9000    0.0000    0.0000   10.5405   88.8671
  19.5243 27160.4975  227.7996 -999.9000    0.0000    0.0000   10.0861   88.8331
  19.0752 27317.3769  228.2617 -999.9000    0.0000    0.0000    9.1693   88.6652
  18.6391 27474.2563  229.4907 -999.9000    0.0000    0.0000    8.1846   88.4541
  18.2135 27631.1357  230.9064 -999.9000    0.0000    0.0000    7.5265   88.2905
  17.7959 27788.0151  231.9372 -999.9000    0.0000    0.0000    7.5665   88.2601
  17.3864 27944.8945  232.2360 -999.9000    0.0000    0.0000    8.1258   88.3267
  16.9866 28101.7739  231.8290 -999.9000    0.0000    0.0000    8.7232   88.3867
  16.5963 28258.6533  231.0126 -999.9000    0.0000    0.0000    9.3238   88.4341
  16.2153 28415.5327  230.1108 -999.9000    0.0000    0.0000    9.9422   88.4734
  15.8432 28572.4121  229.4471 -999.9000    0.0000    0.0000   10.5931   88.5095
  15.4798 28729.2915  229.3393 -999.9000    0.0000    0.0000   11.2888   88.5468
  15.1246 28886.1709  229.7485 -999.9000    0.0000    0.0000   11.9270   88.5881
  14.7769 29043.0503  230.1179 -999.9000    0.0000    0.0000   12.2441   88.6333
  14.4368 29199.9296  230.2832 -999.9000    0.0000    0.0000   12.1751   88.6841
  14.1043 29356.8090  230.3821 -999.9000    0.0000    0.0000   11.8015   88.7433
  13.7798 29513.6884  230.5577 -999.9000    0.0000    0.0000   11.2078   88.8140
  13.4633 29670.5678  230.9535 -999.9000    0.0000    0.0000   10.4783   88.8992
  13.1552 29827.4472  231.7127 -999.9000    0.0000    0.0000    9.6973   89.0018
  12.8555 29984.3266  232.9218 -999.9000    0.0000    0.0000    8.9474   89.1215
  12.5638 30141.2060  234.2683 -999.9000    0.0000    0.0000    8.2965   89.2343
  12.2794 30298.0854  235.2701 -999.9000    0.0000    0.0000    7.8066   89.3059
  12.0018 30454.9648  235.4448 -999.9000    0.0000    0.0000    7.5399   89.3022
  11.7304 30611.8442  234.5641 -999.9000    0.0000    0.0000    7.5173   89.2026
  11.4650 30768.7236  233.4396 -999.9000    0.0000    0.0000    7.5935   89.0420
  11.2056 30925.6030  233.1478 -999.9000    0.0000    0.0000    7.5811   88.8691
  10.9522 31082.4824  234.3404 -999.9000    0.0000    0.0000    7.3596   88.7216
  10.7056 31239.3618  235.8572 -999.9000    0.0000    0.0000    7.0984   88.5894
  10.4661 31396.2412  236.3800 -999.9000    0.0000    0.0000    6.9944   88.4534
  10.2318 31553.1206  235.9885 -999.9000    0.0000    0.0000    7.0332   88.3118
  10.0000 31710.0000  235.1377 -999.9000    0.0000    0.0000    7.1439   88.1674
