# 06610 LSMP Payerne Observations at 12Z 30 Jul 2008
# Radiosonde file generated by raso.rb
#
  P [hPa],     Z [m],    T [K],   Td [K],   RH [%], r [g/kg], WS [m/s], WD [deg]
 962.0000   491.0000  298.5342 -999.9000   66.2842   13.6900    2.3146   93.0543
 944.6891   647.8794  296.4723 -999.9000   67.8377   12.6302    4.6699   92.6754
 927.6873   804.7588  295.0775 -999.9000   79.5816   13.9071    2.2073   92.9144
 911.0964   961.6382  293.7789 -999.9000   80.0311   14.4362    0.3492   92.0428
 894.7070  1118.5176  292.8324 -999.9000   80.0206   14.3064    1.2255   90.9797
 878.5406  1275.3970  292.5228 -999.9000   80.0755   13.3485    2.1399   90.6229
 862.6769  1432.2764  291.1258 -999.9000   80.9766   13.5129    2.3124   90.4248
 846.9845  1589.1558  289.8608 -999.9000   80.2838   13.9027    3.8704   90.3491
 831.5533  1746.0352  289.4861 -999.9000   80.7478   13.2228    4.7162   90.3950
 816.3570  1902.9146  288.1405 -999.9000   80.6218   11.9693    5.7931   90.4496
 801.3249  2059.7940  286.5157 -999.9000   80.3272   11.5640    6.3961   90.4939
 786.5365  2216.6734  285.1241 -999.9000   80.1575   10.4184    7.1314   90.5367
 771.9169  2373.5528  283.8531 -999.9000   80.5287    8.7627    8.3167   90.5644
 757.5041  2530.4322  282.7563 -999.9000   80.3795    8.5006    8.8482   90.6155
 743.3854  2687.3116  282.1431 -999.9000   77.7221    7.5803    7.7440   90.6080
 729.2940  2844.1910  281.0314 -999.9000   60.3338    5.5688    7.5095   90.6173
 715.5826  3001.0704  279.9475 -999.9000   50.0737    4.3807    9.1021   90.6971
 702.0616  3157.9497  278.7284 -999.9000   51.5445    4.2344   10.3998   90.7782
 688.7126  3314.8291  277.2167 -999.9000   58.8452    4.4448   10.5078   90.8007
 675.5482  3471.7085  275.5568 -999.9000   68.1157    4.6752   10.7786   90.8205
 662.5494  3628.5879  274.0490 -999.9000   74.0372    4.6607   11.4084   90.8487
 649.7305  3785.4673  273.0095 -999.9000   67.1648    4.0055   11.7291   90.8627
 637.1240  3942.3467  272.1276 -999.9000   55.0475    3.1437   11.0774   90.9118
 624.7467  4099.2261  271.0855 -999.9000   50.0753    2.7055    9.5607   91.0167
 612.5275  4256.1055  269.9993 -999.9000   50.0028    2.5464    9.1613   91.0465
 600.5160  4412.9849  269.3672 -999.9000   38.1362    1.8919    9.4764   91.0390
 588.7253  4569.8643  268.7493 -999.9000   22.7171    1.0986    9.6972   91.0433
 577.1128  4726.7437  267.4357 -999.9000   18.1300    0.8108    9.7858   91.0483
 565.6299  4883.6231  266.5818 -999.9000   16.9998    0.7276    9.7875   91.0538
 554.4053  5040.5025  266.0047 -999.9000   13.4713    0.5634    9.1386   91.1400
 543.3471  5197.3819  265.3171 -999.9000   12.8130    0.5190    8.4005   91.2153
 532.4739  5354.2613  264.2822 -999.9000   22.1572    0.8459    8.8466   91.2112
 521.8251  5511.1407  263.2281 -999.9000   24.0005    0.8613    9.6422   91.1806
 511.3144  5668.0201  262.4338 -999.9000   14.0723    0.4842   10.3621   91.1583
 500.9731  5824.8995  261.0914 -999.9000   12.9595    0.4090   11.1017   91.1344
 490.8286  5981.7789  259.4812 -999.9000   18.3824    0.5200   11.2927   91.1143
 480.7236  6138.6583  258.3712 -999.9000   29.2030    0.7703   11.6606   91.0832
 470.8214  6295.5377  257.0892 -999.9000   31.4672    0.7621   11.7894   91.0728
 461.0900  6452.4171  255.6698 -999.9000   30.8045    0.6762   11.5392   90.9894
 451.4963  6609.2965  254.3785 -999.9000   31.9802    0.6422   10.5554   90.8335
 442.0676  6766.1759  253.3140 -999.9000   32.5574    0.6091    9.6852   90.7116
 432.8253  6923.0553  252.3611 -999.9000   32.2778    0.5674   10.6110   90.6964
 423.7241  7079.9347  250.9648 -999.9000   35.9822    0.5712   11.5034   90.7318
 414.7432  7236.8141  249.2711 -999.9000   41.2051    0.5742   11.3075   90.7585
 405.9174  7393.6935  248.2882 -999.9000   31.8051    0.4138   11.5359   90.7794
 397.1974  7550.5729  247.0145 -999.9000   27.2273    0.3219   11.7966   90.7881
 388.6475  7707.4523  245.6356 -999.9000   31.1505    0.3308   11.9274   90.8405
 380.2876  7864.3317  244.6346 -999.9000   34.8013    0.3433   12.1425   90.9010
 372.0784  8021.2111  243.8329 -999.9000   39.0724    0.3645   12.2676   90.8924
 363.9826  8178.0905  243.0560 -999.9000   45.1992    0.3994   12.1492   90.7526
 356.0087  8334.9698  242.2196 -999.9000   54.4395    0.4529   12.0984   90.7678
 348.2042  8491.8492  241.3423 -999.9000   60.5690    0.5188   12.6626   91.3797
 340.5609  8648.7286  240.5068 -999.9000   64.9674    0.5272   12.8554   91.7004
 333.0575  8805.6080  239.6626 -999.9000   65.5843    0.4852   12.7548   91.6152
 325.6771  8962.4874  238.7091 -999.9000   65.0198    0.4338   13.0075   91.4555
 318.4095  9119.3668  237.5298 -999.9000   65.8191    0.3977   13.8826   91.4682
 311.2701  9276.2462  235.9149 -999.9000   60.7235    0.3338   13.9947   91.4746
 304.2599  9433.1256  234.3659 -999.9000   55.5490    0.2938   14.1716   91.4194
 297.3812  9590.0050  233.3043 -999.9000   50.7111    0.2688   14.6055   91.3896
 290.6045  9746.8844  232.0807 -999.9000   45.5075    0.2331   14.8855   91.3805
 283.9369  9903.7638  230.7070 -999.9000   45.8120    0.2031   15.2146   91.3479
 277.3870 10060.6432  229.2287 -999.9000   45.6684    0.1789   15.5557   91.3074
 270.9631 10217.5226  227.6855 -999.9000   45.6110    0.1538   15.7768   91.2950
 264.6694 10374.4020  226.1513 -999.9000   45.7259    0.1244   15.7882   91.3378
 258.4744 10531.2814  224.9329 -999.9000   45.2383    0.1097   15.8912   91.3756
 252.3757 10688.1608  223.9120 -999.9000   45.5588    0.1034   16.1150   91.3933
 246.3812 10845.0402  222.8597 -999.9000   40.2772    0.0916   16.3784   91.3978
 240.4896 11001.9196  221.6683 -999.9000   35.7180    0.0742   16.6285   91.3965
 234.6950 11158.7990  220.3330 -999.9000   35.9735    0.0604   16.8360   91.3968
 229.0082 11315.6784  218.9508 -999.9000   35.5177    0.0528   16.9951   91.3986
 223.4492 11472.5578  217.6695 -999.9000   34.9904    0.0500   17.1124   91.3982
 218.0236 11629.4372  216.4656 -999.9000   30.1417    0.0480   16.9060   91.4126
 212.6609 11786.3166  214.7905 -999.9000   25.6204    0.0350   15.2258   91.5070
 207.3913 11943.1960  213.9556 -999.9000   23.7851    0.0295   14.0515   91.4951
 202.2510 12100.0754  214.6558 -999.9000   18.0163    0.0410   13.7547   91.5711
 197.2536 12256.9548  216.0495 -999.9000    9.1033    0.0304   11.7660   92.1270
 192.4469 12413.8342  218.4356 -999.9000    2.6469    0.0062   12.2302   91.9985
 187.8076 12570.7136  218.2433 -999.9000    0.2371    0.0003   12.4887   91.9213
 183.2603 12727.5930  216.9973 -999.9000    0.2957    0.0003   12.2140   91.8946
 178.8033 12884.4724  216.5725 -999.9000    0.0000    0.0000   11.9999   91.8603
 174.4458 13041.3518  216.9627 -999.9000    0.0133    0.0000   12.1530   91.7991
 170.1876 13198.2312  217.1741 -999.9000    0.0000    0.0000   12.6993   91.6668
 166.0391 13355.1106  217.3274 -999.9000    0.0000    0.0000   13.3411   91.5392
 162.0101 13511.9899  216.9356 -999.9000    0.0002    0.0000   13.6630   91.4198
 158.0706 13668.8693  215.9348 -999.9000    0.0000    0.0000   13.3036   91.3880
 154.1974 13825.7487  215.0448 -999.9000    0.0000    0.0000   12.1666   91.4693
 150.4126 13982.6281  214.9613 -999.9000    0.0000    0.0000   10.2774   91.5650
 146.7292 14139.5075  215.8736 -999.9000    0.0000    0.0000   10.2243   91.5673
 143.1108 14296.3869  214.0807 -999.9000    0.0000    0.0000   10.1680   91.5696
 139.5597 14453.2663  216.4847 -999.9000    0.0000    0.0000   10.1603   91.5684
 136.1266 14610.1457  214.1371 -999.9000    0.0000    0.0000   10.1759   91.5540
 132.7619 14767.0251  213.2584 -999.9000    0.0000    0.0000   10.1962   91.5347
 129.4754 14923.9045  214.2517 -999.9000    0.0000    0.0000   10.2150   91.5197
 126.2897 15080.7839  215.3592 -999.9000    0.0000    0.0000   10.2234   91.5108
 123.1790 15237.6633  216.5927 -999.9000    0.0000    0.0000   10.2591   91.4644
 120.1481 15394.5427  217.0757 -999.9000    0.0000    0.0000   10.1359   91.3748
 117.2138 15551.4221  216.4449 -999.9000    0.0000    0.0000    9.7936   91.2661
 114.3435 15708.3015  216.3666 -999.9000    0.0000    0.0000    9.4896   91.1464
 111.5416 15865.1809  216.1418 -999.9000    0.0000    0.0000    8.9259   91.1933
 108.8149 16022.0603  217.4753 -999.9000    0.0000    0.0000    8.1284   91.4869
 106.1648 16178.9397  217.5507 -999.9000    0.0000    0.0000    7.6830   91.3484
 103.5767 16335.8191  217.2057 -999.9000    0.0000    0.0000    6.2676   91.9971
 101.0524 16492.6985  219.2722 -999.9000    0.0000    0.0000    1.8041   90.4089
  98.6148 16649.5779  217.9010 -999.9000    0.0000    0.0000    1.0416   90.4014
  96.2203 16806.4573  217.1805 -999.9000    0.0000    0.0000    0.2261   90.4014
  93.8688 16963.3367  216.4828 -999.9000    0.0000    0.0000    1.3175   90.4014
  91.5836 17120.2161  216.3790 -999.9000    0.0000    0.0000    2.1920   90.4014
  89.3567 17277.0955  216.3720 -999.9000    0.0000    0.0000    2.8301   90.4014
  87.1784 17433.9749  215.9137 -999.9000    0.0000    0.0000    3.5286   90.3927
  85.0453 17590.8543  215.1159 -999.9000    0.0000    0.0000    4.4537   90.0754
  82.9608 17747.7337  214.8019 -999.9000    0.0000    0.0000    5.6319   90.9865
  80.9282 17904.6131  215.4550 -999.9000    0.0000    0.0000    6.7795   90.6807
  78.9484 18061.4925  216.1055 -999.9000    0.0000    0.0000    6.6680   90.4907
  77.0217 18218.3719  216.7836 -999.9000    0.0000    0.0000    5.7012   90.6714
  75.1483 18375.2513  217.8467 -999.9000    0.0000    0.0000    4.7339   90.9237
  73.3271 18532.1307  218.9529 -999.9000    0.0000    0.0000    4.0971   91.0464
  71.5556 18689.0101  219.0825 -999.9000    0.0000    0.0000    3.6130   90.9336
  69.8260 18845.8894  217.9707 -999.9000    0.0000    0.0000    2.9758   91.0562
  68.1227 19002.7688  217.6839 -999.9000    0.0000    0.0000    1.8191   91.7656
  66.4601 19159.6482  218.0371 -999.9000    0.0000    0.0000    0.7739   89.5288
  64.8418 19316.5276  218.5239 -999.9000    0.0000    0.0000    0.4506   87.4851
  63.2670 19473.4070  218.9306 -999.9000    0.0000    0.0000    0.9799   87.9468
  61.7318 19630.2864  219.4952 -999.9000    0.0000    0.0000    1.5535   88.3028
  60.2355 19787.1658  219.7114 -999.9000    0.0000    0.0000    2.2849   88.5476
  58.7762 19944.0452  219.4190 -999.9000    0.0000    0.0000    3.1148   88.9105
  57.3501 20100.9246  219.0442 -999.9000    0.0000    0.0000    3.5391   89.0671
  55.9562 20257.8040  218.7810 -999.9000    0.0000    0.0000    3.4608   88.9446
  54.5968 20414.6834  218.5499 -999.9000    0.0000    0.0000    3.2455   88.7725
  53.2731 20571.5628  218.5027 -999.9000    0.0000    0.0000    3.0568   88.6461
  51.9860 20728.4422  218.9502 -999.9000    0.0000    0.0000    2.9118   88.5640
  50.7361 20885.3216  220.2059 -999.9000    0.0000    0.0000    2.8253   88.5228
  49.5229 21042.2010  221.9811 -999.9000    0.0000    0.0000    2.7811   88.5126
  48.3394 21199.0804  221.3660 -999.9000    0.0000    0.0000    3.1290   88.5757
  47.1874 21355.9598  221.4363 -999.9000    0.0000    0.0000    4.2681   88.7747
  46.0647 21512.8392  221.8300 -999.9000    0.0000    0.0000    5.3136   88.9472
  44.9691 21669.7186  222.0682 -999.9000    0.0000    0.0000    5.5327   88.9570
  43.8989 21826.5980  222.0879 -999.9000    0.0000    0.0000    5.1576   88.8369
  42.8525 21983.4774  221.9498 -999.9000    0.0000    0.0000    4.7044   88.6697
  41.8295 22140.3568  221.7019 -999.9000    0.0000    0.0000    4.4618   88.5214
  40.8309 22297.2362  221.3725 -999.9000    0.0000    0.0000    4.3673   88.4316
  39.8584 22454.1156  220.9912 -999.9000    0.0000    0.0000    4.3286   88.4374
  38.9104 22610.9950  221.3845 -999.9000    0.0000    0.0000    4.4934   88.5046
  37.9838 22767.8744  222.6457 -999.9000    0.0000    0.0000    4.9177   88.5579
  37.0791 22924.7538  223.3388 -999.9000    0.0000    0.0000    5.2697   88.6106
  36.1962 23081.6332  223.4325 -999.9000    0.0000    0.0000    5.5332   88.6649
  35.3349 23238.5126  223.1450 -999.9000    0.0000    0.0000    5.7474   88.7211
  34.4951 23395.3920  222.6936 -999.9000    0.0000    0.0000    5.9518   88.7793
  33.6765 23552.2714  222.2962 -999.9000    0.0000    0.0000    6.1856   88.8396
  32.8792 23709.1508  222.1705 -999.9000    0.0000    0.0000    6.4886   88.9021
  32.1025 23866.0302  222.4586 -999.9000    0.0000    0.0000    6.8728   88.9664
  31.3447 24022.9095  223.0229 -999.9000    0.0000    0.0000    7.2496   89.0294
  30.6036 24179.7889  223.6615 -999.9000    0.0000    0.0000    7.5078   89.0878
  29.8779 24336.6683  224.1469 -999.9000    0.0000    0.0000    7.5551   89.1301
  29.1715 24493.5477  224.1898 -999.9000    0.0000    0.0000    7.4960   89.0898
  28.4842 24650.4271  224.0382 -999.9000    0.0000    0.0000    7.3827   88.9796
  27.8138 24807.3065  224.0609 -999.9000    0.0000    0.0000    7.2293   88.8366
  27.1583 24964.1859  224.6249 -999.9000    0.0000    0.0000    7.0494   88.6979
  26.5173 25121.0653  225.7912 -999.9000    0.0000    0.0000    6.8636   88.5852
  25.8939 25277.9447  226.9720 -999.9000    0.0000    0.0000    6.7068   88.4883
  25.2914 25434.8241  227.4965 -999.9000    0.0000    0.0000    6.6156   88.3927
  24.7096 25591.7035  226.9984 -999.9000    0.0000    0.0000    6.6716   88.3136
  24.1354 25748.5829  226.4631 -999.9000    0.0000    0.0000    7.0355   88.3442
  23.5706 25905.4623  226.2236 -999.9000    0.0000    0.0000    7.6097   88.4419
  23.0189 26062.3417  226.4889 -999.9000    0.0000    0.0000    8.2694   88.5480
  22.4826 26219.2211  227.3247 -999.9000    0.0000    0.0000    8.9139   88.6216
  21.9608 26376.1005  228.4248 -999.9000    0.0000    0.0000    9.5048   88.6692
  21.4521 26532.9799  229.4245 -999.9000    0.0000    0.0000   10.0139   88.7041
  20.9548 26689.8593  229.9589 -999.9000    0.0000    0.0000   10.4128   88.7401
  20.4676 26846.7387  229.6631 -999.9000    0.0000    0.0000   10.6730   88.7908
  19.9891 27003.6181  228.2076 -999.9000    0.0000    0.0000   10.7594   88.8671
  19.5243 27160.4975  227.3137 -999.9000    0.0000    0.0000   10.3101   88.8331
  19.0752 27317.3769  227.7690 -999.9000    0.0000    0.0000    9.3973   88.6652
  18.6391 27474.2563  228.9928 -999.9000    0.0000    0.0000    8.4153   88.4541
  18.2135 27631.1357  230.4052 -999.9000    0.0000    0.0000    7.7589   88.2905
  17.7959 27788.0151  231.4346 -999.9000    0.0000    0.0000    7.7994   88.2601
  17.3864 27944.8945  231.7342 -999.9000    0.0000    0.0000    8.3582   88.3267
  16.9866 28101.7739  231.3302 -999.9000    0.0000    0.0000    8.9539   88.3867
  16.5963 28258.6533  230.5190 -999.9000    0.0000    0.0000    9.5519   88.4341
  16.2153 28415.5327  229.6248 -999.9000    0.0000    0.0000   10.1666   88.4734
  15.8432 28572.4121  228.9713 -999.9000    0.0000    0.0000   10.8127   88.5095
  15.4798 28729.2915  228.8763 -999.9000    0.0000    0.0000   11.5028   88.5468
  15.1246 28886.1709  229.3011 -999.9000    0.0000    0.0000   12.1345   88.5881
  14.7769 29043.0503  229.6889 -999.9000    0.0000    0.0000   12.4441   88.6333
  14.4368 29199.9296  229.8756 -999.9000    0.0000    0.0000   12.3667   88.6841
  14.1043 29356.8090  229.9990 -999.9000    0.0000    0.0000   11.9839   88.7433
  13.7798 29513.6884  230.2023 -999.9000    0.0000    0.0000   11.3801   88.8140
  13.4633 29670.5678  230.6290 -999.9000    0.0000    0.0000   10.6397   88.8992
  13.1552 29827.4472  231.4227 -999.9000    0.0000    0.0000    9.8472   89.0018
  12.8555 29984.3266  232.6697 -999.9000    0.0000    0.0000    9.0848   89.1215
  12.5638 30141.2060  234.0578 -999.9000    0.0000    0.0000    8.4208   89.2343
  12.2794 30298.0854  235.1050 -999.9000    0.0000    0.0000    7.9171   89.3059
  12.0018 30454.9648  235.3289 -999.9000    0.0000    0.0000    7.6359   89.3022
  11.7304 30611.8442  234.5014 -999.9000    0.0000    0.0000    7.5982   89.2026
  11.4650 30768.7236  233.4342 -999.9000    0.0000    0.0000    7.6586   89.0420
  11.2056 30925.6030  233.2040 -999.9000    0.0000    0.0000    7.6298   88.8691
  10.9522 31082.4824  234.4624 -999.9000    0.0000    0.0000    7.3914   88.7216
  10.7056 31239.3618  236.0495 -999.9000    0.0000    0.0000    7.1127   88.5894
  10.4661 31396.2412  236.6470 -999.9000    0.0000    0.0000    6.9908   88.4534
  10.2318 31553.1206  236.3351 -999.9000    0.0000    0.0000    7.0111   88.3118
  10.0000 31710.0000  235.5685 -999.9000    0.0000    0.0000    7.1028   88.1674
