# 06610 LSMP Payerne Observations at 12Z 30 Jul 2008
# Radiosonde file generated by raso.rb
#
  P [hPa],     Z [m],    T [K],   Td [K],   RH [%], r [g/kg], WS [m/s], WD [deg]
 962.0000   491.0000  298.5203 -999.9000   66.2241   13.6900    2.0179   93.0543
 944.6891   647.8794  296.3747 -999.9000   67.7969   12.6302    4.4533   92.6754
 927.6873   804.7588  294.9086 -999.9000   79.5565   13.9071    2.0644   92.9144
 911.0964   961.6382  293.5505 -999.9000   80.0269   14.4362    0.2739   92.0428
 894.7070  1118.5176  292.5559 -999.9000   80.0359   14.3064    1.2118   90.9797
 878.5406  1275.3970  292.2089 -999.9000   80.1087   13.3485    2.1819   90.6229
 862.6769  1432.2764  290.7849 -999.9000   81.0268   13.5129    2.4045   90.4248
 846.9845  1589.1558  289.5025 -999.9000   80.3486   13.9027    4.0070   90.3491
 831.5533  1746.0352  289.1197 -999.9000   80.8267   13.2228    4.8923   90.3950
 816.3570  1902.9146  287.7747 -999.9000   80.7129   11.9693    6.0036   90.4496
 801.3249  2059.7940  286.1586 -999.9000   80.4289   11.5640    6.6362   90.4939
 786.5365  2216.6734  284.7833 -999.9000   80.2687   10.4184    7.3965   90.5367
 771.9169  2373.5528  283.5358 -999.9000   80.6490    8.7627    8.6024   90.5644
 757.5041  2530.4322  282.4689 -999.9000   80.5069    8.5006    9.1502   90.6155
 743.3854  2687.3116  281.8918 -999.9000   77.8514    7.5803    8.0584   90.6080
 729.2940  2844.1910  280.8216 -999.9000   60.4381    5.5688    7.8324   90.6173
 715.5826  3001.0704  279.7842 -999.9000   50.1628    4.3807    9.4299   90.6971
 702.0616  3157.9497  278.6162 -999.9000   51.6384    4.2344   10.7291   90.7782
 688.7126  3314.8291  277.1594 -999.9000   58.9541    4.4448   10.8355   90.8007
 675.5482  3471.7085  275.5579 -999.9000   68.2430    4.6752   11.1016   90.8205
 662.5494  3628.5879  274.1113 -999.9000   74.1762    4.6607   11.7239   90.8487
 649.7305  3785.4673  273.1354 -999.9000   67.2909    4.0055   12.0344   90.8627
 637.1240  3942.3467  272.3189 -999.9000   55.1503    3.1437   11.3702   90.9118
 624.7467  4099.2261  271.3435 -999.9000   50.1679    2.7055    9.8388   91.0167
 612.5275  4256.1055  270.3247 -999.9000   50.0941    2.5464    9.4225   91.0465
 600.5160  4412.9849  269.7603 -999.9000   38.2046    1.8919    9.7192   91.0390
 588.7253  4569.8643  269.2098 -999.9000   22.7570    1.0986    9.9198   91.0433
 577.1128  4726.7437  267.9628 -999.9000   18.1610    0.8108    9.9868   91.0483
 565.6299  4883.6231  267.1741 -999.9000   17.0280    0.7276    9.9658   91.0538
 554.4053  5040.5025  266.6604 -999.9000   13.4929    0.5634    9.2931   91.1400
 543.3471  5197.3819  266.0337 -999.9000   12.8329    0.5190    8.5306   91.2153
 532.4739  5354.2613  265.0569 -999.9000   22.1902    0.8459    8.9515   91.2112
 521.8251  5511.1407  264.0573 -999.9000   24.0348    0.8613    9.7215   91.1806
 511.3144  5668.0201  263.3136 -999.9000   14.0915    0.4842   10.4157   91.1583
 500.9731  5824.8995  262.0173 -999.9000   12.9763    0.4090   11.1296   91.1344
 490.8286  5981.7789  260.4482 -999.9000   18.4051    0.5200   11.2950   91.1143
 480.7236  6138.6583  259.3736 -999.9000   29.2371    0.7703   11.6379   91.0832
 470.8214  6295.5377  258.1210 -999.9000   31.5019    0.7621   11.7422   91.0728
 461.0900  6452.4171  256.7243 -999.9000   30.8365    0.6762   11.4682   90.9894
 451.4963  6609.2965  255.4486 -999.9000   32.0115    0.6422   10.4617   90.8335
 442.0676  6766.1759  254.3921 -999.9000   32.5873    0.6091    9.5700   90.7116
 432.8253  6923.0553  253.4389 -999.9000   32.3056    0.5674   10.4757   90.6964
 423.7241  7079.9347  252.0335 -999.9000   36.0113    0.5712   11.3497   90.7318
 414.7432  7236.8141  250.3215 -999.9000   41.2365    0.5742   11.1371   90.7585
 405.9174  7393.6935  249.3106 -999.9000   31.8280    0.4138   11.3509   90.7794
 397.1974  7550.5729  247.9986 -999.9000   27.2459    0.3219   11.5991   90.7881
 388.6475  7707.4523  246.5717 -999.9000   31.1708    0.3308   11.7198   90.8405
 380.2876  7864.3317  245.5138 -999.9000   34.8231    0.3433   11.9267   90.9010
 372.0784  8021.2111  244.6473 -999.9000   39.0961    0.3645   12.0458   90.8924
 363.9826  8178.0905  243.7984 -999.9000   45.2258    0.3994   11.9232   90.7526
 356.0087  8334.9698  242.8839 -999.9000   54.4709    0.4529   11.8701   90.7678
 348.2042  8491.8492  241.9232 -999.9000   60.6034    0.5188   12.4340   91.3797
 340.5609  8648.7286  240.9998 -999.9000   65.0039    0.5272   12.6281   91.7004
 333.0575  8805.6080  240.0642 -999.9000   65.6211    0.4852   12.5305   91.6152
 325.6771  8962.4874  239.0167 -999.9000   65.0563    0.4338   12.7877   91.4555
 318.4095  9119.3668  237.7416 -999.9000   65.8563    0.3977   13.6689   91.4682
 311.2701  9276.2462  236.0301 -999.9000   60.7582    0.3338   13.7885   91.4746
 304.2599  9433.1256  234.3844 -999.9000   55.5811    0.2938   13.9743   91.4194
 297.3812  9590.0050  233.2270 -999.9000   50.7409    0.2688   14.4183   91.3896
 290.6045  9746.8844  231.9095 -999.9000   45.5347    0.2331   14.7096   91.3805
 283.9369  9903.7638  230.4445 -999.9000   45.8398    0.2031   15.0511   91.3479
 277.3870 10060.6432  228.8785 -999.9000   45.6966    0.1789   15.4057   91.3074
 270.9631 10217.5226  227.2520 -999.9000   45.6397    0.1538   15.6413   91.2950
 264.6694 10374.4020  225.6399 -999.9000   45.7551    0.1244   15.6680   91.3378
 258.4744 10531.2814  224.3498 -999.9000   45.2677    0.1097   15.7872   91.3756
 252.3757 10688.1608  223.2643 -999.9000   45.5887    0.1034   16.0279   91.3933
 246.3812 10845.0402  222.1554 -999.9000   40.3040    0.0916   16.3088   91.3978
 240.4896 11001.9196  220.9162 -999.9000   35.7419    0.0742   16.5770   91.3965
 234.6950 11158.7990  219.5420 -999.9000   35.9977    0.0604   16.8030   91.3968
 229.0082 11315.6784  218.1292 -999.9000   35.5417    0.0528   16.9809   91.3986
 223.4492 11472.5578  216.8251 -999.9000   35.0140    0.0500   17.1169   91.3982
 218.0236 11629.4372  215.6056 -999.9000   30.1621    0.0480   16.9290   91.4126
 212.6609 11786.3166  213.9218 -999.9000   25.6377    0.0350   15.2669   91.5070
 207.3913 11943.1960  213.0843 -999.9000   23.8012    0.0295   14.1101   91.4951
 202.2510 12100.0754  213.7877 -999.9000   18.0285    0.0410   13.8300   91.5711
 197.2536 12256.9548  215.1898 -999.9000    9.1094    0.0304   11.8569   92.1270
 192.4469 12413.8342  217.5890 -999.9000    2.6487    0.0062   12.3356   91.9985
 187.8076 12570.7136  217.4139 -999.9000    0.2373    0.0003   12.6070   91.9213
 183.2603 12727.5930  216.1888 -999.9000    0.2959    0.0003   12.3437   91.8946
 178.8033 12884.4724  215.7880 -999.9000    0.0000    0.0000   12.1390   91.8603
 174.4458 13041.3518  216.2049 -999.9000    0.0133    0.0000   12.2995   91.7991
 170.1876 13198.2312  216.4450 -999.9000    0.0000    0.0000   12.8509   91.6668
 166.0391 13355.1106  216.6286 -999.9000    0.0000    0.0000   13.4954   91.5392
 162.0101 13511.9899  216.2680 -999.9000    0.0002    0.0000   13.8173   91.4198
 158.0706 13668.8693  215.2992 -999.9000    0.0000    0.0000   13.4549   91.3880
 154.1974 13825.7487  214.4411 -999.9000    0.0000    0.0000   12.3119   91.4693
 150.4126 13982.6281  214.3889 -999.9000    0.0000    0.0000   10.4134   91.5650
 146.7292 14139.5075  215.3316 -999.9000    0.0000    0.0000   10.3475   91.5673
 143.1108 14296.3869  213.5674 -999.9000    0.0000    0.0000   10.2747   91.5696
 139.5597 14453.2663  215.9982 -999.9000    0.0000    0.0000   10.2465   91.5684
 136.1266 14610.1457  213.6752 -999.9000    0.0000    0.0000   10.2380   91.5540
 132.7619 14767.0251  212.8190 -999.9000    0.0000    0.0000   10.2309   91.5347
 129.4754 14923.9045  213.8329 -999.9000    0.0000    0.0000   10.2198   91.5197
 126.2897 15080.7839  214.9592 -999.9000    0.0000    0.0000   10.1961   91.5108
 123.1790 15237.6633  216.2100 -999.9000    0.0000    0.0000   10.1984   91.4644
 120.1481 15394.5427  216.7087 -999.9000    0.0000    0.0000   10.0406   91.3748
 117.2138 15551.4221  216.0923 -999.9000    0.0000    0.0000    9.6633   91.2661
 114.3435 15708.3015  216.0273 -999.9000    0.0000    0.0000    9.3244   91.1464
 111.5416 15865.1809  215.8147 -999.9000    0.0000    0.0000    8.7264   91.1933
 108.8149 16022.0603  217.1595 -999.9000    0.0000    0.0000    7.8958   91.4869
 106.1648 16178.9397  217.2456 -999.9000    0.0000    0.0000    7.4190   91.3484
 103.5767 16335.8191  216.9107 -999.9000    0.0000    0.0000    5.9746   91.9971
 101.0524 16492.6985  218.9869 -999.9000    0.0000    0.0000    1.4848   90.4089
  98.6148 16649.5779  217.6251 -999.9000    0.0000    0.0000    0.6994   90.4014
  96.2203 16806.4573  216.9138 -999.9000    0.0000    0.0000    0.1352   87.2598
  93.8688 16963.3367  216.2255 -999.9000    0.0000    0.0000    0.9416   90.4014
  91.5836 17120.2161  216.1311 -999.9000    0.0000    0.0000    1.8065   90.4014
  89.3567 17277.0955  216.1339 -999.9000    0.0000    0.0000    2.4406   90.4014
  87.1784 17433.9749  215.6858 -999.9000    0.0000    0.0000    3.1411   90.3927
  85.0453 17590.8543  214.8990 -999.9000    0.0000    0.0000    4.0748   90.0754
  82.9608 17747.7337  214.5967 -999.9000    0.0000    0.0000    5.2688   90.9865
  80.9282 17904.6131  215.2624 -999.9000    0.0000    0.0000    6.4399   90.6807
  78.9484 18061.4925  215.9263 -999.9000    0.0000    0.0000    6.3595   90.4907
  77.0217 18218.3719  216.6189 -999.9000    0.0000    0.0000    5.4306   90.6714
  75.1483 18375.2513  217.6970 -999.9000    0.0000    0.0000    4.5073   90.9237
  73.3271 18532.1307  218.8190 -999.9000    0.0000    0.0000    3.9198   91.0464
  71.5556 18689.0101  218.9648 -999.9000    0.0000    0.0000    3.4896   90.9336
  69.8260 18845.8894  217.8696 -999.9000    0.0000    0.0000    2.9100   91.0562
  68.1227 19002.7688  217.5995 -999.9000    0.0000    0.0000    1.8137   91.7656
  66.4601 19159.6482  217.9698 -999.9000    0.0000    0.0000    0.8311   89.5288
  64.8418 19316.5276  218.4736 -999.9000    0.0000    0.0000    0.5718   87.4851
  63.2670 19473.4070  218.8973 -999.9000    0.0000    0.0000    1.1656   87.9468
  61.7318 19630.2864  219.4786 -999.9000    0.0000    0.0000    1.8035   88.3028
  60.2355 19787.1658  219.7112 -999.9000    0.0000    0.0000    2.5982   88.5476
  58.7762 19944.0452  219.4348 -999.9000    0.0000    0.0000    3.4895   88.9105
  57.3501 20100.9246  219.0754 -999.9000    0.0000    0.0000    3.9727   89.0671
  55.9562 20257.8040  218.8271 -999.9000    0.0000    0.0000    3.9498   88.9446
  54.5968 20414.6834  218.6100 -999.9000    0.0000    0.0000    3.7859   88.7725
  53.2731 20571.5628  218.5759 -999.9000    0.0000    0.0000    3.6434   88.6461
  51.9860 20728.4422  219.0356 -999.9000    0.0000    0.0000    3.5391   88.5640
  50.7361 20885.3216  220.3023 -999.9000    0.0000    0.0000    3.4866   88.5228
  49.5229 21042.2010  222.0873 -999.9000    0.0000    0.0000    3.4691   88.5126
  48.3394 21199.0804  221.4806 -999.9000    0.0000    0.0000    3.8357   88.5757
  47.1874 21355.9598  221.5578 -999.9000    0.0000    0.0000    4.9845   88.7747
  46.0647 21512.8392  221.9570 -999.9000    0.0000    0.0000    6.0305   88.9472
  44.9691 21669.7186  222.1993 -999.9000    0.0000    0.0000    6.2417   88.9570
  43.8989 21826.5980  222.2217 -999.9000    0.0000    0.0000    5.8510   88.8369
  42.8525 21983.4774  222.0850 -999.9000    0.0000    0.0000    5.3751   88.6697
  41.8295 22140.3568  221.8375 -999.9000    0.0000    0.0000    5.1036   88.5214
  40.8309 22297.2362  221.5075 -999.9000    0.0000    0.0000    4.9743   88.4316
  39.8584 22454.1156  221.1246 -999.9000    0.0000    0.0000    4.8962   88.4374
  38.9104 22610.9950  221.5154 -999.9000    0.0000    0.0000    5.0172   88.5046
  37.9838 22767.8744  222.7734 -999.9000    0.0000    0.0000    5.3942   88.5579
  37.0791 22924.7538  223.4626 -999.9000    0.0000    0.0000    5.6963   88.6106
  36.1962 23081.6332  223.5520 -999.9000    0.0000    0.0000    5.9078   88.6649
  35.3349 23238.5126  223.2596 -999.9000    0.0000    0.0000    6.0686   88.7211
  34.4951 23395.3920  222.8029 -999.9000    0.0000    0.0000    6.2191   88.7793
  33.6765 23552.2714  222.4001 -999.9000    0.0000    0.0000    6.3991   88.8396
  32.8792 23709.1508  222.2687 -999.9000    0.0000    0.0000    6.6490   88.9021
  32.1025 23866.0302  222.5510 -999.9000    0.0000    0.0000    6.9816   88.9664
  31.3447 24022.9095  223.1095 -999.9000    0.0000    0.0000    7.3092   89.0294
  30.6036 24179.7889  223.7424 -999.9000    0.0000    0.0000    7.5211   89.0878
  29.8779 24336.6683  224.2223 -999.9000    0.0000    0.0000    7.5258   89.1301
  29.1715 24493.5477  224.2600 -999.9000    0.0000    0.0000    7.4284   89.0898
  28.4842 24650.4271  224.1037 -999.9000    0.0000    0.0000    7.2820   88.9796
  27.8138 24807.3065  224.1221 -999.9000    0.0000    0.0000    7.1012   88.8366
  27.1583 24964.1859  224.6823 -999.9000    0.0000    0.0000    6.9002   88.6979
  26.5173 25121.0653  225.8454 -999.9000    0.0000    0.0000    6.6993   88.5852
  25.8939 25277.9447  227.0232 -999.9000    0.0000    0.0000    6.5329   88.4883
  25.2914 25434.8241  227.5451 -999.9000    0.0000    0.0000    6.4376   88.3927
  24.7096 25591.7035  227.0446 -999.9000    0.0000    0.0000    6.4943   88.3136
  24.1354 25748.5829  226.5070 -999.9000    0.0000    0.0000    6.8636   88.3442
  23.5706 25905.4623  226.2652 -999.9000    0.0000    0.0000    7.4475   88.4419
  23.0189 26062.3417  226.5283 -999.9000    0.0000    0.0000    8.1208   88.5480
  22.4826 26219.2211  227.3616 -999.9000    0.0000    0.0000    8.7826   88.6216
  21.9608 26376.1005  228.4591 -999.9000    0.0000    0.0000    9.3940   88.6692
  21.4521 26532.9799  229.4560 -999.9000    0.0000    0.0000    9.9267   88.7041
  20.9548 26689.8593  229.9871 -999.9000    0.0000    0.0000   10.3517   88.7401
  20.4676 26846.7387  229.6876 -999.9000    0.0000    0.0000   10.6404   88.7908
  19.9891 27003.6181  228.2278 -999.9000    0.0000    0.0000   10.7572   88.8671
  19.5243 27160.4975  227.3291 -999.9000    0.0000    0.0000   10.3400   88.8331
  19.0752 27317.3769  227.7788 -999.9000    0.0000    0.0000    9.4605   88.6652
  18.6391 27474.2563  228.9963 -999.9000    0.0000    0.0000    8.5128   88.4541
  18.2135 27631.1357  230.4014 -999.9000    0.0000    0.0000    7.8913   88.2905
  17.7959 27788.0151  231.4227 -999.9000    0.0000    0.0000    7.9671   88.2601
  17.3864 27944.8945  231.7131 -999.9000    0.0000    0.0000    8.5609   88.3267
  16.9866 28101.7739  231.2988 -999.9000    0.0000    0.0000    9.1914   88.3867
  16.5963 28258.6533  230.4761 -999.9000    0.0000    0.0000    9.8235   88.4341
  16.2153 28415.5327  229.5692 -999.9000    0.0000    0.0000   10.4712   88.4734
  15.8432 28572.4121  228.9015 -999.9000    0.0000    0.0000   11.1491   88.5095
  15.4798 28729.2915  228.7909 -999.9000    0.0000    0.0000   11.8691   88.5468
  15.1246 28886.1709  229.1986 -999.9000    0.0000    0.0000   12.5286   88.5881
  14.7769 29043.0503  229.5676 -999.9000    0.0000    0.0000   12.8637   88.6333
  14.4368 29199.9296  229.7340 -999.9000    0.0000    0.0000   12.8092   88.6841
  14.1043 29356.8090  229.8351 -999.9000    0.0000    0.0000   12.4461   88.7433
  13.7798 29513.6884  230.0144 -999.9000    0.0000    0.0000   11.8587   88.8140
  13.4633 29670.5678  230.4151 -999.9000    0.0000    0.0000   11.1309   88.8992
  13.1552 29827.4472  231.1808 -999.9000    0.0000    0.0000   10.3470   89.0018
  12.8555 29984.3266  232.3977 -999.9000    0.0000    0.0000    9.5889   89.1215
  12.5638 30141.2060  233.7535 -999.9000    0.0000    0.0000    8.9243   89.2343
  12.2794 30298.0854  234.7661 -999.9000    0.0000    0.0000    8.4151   89.3059
  12.0018 30454.9648  234.9530 -999.9000    0.0000    0.0000    8.1229   89.3022
  11.7304 30611.8442  234.0862 -999.9000    0.0000    0.0000    8.0686   89.2026
  11.4650 30768.7236  232.9771 -999.9000    0.0000    0.0000    8.1064   89.0420
  11.2056 30925.6030  232.7023 -999.9000    0.0000    0.0000    8.0484   88.8691
  10.9522 31082.4824  233.9136 -999.9000    0.0000    0.0000    7.7742   88.7216
  10.7056 31239.3618  235.4507 -999.9000    0.0000    0.0000    7.4527   88.5894
  10.4661 31396.2412  235.9954 -999.9000    0.0000    0.0000    7.2805   88.4534
  10.2318 31553.1206  235.6277 -999.9000    0.0000    0.0000    7.2428   88.3118
  10.0000 31710.0000  234.8024 -999.9000    0.0000    0.0000    7.2684   88.1674
