# 06610 LSMP Payerne Observations at 12Z 30 Jul 2008
# Radiosonde file generated by raso.rb
#
  P [hPa],     Z [m],    T [K],   Td [K],   RH [%], r [g/kg], WS [m/s], WD [deg]
 962.0000   491.0000  297.9486 -999.9000   66.1789   13.6900    2.1275   93.0543
 944.6891   647.8794  295.9003 -999.9000   67.7330   12.6302    4.5985   92.6754
 927.6873   804.7588  294.5236 -999.9000   79.4629   13.9071    2.2394   92.9144
 911.0964   961.6382  293.2471 -999.9000   79.9164   14.4362    0.4732   92.0428
 894.7070  1118.5176  292.3266 -999.9000   79.9110   14.3064    1.4301   90.9797
 878.5406  1275.3970  292.0464 -999.9000   79.9712   13.3485    2.4143   90.6229
 862.6769  1432.2764  290.6822 -999.9000   80.8772   13.5129    2.6462   90.4248
 846.9845  1589.1558  289.4531 -999.9000   80.1914   13.9027    4.2538   90.3491
 831.5533  1746.0352  289.1171 -999.9000   80.6614   13.2228    5.1397   90.3950
 816.3570  1902.9146  287.8129 -999.9000   80.5423   11.9693    6.2478   90.4496
 801.3249  2059.7940  286.2316 -999.9000   80.2550   11.5640    6.8736   90.4939
 786.5365  2216.6734  284.8857 -999.9000   80.0927   10.4184    7.6235   90.5367
 771.9169  2373.5528  283.6624 -999.9000   80.4710    8.7627    8.8160   90.5644
 757.5041  2530.4322  282.6147 -999.9000   80.3294    8.5006    9.3475   90.6155
 743.3854  2687.3116  282.0520 -999.9000   77.6810    7.5803    8.2366   90.6080
 729.2940  2844.1910  280.9919 -999.9000   60.3076    5.5688    7.9893   90.6173
 715.5826  3001.0704  279.9605 -999.9000   50.0567    4.3807    9.5634   90.6971
 702.0616  3157.9497  278.7946 -999.9000   51.5319    4.2344   10.8372   90.7782
 688.7126  3314.8291  277.3363 -999.9000   58.8363    4.4448   10.9166   90.8007
 675.5482  3471.7085  275.7301 -999.9000   68.1117    4.6752   11.1544   90.8205
 662.5494  3628.5879  274.2757 -999.9000   74.0396    4.6607   11.7474   90.8487
 649.7305  3785.4673  273.2894 -999.9000   67.1729    4.0055   12.0278   90.8627
 637.1240  3942.3467  272.4600 -999.9000   55.0589    3.1437   11.3329   90.9118
 624.7467  4099.2261  271.4695 -999.9000   50.0898    2.7055    9.7704   91.0167
 612.5275  4256.1055  270.4339 -999.9000   50.0212    2.5464    9.3232   91.0465
 600.5160  4412.9849  269.8509 -999.9000   38.1531    1.8919    9.5890   91.0390
 588.7253  4569.8643  269.2807 -999.9000   22.7288    1.0986    9.7593   91.0433
 577.1128  4726.7437  268.0128 -999.9000   18.1405    0.8108    9.7967   91.0483
 565.6299  4883.6231  267.2025 -999.9000   17.0106    0.7276    9.7471   91.0538
 554.4053  5040.5025  266.6668 -999.9000   13.4806    0.5634    9.0471   91.1400
 543.3471  5197.3819  266.0179 -999.9000   12.8225    0.5190    8.2587   91.2153
 532.4739  5354.2613  265.0190 -999.9000   22.1745    0.8459    8.6557   91.2112
 521.8251  5511.1407  263.9977 -999.9000   24.0201    0.8613    9.4037   91.1806
 511.3144  5668.0201  263.2329 -999.9000   14.0841    0.4842   10.0782   91.1583
 500.9731  5824.8995  261.9166 -999.9000   12.9706    0.4090   10.7750   91.1344
 490.8286  5981.7789  260.3285 -999.9000   18.3984    0.5200   10.9261   91.1143
 480.7236  6138.6583  259.2367 -999.9000   29.2283    0.7703   11.2578   91.0832
 470.8214  6295.5377  257.9684 -999.9000   31.4942    0.7621   11.3542   91.0728
 461.0900  6452.4171  256.5583 -999.9000   30.8303    0.6762   11.0760   90.9894
 451.4963  6609.2965  255.2715 -999.9000   32.0061    0.6422   10.0691   90.8335
 442.0676  6766.1759  254.2064 -999.9000   32.5824    0.6091    9.1812   90.7116
 432.8253  6923.0553  253.2477 -999.9000   32.3008    0.5674   10.0950   90.6964
 423.7241  7079.9347  251.8399 -999.9000   36.0056    0.5712   10.9817   90.7318
 414.7432  7236.8141  250.1291 -999.9000   41.2287    0.5742   10.7868   90.7585
 405.9174  7393.6935  249.1231 -999.9000   31.8205    0.4138   11.0234   90.7794
 397.1974  7550.5729  247.8200 -999.9000   27.2377    0.3219   11.2998   90.7881
 388.6475  7707.4523  246.4059 -999.9000   31.1588    0.3308   11.4537   90.8405
 380.2876  7864.3317  245.3644 -999.9000   34.8063    0.3433   11.6985   90.9010
 372.0784  8021.2111  244.5176 -999.9000   39.0728    0.3645   11.8594   90.8924
 363.9826  8178.0905  243.6914 -999.9000   45.1932    0.3994   11.7822   90.7526
 356.0087  8334.9698  242.8022 -999.9000   54.4244    0.4529   11.7776   90.7678
 348.2042  8491.8492  241.8694 -999.9000   60.5431    0.5188   12.3924   91.3797
 340.5609  8648.7286  240.9760 -999.9000   64.9298    0.5272   12.6393   91.7004
 333.0575  8805.6080  240.0722 -999.9000   65.5365    0.4852   12.5961   91.6152
 325.6771  8962.4874  239.0581 -999.9000   64.9627    0.4338   12.9086   91.4555
 318.4095  9119.3668  237.8177 -999.9000   65.7517    0.3977   13.8454   91.4682
 311.2701  9276.2462  236.1417 -999.9000   60.6529    0.3338   14.0206   91.4746
 304.2599  9433.1256  234.5323 -999.9000   55.4769    0.2938   14.2614   91.4194
 297.3812  9590.0050  233.4116 -999.9000   50.6390    0.2688   14.7593   91.3896
 290.6045  9746.8844  232.1308 -999.9000   45.4376    0.2331   15.1028   91.3805
 283.9369  9903.7638  230.7024 -999.9000   45.7369    0.2031   15.4944   91.3479
 277.3870 10060.6432  229.1725 -999.9000   45.5894    0.1789   15.8964   91.3074
 270.9631 10217.5226  227.5813 -999.9000   45.5287    0.1538   16.1761   91.2950
 264.6694 10374.4020  226.0035 -999.9000   45.6408    0.1244   16.2433   91.3378
 258.4744 10531.2814  224.7462 -999.9000   45.1524    0.1097   16.3987   91.3756
 252.3757 10688.1608  223.6920 -999.9000   45.4715    0.1034   16.6709   91.3933
 246.3812 10845.0402  222.6123 -999.9000   40.2002    0.0916   16.9780   91.3978
 240.4896 11001.9196  221.4002 -999.9000   35.6506    0.0742   17.2666   91.3965
 234.6950 11158.7990  220.0507 -999.9000   35.9075    0.0604   17.5074   91.3968
 229.0082 11315.6784  218.6604 -999.9000   35.4551    0.0528   17.6947   91.3986
 223.4492 11472.5578  217.3766 -999.9000   34.9319    0.0500   17.8353   91.3982
 218.0236 11629.4372  216.1755 -999.9000   30.0946    0.0480   17.6474   91.4126
 212.6609 11786.3166  214.5078 -999.9000   25.5836    0.0350   15.9811   91.5070
 207.3913 11943.1960  213.6845 -999.9000   23.7542    0.0295   14.8164   91.4951
 202.2510 12100.0754  214.4002 -999.9000   17.9956    0.0410   14.5249   91.5711
 197.2536 12256.9548  215.8127 -999.9000    9.0943    0.0304   12.5374   92.1270
 192.4469 12413.8342  218.2205 -999.9000    2.6447    0.0062   12.9990   91.9985
 187.8076 12570.7136  218.0523 -999.9000    0.2370    0.0003   13.2512   91.9213
 183.2603 12727.5930  216.8324 -999.9000    0.2956    0.0003   12.9667   91.8946
 178.8033 12884.4724  216.4351 -999.9000    0.0000    0.0000   12.7394   91.8603
 174.4458 13041.3518  216.8540 -999.9000    0.0133    0.0000   12.8762   91.7991
 170.1876 13198.2312  217.0946 -999.9000    0.0000    0.0000   13.4032   91.6668
 166.0391 13355.1106  217.2773 -999.9000    0.0000    0.0000   14.0229   91.5392
 162.0101 13511.9899  216.9145 -999.9000    0.0002    0.0000   14.3201   91.4198
 158.0706 13668.8693  215.9420 -999.9000    0.0000    0.0000   13.9335   91.3880
 154.1974 13825.7487  215.0791 -999.9000    0.0000    0.0000   12.7670   91.4693
 150.4126 13982.6281  215.0208 -999.9000    0.0000    0.0000   10.8463   91.5650
 146.7292 14139.5075  215.9564 -999.9000    0.0000    0.0000   10.7597   91.5673
 143.1108 14296.3869  214.1840 -999.9000    0.0000    0.0000   10.6682   91.5696
 139.5597 14453.2663  216.6056 -999.9000    0.0000    0.0000   10.6237   91.5684
 136.1266 14610.1457  214.2723 -999.9000    0.0000    0.0000   10.6012   91.5540
 132.7619 14767.0251  213.4050 -999.9000    0.0000    0.0000   10.5822   91.5347
 129.4754 14923.9045  214.4067 -999.9000    0.0000    0.0000   10.5610   91.5197
 126.2897 15080.7839  215.5197 -999.9000    0.0000    0.0000   10.5286   91.5108
 123.1790 15237.6633  216.7562 -999.9000    0.0000    0.0000   10.5233   91.4644
 120.1481 15394.5427  217.2397 -999.9000    0.0000    0.0000   10.3589   91.3748
 117.2138 15551.4221  216.6069 -999.9000    0.0000    0.0000    9.9755   91.2661
 114.3435 15708.3015  216.5245 -999.9000    0.0000    0.0000    9.6309   91.1464
 111.5416 15865.1809  216.2935 -999.9000    0.0000    0.0000    9.0272   91.1933
 108.8149 16022.0603  217.6188 -999.9000    0.0000    0.0000    8.1905   91.4869
 106.1648 16178.9397  217.6842 -999.9000    0.0000    0.0000    7.7070   91.3484
 103.5767 16335.8191  217.3275 -999.9000    0.0000    0.0000    6.2550   91.9971
 101.0524 16492.6985  219.3808 -999.9000    0.0000    0.0000    1.7565   90.4089
  98.6148 16649.5779  217.9950 -999.9000    0.0000    0.0000    0.9609   90.4014
  96.2203 16806.4573  217.2586 -999.9000    0.0000    0.0000    0.1143   90.4014
  93.8688 16963.3367  216.5439 -999.9000    0.0000    0.0000    1.1770   90.4014
  91.5836 17120.2161  216.4220 -999.9000    0.0000    0.0000    2.0254   90.4014
  89.3567 17277.0955  216.3962 -999.9000    0.0000    0.0000    2.6404   90.4014
  87.1784 17433.9749  215.9183 -999.9000    0.0000    0.0000    3.3187   90.3927
  85.0453 17590.8543  215.1004 -999.9000    0.0000    0.0000    4.2271   90.0754
  82.9608 17747.7337  214.7658 -999.9000    0.0000    0.0000    5.3921   90.9865
  80.9282 17904.6131  215.3980 -999.9000    0.0000    0.0000    6.5304   90.6807
  78.9484 18061.4925  216.0274 -999.9000    0.0000    0.0000    6.4135   90.4907
  77.0217 18218.3719  216.6845 -999.9000    0.0000    0.0000    5.4448   90.6714
  75.1483 18375.2513  217.7267 -999.9000    0.0000    0.0000    4.4790   90.9237
  73.3271 18532.1307  218.8125 -999.9000    0.0000    0.0000    3.8468   91.0464
  71.5556 18689.0101  218.9220 -999.9000    0.0000    0.0000    3.3702   90.9336
  69.8260 18845.8894  217.7909 -999.9000    0.0000    0.0000    2.7430   91.0562
  68.1227 19002.7688  217.4856 -999.9000    0.0000    0.0000    1.5985   91.7656
  66.4601 19159.6482  217.8214 -999.9000    0.0000    0.0000    0.5677   89.5288
  64.8418 19316.5276  218.2919 -999.9000    0.0000    0.0000    0.2606   87.4851
  63.2670 19473.4070  218.6836 -999.9000    0.0000    0.0000    0.8075   87.9468
  61.7318 19630.2864  219.2346 -999.9000    0.0000    0.0000    1.4001   88.3028
  60.2355 19787.1658  219.4390 -999.9000    0.0000    0.0000    2.1514   88.5476
  58.7762 19944.0452  219.1366 -999.9000    0.0000    0.0000    3.0020   88.9105
  57.3501 20100.9246  218.7538 -999.9000    0.0000    0.0000    3.4475   89.0671
  55.9562 20257.8040  218.4847 -999.9000    0.0000    0.0000    3.3906   88.9446
  54.5968 20414.6834  218.2501 -999.9000    0.0000    0.0000    3.1967   88.7725
  53.2731 20571.5628  218.2018 -999.9000    0.0000    0.0000    3.0290   88.6461
  51.9860 20728.4422  218.6510 -999.9000    0.0000    0.0000    2.9046   88.5640
  50.7361 20885.3216  219.9111 -999.9000    0.0000    0.0000    2.8378   88.5228
  49.5229 21042.2010  221.6937 -999.9000    0.0000    0.0000    2.8122   88.5126
  48.3394 21199.0804  221.0891 -999.9000    0.0000    0.0000    3.1774   88.5757
  47.1874 21355.9598  221.1732 -999.9000    0.0000    0.0000    4.3322   88.7747
  46.0647 21512.8392  221.5841 -999.9000    0.0000    0.0000    5.3917   88.9472
  44.9691 21669.7186  221.8425 -999.9000    0.0000    0.0000    5.6231   88.9570
  43.8989 21826.5980  221.8852 -999.9000    0.0000    0.0000    5.2588   88.8369
  42.8525 21983.4774  221.7725 -999.9000    0.0000    0.0000    4.8149   88.6697
  41.8295 22140.3568  221.5522 -999.9000    0.0000    0.0000    4.5803   88.5214
  40.8309 22297.2362  221.2524 -999.9000    0.0000    0.0000    4.4923   88.4316
  39.8584 22454.1156  220.9023 -999.9000    0.0000    0.0000    4.4590   88.4374
  38.9104 22610.9950  221.3280 -999.9000    0.0000    0.0000    4.6280   88.5046
  37.9838 22767.8744  222.6228 -999.9000    0.0000    0.0000    5.0555   88.5579
  37.0791 22924.7538  223.3501 -999.9000    0.0000    0.0000    5.4099   88.6106
  36.1962 23081.6332  223.4786 -999.9000    0.0000    0.0000    5.6747   88.6649
  35.3349 23238.5126  223.2261 -999.9000    0.0000    0.0000    5.8895   88.7211
  34.4951 23395.3920  222.8096 -999.9000    0.0000    0.0000    6.0938   88.7793
  33.6765 23552.2714  222.4468 -999.9000    0.0000    0.0000    6.3270   88.8396
  32.8792 23709.1508  222.3549 -999.9000    0.0000    0.0000    6.6288   88.9021
  32.1025 23866.0302  222.6760 -999.9000    0.0000    0.0000    7.0113   88.9664
  31.3447 24022.9095  223.2720 -999.9000    0.0000    0.0000    7.3863   89.0294
  30.6036 24179.7889  223.9407 -999.9000    0.0000    0.0000    7.6422   89.0878
  29.8779 24336.6683  224.4545 -999.9000    0.0000    0.0000    7.6872   89.1301
  29.1715 24493.5477  224.5238 -999.9000    0.0000    0.0000    7.6255   89.0898
  28.4842 24650.4271  224.3962 -999.9000    0.0000    0.0000    7.5098   88.9796
  27.8138 24807.3065  224.4402 -999.9000    0.0000    0.0000    7.3540   88.8366
  27.1583 24964.1859  225.0227 -999.9000    0.0000    0.0000    7.1719   88.6979
  26.5173 25121.0653  226.2048 -999.9000    0.0000    0.0000    6.9841   88.5852
  25.8939 25277.9447  227.3986 -999.9000    0.0000    0.0000    6.8253   88.4883
  25.2914 25434.8241  227.9334 -999.9000    0.0000    0.0000    6.7324   88.3927
  24.7096 25591.7035  227.4431 -999.9000    0.0000    0.0000    6.7866   88.3136
  24.1354 25748.5829  226.9130 -999.9000    0.0000    0.0000    7.1489   88.3442
  23.5706 25905.4623  226.6763 -999.9000    0.0000    0.0000    7.7217   88.4419
  23.0189 26062.3417  226.9420 -999.9000    0.0000    0.0000    8.3799   88.5480
  22.4826 26219.2211  227.7759 -999.9000    0.0000    0.0000    9.0230   88.6216
  21.9608 26376.1005  228.8717 -999.9000    0.0000    0.0000    9.6125   88.6692
  21.4521 26532.9799  229.8651 -999.9000    0.0000    0.0000   10.1203   88.7041
  20.9548 26689.8593  230.3910 -999.9000    0.0000    0.0000   10.5179   88.7401
  20.4676 26846.7387  230.0846 -999.9000    0.0000    0.0000   10.7768   88.7908
  19.9891 27003.6181  228.6165 -999.9000    0.0000    0.0000   10.8619   88.8671
  19.5243 27160.4975  227.7082 -999.9000    0.0000    0.0000   10.4113   88.8331
  19.0752 27317.3769  228.1470 -999.9000    0.0000    0.0000    9.4971   88.6652
  18.6391 27474.2563  229.3527 -999.9000    0.0000    0.0000    8.5137   88.4541
  18.2135 27631.1357  230.7452 -999.9000    0.0000    0.0000    7.8558   88.2905
  17.7959 27788.0151  231.7531 -999.9000    0.0000    0.0000    7.8948   88.2601
  17.3864 27944.8945  232.0295 -999.9000    0.0000    0.0000    8.4519   88.3267
  16.9866 28101.7739  231.6008 -999.9000    0.0000    0.0000    9.0458   88.3867
  16.5963 28258.6533  230.7634 -999.9000    0.0000    0.0000    9.6419   88.4341
  16.2153 28415.5327  229.8417 -999.9000    0.0000    0.0000   10.2547   88.4734
  15.8432 28572.4121  229.1592 -999.9000    0.0000    0.0000   10.8987   88.5095
  15.4798 28729.2915  229.0341 -999.9000    0.0000    0.0000   11.5865   88.5468
  15.1246 28886.1709  229.4275 -999.9000    0.0000    0.0000   12.2157   88.5881
  14.7769 29043.0503  229.7827 -999.9000    0.0000    0.0000   12.5226   88.6333
  14.4368 29199.9296  229.9358 -999.9000    0.0000    0.0000   12.4425   88.6841
  14.1043 29356.8090  230.0245 -999.9000    0.0000    0.0000   12.0566   88.7433
  13.7798 29513.6884  230.1923 -999.9000    0.0000    0.0000   11.4495   88.8140
  13.4633 29670.5678  230.5826 -999.9000    0.0000    0.0000   10.7056   88.8992
  13.1552 29827.4472  231.3390 -999.9000    0.0000    0.0000    9.9093   89.0018
  12.8555 29984.3266  232.5481 -999.9000    0.0000    0.0000    9.1430   89.1215
  12.5638 30141.2060  233.8975 -999.9000    0.0000    0.0000    8.4747   89.2343
  12.2794 30298.0854  234.9054 -999.9000    0.0000    0.0000    7.9664   89.3059
  12.0018 30454.9648  235.0894 -999.9000    0.0000    0.0000    7.6803   89.3022
  11.7304 30611.8442  234.2216 -999.9000    0.0000    0.0000    7.6374   89.2026
  11.4650 30768.7236  233.1137 -999.9000    0.0000    0.0000    7.6924   89.0420
  11.2056 30925.6030  232.8423 -999.9000    0.0000    0.0000    7.6577   88.8691
  10.9522 31082.4824  234.0594 -999.9000    0.0000    0.0000    7.4131   88.7216
  10.7056 31239.3618  235.6049 -999.9000    0.0000    0.0000    7.1278   88.5894
  10.4661 31396.2412  236.1606 -999.9000    0.0000    0.0000    6.9989   88.4534
  10.2318 31553.1206  235.8068 -999.9000    0.0000    0.0000    7.0119   88.3118
  10.0000 31710.0000  234.9984 -999.9000    0.0000    0.0000    7.0958   88.1674
