# 06610 LSMP Payerne Observations at 12Z 30 Jul 2008
# Radiosonde file generated by raso.rb
#
  P [hPa],     Z [m],    T [K],   Td [K],   RH [%], r [g/kg], WS [m/s], WD [deg]
 962.0000   491.0000  298.1034 -999.9000   66.2569   13.6900    2.2275   93.0543
 944.6891   647.8794  296.0811 -999.9000   67.8016   12.6302    4.7435   92.6754
 927.6873   804.7588  294.7266 -999.9000   79.5314   13.9071    2.4255   92.9144
 911.0964   961.6382  293.4687 -999.9000   79.9742   14.4362    0.6966   92.0428
 894.7070  1118.5176  292.5634 -999.9000   79.9590   14.3064    1.6871   90.9797
 878.5406  1275.3970  292.2952 -999.9000   80.0105   13.3485    2.7013   90.6229
 862.6769  1432.2764  290.9399 -999.9000   80.9090   13.5129    2.9598   90.4248
 846.9845  1589.1558  289.7167 -999.9000   80.2162   13.9027    4.5907   90.3491
 831.5533  1746.0352  289.3839 -999.9000   80.6805   13.2228    5.4968   90.3950
 816.3570  1902.9146  288.0803 -999.9000   80.5564   11.9693    6.6221   90.4496
 801.3249  2059.7940  286.4973 -999.9000   80.2650   11.5640    7.2621   90.4939
 786.5365  2216.6734  285.1474 -999.9000   80.0995   10.4184    8.0235   90.5367
 771.9169  2373.5528  283.9180 -999.9000   80.4754    8.7627    9.2248   90.5644
 757.5041  2530.4322  282.8623 -999.9000   80.3321    8.5006    9.7627   90.6155
 743.3854  2687.3116  282.2900 -999.9000   77.6827    7.5803    8.6558   90.6080
 729.2940  2844.1910  281.2187 -999.9000   60.3088    5.5688    8.4102   90.6173
 715.5826  3001.0704  280.1747 -999.9000   50.0579    4.3807    9.9840   90.6971
 702.0616  3157.9497  278.9949 -999.9000   51.5338    4.2344   11.2555   90.7782
 688.7126  3314.8291  277.5219 -999.9000   58.8396    4.4448   11.3308   90.8007
 675.5482  3471.7085  275.8999 -999.9000   68.1173    4.6752   11.5627   90.8205
 662.5494  3628.5879  274.4292 -999.9000   74.0480    4.6607   12.1482   90.8487
 649.7305  3785.4673  273.4260 -999.9000   67.1831    4.0055   12.4197   90.8627
 637.1240  3942.3467  272.5793 -999.9000   55.0696    3.1437   11.7146   90.9118
 624.7467  4099.2261  271.5714 -999.9000   50.1019    2.7055   10.1408   91.0167
 612.5275  4256.1055  270.5184 -999.9000   50.0359    2.5464    9.6811   91.0465
 600.5160  4412.9849  269.9181 -999.9000   38.1664    1.8919    9.9336   91.0390
 588.7253  4569.8643  269.3310 -999.9000   22.7380    1.0986   10.0897   91.0433
 577.1128  4726.7437  268.0467 -999.9000   18.1490    0.8108   10.1124   91.0483
 565.6299  4883.6231  267.2207 -999.9000   17.0197    0.7276   10.0474   91.0538
 554.4053  5040.5025  266.6701 -999.9000   13.4886    0.5634    9.3317   91.1400
 543.3471  5197.3819  266.0074 -999.9000   12.8310    0.5190    8.5274   91.2153
 532.4739  5354.2613  264.9958 -999.9000   22.1906    0.8459    8.9082   91.2112
 521.8251  5511.1407  263.9632 -999.9000   24.0392    0.8613    9.6401   91.1806
 511.3144  5668.0201  263.1886 -999.9000   14.0963    0.4842   10.2987   91.1583
 500.9731  5824.8995  261.8642 -999.9000   12.9826    0.4090   10.9797   91.1344
 490.8286  5981.7789  260.2700 -999.9000   18.4166    0.5200   11.1156   91.1143
 480.7236  6138.6583  259.1740 -999.9000   29.2591    0.7703   11.4324   91.0832
 470.8214  6295.5377  257.9038 -999.9000   31.5292    0.7621   11.5148   91.0728
 461.0900  6452.4171  256.4941 -999.9000   30.8664    0.6762   11.2232   90.9894
 451.4963  6609.2965  255.2104 -999.9000   32.0453    0.6422   10.2039   90.8335
 442.0676  6766.1759  254.1511 -999.9000   32.6240    0.6091    9.3046   90.7116
 432.8253  6923.0553  253.2010 -999.9000   32.3435    0.5674   10.2083   90.6964
 423.7241  7079.9347  251.8051 -999.9000   36.0547    0.5712   11.0862   90.7318
 414.7432  7236.8141  250.1092 -999.9000   41.2864    0.5742   10.8839   90.7585
 405.9174  7393.6935  249.1216 -999.9000   31.8660    0.4138   11.1146   90.7794
 397.1974  7550.5729  247.8405 -999.9000   27.2774    0.3219   11.3869   90.7881
 388.6475  7707.4523  246.4516 -999.9000   31.2047    0.3308   11.5383   90.8405
 380.2876  7864.3317  245.4381 -999.9000   34.8580    0.3433   11.7818   90.9010
 372.0784  8021.2111  244.6217 -999.9000   39.1311    0.3645   11.9426   90.8924
 363.9826  8178.0905  243.8278 -999.9000   45.2608    0.3994   11.8663   90.7526
 356.0087  8334.9698  242.9724 -999.9000   54.5056    0.4529   11.8632   90.7678
 348.2042  8491.8492  242.0742 -999.9000   60.6329    0.5188   12.4799   91.3797
 340.5609  8648.7286  241.2161 -999.9000   65.0252    0.5272   12.7290   91.7004
 333.0575  8805.6080  240.3475 -999.9000   65.6315    0.4852   12.6881   91.6152
 325.6771  8962.4874  239.3682 -999.9000   65.0553    0.4338   13.0026   91.4555
 318.4095  9119.3668  238.1619 -999.9000   65.8436    0.3977   13.9411   91.4682
 311.2701  9276.2462  236.5186 -999.9000   60.7357    0.3338   14.1172   91.4746
 304.2599  9433.1256  234.9401 -999.9000   55.5506    0.2938   14.3581   91.4194
 297.3812  9590.0050  233.8481 -999.9000   50.7043    0.2688   14.8550   91.3896
 290.6045  9746.8844  232.5933 -999.9000   45.4941    0.2331   15.1963   91.3805
 283.9369  9903.7638  231.1877 -999.9000   45.7916    0.2031   15.5841   91.3479
 277.3870 10060.6432  229.6770 -999.9000   45.6417    0.1789   15.9805   91.3074
 270.9631 10217.5226  228.1010 -999.9000   45.5784    0.1538   16.2527   91.2950
 264.6694 10374.4020  226.5337 -999.9000   45.6880    0.1244   16.3102   91.3378
 258.4744 10531.2814  225.2821 -999.9000   45.1965    0.1097   16.4535   91.3756
 252.3757 10688.1608  224.2280 -999.9000   45.5130    0.1034   16.7109   91.3933
 246.3812 10845.0402  223.1426 -999.9000   40.2343    0.0916   17.0005   91.3978
 240.4896 11001.9196  221.9184 -999.9000   35.6785    0.0742   17.2685   91.3965
 234.6950 11158.7990  220.5508 -999.9000   35.9331    0.0604   17.4858   91.3968
 229.0082 11315.6784  219.1367 -999.9000   35.4779    0.0528   17.6473   91.3986
 223.4492 11472.5578  217.8241 -999.9000   34.9519    0.0500   17.7599   91.3982
 218.0236 11629.4372  216.5897 -999.9000   30.1098    0.0480   17.5426   91.4126
 212.6609 11786.3166  214.8848 -999.9000   25.5947    0.0350   15.8458   91.5070
 207.3913 11943.1960  214.0211 -999.9000   23.7630    0.0295   14.6498   91.4951
 202.2510 12100.0754  214.6935 -999.9000   18.0010    0.0410   14.3269   91.5711
 197.2536 12256.9548  216.0605 -999.9000    9.0965    0.0304   12.3082   92.1270
 192.4469 12413.8342  218.4212 -999.9000    2.6452    0.0062   12.7392   91.9985
 187.8076 12570.7136  218.2048 -999.9000    0.2370    0.0003   12.9619   91.9213
 183.2603 12727.5930  216.9362 -999.9000    0.2956    0.0003   12.6493   91.8946
 178.8033 12884.4724  216.4902 -999.9000    0.0000    0.0000   12.3959   91.8603
 174.4458 13041.3518  216.8610 -999.9000    0.0133    0.0000   12.5090   91.7991
 170.1876 13198.2312  217.0547 -999.9000    0.0000    0.0000   13.0151   91.6668
 166.0391 13355.1106  217.1922 -999.9000    0.0000    0.0000   13.6171   91.5392
 162.0101 13511.9899  216.7865 -999.9000    0.0002    0.0000   13.9003   91.4198
 158.0706 13668.8693  215.7740 -999.9000    0.0000    0.0000   13.5038   91.3880
 154.1974 13825.7487  214.8744 -999.9000    0.0000    0.0000   12.3321   91.4693
 150.4126 13982.6281  214.7835 -999.9000    0.0000    0.0000   10.4111   91.5650
 146.7292 14139.5075  215.6910 -999.9000    0.0000    0.0000   10.3296   91.5673
 143.1108 14296.3869  213.8955 -999.9000    0.0000    0.0000   10.2491   91.5696
 139.5597 14453.2663  216.2997 -999.9000    0.0000    0.0000   10.2218   91.5684
 136.1266 14610.1457  213.9547 -999.9000    0.0000    0.0000   10.2227   91.5540
 132.7619 14767.0251  213.0809 -999.9000    0.0000    0.0000   10.2326   91.5347
 129.4754 14923.9045  214.0809 -999.9000    0.0000    0.0000   10.2452   91.5197
 126.2897 15080.7839  215.1967 -999.9000    0.0000    0.0000   10.2509   91.5108
 123.1790 15237.6633  216.4399 -999.9000    0.0000    0.0000   10.2874   91.4644
 120.1481 15394.5427  216.9336 -999.9000    0.0000    0.0000   10.1678   91.3748
 117.2138 15551.4221  216.3141 -999.9000    0.0000    0.0000    9.8317   91.2661
 114.3435 15708.3015  216.2478 -999.9000    0.0000    0.0000    9.5360   91.1464
 111.5416 15865.1809  216.0350 -999.9000    0.0000    0.0000    8.9825   91.1933
 108.8149 16022.0603  217.3803 -999.9000    0.0000    0.0000    8.1964   91.4869
 106.1648 16178.9397  217.4672 -999.9000    0.0000    0.0000    7.7636   91.3484
 103.5767 16335.8191  217.1330 -999.9000    0.0000    0.0000    6.3615   91.9971
 101.0524 16492.6985  219.2093 -999.9000    0.0000    0.0000    1.9116   90.4089
  98.6148 16649.5779  217.8467 -999.9000    0.0000    0.0000    1.1626   90.4014
  96.2203 16806.4573  217.1330 -999.9000    0.0000    0.0000    0.3601   90.4014
  93.8688 16963.3367  216.4404 -999.9000    0.0000    0.0000    1.4637   90.4014
  91.5836 17120.2161  216.3395 -999.9000    0.0000    0.0000    2.3492   90.4014
  89.3567 17277.0955  216.3330 -999.9000    0.0000    0.0000    2.9968   90.4014
  87.1784 17433.9749  215.8723 -999.9000    0.0000    0.0000    3.7028   90.3927
  85.0453 17590.8543  215.0692 -999.9000    0.0000    0.0000    4.6330   90.0754
  82.9608 17747.7337  214.7466 -999.9000    0.0000    0.0000    5.8137   90.9865
  80.9282 17904.6131  215.3875 -999.9000    0.0000    0.0000    6.9606   90.6807
  78.9484 18061.4925  216.0221 -999.9000    0.0000    0.0000    6.8454   90.4907
  77.0217 18218.3719  216.6814 -999.9000    0.0000    0.0000    5.8720   90.6714
  75.1483 18375.2513  217.7230 -999.9000    0.0000    0.0000    4.8957   90.9237
  73.3271 18532.1307  218.8055 -999.9000    0.0000    0.0000    4.2478   91.0464
  71.5556 18689.0101  218.9098 -999.9000    0.0000    0.0000    3.7510   90.9336
  69.8260 18845.8894  217.7715 -999.9000    0.0000    0.0000    3.0995   91.0562
  68.1227 19002.7688  217.4574 -999.9000    0.0000    0.0000    1.9274   91.7656
  66.4601 19159.6482  217.7831 -999.9000    0.0000    0.0000    0.8661   89.5288
  64.8418 19316.5276  218.2425 -999.9000    0.0000    0.0000    0.5265   87.4851
  63.2670 19473.4070  218.6226 -999.9000    0.0000    0.0000    1.0393   87.9468
  61.7318 19630.2864  219.1615 -999.9000    0.0000    0.0000    1.5967   88.3028
  60.2355 19787.1658  219.3539 -999.9000    0.0000    0.0000    2.3126   88.5476
  58.7762 19944.0452  219.0396 -999.9000    0.0000    0.0000    3.1279   88.9105
  57.3501 20100.9246  218.6454 -999.9000    0.0000    0.0000    3.5389   89.0671
  55.9562 20257.8040  218.3659 -999.9000    0.0000    0.0000    3.4491   88.9446
  54.5968 20414.6834  218.1220 -999.9000    0.0000    0.0000    3.2242   88.7725
  53.2731 20571.5628  218.0659 -999.9000    0.0000    0.0000    3.0283   88.6461
  51.9860 20728.4422  218.5090 -999.9000    0.0000    0.0000    2.8789   88.5640
  50.7361 20885.3216  219.7652 -999.9000    0.0000    0.0000    2.7909   88.5228
  49.5229 21042.2010  221.5462 -999.9000    0.0000    0.0000    2.7487   88.5126
  48.3394 21199.0804  220.9427 -999.9000    0.0000    0.0000    3.1023   88.5757
  47.1874 21355.9598  221.0310 -999.9000    0.0000    0.0000    4.2512   88.7747
  46.0647 21512.8392  221.4490 -999.9000    0.0000    0.0000    5.3106   88.9472
  44.9691 21669.7186  221.7175 -999.9000    0.0000    0.0000    5.5472   88.9570
  43.8989 21826.5980  221.7728 -999.9000    0.0000    0.0000    5.1930   88.8369
  42.8525 21983.4774  221.6751 -999.9000    0.0000    0.0000    4.7633   88.6697
  41.8295 22140.3568  221.4719 -999.9000    0.0000    0.0000    4.5467   88.5214
  40.8309 22297.2362  221.1910 -999.9000    0.0000    0.0000    4.4798   88.4316
  39.8584 22454.1156  220.8614 -999.9000    0.0000    0.0000    4.4703   88.4374
  38.9104 22610.9950  221.3090 -999.9000    0.0000    0.0000    4.6651   88.5046
  37.9838 22767.8744  222.6267 -999.9000    0.0000    0.0000    5.1199   88.5579
  37.0791 22924.7538  223.3778 -999.9000    0.0000    0.0000    5.5024   88.6106
  36.1962 23081.6332  223.5307 -999.9000    0.0000    0.0000    5.7960   88.6649
  35.3349 23238.5126  223.3028 -999.9000    0.0000    0.0000    6.0392   88.7211
  34.4951 23395.3920  222.9110 -999.9000    0.0000    0.0000    6.2714   88.7793
  33.6765 23552.2714  222.5727 -999.9000    0.0000    0.0000    6.5311   88.8396
  32.8792 23709.1508  222.5050 -999.9000    0.0000    0.0000    6.8576   88.9021
  32.1025 23866.0302  222.8495 -999.9000    0.0000    0.0000    7.2626   88.9664
  31.3447 24022.9095  223.4679 -999.9000    0.0000    0.0000    7.6570   89.0294
  30.6036 24179.7889  224.1579 -999.9000    0.0000    0.0000    7.9290   89.0878
  29.8779 24336.6683  224.6915 -999.9000    0.0000    0.0000    7.9861   89.1301
  29.1715 24493.5477  224.7789 -999.9000    0.0000    0.0000    7.9320   89.0898
  28.4842 24650.4271  224.6674 -999.9000    0.0000    0.0000    7.8188   88.9796
  27.8138 24807.3065  224.7253 -999.9000    0.0000    0.0000    7.6599   88.8366
  27.1583 24964.1859  225.3194 -999.9000    0.0000    0.0000    7.4687   88.6979
  26.5173 25121.0653  226.5107 -999.9000    0.0000    0.0000    7.2663   88.5852
  25.8939 25277.9447  227.7116 -999.9000    0.0000    0.0000    7.0878   88.4883
  25.2914 25434.8241  228.2514 -999.9000    0.0000    0.0000    6.9704   88.3927
  24.7096 25591.7035  227.7641 -999.9000    0.0000    0.0000    6.9959   88.3136
  24.1354 25748.5829  227.2352 -999.9000    0.0000    0.0000    7.3255   88.3442
  23.5706 25905.4623  226.9978 -999.9000    0.0000    0.0000    7.8622   88.4419
  23.0189 26062.3417  227.2613 -999.9000    0.0000    0.0000    8.4812   88.5480
  22.4826 26219.2211  228.0912 -999.9000    0.0000    0.0000    9.0826   88.6216
  21.9608 26376.1005  229.1818 -999.9000    0.0000    0.0000    9.6282   88.6692
  21.4521 26532.9799  230.1684 -999.9000    0.0000    0.0000   10.0903   88.7041
  20.9548 26689.8593  230.6864 -999.9000    0.0000    0.0000   10.4407   88.7401
  20.4676 26846.7387  230.3709 -999.9000    0.0000    0.0000   10.6516   88.7908
  19.9891 27003.6181  228.8926 -999.9000    0.0000    0.0000   10.6881   88.8671
  19.5243 27160.4975  227.9731 -999.9000    0.0000    0.0000   10.1888   88.8331
  19.0752 27317.3769  228.4001 -999.9000    0.0000    0.0000    9.2262   88.6652
  18.6391 27474.2563  229.5930 -999.9000    0.0000    0.0000    8.1952   88.4541
  18.2135 27631.1357  230.9721 -999.9000    0.0000    0.0000    7.4908   88.2905
  17.7959 27788.0151  231.9662 -999.9000    0.0000    0.0000    7.4848   88.2601
  17.3864 27944.8945  232.2283 -999.9000    0.0000    0.0000    7.9989   88.3267
  16.9866 28101.7739  231.7849 -999.9000    0.0000    0.0000    8.5523   88.3867
  16.5963 28258.6533  230.9327 -999.9000    0.0000    0.0000    9.1107   88.4341
  16.2153 28415.5327  229.9959 -999.9000    0.0000    0.0000    9.6889   88.4734
  15.8432 28572.4121  229.2984 -999.9000    0.0000    0.0000   10.3021   88.5095
  15.4798 28729.2915  229.1583 -999.9000    0.0000    0.0000   10.9631   88.5468
  15.1246 28886.1709  229.5369 -999.9000    0.0000    0.0000   11.5700   88.5881
  14.7769 29043.0503  229.8777 -999.9000    0.0000    0.0000   11.8596   88.6333
  14.4368 29199.9296  230.0167 -999.9000    0.0000    0.0000   11.7674   88.6841
  14.1043 29356.8090  230.0918 -999.9000    0.0000    0.0000   11.3752   88.7433
  13.7798 29513.6884  230.2465 -999.9000    0.0000    0.0000   10.7680   88.8140
  13.4633 29670.5678  230.6245 -999.9000    0.0000    0.0000   10.0306   88.8992
  13.1552 29827.4472  231.3694 -999.9000    0.0000    0.0000    9.2478   89.0018
  12.8555 29984.3266  232.5679 -999.9000    0.0000    0.0000    8.5023   89.1215
  12.5638 30141.2060  233.9076 -999.9000    0.0000    0.0000    7.8627   89.2343
  12.2794 30298.0854  234.9071 -999.9000    0.0000    0.0000    7.3915   89.3059
  12.0018 30454.9648  235.0838 -999.9000    0.0000    0.0000    7.1511   89.3022
  11.7304 30611.8442  234.2100 -999.9000    0.0000    0.0000    7.1629   89.2026
  11.4650 30768.7236  233.0975 -999.9000    0.0000    0.0000    7.2822   89.0420
  11.2056 30925.6030  232.8231 -999.9000    0.0000    0.0000    7.3217   88.8691
  10.9522 31082.4824  234.0388 -999.9000    0.0000    0.0000    7.1617   88.7216
  10.7056 31239.3618  235.5846 -999.9000    0.0000    0.0000    6.9718   88.5894
  10.4661 31396.2412  236.1425 -999.9000    0.0000    0.0000    6.9495   88.4534
  10.2318 31553.1206  235.7928 -999.9000    0.0000    0.0000    7.0806   88.3118
  10.0000 31710.0000  234.9904 -999.9000    0.0000    0.0000    7.2947   88.1674
