# 06610 LSMP Payerne Observations at 12Z 30 Jul 2008
# Radiosonde file generated by raso.rb
#
  P [hPa],     Z [m],    T [K],   Td [K],   RH [%], r [g/kg], WS [m/s], WD [deg]
 962.0000   491.0000  298.0830 -999.9000   66.1342   13.6900    2.1512   93.0543
 944.6891   647.8794  296.0721 -999.9000   67.7198   12.6302    4.6080   92.6754
 927.6873   804.7588  294.7250 -999.9000   79.4823   13.9071    2.2366   92.9144
 911.0964   961.6382  293.4709 -999.9000   79.9676   14.4362    0.4599   92.0428
 894.7070  1118.5176  292.5657 -999.9000   79.9908   14.3064    1.4081   90.9797
 878.5406  1275.3970  292.2942 -999.9000   80.0766   13.3485    2.3852   90.6229
 862.6769  1432.2764  290.9325 -999.9000   81.0066   13.5129    2.6116   90.4248
 846.9845  1589.1558  289.6998 -999.9000   80.3397   13.9027    4.2152   90.3491
 831.5533  1746.0352  289.3548 -999.9000   80.8279   13.2228    5.0987   90.3950
 816.3570  1902.9146  288.0362 -999.9000   80.7233   11.9693    6.2057   90.4496
 801.3249  2059.7940  286.4357 -999.9000   80.4476   11.5640    6.8317   90.4939
 786.5365  2216.6734  285.0660 -999.9000   80.2948   10.4184    7.5832   90.5367
 771.9169  2373.5528  283.8147 -999.9000   80.6819    8.7627    8.7784   90.5644
 757.5041  2530.4322  282.7351 -999.9000   80.5457    8.5006    9.3137   90.6155
 743.3854  2687.3116  282.1371 -999.9000   77.8939    7.5803    8.2078   90.6080
 729.2940  2844.1910  281.0385 -999.9000   60.4745    5.5688    7.9664   90.6173
 715.5826  3001.0704  279.9658 -999.9000   50.1954    4.3807    9.5474   90.6971
 702.0616  3157.9497  278.7561 -999.9000   51.6740    4.2344   10.8290   90.7782
 688.7126  3314.8291  277.2520 -999.9000   58.9967    4.4448   10.9170   90.8007
 675.5482  3471.7085  275.5981 -999.9000   68.2942    4.6752   11.1642   90.8205
 662.5494  3628.5879  274.0947 -999.9000   74.2333    4.6607   11.7672   90.8487
 649.7305  3785.4673  273.0583 -999.9000   67.3437    4.0055   12.0582   90.8627
 637.1240  3942.3467  272.1781 -999.9000   55.1941    3.1437   11.3744   90.9118
 624.7467  4099.2261  271.1364 -999.9000   50.2081    2.7055    9.8237   91.0167
 612.5275  4256.1055  270.0496 -999.9000   50.1342    2.5464    9.3885   91.0465
 600.5160  4412.9849  269.4157 -999.9000   38.2351    1.8919    9.6668   91.0390
 588.7253  4569.8643  268.7952 -999.9000   22.7750    1.0986    9.8498   91.0433
 577.1128  4726.7437  267.4782 -999.9000   18.1753    0.8108    9.9002   91.0483
 565.6299  4883.6231  266.6201 -999.9000   17.0412    0.7276    9.8636   91.0538
 554.4053  5040.5025  266.0383 -999.9000   13.5032    0.5634    9.1768   91.1400
 543.3471  5197.3819  265.3453 -999.9000   12.8425    0.5190    8.4017   91.2153
 532.4739  5354.2613  264.3048 -999.9000   22.2066    0.8459    8.8118   91.2112
 521.8251  5511.1407  263.2447 -999.9000   24.0522    0.8613    9.5729   91.1806
 511.3144  5668.0201  262.4441 -999.9000   14.1015    0.4842   10.2603   91.1583
 500.9731  5824.8995  261.0955 -999.9000   12.9853    0.4090   10.9697   91.1344
 490.8286  5981.7789  259.4790 -999.9000   18.4177    0.5200   11.1332   91.1143
 480.7236  6138.6583  258.3628 -999.9000   29.2568    0.7703   11.4768   91.0832
 470.8214  6295.5377  257.0747 -999.9000   31.5228    0.7621   11.5848   91.0728
 461.0900  6452.4171  255.6496 -999.9000   30.8569    0.6762   11.3176   90.9894
 451.4963  6609.2965  254.3531 -999.9000   32.0326    0.6422   10.3212   90.8335
 442.0676  6766.1759  253.2838 -999.9000   32.6089    0.6091    9.4431   90.7116
 432.8253  6923.0553  252.3268 -999.9000   32.3272    0.5674   10.3660   90.6964
 423.7241  7079.9347  250.9269 -999.9000   36.0358    0.5712   11.2611   90.7318
 414.7432  7236.8141  249.2306 -999.9000   41.2652    0.5742   11.0738   90.7585
 405.9174  7393.6935  248.2460 -999.9000   31.8509    0.4138   11.3170   90.7794
 397.1974  7550.5729  246.9716 -999.9000   27.2663    0.3219   11.5991   90.7881
 388.6475  7707.4523  245.5931 -999.9000   31.1952    0.3308   11.7577   90.8405
 380.2876  7864.3317  244.5933 -999.9000   34.8517    0.3433   12.0061   90.9010
 372.0784  8021.2111  243.7937 -999.9000   39.1299    0.3645   12.1697   90.8924
 363.9826  8178.0905  243.0197 -999.9000   45.2670    0.3994   12.0941   90.7526
 356.0087  8334.9698  242.1870 -999.9000   54.5232    0.4529   12.0900   90.7678
 348.2042  8491.8492  241.3141 -999.9000   60.6647    0.5188   12.7043   91.3797
 340.5609  8648.7286  240.4836 -999.9000   65.0731    0.5272   12.9496   91.7004
 333.0575  8805.6080  239.6450 -999.9000   65.6945    0.4852   12.9036   91.6152
 325.6771  8962.4874  238.6976 -999.9000   65.1325    0.4338   13.2121   91.4555
 318.4095  9119.3668  237.5249 -999.9000   65.9369    0.3977   14.1439   91.4682
 311.2701  9276.2462  235.9170 -999.9000   60.8356    0.3338   14.3128   91.4746
 304.2599  9433.1256  234.3753 -999.9000   55.6546    0.2938   14.5462   91.4194
 297.3812  9590.0050  233.3213 -999.9000   50.8103    0.2688   15.0353   91.3896
 290.6045  9746.8844  232.1054 -999.9000   45.5988    0.2331   15.3689   91.3805
 283.9369  9903.7638  230.7397 -999.9000   45.9060    0.2031   15.7493   91.3479
 277.3870 10060.6432  229.2695 -999.9000   45.7639    0.1789   16.1389   91.3074
 270.9631 10217.5226  227.7343 -999.9000   45.7080    0.1538   16.4048   91.2950
 264.6694 10374.4020  226.2082 -999.9000   45.8244    0.1244   16.4569   91.3378
 258.4744 10531.2814  224.9978 -999.9000   45.3367    0.1097   16.5959   91.3756
 252.3757 10688.1608  223.9848 -999.9000   45.6582    0.1034   16.8504   91.3933
 246.3812 10845.0402  222.9401 -999.9000   40.3651    0.0916   17.1384   91.3978
 240.4896 11001.9196  221.7560 -999.9000   35.7954    0.0742   17.4065   91.3965
 234.6950 11158.7990  220.4279 -999.9000   36.0506    0.0604   17.6255   91.3968
 229.0082 11315.6784  219.0524 -999.9000   35.5926    0.0528   17.7901   91.3986
 223.4492 11472.5578  217.7775 -999.9000   35.0626    0.0500   17.9070   91.3982
 218.0236 11629.4372  216.5797 -999.9000   30.2023    0.0480   17.6949   91.4126
 212.6609 11786.3166  214.9103 -999.9000   25.6703    0.0350   16.0039   91.5070
 207.3913 11943.1960  214.0807 -999.9000   23.8299    0.0295   14.8143   91.4951
 202.2510 12100.0754  214.7858 -999.9000   18.0488    0.0410   14.4980   91.5711
 197.2536 12256.9548  216.1840 -999.9000    9.1190    0.0304   12.4859   92.1270
 192.4469 12413.8342  218.5742 -999.9000    2.6512    0.0062   12.9233   91.9985
 187.8076 12570.7136  218.3855 -999.9000    0.2375    0.0003   13.1520   91.9213
 183.2603 12727.5930  217.1426 -999.9000    0.2961    0.0003   12.8449   91.8946
 178.8033 12884.4724  216.7204 -999.9000    0.0000    0.0000   12.5959   91.8603
 174.4458 13041.3518  217.1127 -999.9000    0.0133    0.0000   12.7124   91.7991
 170.1876 13198.2312  217.3257 -999.9000    0.0000    0.0000   13.2206   91.6668
 166.0391 13355.1106  217.4800 -999.9000    0.0000    0.0000   13.8232   91.5392
 162.0101 13511.9899  217.0886 -999.9000    0.0002    0.0000   14.1052   91.4198
 158.0706 13668.8693  216.0877 -999.9000    0.0000    0.0000   13.7055   91.3880
 154.1974 13825.7487  215.1969 -999.9000    0.0000    0.0000   12.5283   91.4693
 150.4126 13982.6281  215.1120 -999.9000    0.0000    0.0000   10.5994   91.5650
 146.7292 14139.5075  216.0224 -999.9000    0.0000    0.0000   10.5074   91.5673
 143.1108 14296.3869  214.2267 -999.9000    0.0000    0.0000   10.4135   91.5696
 139.5597 14453.2663  216.6273 -999.9000    0.0000    0.0000   10.3697   91.5684
 136.1266 14610.1457  214.2758 -999.9000    0.0000    0.0000   10.3510   91.5540
 132.7619 14767.0251  213.3926 -999.9000    0.0000    0.0000   10.3388   91.5347
 129.4754 14923.9045  214.3810 -999.9000    0.0000    0.0000   10.3268   91.5197
 126.2897 15080.7839  215.4831 -999.9000    0.0000    0.0000   10.3061   91.5108
 123.1790 15237.6633  216.7112 -999.9000    0.0000    0.0000   10.3145   91.4644
 120.1481 15394.5427  217.1885 -999.9000    0.0000    0.0000   10.1656   91.3748
 117.2138 15551.4221  216.5520 -999.9000    0.0000    0.0000    9.7993   91.2661
 114.3435 15708.3015  216.4681 -999.9000    0.0000    0.0000    9.4729   91.1464
 111.5416 15865.1809  216.2378 -999.9000    0.0000    0.0000    8.8884   91.1933
 108.8149 16022.0603  217.5662 -999.9000    0.0000    0.0000    8.0717   91.4869
 106.1648 16178.9397  217.6368 -999.9000    0.0000    0.0000    7.6087   91.3484
 103.5767 16335.8191  217.2874 -999.9000    0.0000    0.0000    6.1773   91.9971
 101.0524 16492.6985  219.3502 -999.9000    0.0000    0.0000    1.6993   90.4089
  98.6148 16649.5779  217.9759 -999.9000    0.0000    0.0000    0.9239   90.4014
  96.2203 16806.4573  217.2530 -999.9000    0.0000    0.0000    0.0969   90.4014
  93.8688 16963.3367  216.5539 -999.9000    0.0000    0.0000    1.1782   90.4014
  91.5836 17120.2161  216.4496 -999.9000    0.0000    0.0000    2.0442   90.4014
  89.3567 17277.0955  216.4432 -999.9000    0.0000    0.0000    2.6753   90.4014
  87.1784 17433.9749  215.9865 -999.9000    0.0000    0.0000    3.3680   90.3927
  85.0453 17590.8543  215.1918 -999.9000    0.0000    0.0000    4.2889   90.0754
  82.9608 17747.7337  214.8822 -999.9000    0.0000    0.0000    5.4642   90.9865
  80.9282 17904.6131  215.5411 -999.9000    0.0000    0.0000    6.6102   90.6807
  78.9484 18061.4925  216.1988 -999.9000    0.0000    0.0000    6.4985   90.4907
  77.0217 18218.3719  216.8855 -999.9000    0.0000    0.0000    5.5326   90.6714
  75.1483 18375.2513  217.9581 -999.9000    0.0000    0.0000    4.5676   90.9237
  73.3271 18532.1307  219.0747 -999.9000    0.0000    0.0000    3.9341   91.0464
  71.5556 18689.0101  219.2154 -999.9000    0.0000    0.0000    3.4545   90.9336
  69.8260 18845.8894  218.1152 -999.9000    0.0000    0.0000    2.8228   91.0562
  68.1227 19002.7688  217.8402 -999.9000    0.0000    0.0000    1.6725   91.7656
  66.4601 19159.6482  218.2054 -999.9000    0.0000    0.0000    0.6346   89.5288
  64.8418 19316.5276  218.7040 -999.9000    0.0000    0.0000    0.3196   87.4851
  63.2670 19473.4070  219.1223 -999.9000    0.0000    0.0000    0.8578   87.9468
  61.7318 19630.2864  219.6979 -999.9000    0.0000    0.0000    1.4411   88.3028
  60.2355 19787.1658  219.9245 -999.9000    0.0000    0.0000    2.1829   88.5476
  58.7762 19944.0452  219.6416 -999.9000    0.0000    0.0000    3.0238   88.9105
  57.3501 20100.9246  219.2753 -999.9000    0.0000    0.0000    3.4595   89.0671
  55.9562 20257.8040  219.0193 -999.9000    0.0000    0.0000    3.3932   88.9446
  54.5968 20414.6834  218.7940 -999.9000    0.0000    0.0000    3.1904   88.7725
  53.2731 20571.5628  218.7509 -999.9000    0.0000    0.0000    3.0144   88.6461
  51.9860 20728.4422  219.2007 -999.9000    0.0000    0.0000    2.8825   88.5640
  50.7361 20885.3216  220.4567 -999.9000    0.0000    0.0000    2.8093   88.5228
  49.5229 21042.2010  222.2300 -999.9000    0.0000    0.0000    2.7787   88.5126
  48.3394 21199.0804  221.6105 -999.9000    0.0000    0.0000    3.1403   88.5757
  47.1874 21355.9598  221.6739 -999.9000    0.0000    0.0000    4.2931   88.7747
  46.0647 21512.8392  222.0581 -999.9000    0.0000    0.0000    5.3523   88.9472
  44.9691 21669.7186  222.2845 -999.9000    0.0000    0.0000    5.5851   88.9570
  43.8989 21826.5980  222.2905 -999.9000    0.0000    0.0000    5.2235   88.8369
  42.8525 21983.4774  222.1369 -999.9000    0.0000    0.0000    4.7836   88.6697
  41.8295 22140.3568  221.8722 -999.9000    0.0000    0.0000    4.5540   88.5214
  40.8309 22297.2362  221.5251 -999.9000    0.0000    0.0000    4.4719   88.4316
  39.8584 22454.1156  221.1254 -999.9000    0.0000    0.0000    4.4454   88.4374
  38.9104 22610.9950  221.4998 -999.9000    0.0000    0.0000    4.6216   88.5046
  37.9838 22767.8744  222.7422 -999.9000    0.0000    0.0000    5.0568   88.5579
  37.0791 22924.7538  223.4166 -999.9000    0.0000    0.0000    5.4190   88.6106
  36.1962 23081.6332  223.4924 -999.9000    0.0000    0.0000    5.6918   88.6649
  35.3349 23238.5126  223.1878 -999.9000    0.0000    0.0000    5.9144   88.7211
  34.4951 23395.3920  222.7205 -999.9000    0.0000    0.0000    6.1263   88.7793
  33.6765 23552.2714  222.3089 -999.9000    0.0000    0.0000    6.3666   88.8396
  32.8792 23709.1508  222.1708 -999.9000    0.0000    0.0000    6.6749   88.9021
  32.1025 23866.0302  222.4487 -999.9000    0.0000    0.0000    7.0632   88.9664
  31.3447 24022.9095  223.0054 -999.9000    0.0000    0.0000    7.4429   89.0294
  30.6036 24179.7889  223.6391 -999.9000    0.0000    0.0000    7.7025   89.0878
  29.8779 24336.6683  224.1228 -999.9000    0.0000    0.0000    7.7499   89.1301
  29.1715 24493.5477  224.1676 -999.9000    0.0000    0.0000    7.6892   89.0898
  28.4842 24650.4271  224.0217 -999.9000    0.0000    0.0000    7.5728   88.9796
  27.8138 24807.3065  224.0542 -999.9000    0.0000    0.0000    7.4146   88.8366
  27.1583 24964.1859  224.6322 -999.9000    0.0000    0.0000    7.2281   88.6979
  26.5173 25121.0653  225.8165 -999.9000    0.0000    0.0000    7.0342   88.5852
  25.8939 25277.9447  227.0189 -999.9000    0.0000    0.0000    6.8677   88.4883
  25.2914 25434.8241  227.5680 -999.9000    0.0000    0.0000    6.7655   88.3927
  24.7096 25591.7035  227.0975 -999.9000    0.0000    0.0000    6.8090   88.3136
  24.1354 25748.5829  226.5922 -999.9000    0.0000    0.0000    7.1594   88.3442
  23.5706 25905.4623  226.3847 -999.9000    0.0000    0.0000    7.7189   88.4419
  23.0189 26062.3417  226.6838 -999.9000    0.0000    0.0000    8.3629   88.5480
  22.4826 26219.2211  227.5547 -999.9000    0.0000    0.0000    8.9908   88.6216
  21.9608 26376.1005  228.6908 -999.9000    0.0000    0.0000    9.5644   88.6692
  21.4521 26532.9799  229.7272 -999.9000    0.0000    0.0000   10.0555   88.7041
  20.9548 26689.8593  230.2985 -999.9000    0.0000    0.0000   10.4358   88.7401
  20.4676 26846.7387  230.0394 -999.9000    0.0000    0.0000   10.6770   88.7908
  19.9891 27003.6181  228.6201 -999.9000    0.0000    0.0000   10.7440   88.8671
  19.5243 27160.4975  227.7616 -999.9000    0.0000    0.0000   10.2750   88.8331
  19.0752 27317.3769  228.2509 -999.9000    0.0000    0.0000    9.3424   88.6652
  18.6391 27474.2563  229.5072 -999.9000    0.0000    0.0000    8.3406   88.4541
  18.2135 27631.1357  230.9500 -999.9000    0.0000    0.0000    7.6644   88.2905
  17.7959 27788.0151  232.0075 -999.9000    0.0000    0.0000    7.6853   88.2601
  17.3864 27944.8945  232.3324 -999.9000    0.0000    0.0000    8.2247   88.3267
  16.9866 28101.7739  231.9506 -999.9000    0.0000    0.0000    8.8015   88.3867
  16.5963 28258.6533  231.1581 -999.9000    0.0000    0.0000    9.3810   88.4341
  16.2153 28415.5327  230.2788 -999.9000    0.0000    0.0000    9.9778   88.4734
  15.8432 28572.4121  229.6359 -999.9000    0.0000    0.0000   10.6068   88.5095
  15.4798 28729.2915  229.5470 -999.9000    0.0000    0.0000   11.2805   88.5468
  15.1246 28886.1709  229.9729 -999.9000    0.0000    0.0000   11.8967   88.5881
  14.7769 29043.0503  230.3564 -999.9000    0.0000    0.0000   12.1918   88.6333
  14.4368 29199.9296  230.5331 -999.9000    0.0000    0.0000   12.1012   88.6841
  14.1043 29356.8090  230.6404 -999.9000    0.0000    0.0000   11.7062   88.7433
  13.7798 29513.6884  230.8213 -999.9000    0.0000    0.0000   11.0917   88.8140
  13.4633 29670.5678  231.2187 -999.9000    0.0000    0.0000   10.3419   88.8992
  13.1552 29827.4472  231.9758 -999.9000    0.0000    0.0000    9.5416   89.0018
  12.8555 29984.3266  233.1788 -999.9000    0.0000    0.0000    8.7730   89.1215
  12.5638 30141.2060  234.5149 -999.9000    0.0000    0.0000    8.1046   89.2343
  12.2794 30298.0854  235.5018 -999.9000    0.0000    0.0000    7.5984   89.3059
  12.0018 30454.9648  235.6567 -999.9000    0.0000    0.0000    7.3165   89.3022
  11.7304 30611.8442  234.7512 -999.9000    0.0000    0.0000    7.2803   89.2026
  11.4650 30768.7236  233.5966 -999.9000    0.0000    0.0000    7.3444   89.0420
  11.2056 30925.6030  233.2691 -999.9000    0.0000    0.0000    7.3215   88.8691
  10.9522 31082.4824  234.4202 -999.9000    0.0000    0.0000    7.0914   88.7216
  10.7056 31239.3618  235.8894 -999.9000    0.0000    0.0000    6.8236   88.5894
  10.4661 31396.2412  236.3581 -999.9000    0.0000    0.0000    6.7150   88.4534
  10.2318 31553.1206  235.9061 -999.9000    0.0000    0.0000    6.7514   88.3118
  10.0000 31710.0000  234.9878 -999.9000    0.0000    0.0000    6.8620   88.1674
