# 06610 LSMP Payerne Observations at 12Z 30 Jul 2008
# Radiosonde file generated by raso.rb
#
  P [hPa],     Z [m],    T [K],   Td [K],   RH [%], r [g/kg], WS [m/s], WD [deg]
 962.0000   491.0000  297.8383 -999.9000   66.1919   13.6900    2.4247   93.0543
 944.6891   647.8794  295.8315 -999.9000   67.7521   12.6302    4.8342   92.6754
 927.6873   804.7588  294.4907 -999.9000   79.4917   13.9071    2.4187   92.9144
 911.0964   961.6382  293.2451 -999.9000   79.9512   14.4362    0.6009   92.0428
 894.7070  1118.5176  292.3505 -999.9000   79.9514   14.3064    1.5108   90.9797
 878.5406  1275.3970  292.0915 -999.9000   80.0167   13.3485    2.4525   90.6229
 862.6769  1432.2764  290.7439 -999.9000   80.9278   13.5129    2.6463   90.4248
 846.9845  1589.1558  289.5271 -999.9000   80.2459   13.9027    4.2197   90.3491
 831.5533  1746.0352  289.1994 -999.9000   80.7202   13.2228    5.0756   90.3950
 816.3570  1902.9146  287.8995 -999.9000   80.6046   11.9693    6.1573   90.4496
 801.3249  2059.7940  286.3189 -999.9000   80.3203   11.5640    6.7603   90.4939
 786.5365  2216.6734  284.9703 -999.9000   80.1607   10.4184    7.4908   90.5367
 771.9169  2373.5528  283.7409 -999.9000   80.5419    8.7627    8.6671   90.5644
 757.5041  2530.4322  282.6842 -999.9000   80.4025    8.5006    9.1855   90.6155
 743.3854  2687.3116  282.1097 -999.9000   77.7537    7.5803    8.0644   90.6080
 729.2940  2844.1910  281.0352 -999.9000   60.3654    5.5688    7.8095   90.6173
 715.5826  3001.0704  279.9870 -999.9000   50.1056    4.3807    9.3785   90.6971
 702.0616  3157.9497  278.8022 -999.9000   51.5831    4.2344   10.6497   90.7782
 688.7126  3314.8291  277.3231 -999.9000   58.8956    4.4448   10.7285   90.8007
 675.5482  3471.7085  275.6943 -999.9000   68.1812    4.6752   10.9677   90.8205
 662.5494  3628.5879  274.2158 -999.9000   74.1159    4.6607   11.5639   90.8487
 649.7305  3785.4673  273.2041 -999.9000   67.2427    4.0055   11.8491   90.8627
 637.1240  3942.3467  272.3483 -999.9000   55.1164    3.1437   11.1604   90.9118
 624.7467  4099.2261  271.3305 -999.9000   50.1424    2.7055    9.6055   91.0167
 612.5275  4256.1055  270.2669 -999.9000   50.0740    2.5464    9.1668   91.0465
 600.5160  4412.9849  269.6556 -999.9000   38.1935    1.8919    9.4421   91.0390
 588.7253  4569.8643  269.0567 -999.9000   22.7529    1.0986    9.6226   91.0433
 577.1128  4726.7437  267.7603 -999.9000   18.1598    0.8108    9.6708   91.0483
 565.6299  4883.6231  266.9216 -999.9000   17.0288    0.7276    9.6323   91.0538
 554.4053  5040.5025  266.3580 -999.9000   13.4950    0.5634    8.9436   91.1400
 543.3471  5197.3819  265.6818 -999.9000   12.8362    0.5190    8.1665   91.2153
 532.4739  5354.2613  264.6565 -999.9000   22.1983    0.8459    8.5745   91.2112
 521.8251  5511.1407  263.6099 -999.9000   24.0459    0.8613    9.3333   91.1806
 511.3144  5668.0201  262.8211 -999.9000   14.0993    0.4842   10.0181   91.1583
 500.9731  5824.8995  261.4822 -999.9000   12.9847    0.4090   10.7244   91.1344
 490.8286  5981.7789  259.8734 -999.9000   18.4184    0.5200   10.8842   91.1143
 480.7236  6138.6583  258.7626 -999.9000   29.2605    0.7703   11.2234   91.0832
 470.8214  6295.5377  257.4777 -999.9000   31.5291    0.7621   11.3262   91.0728
 461.0900  6452.4171  256.0533 -999.9000   30.8649    0.6762   11.0529   90.9894
 451.4963  6609.2965  254.7547 -999.9000   32.0424    0.6422   10.0493   90.8335
 442.0676  6766.1759  253.6808 -999.9000   32.6199    0.6091    9.1629   90.7116
 432.8253  6923.0553  252.7162 -999.9000   32.3386    0.5674   10.0762   90.6964
 423.7241  7079.9347  251.3058 -999.9000   36.0485    0.5712   10.9604   90.7318
 414.7432  7236.8141  249.5958 -999.9000   41.2788    0.5742   10.7606   90.7585
 405.9174  7393.6935  248.5942 -999.9000   31.8601    0.4138   10.9897   90.7794
 397.1974  7550.5729  247.2995 -999.9000   27.2724    0.3219   11.2561   90.7881
 388.6475  7707.4523  245.8974 -999.9000   31.1996    0.3308   11.3974   90.8405
 380.2876  7864.3317  244.8713 -999.9000   34.8531    0.3433   11.6274   90.9010
 372.0784  8021.2111  244.0430 -999.9000   39.1269    0.3645   11.7715   90.8924
 363.9826  8178.0905  243.2381 -999.9000   45.2577    0.3994   11.6758   90.7526
 356.0087  8334.9698  242.3728 -999.9000   54.5043    0.4529   11.6511   90.7678
 348.2042  8491.8492  241.4660 -999.9000   60.6345    0.5188   12.2447   91.3797
 340.5609  8648.7286  240.6005 -999.9000   65.0305    0.5272   12.4694   91.7004
 333.0575  8805.6080  239.7262 -999.9000   65.6407    0.4852   12.4033   91.6152
 325.6771  8962.4874  238.7427 -999.9000   65.0686    0.4338   12.6925   91.4555
 318.4095  9119.3668  237.5341 -999.9000   65.8613    0.3977   13.6059   91.4682
 311.2701  9276.2462  235.8905 -999.9000   60.7560    0.3338   13.7577   91.4746
 304.2599  9433.1256  234.3140 -999.9000   55.5729    0.2938   13.9754   91.4194
 297.3812  9590.0050  233.2261 -999.9000   50.7280    0.2688   14.4509   91.3896
 290.6045  9746.8844  231.9780 -999.9000   45.5185    0.2331   14.7728   91.3805
 283.9369  9903.7638  230.5817 -999.9000   45.8191    0.2031   15.1440   91.3479
 277.3870 10060.6432  229.0831 -999.9000   45.6719    0.1789   15.5269   91.3074
 270.9631 10217.5226  227.5220 -999.9000   45.6114    0.1538   15.7892   91.2950
 264.6694 10374.4020  225.9729 -999.9000   45.7237    0.1244   15.8410   91.3378
 258.4744 10531.2814  224.7426 -999.9000   45.2341    0.1097   15.9830   91.3756
 252.3757 10688.1608  223.7133 -999.9000   45.5530    0.1034   16.2444   91.3933
 246.3812 10845.0402  222.6562 -999.9000   40.2713    0.0916   16.5433   91.3978
 240.4896 11001.9196  221.4641 -999.9000   35.7125    0.0742   16.8267   91.3965
 234.6950 11158.7990  220.1320 -999.9000   35.9684    0.0604   17.0651   91.3968
 229.0082 11315.6784  218.7566 -999.9000   35.5134    0.0528   17.2528   91.3986
 223.4492 11472.5578  217.4854 -999.9000   34.9874    0.0500   17.3962   91.3982
 218.0236 11629.4372  216.2947 -999.9000   30.1405    0.0480   17.2135   91.4126
 212.6609 11786.3166  214.6355 -999.9000   25.6208    0.0350   15.5544   91.5070
 207.3913 11943.1960  213.8190 -999.9000   23.7870    0.0295   14.3988   91.4951
 202.2510 12100.0754  214.5397 -999.9000   18.0189    0.0410   14.1182   91.5711
 197.2536 12256.9548  215.9559 -999.9000    9.1053    0.0304   12.1430   92.1270
 192.4469 12413.8342  218.3660 -999.9000    2.6477    0.0062   12.6181   91.9985
 187.8076 12570.7136  218.1991 -999.9000    0.2372    0.0003   12.8850   91.9213
 183.2603 12727.5930  216.9795 -999.9000    0.2958    0.0003   12.6160   91.8946
 178.8033 12884.4724  216.5818 -999.9000    0.0000    0.0000   12.4049   91.8603
 174.4458 13041.3518  216.9996 -999.9000    0.0133    0.0000   12.5584   91.7991
 170.1876 13198.2312  217.2387 -999.9000    0.0000    0.0000   13.1023   91.6668
 166.0391 13355.1106  217.4195 -999.9000    0.0000    0.0000   13.7390   91.5392
 162.0101 13511.9899  217.0548 -999.9000    0.0002    0.0000   14.0530   91.4198
 158.0706 13668.8693  216.0805 -999.9000    0.0000    0.0000   13.6829   91.3880
 154.1974 13825.7487  215.2160 -999.9000    0.0000    0.0000   12.5324   91.4693
 150.4126 13982.6281  215.1565 -999.9000    0.0000    0.0000   10.6268   91.5650
 146.7292 14139.5075  216.0915 -999.9000    0.0000    0.0000   10.5544   91.5673
 143.1108 14296.3869  214.3192 -999.9000    0.0000    0.0000   10.4760   91.5696
 139.5597 14453.2663  216.7417 -999.9000    0.0000    0.0000   10.4432   91.5684
 136.1266 14610.1457  214.4104 -999.9000    0.0000    0.0000   10.4310   91.5540
 132.7619 14767.0251  213.5457 -999.9000    0.0000    0.0000   10.4213   91.5347
 129.4754 14923.9045  214.5505 -999.9000    0.0000    0.0000   10.4082   91.5197
 126.2897 15080.7839  215.6671 -999.9000    0.0000    0.0000   10.3832   91.5108
 123.1790 15237.6633  216.9075 -999.9000    0.0000    0.0000   10.3847   91.4644
 120.1481 15394.5427  217.3949 -999.9000    0.0000    0.0000   10.2266   91.3748
 117.2138 15551.4221  216.7659 -999.9000    0.0000    0.0000    9.8494   91.2661
 114.3435 15708.3015  216.6871 -999.9000    0.0000    0.0000    9.5107   91.1464
 111.5416 15865.1809  216.4593 -999.9000    0.0000    0.0000    8.9131   91.1933
 108.8149 16022.0603  217.7872 -999.9000    0.0000    0.0000    8.0827   91.4869
 106.1648 16178.9397  217.8545 -999.9000    0.0000    0.0000    7.6061   91.3484
 103.5767 16335.8191  217.4989 -999.9000    0.0000    0.0000    6.1615   91.9971
 101.0524 16492.6985  219.5522 -999.9000    0.0000    0.0000    1.6713   90.4089
  98.6148 16649.5779  218.1652 -999.9000    0.0000    0.0000    0.8849   90.4014
  96.2203 16806.4573  217.4261 -999.9000    0.0000    0.0000    0.0488   90.4014
  93.8688 16963.3367  216.7074 -999.9000    0.0000    0.0000    1.1233   90.4014
  91.5836 17120.2161  216.5797 -999.9000    0.0000    0.0000    1.9851   90.4014
  89.3567 17277.0955  216.5462 -999.9000    0.0000    0.0000    2.6152   90.4014
  87.1784 17433.9749  216.0586 -999.9000    0.0000    0.0000    3.3106   90.3927
  85.0453 17590.8543  215.2288 -999.9000    0.0000    0.0000    4.2381   90.0754
  82.9608 17747.7337  214.8801 -999.9000    0.0000    0.0000    5.4246   90.9865
  80.9282 17904.6131  215.4956 -999.9000    0.0000    0.0000    6.5867   90.6807
  78.9484 18061.4925  216.1059 -999.9000    0.0000    0.0000    6.4960   90.4907
  77.0217 18218.3719  216.7418 -999.9000    0.0000    0.0000    5.5556   90.6714
  75.1483 18375.2513  217.7610 -999.9000    0.0000    0.0000    4.6196   90.9237
  73.3271 18532.1307  218.8223 -999.9000    0.0000    0.0000    4.0185   91.0464
  71.5556 18689.0101  218.9064 -999.9000    0.0000    0.0000    3.5738   90.9336
  69.8260 18845.8894  217.7490 -999.9000    0.0000    0.0000    2.9790   91.0562
  68.1227 19002.7688  217.4169 -999.9000    0.0000    0.0000    1.8670   91.7656
  66.4601 19159.6482  217.7258 -999.9000    0.0000    0.0000    0.8683   89.5288
  64.8418 19316.5276  218.1697 -999.9000    0.0000    0.0000    0.5927   87.4851
  63.2670 19473.4070  218.5353 -999.9000    0.0000    0.0000    1.1701   87.9468
  61.7318 19630.2864  219.0612 -999.9000    0.0000    0.0000    1.7916   88.3028
  60.2355 19787.1658  219.2416 -999.9000    0.0000    0.0000    2.5700   88.5476
  58.7762 19944.0452  218.9168 -999.9000    0.0000    0.0000    3.4455   88.9105
  57.3501 20100.9246  218.5134 -999.9000    0.0000    0.0000    3.9132   89.0671
  55.9562 20257.8040  218.2261 -999.9000    0.0000    0.0000    3.8756   88.9446
  54.5968 20414.6834  217.9757 -999.9000    0.0000    0.0000    3.6975   88.7725
  53.2731 20571.5628  217.9147 -999.9000    0.0000    0.0000    3.5419   88.6461
  51.9860 20728.4422  218.3542 -999.9000    0.0000    0.0000    3.4254   88.5640
  50.7361 20885.3216  219.6082 -999.9000    0.0000    0.0000    3.3620   88.5228
  49.5229 21042.2010  221.3887 -999.9000    0.0000    0.0000    3.3349   88.5126
  48.3394 21199.0804  220.7861 -999.9000    0.0000    0.0000    3.6933   88.5757
  47.1874 21355.9598  220.8768 -999.9000    0.0000    0.0000    4.8356   88.7747
  46.0647 21512.8392  221.2989 -999.9000    0.0000    0.0000    5.8768   88.9472
  44.9691 21669.7186  221.5728 -999.9000    0.0000    0.0000    6.0848   88.9570
  43.8989 21826.5980  221.6347 -999.9000    0.0000    0.0000    5.6924   88.8369
  42.8525 21983.4774  221.5447 -999.9000    0.0000    0.0000    5.2163   88.6697
  41.8295 22140.3568  221.3501 -999.9000    0.0000    0.0000    4.9460   88.5214
  40.8309 22297.2362  221.0787 -999.9000    0.0000    0.0000    4.8194   88.4316
  39.8584 22454.1156  220.7591 -999.9000    0.0000    0.0000    4.7452   88.4374
  38.9104 22610.9950  221.2172 -999.9000    0.0000    0.0000    4.8713   88.5046
  37.9838 22767.8744  222.5457 -999.9000    0.0000    0.0000    5.2547   88.5579
  37.0791 22924.7538  223.3078 -999.9000    0.0000    0.0000    5.5642   88.6106
  36.1962 23081.6332  223.4717 -999.9000    0.0000    0.0000    5.7841   88.6649
  35.3349 23238.5126  223.2547 -999.9000    0.0000    0.0000    5.9544   88.7211
  34.4951 23395.3920  222.8736 -999.9000    0.0000    0.0000    6.1151   88.7793
  33.6765 23552.2714  222.5456 -999.9000    0.0000    0.0000    6.3063   88.8396
  32.8792 23709.1508  222.4875 -999.9000    0.0000    0.0000    6.5682   88.9021
  32.1025 23866.0302  222.8408 -999.9000    0.0000    0.0000    6.9135   88.9664
  31.3447 24022.9095  223.4673 -999.9000    0.0000    0.0000    7.2544   89.0294
  30.6036 24179.7889  224.1643 -999.9000    0.0000    0.0000    7.4802   89.0878
  29.8779 24336.6683  224.7037 -999.9000    0.0000    0.0000    7.4993   89.1301
  29.1715 24493.5477  224.7955 -999.9000    0.0000    0.0000    7.4167   89.0898
  28.4842 24650.4271  224.6870 -999.9000    0.0000    0.0000    7.2856   88.9796
  27.8138 24807.3065  224.7463 -999.9000    0.0000    0.0000    7.1204   88.8366
  27.1583 24964.1859  225.3401 -999.9000    0.0000    0.0000    6.9352   88.6979
  26.5173 25121.0653  226.5295 -999.9000    0.0000    0.0000    6.7503   88.5852
  25.8939 25277.9447  227.7270 -999.9000    0.0000    0.0000    6.6000   88.4883
  25.2914 25434.8241  228.2622 -999.9000    0.0000    0.0000    6.5206   88.3927
  24.7096 25591.7035  227.7690 -999.9000    0.0000    0.0000    6.5932   88.3136
  24.1354 25748.5829  227.2333 -999.9000    0.0000    0.0000    6.9781   88.3442
  23.5706 25905.4623  226.9881 -999.9000    0.0000    0.0000    7.5774   88.4419
  23.0189 26062.3417  227.2431 -999.9000    0.0000    0.0000    8.2657   88.5480
  22.4826 26219.2211  228.0639 -999.9000    0.0000    0.0000    8.9419   88.6216
  21.9608 26376.1005  229.1448 -999.9000    0.0000    0.0000    9.5672   88.6692
  21.4521 26532.9799  230.1215 -999.9000    0.0000    0.0000   10.1130   88.7041
  20.9548 26689.8593  230.6293 -999.9000    0.0000    0.0000   10.5505   88.7401
  20.4676 26846.7387  230.3035 -999.9000    0.0000    0.0000   10.8507   88.7908
  19.9891 27003.6181  228.8151 -999.9000    0.0000    0.0000   10.9780   88.8671
  19.5243 27160.4975  227.8857 -999.9000    0.0000    0.0000   10.5703   88.8331
  19.0752 27317.3769  228.3029 -999.9000    0.0000    0.0000    9.6992   88.6652
  18.6391 27474.2563  229.4868 -999.9000    0.0000    0.0000    8.7586   88.4541
  18.2135 27631.1357  230.8573 -999.9000    0.0000    0.0000    8.1428   88.2905
  17.7959 27788.0151  231.8436 -999.9000    0.0000    0.0000    8.2230   88.2601
  17.3864 27944.8945  232.0988 -999.9000    0.0000    0.0000    8.8196   88.3267
  16.9866 28101.7739  231.6495 -999.9000    0.0000    0.0000    9.4513   88.3867
  16.5963 28258.6533  230.7926 -999.9000    0.0000    0.0000   10.0829   88.4341
  16.2153 28415.5327  229.8525 -999.9000    0.0000    0.0000   10.7283   88.4734
  15.8432 28572.4121  229.1530 -999.9000    0.0000    0.0000   11.4019   88.5095
  15.4798 28729.2915  229.0125 -999.9000    0.0000    0.0000   12.1157   88.5468
  15.1246 28886.1709  229.3925 -999.9000    0.0000    0.0000   12.7669   88.5881
  14.7769 29043.0503  229.7364 -999.9000    0.0000    0.0000   13.0915   88.6333
  14.4368 29199.9296  229.8806 -999.9000    0.0000    0.0000   13.0242   88.6841
  14.1043 29356.8090  229.9630 -999.9000    0.0000    0.0000   12.6460   88.7433
  13.7798 29513.6884  230.1273 -999.9000    0.0000    0.0000   12.0410   88.8140
  13.4633 29670.5678  230.5172 -999.9000    0.0000    0.0000   11.2931   88.8992
  13.1552 29827.4472  231.2766 -999.9000    0.0000    0.0000   10.4864   89.0018
  12.8555 29984.3266  232.4922 -999.9000    0.0000    0.0000    9.7028   89.1215
  12.5638 30141.2060  233.8520 -999.9000    0.0000    0.0000    9.0099   89.2343
  12.2794 30298.0854  234.8744 -999.9000    0.0000    0.0000    8.4694   89.3059
  12.0018 30454.9648  235.0771 -999.9000    0.0000    0.0000    8.1429   89.3022
  11.7304 30611.8442  234.2326 -999.9000    0.0000    0.0000    8.0511   89.2026
  11.4650 30768.7236  233.1527 -999.9000    0.0000    0.0000    8.0483   89.0420
  11.2056 30925.6030  232.9144 -999.9000    0.0000    0.0000    7.9464   88.8691
  10.9522 31082.4824  234.1698 -999.9000    0.0000    0.0000    7.6249   88.7216
  10.7056 31239.3618  235.7591 -999.9000    0.0000    0.0000    7.2525   88.5894
  10.4661 31396.2412  236.3644 -999.9000    0.0000    0.0000    7.0259   88.4534
  10.2318 31553.1206  236.0662 -999.9000    0.0000    0.0000    6.9302   88.3118
  10.0000 31710.0000  235.3195 -999.9000    0.0000    0.0000    6.8940   88.1674
