# 06610 LSMP Payerne Observations at 12Z 30 Jul 2008
# Radiosonde file generated by raso.rb
#
  P [hPa],     Z [m],    T [K],   Td [K],   RH [%], r [g/kg], WS [m/s], WD [deg]
 962.0000   491.0000  298.1288 -999.9000   66.1285   13.6900    2.0436   93.0543
 944.6891   647.8794  296.0667 -999.9000   67.6764   12.6302    4.3930   92.6754
 927.6873   804.7588  294.6748 -999.9000   79.3917   13.9071    1.9256   92.9144
 911.0964   961.6382  293.3820 -999.9000   79.8407   14.4362    0.0639   92.0428
 894.7070  1118.5176  292.4440 -999.9000   79.8321   14.3064    0.9377   90.9797
 878.5406  1275.3970  292.1455 -999.9000   79.8898   13.3485    1.8506   90.6229
 862.6769  1432.2764  290.7620 -999.9000   80.7932   13.5129    2.0226   90.4248
 846.9845  1589.1558  289.5128 -999.9000   80.1072   13.9027    3.5810   90.3491
 831.5533  1746.0352  289.1560 -999.9000   80.5765   13.2228    4.4283   90.3950
 816.3570  1902.9146  287.8304 -999.9000   80.4581   11.9693    5.5075   90.4496
 801.3249  2059.7940  286.2273 -999.9000   80.1723   11.5640    6.1137   90.4939
 786.5365  2216.6734  284.8591 -999.9000   80.0119   10.4184    6.8531   90.5367
 771.9169  2373.5528  283.6131 -999.9000   80.3923    8.7627    8.0433   90.5644
 757.5041  2530.4322  282.5426 -999.9000   80.2538    8.5006    8.5804   90.6155
 743.3854  2687.3116  281.9570 -999.9000   77.6114    7.5803    7.4826   90.6080
 729.2940  2844.1910  280.8740 -999.9000   60.2566    5.5688    7.2552   90.6173
 715.5826  3001.0704  279.8197 -999.9000   50.0172    4.3807    8.8556   90.6971
 702.0616  3157.9497  278.6311 -999.9000   51.4945    4.2344   10.1617   90.7782
 688.7126  3314.8291  277.1505 -999.9000   58.7977    4.4448   10.2788   90.8007
 675.5482  3471.7085  275.5222 -999.9000   68.0720    4.6752   10.5593   90.8205
 662.5494  3628.5879  274.0463 -999.9000   74.0022    4.6607   11.1992   90.8487
 649.7305  3785.4673  273.0390 -999.9000   67.1446    4.0055   11.5306   90.8627
 637.1240  3942.3467  272.1893 -999.9000   55.0405    3.1437   10.8900   90.9118
 624.7467  4099.2261  271.1793 -999.9000   50.0776    2.7055    9.3850   91.0167
 612.5275  4256.1055  270.1250 -999.9000   50.0138    2.5464    8.9975   91.0465
 600.5160  4412.9849  269.5243 -999.9000   38.1512    1.8919    9.3251   91.0390
 588.7253  4569.8643  268.9374 -999.9000   22.7299    1.0986    9.5586   91.0433
 577.1128  4726.7437  267.6541 -999.9000   18.1433    0.8108    9.6602   91.0483
 565.6299  4883.6231  266.8295 -999.9000   17.0150    0.7276    9.6753   91.0538
 554.4053  5040.5025  266.2810 -999.9000   13.4855    0.5634    9.0399   91.1400
 543.3471  5197.3819  265.6206 -999.9000   12.8286    0.5190    8.3157   91.2153
 532.4739  5354.2613  264.6118 -999.9000   22.1874    0.8459    8.7757   91.2112
 521.8251  5511.1407  263.5823 -999.9000   24.0367    0.8613    9.5854   91.1806
 511.3144  5668.0201  262.8110 -999.9000   14.0954    0.4842   10.3195   91.1583
 500.9731  5824.8995  261.4900 -999.9000   12.9824    0.4090   11.0735   91.1344
 490.8286  5981.7789  259.8992 -999.9000   18.4171    0.5200   11.2788   91.1143
 480.7236  6138.6583  258.8067 -999.9000   29.2613    0.7703   11.6611   91.0832
 470.8214  6295.5377  257.5399 -999.9000   31.5331    0.7621   11.8043   91.0728
 461.0900  6452.4171  256.1334 -999.9000   30.8717    0.6762   11.5683   90.9894
 451.4963  6609.2965  254.8526 -999.9000   32.0524    0.6422   10.5987   90.8335
 442.0676  6766.1759  253.7960 -999.9000   32.6329    0.6091    9.7425   90.7116
 432.8253  6923.0553  252.8482 -999.9000   32.3541    0.5674   10.6823   90.6964
 423.7241  7079.9347  251.4541 -999.9000   36.0685    0.5712   11.5884   90.7318
 414.7432  7236.8141  249.7595 -999.9000   41.3046    0.5742   11.4060   90.7585
 405.9174  7393.6935  248.7726 -999.9000   31.8820    0.4138   11.6477   90.7794
 397.1974  7550.5729  247.4916 -999.9000   27.2927    0.3219   11.9213   90.7881
 388.6475  7707.4523  246.1021 -999.9000   31.2243    0.3308   12.0649   90.8405
 380.2876  7864.3317  245.0876 -999.9000   34.8822    0.3433   12.2923   90.9010
 372.0784  8021.2111  244.2698 -999.9000   39.1608    0.3645   12.4295   90.8924
 363.9826  8178.0905  243.4743 -999.9000   45.2982    0.3994   12.3227   90.7526
 356.0087  8334.9698  242.6171 -999.9000   54.5542    0.4529   12.2833   90.7678
 348.2042  8491.8492  241.7172 -999.9000   60.6910    0.5188   12.8586   91.3797
 340.5609  8648.7286  240.8574 -999.9000   65.0917    0.5272   13.0621   91.7004
 333.0575  8805.6080  239.9875 -999.9000   65.7028    0.4852   12.9719   91.6152
 325.6771  8962.4874  239.0072 -999.9000   65.1300    0.4338   13.2346   91.4555
 318.4095  9119.3668  237.8003 -999.9000   65.9230    0.3977   14.1193   91.4682
 311.2701  9276.2462  236.1571 -999.9000   60.8122    0.3338   14.2407   91.4746
 304.2599  9433.1256  234.5794 -999.9000   55.6235    0.2938   14.4265   91.4194
 297.3812  9590.0050  233.4890 -999.9000   50.7731    0.2688   14.8689   91.3896
 290.6045  9746.8844  232.2367 -999.9000   45.5578    0.2331   15.1570   91.3805
 283.9369  9903.7638  230.8348 -999.9000   45.8574    0.2031   15.4938   91.3479
 277.3870 10060.6432  229.3290 -999.9000   45.7086    0.1789   15.8423   91.3074
 270.9631 10217.5226  227.7591 -999.9000   45.6464    0.1538   16.0703   91.2950
 264.6694 10374.4020  226.1995 -999.9000   45.7570    0.1244   16.0882   91.3378
 258.4744 10531.2814  224.9570 -999.9000   45.2651    0.1097   16.1972   91.3756
 252.3757 10688.1608  223.9138 -999.9000   45.5822    0.1034   16.4267   91.3933
 246.3812 10845.0402  222.8411 -999.9000   40.2952    0.0916   16.6952   91.3978
 240.4896 11001.9196  221.6314 -999.9000   35.7319    0.0742   16.9500   91.3965
 234.6950 11158.7990  220.2802 -999.9000   35.9861    0.0604   17.1618   91.3968
 229.0082 11315.6784  218.8840 -999.9000   35.5290    0.0528   17.3248   91.3986
 223.4492 11472.5578  217.5907 -999.9000   35.0008    0.0500   17.4453   91.3982
 218.0236 11629.4372  216.3766 -999.9000   30.1503    0.0480   17.2418   91.4126
 212.6609 11786.3166  214.6929 -999.9000   25.6276    0.0350   15.5638   91.5070
 207.3913 11943.1960  213.8511 -999.9000   23.7920    0.0295   14.3912   91.4951
 202.2510 12100.0754  214.5457 -999.9000   18.0216    0.0410   14.0957   91.5711
 197.2536 12256.9548  215.9351 -999.9000    9.1061    0.0304   12.1075   92.1270
 192.4469 12413.8342  218.3180 -999.9000    2.6478    0.0062   12.5717   91.9985
 187.8076 12570.7136  218.1236 -999.9000    0.2372    0.0003   12.8297   91.9213
 183.2603 12727.5930  216.8764 -999.9000    0.2958    0.0003   12.5538   91.8946
 178.8033 12884.4724  216.4511 -999.9000    0.0000    0.0000   12.3378   91.8603
 174.4458 13041.3518  216.8415 -999.9000    0.0133    0.0000   12.4884   91.7991
 170.1876 13198.2312  217.0535 -999.9000    0.0000    0.0000   13.0316   91.6668
 166.0391 13355.1106  217.2078 -999.9000    0.0000    0.0000   13.6695   91.5392
 162.0101 13511.9899  216.8173 -999.9000    0.0002    0.0000   13.9869   91.4198
 158.0706 13668.8693  215.8179 -999.9000    0.0000    0.0000   13.6222   91.3880
 154.1974 13825.7487  214.9292 -999.9000    0.0000    0.0000   12.4793   91.4693
 150.4126 13982.6281  214.8468 -999.9000    0.0000    0.0000   10.5834   91.5650
 146.7292 14139.5075  215.7601 -999.9000    0.0000    0.0000   10.5227   91.5673
 143.1108 14296.3869  213.9676 -999.9000    0.0000    0.0000   10.4582   91.5696
 139.5597 14453.2663  216.3715 -999.9000    0.0000    0.0000   10.4414   91.5684
 136.1266 14610.1457  214.0233 -999.9000    0.0000    0.0000   10.4473   91.5540
 132.7619 14767.0251  213.1435 -999.9000    0.0000    0.0000   10.4572   91.5347
 129.4754 14923.9045  214.1351 -999.9000    0.0000    0.0000   10.4653   91.5197
 126.2897 15080.7839  215.2406 -999.9000    0.0000    0.0000   10.4627   91.5108
 123.1790 15237.6633  216.4718 -999.9000    0.0000    0.0000   10.4873   91.4644
 120.1481 15394.5427  216.9522 -999.9000    0.0000    0.0000   10.3530   91.3748
 117.2138 15551.4221  216.3184 -999.9000    0.0000    0.0000    9.9999   91.2661
 114.3435 15708.3015  216.2372 -999.9000    0.0000    0.0000    9.6854   91.1464
 111.5416 15865.1809  216.0093 -999.9000    0.0000    0.0000    9.1117   91.1933
 108.8149 16022.0603  217.3396 -999.9000    0.0000    0.0000    8.3048   91.4869
 106.1648 16178.9397  217.4119 -999.9000    0.0000    0.0000    7.8508   91.3484
 103.5767 16335.8191  217.0639 -999.9000    0.0000    0.0000    6.4278   91.9971
 101.0524 16492.6985  219.1276 -999.9000    0.0000    0.0000    1.9579   90.4089
  98.6148 16649.5779  217.7538 -999.9000    0.0000    0.0000    1.1902   90.4014
  96.2203 16806.4573  217.0308 -999.9000    0.0000    0.0000    0.3708   90.4014
  93.8688 16963.3367  216.3311 -999.9000    0.0000    0.0000    1.4599   90.4014
  91.5836 17120.2161  216.2256 -999.9000    0.0000    0.0000    2.3339   90.4014
  89.3567 17277.0955  216.2174 -999.9000    0.0000    0.0000    2.9734   90.4014
  87.1784 17433.9749  215.7583 -999.9000    0.0000    0.0000    3.6752   90.3927
  85.0453 17590.8543  214.9604 -999.9000    0.0000    0.0000    4.6059   90.0754
  82.9608 17747.7337  214.6469 -999.9000    0.0000    0.0000    5.7920   90.9865
  80.9282 17904.6131  215.3011 -999.9000    0.0000    0.0000    6.9499   90.6807
  78.9484 18061.4925  215.9535 -999.9000    0.0000    0.0000    6.8512   90.4907
  77.0217 18218.3719  216.6344 -999.9000    0.0000    0.0000    5.8994   90.6714
  75.1483 18375.2513  217.7012 -999.9000    0.0000    0.0000    4.9492   90.9237
  73.3271 18532.1307  218.8122 -999.9000    0.0000    0.0000    4.3314   91.0464
  71.5556 18689.0101  218.9477 -999.9000    0.0000    0.0000    3.8681   90.9336
  69.8260 18845.8894  217.8431 -999.9000    0.0000    0.0000    3.2530   91.0562
  68.1227 19002.7688  217.5648 -999.9000    0.0000    0.0000    2.1197   91.7656
  66.4601 19159.6482  217.9280 -999.9000    0.0000    0.0000    1.0990   89.5288
  64.8418 19316.5276  218.4263 -999.9000    0.0000    0.0000    0.8011   87.4851
  63.2670 19473.4070  218.8461 -999.9000    0.0000    0.0000    1.3564   87.9468
  61.7318 19630.2864  219.4254 -999.9000    0.0000    0.0000    1.9565   88.3028
  60.2355 19787.1658  219.6584 -999.9000    0.0000    0.0000    2.7146   88.5476
  58.7762 19944.0452  219.3845 -999.9000    0.0000    0.0000    3.5713   88.9105
  57.3501 20100.9246  219.0302 -999.9000    0.0000    0.0000    4.0223   89.0671
  55.9562 20257.8040  218.7897 -999.9000    0.0000    0.0000    3.9703   88.9446
  54.5968 20414.6834  218.5835 -999.9000    0.0000    0.0000    3.7808   88.7725
  53.2731 20571.5628  218.5635 -999.9000    0.0000    0.0000    3.6171   88.6461
  51.9860 20728.4422  219.0406 -999.9000    0.0000    0.0000    3.4962   88.5640
  50.7361 20885.3216  220.3284 -999.9000    0.0000    0.0000    3.4326   88.5228
  49.5229 21042.2010  222.1382 -999.9000    0.0000    0.0000    3.4100   88.5126
  48.3394 21199.0804  221.5604 -999.9000    0.0000    0.0000    3.7780   88.5757
  47.1874 21355.9598  221.6708 -999.9000    0.0000    0.0000    4.9354   88.7747
  46.0647 21512.8392  222.1073 -999.9000    0.0000    0.0000    5.9973   88.9472
  44.9691 21669.7186  222.3906 -999.9000    0.0000    0.0000    6.2308   88.9570
  43.8989 21826.5980  222.4572 -999.9000    0.0000    0.0000    5.8681   88.8369
  42.8525 21983.4774  222.3673 -999.9000    0.0000    0.0000    5.4252   88.6697
  41.8295 22140.3568  222.1685 -999.9000    0.0000    0.0000    5.1908   88.5214
  40.8309 22297.2362  221.8889 -999.9000    0.0000    0.0000    5.1021   88.4316
  39.8584 22454.1156  221.5573 -999.9000    0.0000    0.0000    5.0671   88.4374
  38.9104 22610.9950  221.9999 -999.9000    0.0000    0.0000    5.2331   88.5046
  37.9838 22767.8744  223.3097 -999.9000    0.0000    0.0000    5.6561   88.5579
  37.0791 22924.7538  224.0500 -999.9000    0.0000    0.0000    6.0044   88.6106
  36.1962 23081.6332  224.1893 -999.9000    0.0000    0.0000    6.2616   88.6649
  35.3349 23238.5126  223.9451 -999.9000    0.0000    0.0000    6.4669   88.7211
  34.4951 23395.3920  223.5346 -999.9000    0.0000    0.0000    6.6596   88.7793
  33.6765 23552.2714  223.1750 -999.9000    0.0000    0.0000    6.8791   88.8396
  32.8792 23709.1508  223.0837 -999.9000    0.0000    0.0000    7.1648   88.9021
  32.1025 23866.0302  223.4022 -999.9000    0.0000    0.0000    7.5288   88.9664
  31.3447 24022.9095  223.9926 -999.9000    0.0000    0.0000    7.8826   89.0294
  30.6036 24179.7889  224.6525 -999.9000    0.0000    0.0000    8.1146   89.0878
  29.8779 24336.6683  225.1540 -999.9000    0.0000    0.0000    8.1327   89.1301
  29.1715 24493.5477  225.2073 -999.9000    0.0000    0.0000    8.0411   89.0898
  28.4842 24650.4271  225.0600 -999.9000    0.0000    0.0000    7.8921   88.9796
  27.8138 24807.3065  225.0805 -999.9000    0.0000    0.0000    7.6998   88.8366
  27.1583 24964.1859  225.6356 -999.9000    0.0000    0.0000    7.4776   88.6979
  26.5173 25121.0653  226.7866 -999.9000    0.0000    0.0000    7.2467   88.5852
  25.8939 25277.9447  227.9460 -999.9000    0.0000    0.0000    7.0420   88.4883
  25.2914 25434.8241  228.4435 -999.9000    0.0000    0.0000    6.9007   88.3927
  24.7096 25591.7035  227.9132 -999.9000    0.0000    0.0000    6.9044   88.3136
  24.1354 25748.5829  227.3409 -999.9000    0.0000    0.0000    7.2144   88.3442
  23.5706 25905.4623  227.0599 -999.9000    0.0000    0.0000    7.7334   88.4419
  23.0189 26062.3417  227.2798 -999.9000    0.0000    0.0000    8.3367   88.5480
  22.4826 26219.2211  228.0664 -999.9000    0.0000    0.0000    8.9241   88.6216
  21.9608 26376.1005  229.1140 -999.9000    0.0000    0.0000    9.4575   88.6692
  21.4521 26532.9799  230.0585 -999.9000    0.0000    0.0000    9.9090   88.7041
  20.9548 26689.8593  230.5351 -999.9000    0.0000    0.0000   10.2504   88.7401
  20.4676 26846.7387  230.1795 -999.9000    0.0000    0.0000   10.4537   88.7908
  19.9891 27003.6181  228.6624 -999.9000    0.0000    0.0000   10.4840   88.8671
  19.5243 27160.4975  227.7057 -999.9000    0.0000    0.0000    9.9798   88.8331
  19.0752 27317.3769  228.0973 -999.9000    0.0000    0.0000    9.0135   88.6652
  18.6391 27474.2563  229.2569 -999.9000    0.0000    0.0000    7.9799   88.4541
  18.2135 27631.1357  230.6049 -999.9000    0.0000    0.0000    7.2738   88.2905
  17.7959 27788.0151  231.5704 -999.9000    0.0000    0.0000    7.2672   88.2601
  17.3864 27944.8945  231.8066 -999.9000    0.0000    0.0000    7.7815   88.3267
  16.9866 28101.7739  231.3402 -999.9000    0.0000    0.0000    8.3358   88.3867
  16.5963 28258.6533  230.4682 -999.9000    0.0000    0.0000    8.8958   88.4341
  16.2153 28415.5327  229.5150 -999.9000    0.0000    0.0000    9.4762   88.4734
  15.8432 28572.4121  228.8047 -999.9000    0.0000    0.0000   10.0921   88.5095
  15.4798 28729.2915  228.6557 -999.9000    0.0000    0.0000   10.7561   88.5468
  15.1246 28886.1709  229.0294 -999.9000    0.0000    0.0000   11.3664   88.5881
  14.7769 29043.0503  229.3695 -999.9000    0.0000    0.0000   11.6596   88.6333
  14.4368 29199.9296  229.5124 -999.9000    0.0000    0.0000   11.5711   88.6841
  14.1043 29356.8090  229.5962 -999.9000    0.0000    0.0000   11.1827   88.7433
  13.7798 29513.6884  229.7645 -999.9000    0.0000    0.0000   10.5793   88.8140
  13.4633 29670.5678  230.1612 -999.9000    0.0000    0.0000    9.8455   88.8992
  13.1552 29827.4472  230.9302 -999.9000    0.0000    0.0000    9.0661   89.0018
  12.8555 29984.3266  232.1585 -999.9000    0.0000    0.0000    8.3237   89.1215
  12.5638 30141.2060  233.5339 -999.9000    0.0000    0.0000    7.6868   89.2343
  12.2794 30298.0854  234.5751 -999.9000    0.0000    0.0000    7.2177   89.3059
  12.0018 30454.9648  234.7998 -999.9000    0.0000    0.0000    6.9789   89.3022
  11.7304 30611.8442  233.9806 -999.9000    0.0000    0.0000    6.9918   89.2026
  11.4650 30768.7236  232.9294 -999.9000    0.0000    0.0000    7.1113   89.0420
  11.2056 30925.6030  232.7233 -999.9000    0.0000    0.0000    7.1502   88.8691
  10.9522 31082.4824  234.0145 -999.9000    0.0000    0.0000    6.9886   88.7216
  10.7056 31239.3618  235.6432 -999.9000    0.0000    0.0000    6.7961   88.5894
  10.4661 31396.2412  236.2916 -999.9000    0.0000    0.0000    6.7701   88.4534
  10.2318 31553.1206  236.0404 -999.9000    0.0000    0.0000    6.8963   88.3118
  10.0000 31710.0000  235.3445 -999.9000    0.0000    0.0000    7.1043   88.1674
