# 06610 LSMP Payerne Observations at 12Z 30 Jul 2008
# Radiosonde file generated by raso.rb
#
  P [hPa],     Z [m],    T [K],   Td [K],   RH [%], r [g/kg], WS [m/s], WD [deg]
 962.0000   491.0000  298.3044 -999.9000   66.2531   13.6900    2.3280   93.0543
 944.6891   647.8794  296.2759 -999.9000   67.8183   12.6302    4.7678   92.6754
 927.6873   804.7588  294.9145 -999.9000   79.5730   13.9071    2.3803   92.9144
 911.0964   961.6382  293.6492 -999.9000   80.0360   14.4362    0.5883   92.0428
 894.7070  1118.5176  292.7360 -999.9000   80.0388   14.3064    1.5220   90.9797
 878.5406  1275.3970  292.4595 -999.9000   80.1062   13.3485    2.4854   90.6229
 862.6769  1432.2764  291.0954 -999.9000   81.0200   13.5129    2.6990   90.4248
 846.9845  1589.1558  289.8630 -999.9000   80.3386   13.9027    4.2904   90.3491
 831.5533  1746.0352  289.5206 -999.9000   80.8141   13.2228    5.1625   90.3950
 816.3570  1902.9146  288.2070 -999.9000   80.6986   11.9693    6.2588   90.4496
 801.3249  2059.7940  286.6136 -999.9000   80.4139   11.5640    6.8747   90.4939
 786.5365  2216.6734  285.2530 -999.9000   80.2536   10.4184    7.6168   90.5367
 771.9169  2373.5528  284.0126 -999.9000   80.6343    8.7627    8.8032   90.5644
 757.5041  2530.4322  282.9457 -999.9000   80.4934    8.5006    9.3303   90.6155
 743.3854  2687.3116  282.3618 -999.9000   77.8400    7.5803    8.2167   90.6080
 729.2940  2844.1910  281.2787 -999.9000   60.4309    5.5688    7.9681   90.6173
 715.5826  3001.0704  280.2226 -999.9000   50.1586    4.3807    9.5424   90.6971
 702.0616  3157.9497  279.0307 -999.9000   51.6360    4.2344   10.8179   90.7782
 688.7126  3314.8291  277.5452 -999.9000   58.9538    4.4448   10.9001   90.8007
 675.5482  3471.7085  275.9107 -999.9000   68.2458    4.6752   11.1419   90.8205
 662.5494  3628.5879  274.4272 -999.9000   74.1829    4.6607   11.7399   90.8487
 649.7305  3785.4673  273.4112 -999.9000   67.3004    4.0055   12.0263   90.8627
 637.1240  3942.3467  272.5516 -999.9000   55.1610    3.1437   11.3382   90.9118
 624.7467  4099.2261  271.5307 -999.9000   50.1804    2.7055    9.7834   91.0167
 612.5275  4256.1055  270.4646 -999.9000   50.1092    2.5464    9.3445   91.0465
 600.5160  4412.9849  269.8513 -999.9000   38.2182    1.8919    9.6193   91.0390
 588.7253  4569.8643  269.2511 -999.9000   22.7663    1.0986    9.7990   91.0433
 577.1128  4726.7437  267.9537 -999.9000   18.1693    0.8108    9.8462   91.0483
 565.6299  4883.6231  267.1147 -999.9000   17.0367    0.7276    9.8067   91.0538
 554.4053  5040.5025  266.5511 -999.9000   13.5004    0.5634    9.1171   91.1400
 543.3471  5197.3819  265.8754 -999.9000   12.8405    0.5190    8.3392   91.2153
 532.4739  5354.2613  264.8511 -999.9000   22.2042    0.8459    8.7466   91.2112
 521.8251  5511.1407  263.8058 -999.9000   24.0507    0.8613    9.5051   91.1806
 511.3144  5668.0201  263.0187 -999.9000   14.1012    0.4842   10.1899   91.1583
 500.9731  5824.8995  261.6820 -999.9000   12.9854    0.4090   10.8967   91.1344
 490.8286  5981.7789  260.0756 -999.9000   18.4182    0.5200   11.0575   91.1143
 480.7236  6138.6583  258.9677 -999.9000   29.2581    0.7703   11.3983   91.0832
 470.8214  6295.5377  257.6858 -999.9000   31.5243    0.7621   11.5034   91.0728
 461.0900  6452.4171  256.2647 -999.9000   30.8580    0.6762   11.2333   90.9894
 451.4963  6609.2965  254.9697 -999.9000   32.0330    0.6422   10.2337   90.8335
 442.0676  6766.1759  253.8996 -999.9000   32.6081    0.6091    9.3522   90.7116
 432.8253  6923.0553  252.9390 -999.9000   32.3247    0.5674   10.2716   90.6964
 423.7241  7079.9347  251.5328 -999.9000   36.0305    0.5712   11.1629   90.7318
 414.7432  7236.8141  249.8271 -999.9000   41.2555    0.5742   10.9715   90.7585
 405.9174  7393.6935  248.8300 -999.9000   31.8400    0.4138   11.2104   90.7794
 397.1974  7550.5729  247.5399 -999.9000   27.2535    0.3219   11.4878   90.7881
 388.6475  7707.4523  246.1424 -999.9000   31.1760    0.3308   11.6413   90.8405
 380.2876  7864.3317  245.1209 -999.9000   34.8246    0.3433   11.8842   90.9010
 372.0784  8021.2111  244.2970 -999.9000   39.0926    0.3645   12.0418   90.8924
 363.9826  8178.0905  243.4963 -999.9000   45.2154    0.3994   11.9597   90.7526
 356.0087  8334.9698  242.6348 -999.9000   54.4504    0.4529   11.9485   90.7678
 348.2042  8491.8492  241.7312 -999.9000   60.5715    0.5188   12.5549   91.3797
 340.5609  8648.7286  240.8685 -999.9000   64.9598    0.5272   12.7917   91.7004
 333.0575  8805.6080  239.9963 -999.9000   65.5664    0.4852   12.7364   91.6152
 325.6771  8962.4874  239.0143 -999.9000   64.9922    0.4338   13.0349   91.4555
 318.4095  9119.3668  237.8062 -999.9000   65.7815    0.3977   13.9557   91.4682
 311.2701  9276.2462  236.1622 -999.9000   60.6804    0.3338   14.1128   91.4746
 304.2599  9433.1256  234.5842 -999.9000   55.5021    0.2938   14.3333   91.4194
 297.3812  9590.0050  233.4938 -999.9000   50.6621    0.2688   14.8086   91.3896
 290.6045  9746.8844  232.2419 -999.9000   45.4583    0.2331   15.1272   91.3805
 283.9369  9903.7638  230.8404 -999.9000   45.7579    0.2031   15.4914   91.3479
 277.3870 10060.6432  229.3353 -999.9000   45.6104    0.1789   15.8636   91.3074
 270.9631 10217.5226  227.7661 -999.9000   45.5497    0.1538   16.1110   91.2950
 264.6694 10374.4020  226.2073 -999.9000   45.6618    0.1244   16.1432   91.3378
 258.4744 10531.2814  224.9656 -999.9000   45.1731    0.1097   16.2609   91.3756
 252.3757 10688.1608  223.9231 -999.9000   45.4921    0.1034   16.4927   91.3933
 246.3812 10845.0402  222.8509 -999.9000   40.2182    0.0916   16.7565   91.3978
 240.4896 11001.9196  221.6416 -999.9000   35.6663    0.0742   16.9990   91.3965
 234.6950 11158.7990  220.2905 -999.9000   35.9229    0.0604   17.1910   91.3968
 229.0082 11315.6784  218.8943 -999.9000   35.4699    0.0528   17.3275   91.3986
 223.4492 11472.5578  217.6008 -999.9000   34.9459    0.0500   17.4156   91.3982
 218.0236 11629.4372  216.3864 -999.9000   30.1062    0.0480   17.1744   91.4126
 212.6609 11786.3166  214.7023 -999.9000   25.5930    0.0350   15.4541   91.5070
 207.3913 11943.1960  213.8599 -999.9000   23.7625    0.0295   14.2355   91.4951
 202.2510 12100.0754  214.5540 -999.9000   18.0015    0.0410   13.8906   91.5711
 197.2536 12256.9548  215.9429 -999.9000    9.0971    0.0304   11.8508   92.1270
 192.4469 12413.8342  218.3253 -999.9000    2.6455    0.0062   12.2617   91.9985
 187.8076 12570.7136  218.1304 -999.9000    0.2370    0.0003   12.4654   91.9213
 183.2603 12727.5930  216.8827 -999.9000    0.2956    0.0003   12.1349   91.8946
 178.8033 12884.4724  216.4570 -999.9000    0.0000    0.0000   11.8648   91.8603
 174.4458 13041.3518  216.8472 -999.9000    0.0133    0.0000   11.9625   91.7991
 170.1876 13198.2312  217.0591 -999.9000    0.0000    0.0000   12.4546   91.6668
 166.0391 13355.1106  217.2135 -999.9000    0.0000    0.0000   13.0441   91.5392
 162.0101 13511.9899  216.8231 -999.9000    0.0002    0.0000   13.3164   91.4198
 158.0706 13668.8693  215.8242 -999.9000    0.0000    0.0000   12.9106   91.3880
 154.1974 13825.7487  214.9362 -999.9000    0.0000    0.0000   11.7313   91.4693
 150.4126 13982.6281  214.8548 -999.9000    0.0000    0.0000    9.8045   91.5650
 146.7292 14139.5075  215.7694 -999.9000    0.0000    0.0000    9.7192   91.5673
 143.1108 14296.3869  213.9785 -999.9000    0.0000    0.0000    9.6369   91.5696
 139.5597 14453.2663  216.3844 -999.9000    0.0000    0.0000    9.6099   91.5684
 136.1266 14610.1457  214.0385 -999.9000    0.0000    0.0000    9.6131   91.5540
 132.7619 14767.0251  213.1613 -999.9000    0.0000    0.0000    9.6274   91.5347
 129.4754 14923.9045  214.1560 -999.9000    0.0000    0.0000    9.6461   91.5197
 126.2897 15080.7839  215.2647 -999.9000    0.0000    0.0000    9.6597   91.5108
 123.1790 15237.6633  216.4995 -999.9000    0.0000    0.0000    9.7057   91.4644
 120.1481 15394.5427  216.9837 -999.9000    0.0000    0.0000    9.5971   91.3748
 117.2138 15551.4221  216.3541 -999.9000    0.0000    0.0000    9.2734   91.2661
 114.3435 15708.3015  216.2772 -999.9000    0.0000    0.0000    8.9914   91.1464
 111.5416 15865.1809  216.0539 -999.9000    0.0000    0.0000    8.4527   91.1933
 108.8149 16022.0603  217.3890 -999.9000    0.0000    0.0000    7.6826   91.4869
 106.1648 16178.9397  217.4663 -999.9000    0.0000    0.0000    7.2667   91.3484
 103.5767 16335.8191  217.1234 -999.9000    0.0000    0.0000    5.8823   91.9971
 101.0524 16492.6985  219.1924 -999.9000    0.0000    0.0000    1.4509   90.4089
  98.6148 16649.5779  217.8240 -999.9000    0.0000    0.0000    0.7209   90.4014
  96.2203 16806.4573  217.1066 -999.9000    0.0000    0.0000    0.0620   87.2598
  93.8688 16963.3367  216.4126 -999.9000    0.0000    0.0000    1.0614   90.4014
  91.5836 17120.2161  216.3128 -999.9000    0.0000    0.0000    1.9672   90.4014
  89.3567 17277.0955  216.3105 -999.9000    0.0000    0.0000    2.6352   90.4014
  87.1784 17433.9749  215.8573 -999.9000    0.0000    0.0000    3.3615   90.3927
  85.0453 17590.8543  215.0653 -999.9000    0.0000    0.0000    4.3122   90.0754
  82.9608 17747.7337  214.7578 -999.9000    0.0000    0.0000    5.5130   90.9865
  80.9282 17904.6131  215.4180 -999.9000    0.0000    0.0000    6.6799   90.6807
  78.9484 18061.4925  216.0763 -999.9000    0.0000    0.0000    6.5842   90.4907
  77.0217 18218.3719  216.7629 -999.9000    0.0000    0.0000    5.6299   90.6714
  75.1483 18375.2513  217.8350 -999.9000    0.0000    0.0000    4.6722   90.9237
  73.3271 18532.1307  218.9508 -999.9000    0.0000    0.0000    4.0424   91.0464
  71.5556 18689.0101  219.0904 -999.9000    0.0000    0.0000    3.5630   90.9336
  69.8260 18845.8894  217.9890 -999.9000    0.0000    0.0000    2.9284   91.0562
  68.1227 19002.7688  217.7128 -999.9000    0.0000    0.0000    1.7724   91.7656
  66.4601 19159.6482  218.0770 -999.9000    0.0000    0.0000    0.7265   89.5288
  64.8418 19316.5276  218.5750 -999.9000    0.0000    0.0000    0.4013   87.4851
  63.2670 19473.4070  218.9930 -999.9000    0.0000    0.0000    0.9277   87.9468
  61.7318 19630.2864  219.5690 -999.9000    0.0000    0.0000    1.4978   88.3028
  60.2355 19787.1658  219.7967 -999.9000    0.0000    0.0000    2.2253   88.5476
  58.7762 19944.0452  219.5156 -999.9000    0.0000    0.0000    3.0512   88.9105
  57.3501 20100.9246  219.1520 -999.9000    0.0000    0.0000    3.4718   89.0671
  55.9562 20257.8040  218.9000 -999.9000    0.0000    0.0000    3.3902   88.9446
  54.5968 20414.6834  218.6797 -999.9000    0.0000    0.0000    3.1724   88.7725
  53.2731 20571.5628  218.6432 -999.9000    0.0000    0.0000    2.9823   88.6461
  51.9860 20728.4422  219.1009 -999.9000    0.0000    0.0000    2.8373   88.5640
  50.7361 20885.3216  220.3665 -999.9000    0.0000    0.0000    2.7523   88.5228
  49.5229 21042.2010  222.1510 -999.9000    0.0000    0.0000    2.7117   88.5126
  48.3394 21199.0804  221.5447 -999.9000    0.0000    0.0000    3.0653   88.5757
  47.1874 21355.9598  221.6232 -999.9000    0.0000    0.0000    4.2127   88.7747
  46.0647 21512.8392  222.0246 -999.9000    0.0000    0.0000    5.2690   88.9472
  44.9691 21669.7186  222.2698 -999.9000    0.0000    0.0000    5.5012   88.9570
  43.8989 21826.5980  222.2958 -999.9000    0.0000    0.0000    5.1413   88.8369
  42.8525 21983.4774  222.1634 -999.9000    0.0000    0.0000    4.7050   88.6697
  41.8295 22140.3568  221.9206 -999.9000    0.0000    0.0000    4.4809   88.5214
  40.8309 22297.2362  221.5957 -999.9000    0.0000    0.0000    4.4061   88.4316
  39.8584 22454.1156  221.2183 -999.9000    0.0000    0.0000    4.3880   88.4374
  38.9104 22610.9950  221.6148 -999.9000    0.0000    0.0000    4.5741   88.5046
  37.9838 22767.8744  222.8786 -999.9000    0.0000    0.0000    5.0201   88.5579
  37.0791 22924.7538  223.5737 -999.9000    0.0000    0.0000    5.3939   88.6106
  36.1962 23081.6332  223.6689 -999.9000    0.0000    0.0000    5.6791   88.6649
  35.3349 23238.5126  223.3821 -999.9000    0.0000    0.0000    5.9145   88.7211
  34.4951 23395.3920  222.9309 -999.9000    0.0000    0.0000    6.1394   88.7793
  33.6765 23552.2714  222.5332 -999.9000    0.0000    0.0000    6.3929   88.8396
  32.8792 23709.1508  222.4064 -999.9000    0.0000    0.0000    6.7141   88.9021
  32.1025 23866.0302  222.6929 -999.9000    0.0000    0.0000    7.1151   88.9664
  31.3447 24022.9095  223.2550 -999.9000    0.0000    0.0000    7.5069   89.0294
  30.6036 24179.7889  223.8908 -999.9000    0.0000    0.0000    7.7780   89.0878
  29.8779 24336.6683  224.3728 -999.9000    0.0000    0.0000    7.8359   89.1301
  29.1715 24493.5477  224.4117 -999.9000    0.0000    0.0000    7.7846   89.0898
  28.4842 24650.4271  224.2556 -999.9000    0.0000    0.0000    7.6764   88.9796
  27.8138 24807.3065  224.2731 -999.9000    0.0000    0.0000    7.5248   88.8366
  27.1583 24964.1859  224.8314 -999.9000    0.0000    0.0000    7.3434   88.6979
  26.5173 25121.0653  225.9914 -999.9000    0.0000    0.0000    7.1531   88.5852
  25.8939 25277.9447  227.1653 -999.9000    0.0000    0.0000    6.9887   88.4883
  25.2914 25434.8241  227.6823 -999.9000    0.0000    0.0000    6.8873   88.3927
  24.7096 25591.7035  227.1761 -999.9000    0.0000    0.0000    6.9304   88.3136
  24.1354 25748.5829  226.6321 -999.9000    0.0000    0.0000    7.2792   88.3442
  23.5706 25905.4623  226.3832 -999.9000    0.0000    0.0000    7.8362   88.4419
  23.0189 26062.3417  226.6386 -999.9000    0.0000    0.0000    8.4766   88.5480
  22.4826 26219.2211  227.4637 -999.9000    0.0000    0.0000    9.1003   88.6216
  21.9608 26376.1005  228.5526 -999.9000    0.0000    0.0000    9.6688   88.6692
  21.4521 26532.9799  229.5404 -999.9000    0.0000    0.0000   10.1543   88.7041
  20.9548 26689.8593  230.0623 -999.9000    0.0000    0.0000   10.5284   88.7401
  20.4676 26846.7387  229.7533 -999.9000    0.0000    0.0000   10.7629   88.7908
  19.9891 27003.6181  228.2839 -999.9000    0.0000    0.0000   10.8230   88.8671
  19.5243 27160.4975  227.3756 -999.9000    0.0000    0.0000   10.3469   88.8331
  19.0752 27317.3769  227.8156 -999.9000    0.0000    0.0000    9.4070   88.6652
  18.6391 27474.2563  229.0236 -999.9000    0.0000    0.0000    8.3979   88.4541
  18.2135 27631.1357  230.4194 -999.9000    0.0000    0.0000    7.7145   88.2905
  17.7959 27788.0151  231.4316 -999.9000    0.0000    0.0000    7.7283   88.2601
  17.3864 27944.8945  231.7132 -999.9000    0.0000    0.0000    8.2609   88.3267
  16.9866 28101.7739  231.2905 -999.9000    0.0000    0.0000    8.8312   88.3867
  16.5963 28258.6533  230.4600 -999.9000    0.0000    0.0000    9.4048   88.4341
  16.2153 28415.5327  229.5458 -999.9000    0.0000    0.0000    9.9962   88.4734
  15.8432 28572.4121  228.8714 -999.9000    0.0000    0.0000   10.6205   88.5095
  15.4798 28729.2915  228.7549 -999.9000    0.0000    0.0000   11.2902   88.5468
  15.1246 28886.1709  229.1574 -999.9000    0.0000    0.0000   11.9033   88.5881
  14.7769 29043.0503  229.5222 -999.9000    0.0000    0.0000   12.1963   88.6333
  14.4368 29199.9296  229.6852 -999.9000    0.0000    0.0000   12.1046   88.6841
  14.1043 29356.8090  229.7840 -999.9000    0.0000    0.0000   11.7097   88.7433
  13.7798 29513.6884  229.9621 -999.9000    0.0000    0.0000   11.0966   88.8140
  13.4633 29670.5678  230.3628 -999.9000    0.0000    0.0000   10.3495   88.8992
  13.1552 29827.4472  231.1296 -999.9000    0.0000    0.0000    9.5534   89.0018
  12.8555 29984.3266  232.3491 -999.9000    0.0000    0.0000    8.7906   89.1215
  12.5638 30141.2060  233.7088 -999.9000    0.0000    0.0000    8.1296   89.2343
  12.2794 30298.0854  234.7269 -999.9000    0.0000    0.0000    7.6325   89.3059
  12.0018 30454.9648  234.9208 -999.9000    0.0000    0.0000    7.3617   89.3022
  11.7304 30611.8442  234.0625 -999.9000    0.0000    0.0000    7.3384   89.2026
  11.4650 30768.7236  232.9638 -999.9000    0.0000    0.0000    7.4176   89.0420
  11.2056 30925.6030  232.7012 -999.9000    0.0000    0.0000    7.4119   88.8691
  10.9522 31082.4824  233.9265 -999.9000    0.0000    0.0000    7.2013   88.7216
  10.7056 31239.3618  235.4795 -999.9000    0.0000    0.0000    6.9552   88.5894
  10.4661 31396.2412  236.0422 -999.9000    0.0000    0.0000    6.8710   88.4534
  10.2318 31553.1206  235.6945 -999.9000    0.0000    0.0000    6.9342   88.3118
  10.0000 31710.0000  234.8914 -999.9000    0.0000    0.0000    7.0742   88.1674
