# 06610 LSMP Payerne Observations at 12Z 30 Jul 2008
# Radiosonde file generated by raso.rb
#
  P [hPa],     Z [m],    T [K],   Td [K],   RH [%], r [g/kg], WS [m/s], WD [deg]
 962.0000   491.0000  298.1849 -999.9000   66.2926   13.6900    2.1981   93.0543
 944.6891   647.8794  296.0838 -999.9000   67.8563   12.6302    4.6662   92.6754
 927.6873   804.7588  294.6556 -999.9000   79.6152   13.9071    2.3032   92.9144
 911.0964   961.6382  293.3293 -999.9000   80.0765   14.4362    0.5321   92.0428
 894.7070  1118.5176  292.3604 -999.9000   80.0777   14.3064    1.4832   90.9797
 878.5406  1275.3970  292.0335 -999.9000   80.1441   13.3485    2.4607   90.6229
 862.6769  1432.2764  290.6242 -999.9000   81.0576   13.5129    2.6851   90.4248
 846.9845  1589.1558  289.3514 -999.9000   80.3754   13.9027    4.2843   90.3491
 831.5533  1746.0352  288.9734 -999.9000   80.8511   13.2228    5.1612   90.3950
 816.3570  1902.9146  287.6288 -999.9000   80.7360   11.9693    6.2596   90.4496
 801.3249  2059.7940  286.0088 -999.9000   80.4518   11.5640    6.8751   90.4939
 786.5365  2216.6734  284.6258 -999.9000   80.2924   10.4184    7.6142   90.5367
 771.9169  2373.5528  283.3671 -999.9000   80.6747    8.7627    8.7954   90.5644
 757.5041  2530.4322  282.2856 -999.9000   80.5354    8.5006    9.3151   90.6155
 743.3854  2687.3116  281.6909 -999.9000   77.8824    7.5803    8.1922   90.6080
 729.2940  2844.1910  280.6005 -999.9000   60.4654    5.5688    7.9324   90.6173
 715.5826  3001.0704  279.5404 -999.9000   50.1887    4.3807    9.4938   90.6971
 702.0616  3157.9497  278.3476 -999.9000   51.6686    4.2344   10.7548   90.7782
 688.7126  3314.8291  276.8643 -999.9000   58.9931    4.4448   10.8212   90.8007
 675.5482  3471.7085  275.2347 -999.9000   68.2939    4.6752   11.0460   90.8205
 662.5494  3628.5879  273.7588 -999.9000   74.2381    4.6607   11.6259   90.8487
 649.7305  3785.4673  272.7528 -999.9000   67.3533    4.0055   11.8932   90.8627
 637.1240  3942.3467  271.9054 -999.9000   55.2068    3.1437   11.1853   90.9118
 624.7467  4099.2261  270.8989 -999.9000   50.2242    2.7055    9.6100   91.0167
 612.5275  4256.1055  269.8491 -999.9000   50.1553    2.5464    9.1501   91.0465
 600.5160  4412.9849  269.2537 -999.9000   38.2551    1.8919    9.4036   91.0390
 588.7253  4569.8643  268.6730 -999.9000   22.7894    1.0986    9.5618   91.0433
 577.1128  4726.7437  267.3966 -999.9000   18.1887    0.8108    9.5876   91.0483
 565.6299  4883.6231  266.5797 -999.9000   17.0556    0.7276    9.5267   91.0538
 554.4053  5040.5025  266.0393 -999.9000   13.5161    0.5634    8.8160   91.1400
 543.3471  5197.3819  265.3876 -999.9000   12.8561    0.5190    8.0174   91.2153
 532.4739  5354.2613  264.3879 -999.9000   22.2323    0.8459    8.4048   91.2112
 521.8251  5511.1407  263.3677 -999.9000   24.0823    0.8613    9.1439   91.1806
 511.3144  5668.0201  262.6061 -999.9000   14.1204    0.4842    9.8102   91.1583
 500.9731  5824.8995  261.2949 -999.9000   13.0038    0.4090   10.4995   91.1344
 490.8286  5981.7789  259.7141 -999.9000   18.4452    0.5200   10.6441   91.1143
 480.7236  6138.6583  258.6315 -999.9000   29.3023    0.7703   10.9700   91.0832
 470.8214  6295.5377  257.3745 -999.9000   31.5734    0.7621   11.0617   91.0728
 461.0900  6452.4171  255.9777 -999.9000   30.9074    0.6762   10.7797   90.9894
 451.4963  6609.2965  254.7064 -999.9000   32.0857    0.6422    9.7702   90.8335
 442.0676  6766.1759  253.6589 -999.9000   32.6631    0.6091    8.8806   90.7116
 432.8253  6923.0553  252.7199 -999.9000   32.3805    0.5674    9.7940   90.6964
 423.7241  7079.9347  251.3339 -999.9000   36.0941    0.5712   10.6816   90.7318
 414.7432  7236.8141  249.6471 -999.9000   41.3297    0.5742   10.4888   90.7585
 405.9174  7393.6935  248.6672 -999.9000   31.8983    0.4138   10.7289   90.7794
 397.1974  7550.5729  247.3924 -999.9000   27.3042    0.3219   11.0102   90.7881
 388.6475  7707.4523  246.0085 -999.9000   31.2348    0.3308   11.1702   90.8405
 380.2876  7864.3317  244.9988 -999.9000   34.8911    0.3433   11.4222   90.9010
 372.0784  8021.2111  244.1851 -999.9000   39.1680    0.3645   11.5914   90.8924
 363.9826  8178.0905  243.3931 -999.9000   45.3033    0.3994   11.5231   90.7526
 356.0087  8334.9698  242.5388 -999.9000   54.5570    0.4529   11.5280   90.7678
 348.2042  8491.8492  241.6410 -999.9000   60.6905    0.5188   12.1528   91.3797
 340.5609  8648.7286  240.7828 -999.9000   65.0875    0.5272   12.4099   91.7004
 333.0575  8805.6080  239.9139 -999.9000   65.6952    0.4852   12.3769   91.6152
 325.6771  8962.4874  238.9340 -999.9000   65.1194    0.4338   12.6995   91.4555
 318.4095  9119.3668  237.7269 -999.9000   65.9093    0.3977   13.6462   91.4682
 311.2701  9276.2462  236.0831 -999.9000   60.7971    0.3338   13.8308   91.4746
 304.2599  9433.1256  234.5043 -999.9000   55.6075    0.2938   14.0803   91.4194
 297.3812  9590.0050  233.4122 -999.9000   50.7567    0.2688   14.5861   91.3896
 290.6045  9746.8844  232.1579 -999.9000   45.5416    0.2331   14.9365   91.3805
 283.9369  9903.7638  230.7534 -999.9000   45.8396    0.2031   15.3339   91.3479
 277.3870 10060.6432  229.2446 -999.9000   45.6895    0.1789   15.7403   91.3074
 270.9631 10217.5226  227.6713 -999.9000   45.6260    0.1538   16.0230   91.2950
 264.6694 10374.4020  226.1079 -999.9000   45.7353    0.1244   16.0914   91.3378
 258.4744 10531.2814  224.8613 -999.9000   45.2424    0.1097   16.2462   91.3756
 252.3757 10688.1608  223.8137 -999.9000   45.5581    0.1034   16.5157   91.3933
 246.3812 10845.0402  222.7362 -999.9000   40.2729    0.0916   16.8179   91.3978
 240.4896 11001.9196  221.5215 -999.9000   35.7112    0.0742   17.0994   91.3965
 234.6950 11158.7990  220.1649 -999.9000   35.9643    0.0604   17.3307   91.3968
 229.0082 11315.6784  218.7633 -999.9000   35.5066    0.0528   17.5068   91.3986
 223.4492 11472.5578  217.4645 -999.9000   34.9779    0.0500   17.6345   91.3982
 218.0236 11629.4372  216.2450 -999.9000   30.1300    0.0480   17.4327   91.4126
 212.6609 11786.3166  214.5561 -999.9000   25.6098    0.0350   15.7515   91.5070
 207.3913 11943.1960  213.7091 -999.9000   23.7751    0.0295   14.5715   91.4951
 202.2510 12100.0754  214.3991 -999.9000   18.0086    0.0410   14.2646   91.5711
 197.2536 12256.9548  215.7842 -999.9000    9.0995    0.0304   12.2618   92.1270
 192.4469 12413.8342  218.1634 -999.9000    2.6458    0.0062   12.7088   91.9985
 187.8076 12570.7136  217.9658 -999.9000    0.2370    0.0003   12.9472   91.9213
 183.2603 12727.5930  216.7162 -999.9000    0.2956    0.0003   12.6501   91.8946
 178.8033 12884.4724  216.2892 -999.9000    0.0000    0.0000   12.4118   91.8603
 174.4458 13041.3518  216.6789 -999.9000    0.0133    0.0000   12.5396   91.7991
 170.1876 13198.2312  216.8911 -999.9000    0.0000    0.0000   13.0599   91.6668
 166.0391 13355.1106  217.0468 -999.9000    0.0000    0.0000   13.6755   91.5392
 162.0101 13511.9899  216.6587 -999.9000    0.0002    0.0000   13.9715   91.4198
 158.0706 13668.8693  215.6630 -999.9000    0.0000    0.0000   13.5870   91.3880
 154.1974 13825.7487  214.7795 -999.9000    0.0000    0.0000   12.4264   91.4693
 150.4126 13982.6281  214.7037 -999.9000    0.0000    0.0000   10.5154   91.5650
 146.7292 14139.5075  215.6251 -999.9000    0.0000    0.0000   10.4430   91.5673
 143.1108 14296.3869  213.8423 -999.9000    0.0000    0.0000   10.3703   91.5696
 139.5597 14453.2663  216.2577 -999.9000    0.0000    0.0000   10.3497   91.5684
 136.1266 14610.1457  213.9227 -999.9000    0.0000    0.0000   10.3559   91.5540
 132.7619 14767.0251  213.0577 -999.9000    0.0000    0.0000   10.3701   91.5347
 129.4754 14923.9045  214.0657 -999.9000    0.0000    0.0000   10.3858   91.5197
 126.2897 15080.7839  215.1888 -999.9000    0.0000    0.0000   10.3938   91.5108
 123.1790 15237.6633  216.4390 -999.9000    0.0000    0.0000   10.4316   91.4644
 120.1481 15394.5427  216.9396 -999.9000    0.0000    0.0000   10.3126   91.3748
 117.2138 15551.4221  216.3271 -999.9000    0.0000    0.0000    9.9765   91.2661
 114.3435 15708.3015  216.2681 -999.9000    0.0000    0.0000    9.6802   91.1464
 111.5416 15865.1809  216.0633 -999.9000    0.0000    0.0000    9.1257   91.1933
 108.8149 16022.0603  217.4175 -999.9000    0.0000    0.0000    8.3383   91.4869
 106.1648 16178.9397  217.5143 -999.9000    0.0000    0.0000    7.9038   91.3484
 103.5767 16335.8191  217.1913 -999.9000    0.0000    0.0000    6.5000   91.9971
 101.0524 16492.6985  219.2804 -999.9000    0.0000    0.0000    2.0483   90.4089
  98.6148 16649.5779  217.9324 -999.9000    0.0000    0.0000    1.2975   90.4014
  96.2203 16806.4573  217.2355 -999.9000    0.0000    0.0000    0.4934   90.4014
  93.8688 16963.3367  216.5619 -999.9000    0.0000    0.0000    1.5955   90.4014
  91.5836 17120.2161  216.4825 -999.9000    0.0000    0.0000    2.4800   90.4014
  89.3567 17277.0955  216.5003 -999.9000    0.0000    0.0000    3.1270   90.4014
  87.1784 17433.9749  216.0671 -999.9000    0.0000    0.0000    3.8329   90.3927
  85.0453 17590.8543  215.2947 -999.9000    0.0000    0.0000    4.7638   90.0754
  82.9608 17747.7337  215.0063 -999.9000    0.0000    0.0000    5.9458   90.9865
  80.9282 17904.6131  215.6852 -999.9000    0.0000    0.0000    7.0949   90.6807
  78.9484 18061.4925  216.3614 -999.9000    0.0000    0.0000    6.9827   90.4907
  77.0217 18218.3719  217.0653 -999.9000    0.0000    0.0000    6.0130   90.6714
  75.1483 18375.2513  218.1540 -999.9000    0.0000    0.0000    5.0409   90.9237
  73.3271 18532.1307  219.2855 -999.9000    0.0000    0.0000    4.3975   91.0464
  71.5556 18689.0101  219.4399 -999.9000    0.0000    0.0000    3.9053   90.9336
  69.8260 18845.8894  218.3524 -999.9000    0.0000    0.0000    3.2584   91.0562
  68.1227 19002.7688  218.0891 -999.9000    0.0000    0.0000    2.0908   91.7656
  66.4601 19159.6482  218.4650 -999.9000    0.0000    0.0000    1.0336   89.5288
  64.8418 19316.5276  218.9736 -999.9000    0.0000    0.0000    0.6976   87.4851
  63.2670 19473.4070  219.4010 -999.9000    0.0000    0.0000    1.2133   87.9468
  61.7318 19630.2864  219.9850 -999.9000    0.0000    0.0000    1.7728   88.3028
  60.2355 19787.1658  220.2193 -999.9000    0.0000    0.0000    2.4897   88.5476
  58.7762 19944.0452  219.9435 -999.9000    0.0000    0.0000    3.3049   88.9105
  57.3501 20100.9246  219.5837 -999.9000    0.0000    0.0000    3.7145   89.0671
  55.9562 20257.8040  219.3338 -999.9000    0.0000    0.0000    3.6217   88.9446
  54.5968 20414.6834  219.1140 -999.9000    0.0000    0.0000    3.3922   88.7725
  53.2731 20571.5628  219.0762 -999.9000    0.0000    0.0000    3.1897   88.6461
  51.9860 20728.4422  219.5310 -999.9000    0.0000    0.0000    3.0317   88.5640
  50.7361 20885.3216  220.7917 -999.9000    0.0000    0.0000    2.9331   88.5228
  49.5229 21042.2010  222.5695 -999.9000    0.0000    0.0000    2.8778   88.5126
  48.3394 21199.0804  221.9544 -999.9000    0.0000    0.0000    3.2158   88.5757
  47.1874 21355.9598  222.0221 -999.9000    0.0000    0.0000    4.3464   88.7747
  46.0647 21512.8392  222.4106 -999.9000    0.0000    0.0000    5.3849   88.9472
  44.9691 21669.7186  222.6411 -999.9000    0.0000    0.0000    5.5983   88.9570
  43.8989 21826.5980  222.6507 -999.9000    0.0000    0.0000    5.2188   88.8369
  42.8525 21983.4774  222.5004 -999.9000    0.0000    0.0000    4.7624   88.6697
  41.8295 22140.3568  222.2385 -999.9000    0.0000    0.0000    4.5177   88.5214
  40.8309 22297.2362  221.8934 -999.9000    0.0000    0.0000    4.4219   88.4316
  39.8584 22454.1156  221.4947 -999.9000    0.0000    0.0000    4.3829   88.4374
  38.9104 22610.9950  221.8693 -999.9000    0.0000    0.0000    4.5480   88.5046
  37.9838 22767.8744  223.1107 -999.9000    0.0000    0.0000    4.9733   88.5579
  37.0791 22924.7538  223.7829 -999.9000    0.0000    0.0000    5.3268   88.6106
  36.1962 23081.6332  223.8551 -999.9000    0.0000    0.0000    5.5923   88.6649
  35.3349 23238.5126  223.5453 -999.9000    0.0000    0.0000    5.8087   88.7211
  34.4951 23395.3920  223.0714 -999.9000    0.0000    0.0000    6.0156   88.7793
  33.6765 23552.2714  222.6512 -999.9000    0.0000    0.0000    6.2520   88.8396
  32.8792 23709.1508  222.5027 -999.9000    0.0000    0.0000    6.5576   88.9021
  32.1025 23866.0302  222.7681 -999.9000    0.0000    0.0000    6.9442   88.9664
  31.3447 24022.9095  223.3100 -999.9000    0.0000    0.0000    7.3234   89.0294
  30.6036 24179.7889  223.9268 -999.9000    0.0000    0.0000    7.5835   89.0878
  29.8779 24336.6683  224.3911 -999.9000    0.0000    0.0000    7.6325   89.1301
  29.1715 24493.5477  224.4139 -999.9000    0.0000    0.0000    7.5743   89.0898
  28.4842 24650.4271  224.2433 -999.9000    0.0000    0.0000    7.4615   88.9796
  27.8138 24807.3065  224.2483 -999.9000    0.0000    0.0000    7.3078   88.8366
  27.1583 24964.1859  224.7960 -999.9000    0.0000    0.0000    7.1267   88.6979
  26.5173 25121.0653  225.9474 -999.9000    0.0000    0.0000    6.9391   88.5852
  25.8939 25277.9447  227.1146 -999.9000    0.0000    0.0000    6.7797   88.4883
  25.2914 25434.8241  227.6268 -999.9000    0.0000    0.0000    6.6854   88.3927
  24.7096 25591.7035  227.1177 -999.9000    0.0000    0.0000    6.7376   88.3136
  24.1354 25748.5829  226.5725 -999.9000    0.0000    0.0000    7.0972   88.3442
  23.5706 25905.4623  226.3243 -999.9000    0.0000    0.0000    7.6667   88.4419
  23.0189 26062.3417  226.5820 -999.9000    0.0000    0.0000    8.3212   88.5480
  22.4826 26219.2211  227.4112 -999.9000    0.0000    0.0000    8.9602   88.6216
  21.9608 26376.1005  228.5056 -999.9000    0.0000    0.0000    9.5452   88.6692
  21.4521 26532.9799  229.5007 -999.9000    0.0000    0.0000   10.0482   88.7041
  20.9548 26689.8593  230.0314 -999.9000    0.0000    0.0000   10.4407   88.7401
  20.4676 26846.7387  229.7326 -999.9000    0.0000    0.0000   10.6945   88.7908
  19.9891 27003.6181  228.2750 -999.9000    0.0000    0.0000   10.7744   88.8671
  19.5243 27160.4975  227.3798 -999.9000    0.0000    0.0000   10.3185   88.8331
  19.0752 27317.3769  227.8343 -999.9000    0.0000    0.0000    9.3991   88.6652
  18.6391 27474.2563  229.0581 -999.9000    0.0000    0.0000    8.4106   88.4541
  18.2135 27631.1357  230.4711 -999.9000    0.0000    0.0000    7.7478   88.2905
  17.7959 27788.0151  231.5017 -999.9000    0.0000    0.0000    7.7822   88.2601
  17.3864 27944.8945  231.8029 -999.9000    0.0000    0.0000    8.3349   88.3267
  16.9866 28101.7739  231.4009 -999.9000    0.0000    0.0000    8.9249   88.3867
  16.5963 28258.6533  230.5922 -999.9000    0.0000    0.0000    9.5176   88.4341
  16.2153 28415.5327  229.7008 -999.9000    0.0000    0.0000   10.1273   88.4734
  15.8432 28572.4121  229.0504 -999.9000    0.0000    0.0000   10.7690   88.5095
  15.4798 28729.2915  228.9588 -999.9000    0.0000    0.0000   11.4551   88.5468
  15.1246 28886.1709  229.3872 -999.9000    0.0000    0.0000   12.0833   88.5881
  14.7769 29043.0503  229.7787 -999.9000    0.0000    0.0000   12.3901   88.6333
  14.4368 29199.9296  229.9693 -999.9000    0.0000    0.0000   12.3106   88.6841
  14.1043 29356.8090  230.0965 -999.9000    0.0000    0.0000   11.9263   88.7433
  13.7798 29513.6884  230.3038 -999.9000    0.0000    0.0000   11.3219   88.8140
  13.4633 29670.5678  230.7344 -999.9000    0.0000    0.0000   10.5817   88.8992
  13.1552 29827.4472  231.5318 -999.9000    0.0000    0.0000    9.7902   89.0018
  12.8555 29984.3266  232.7825 -999.9000    0.0000    0.0000    9.0299   89.1215
  12.5638 30141.2060  234.1740 -999.9000    0.0000    0.0000    8.3688   89.2343
  12.2794 30298.0854  235.2245 -999.9000    0.0000    0.0000    7.8692   89.3059
  12.0018 30454.9648  235.4512 -999.9000    0.0000    0.0000    7.5931   89.3022
  11.7304 30611.8442  234.6263 -999.9000    0.0000    0.0000    7.5617   89.2026
  11.4650 30768.7236  233.5614 -999.9000    0.0000    0.0000    7.6297   89.0420
  11.2056 30925.6030  233.3329 -999.9000    0.0000    0.0000    7.6096   88.8691
  10.9522 31082.4824  234.5926 -999.9000    0.0000    0.0000    7.3813   88.7216
  10.7056 31239.3618  236.1804 -999.9000    0.0000    0.0000    7.1141   88.5894
  10.4661 31396.2412  236.7781 -999.9000    0.0000    0.0000    7.0051   88.4534
  10.2318 31553.1206  236.4657 -999.9000    0.0000    0.0000    7.0398   88.3118
  10.0000 31710.0000  235.6980 -999.9000    0.0000    0.0000    7.1474   88.1674
