# 06610 LSMP Payerne Observations at 12Z 30 Jul 2008
# Radiosonde file generated by raso.rb
#
  P [hPa],     Z [m],    T [K],   Td [K],   RH [%], r [g/kg], WS [m/s], WD [deg]
 962.0000   491.0000  298.3553 -999.9000   66.2008   13.6900    2.2161   93.0543
 944.6891   647.8794  296.3034 -999.9000   67.7731   12.6302    4.6476   92.6754
 927.6873   804.7588  294.9202 -999.9000   79.5292   13.9071    2.2526   92.9144
 911.0964   961.6382  293.6347 -999.9000   80.0008   14.4362    0.4541   92.0428
 894.7070  1118.5176  292.7027 -999.9000   80.0118   14.3064    1.3820   90.9797
 878.5406  1275.3970  292.4088 -999.9000   80.0870   13.3485    2.3404   90.6229
 862.6769  1432.2764  291.0287 -999.9000   81.0079   13.5129    2.5497   90.4248
 846.9845  1589.1558  289.7816 -999.9000   80.3333   13.9027    4.1375   90.3491
 831.5533  1746.0352  289.4259 -999.9000   80.8152   13.2228    5.0066   90.3950
 816.3570  1902.9146  288.1001 -999.9000   80.7057   11.9693    6.1006   90.4496
 801.3249  2059.7940  286.4957 -999.9000   80.4264   11.5640    6.7148   90.4939
 786.5365  2216.6734  285.1253 -999.9000   80.2712   10.4184    7.4556   90.5367
 771.9169  2373.5528  283.8760 -999.9000   80.6567    8.7627    8.6413   90.5644
 757.5041  2530.4322  282.8013 -999.9000   80.5202    8.5006    9.1682   90.6155
 743.3854  2687.3116  282.2106 -999.9000   77.8697    7.5803    8.0548   90.6080
 729.2940  2844.1910  281.1216 -999.9000   60.4567    5.5688    7.8068   90.6173
 715.5826  3001.0704  280.0605 -999.9000   50.1821    4.3807    9.3820   90.6971
 702.0616  3157.9497  278.8643 -999.9000   51.6621    4.2344   10.6587   90.7782
 688.7126  3314.8291  277.3753 -999.9000   58.9857    4.4448   10.7424   90.8007
 675.5482  3471.7085  275.7381 -999.9000   68.2848    4.6752   10.9860   90.8205
 662.5494  3628.5879  274.2526 -999.9000   74.2274    4.6607   11.5859   90.8487
 649.7305  3785.4673  273.2350 -999.9000   67.3424    4.0055   11.8744   90.8627
 637.1240  3942.3467  272.3745 -999.9000   55.1967    3.1437   11.1886   90.9118
 624.7467  4099.2261  271.3533 -999.9000   50.2138    2.7055    9.6361   91.0167
 612.5275  4256.1055  270.2872 -999.9000   50.1435    2.5464    9.1996   91.0465
 600.5160  4412.9849  269.6744 -999.9000   38.2449    1.8919    9.4767   91.0390
 588.7253  4569.8643  269.0750 -999.9000   22.7825    1.0986    9.6588   91.0433
 577.1128  4726.7437  267.7787 -999.9000   18.1825    0.8108    9.7084   91.0483
 565.6299  4883.6231  266.9411 -999.9000   17.0492    0.7276    9.6711   91.0538
 554.4053  5040.5025  266.3791 -999.9000   13.5104    0.5634    8.9835   91.1400
 543.3471  5197.3819  265.7052 -999.9000   12.8502    0.5190    8.2074   91.2153
 532.4739  5354.2613  264.6827 -999.9000   22.2211    0.8459    8.6165   91.2112
 521.8251  5511.1407  263.6394 -999.9000   24.0692    0.8613    9.3764   91.1806
 511.3144  5668.0201  262.8542 -999.9000   14.1121    0.4842   10.0622   91.1583
 500.9731  5824.8995  261.5193 -999.9000   12.9956    0.4090   10.7698   91.1344
 490.8286  5981.7789  259.9147 -999.9000   18.4328    0.5200   10.9311   91.1143
 480.7236  6138.6583  258.8084 -999.9000   29.2815    0.7703   11.2719   91.0832
 470.8214  6295.5377  257.5279 -999.9000   31.5498    0.7621   11.3766   91.0728
 461.0900  6452.4171  256.1080 -999.9000   30.8832    0.6762   11.1055   90.9894
 451.4963  6609.2965  254.8139 -999.9000   32.0595    0.6422   10.1045   90.8335
 442.0676  6766.1759  253.7443 -999.9000   32.6354    0.6091    9.2211   90.7116
 432.8253  6923.0553  252.7838 -999.9000   32.3521    0.5674   10.1379   90.6964
 423.7241  7079.9347  251.3773 -999.9000   36.0616    0.5712   11.0260   90.7318
 414.7432  7236.8141  249.6707 -999.9000   41.2918    0.5742   10.8307   90.7585
 405.9174  7393.6935  248.6723 -999.9000   31.8685    0.4138   11.0649   90.7794
 397.1974  7550.5729  247.3801 -999.9000   27.2785    0.3219   11.3370   90.7881
 388.6475  7707.4523  245.9801 -999.9000   31.2053    0.3308   11.4846   90.8405
 380.2876  7864.3317  244.9557 -999.9000   34.8582    0.3433   11.7212   90.9010
 372.0784  8021.2111  244.1285 -999.9000   39.1312    0.3645   11.8722   90.8924
 363.9826  8178.0905  243.3244 -999.9000   45.2613    0.3994   11.7835   90.7526
 356.0087  8334.9698  242.4593 -999.9000   54.5071    0.4529   11.7658   90.7678
 348.2042  8491.8492  241.5523 -999.9000   60.6361    0.5188   12.3662   91.3797
 340.5609  8648.7286  240.6863 -999.9000   65.0308    0.5272   12.5974   91.7004
 333.0575  8805.6080  239.8110 -999.9000   65.6397    0.4852   12.5374   91.6152
 325.6771  8962.4874  238.8263 -999.9000   65.0663    0.4338   12.8320   91.4555
 318.4095  9119.3668  237.6160 -999.9000   65.8579    0.3977   13.7500   91.4682
 311.2701  9276.2462  235.9704 -999.9000   60.7520    0.3338   13.9056   91.4746
 304.2599  9433.1256  234.3915 -999.9000   55.5686    0.2938   14.1261   91.4194
 297.3812  9590.0050  233.3010 -999.9000   50.7235    0.2688   14.6032   91.3896
 290.6045  9746.8844  232.0499 -999.9000   45.5139    0.2331   14.9254   91.3805
 283.9369  9903.7638  230.6504 -999.9000   45.8141    0.2031   15.2953   91.3479
 277.3870 10060.6432  229.1483 -999.9000   45.6665    0.1789   15.6754   91.3074
 270.9631 10217.5226  227.5835 -999.9000   45.6056    0.1538   15.9332   91.2950
 264.6694 10374.4020  226.0304 -999.9000   45.7175    0.1244   15.9784   91.3378
 258.4744 10531.2814  224.7960 -999.9000   45.2276    0.1097   16.1120   91.3756
 252.3757 10688.1608  223.7623 -999.9000   45.5461    0.1034   16.3627   91.3933
 246.3812 10845.0402  222.7007 -999.9000   40.2649    0.0916   16.6486   91.3978
 240.4896 11001.9196  221.5038 -999.9000   35.7066    0.0742   16.9166   91.3965
 234.6950 11158.7990  220.1668 -999.9000   35.9621    0.0604   17.1372   91.3968
 229.0082 11315.6784  218.7865 -999.9000   35.5070    0.0528   17.3051   91.3986
 223.4492 11472.5578  217.5104 -999.9000   34.9807    0.0500   17.4270   91.3982
 218.0236 11629.4372  216.3148 -999.9000   30.1345    0.0480   17.2213   91.4126
 212.6609 11786.3166  214.6508 -999.9000   25.6156    0.0350   15.5381   91.5070
 207.3913 11943.1960  213.8298 -999.9000   23.7821    0.0295   14.3575   91.4951
 202.2510 12100.0754  214.5461 -999.9000   18.0151    0.0410   14.0512   91.5711
 197.2536 12256.9548  215.9582 -999.9000    9.1034    0.0304   12.0501   92.1270
 192.4469 12413.8342  218.3647 -999.9000    2.6471    0.0062   12.4994   91.9985
 187.8076 12570.7136  218.1945 -999.9000    0.2372    0.0003   12.7407   91.9213
 183.2603 12727.5930  216.9720 -999.9000    0.2958    0.0003   12.4467   91.8946
 178.8033 12884.4724  216.5720 -999.9000    0.0000    0.0000   12.2115   91.8603
 174.4458 13041.3518  216.9881 -999.9000    0.0133    0.0000   12.3420   91.7991
 170.1876 13198.2312  217.2261 -999.9000    0.0000    0.0000   12.8644   91.6668
 166.0391 13355.1106  217.4066 -999.9000    0.0000    0.0000   13.4813   91.5392
 162.0101 13511.9899  217.0423 -999.9000    0.0002    0.0000   13.7776   91.4198
 158.0706 13668.8693  216.0693 -999.9000    0.0000    0.0000   13.3920   91.3880
 154.1974 13825.7487  215.2068 -999.9000    0.0000    0.0000   12.2288   91.4693
 150.4126 13982.6281  215.1505 -999.9000    0.0000    0.0000   10.3133   91.5650
 146.7292 14139.5075  216.0895 -999.9000    0.0000    0.0000   10.2342   91.5673
 143.1108 14296.3869  214.3224 -999.9000    0.0000    0.0000   10.1526   91.5696
 139.5597 14453.2663  216.7512 -999.9000    0.0000    0.0000   10.1203   91.5684
 136.1266 14610.1457  214.4273 -999.9000    0.0000    0.0000   10.1124   91.5540
 132.7619 14767.0251  213.5712 -999.9000    0.0000    0.0000   10.1102   91.5347
 129.4754 14923.9045  214.5859 -999.9000    0.0000    0.0000   10.1076   91.5197
 126.2897 15080.7839  215.7137 -999.9000    0.0000    0.0000   10.0956   91.5108
 123.1790 15237.6633  216.9664 -999.9000    0.0000    0.0000   10.1121   91.4644
 120.1481 15394.5427  217.4675 -999.9000    0.0000    0.0000    9.9709   91.3748
 117.2138 15551.4221  216.8536 -999.9000    0.0000    0.0000    9.6118   91.2661
 114.3435 15708.3015  216.7912 -999.9000    0.0000    0.0000    9.2922   91.1464
 111.5416 15865.1809  216.5811 -999.9000    0.0000    0.0000    8.7143   91.1933
 108.8149 16022.0603  217.9282 -999.9000    0.0000    0.0000    7.9038   91.4869
 106.1648 16178.9397  218.0162 -999.9000    0.0000    0.0000    7.4469   91.3484
 103.5767 16335.8191  217.6827 -999.9000    0.0000    0.0000    6.0214   91.9971
 101.0524 16492.6985  219.7596 -999.9000    0.0000    0.0000    1.5493   90.4089
  98.6148 16649.5779  218.3977 -999.9000    0.0000    0.0000    0.7796   90.4014
  96.2203 16806.4573  217.6853 -999.9000    0.0000    0.0000    0.0416   87.2598
  93.8688 16963.3367  216.9948 -999.9000    0.0000    0.0000    1.0457   90.4014
  91.5836 17120.2161  216.8970 -999.9000    0.0000    0.0000    1.9177   90.4014
  89.3567 17277.0955  216.8951 -999.9000    0.0000    0.0000    2.5551   90.4014
  87.1784 17433.9749  216.4407 -999.9000    0.0000    0.0000    3.2544   90.3927
  85.0453 17590.8543  215.6458 -999.9000    0.0000    0.0000    4.1822   90.0754
  82.9608 17747.7337  215.3336 -999.9000    0.0000    0.0000    5.3647   90.9865
  80.9282 17904.6131  215.9875 -999.9000    0.0000    0.0000    6.5185   90.6807
  78.9484 18061.4925  216.6377 -999.9000    0.0000    0.0000    6.4149   90.4907
  77.0217 18218.3719  217.3147 -999.9000    0.0000    0.0000    5.4575   90.6714
  75.1483 18375.2513  218.3758 -999.9000    0.0000    0.0000    4.5010   90.9237
  73.3271 18532.1307  219.4794 -999.9000    0.0000    0.0000    3.8760   91.0464
  71.5556 18689.0101  219.6057 -999.9000    0.0000    0.0000    3.4048   90.9336
  69.8260 18845.8894  218.4902 -999.9000    0.0000    0.0000    2.7812   91.0562
  68.1227 19002.7688  218.1992 -999.9000    0.0000    0.0000    1.6385   91.7656
  66.4601 19159.6482  218.5479 -999.9000    0.0000    0.0000    0.6076   89.5288
  64.8418 19316.5276  219.0300 -999.9000    0.0000    0.0000    0.2989   87.4851
  63.2670 19473.4070  219.4319 -999.9000    0.0000    0.0000    0.8426   87.9468
  61.7318 19630.2864  219.9916 -999.9000    0.0000    0.0000    1.4303   88.3028
  60.2355 19787.1658  220.2031 -999.9000    0.0000    0.0000    2.1753   88.5476
  58.7762 19944.0452  219.9061 -999.9000    0.0000    0.0000    3.0181   88.9105
  57.3501 20100.9246  219.5270 -999.9000    0.0000    0.0000    3.4544   89.0671
  55.9562 20257.8040  219.2599 -999.9000    0.0000    0.0000    3.3870   88.9446
  54.5968 20414.6834  219.0254 -999.9000    0.0000    0.0000    3.1812   88.7725
  53.2731 20571.5628  218.9754 -999.9000    0.0000    0.0000    3.0006   88.6461
  51.9860 20728.4422  219.4207 -999.9000    0.0000    0.0000    2.8619   88.5640
  50.7361 20885.3216  220.6751 -999.9000    0.0000    0.0000    2.7798   88.5228
  49.5229 21042.2010  222.4498 -999.9000    0.0000    0.0000    2.7379   88.5126
  48.3394 21199.0804  221.8351 -999.9000    0.0000    0.0000    3.0858   88.5757
  47.1874 21355.9598  221.9069 -999.9000    0.0000    0.0000    4.2223   88.7747
  46.0647 21512.8392  222.3033 -999.9000    0.0000    0.0000    5.2627   88.9472
  44.9691 21669.7186  222.5451 -999.9000    0.0000    0.0000    5.4742   88.9570
  43.8989 21826.5980  222.5693 -999.9000    0.0000    0.0000    5.0893   88.8369
  42.8525 21983.4774  222.4363 -999.9000    0.0000    0.0000    4.6243   88.6697
  41.8295 22140.3568  222.1942 -999.9000    0.0000    0.0000    4.3682   88.5214
  40.8309 22297.2362  221.8711 -999.9000    0.0000    0.0000    4.2583   88.4316
  39.8584 22454.1156  221.4964 -999.9000    0.0000    0.0000    4.2030   88.4374
  38.9104 22610.9950  221.8964 -999.9000    0.0000    0.0000    4.3498   88.5046
  37.9838 22767.8744  223.1645 -999.9000    0.0000    0.0000    4.7551   88.5579
  37.0791 22924.7538  223.8644 -999.9000    0.0000    0.0000    5.0872   88.6106
  36.1962 23081.6332  223.9649 -999.9000    0.0000    0.0000    5.3302   88.6649
  35.3349 23238.5126  223.6837 -999.9000    0.0000    0.0000    5.5233   88.7211
  34.4951 23395.3920  223.2383 -999.9000    0.0000    0.0000    5.7064   88.7793
  33.6765 23552.2714  222.8464 -999.9000    0.0000    0.0000    5.9189   88.8396
  32.8792 23709.1508  222.7255 -999.9000    0.0000    0.0000    6.2006   88.9021
  32.1025 23866.0302  223.0175 -999.9000    0.0000    0.0000    6.5638   88.9664
  31.3447 24022.9095  223.5848 -999.9000    0.0000    0.0000    6.9201   89.0294
  30.6036 24179.7889  224.2254 -999.9000    0.0000    0.0000    7.1585   89.0878
  29.8779 24336.6683  224.7116 -999.9000    0.0000    0.0000    7.1869   89.1301
  29.1715 24493.5477  224.7540 -999.9000    0.0000    0.0000    7.1099   89.0898
  28.4842 24650.4271  224.6005 -999.9000    0.0000    0.0000    6.9800   88.9796
  27.8138 24807.3065  224.6197 -999.9000    0.0000    0.0000    6.8115   88.8366
  27.1583 24964.1859  225.1786 -999.9000    0.0000    0.0000    6.6180   88.6979
  26.5173 25121.0653  226.3383 -999.9000    0.0000    0.0000    6.4202   88.5852
  25.8939 25277.9447  227.5110 -999.9000    0.0000    0.0000    6.2530   88.4883
  25.2914 25434.8241  228.0259 -999.9000    0.0000    0.0000    6.1529   88.3927
  24.7096 25591.7035  227.5169 -999.9000    0.0000    0.0000    6.2015   88.3136
  24.1354 25748.5829  226.9694 -999.9000    0.0000    0.0000    6.5595   88.3442
  23.5706 25905.4623  226.7165 -999.9000    0.0000    0.0000    7.1292   88.4419
  23.0189 26062.3417  226.9674 -999.9000    0.0000    0.0000    7.7858   88.5480
  22.4826 26219.2211  227.7876 -999.9000    0.0000    0.0000    8.4287   88.6216
  21.9608 26376.1005  228.8711 -999.9000    0.0000    0.0000    9.0193   88.6692
  21.4521 26532.9799  229.8535 -999.9000    0.0000    0.0000    9.5295   88.7041
  20.9548 26689.8593  230.3696 -999.9000    0.0000    0.0000    9.9307   88.7401
  20.4676 26846.7387  230.0548 -999.9000    0.0000    0.0000   10.1946   88.7908
  19.9891 27003.6181  228.5795 -999.9000    0.0000    0.0000   10.2860   88.8671
  19.5243 27160.4975  227.6654 -999.9000    0.0000    0.0000    9.8429   88.8331
  19.0752 27317.3769  228.0998 -999.9000    0.0000    0.0000    8.9375   88.6652
  18.6391 27474.2563  229.3023 -999.9000    0.0000    0.0000    7.9641   88.4541
  18.2135 27631.1357  230.6930 -999.9000    0.0000    0.0000    7.3174   88.2905
  17.7959 27788.0151  231.7005 -999.9000    0.0000    0.0000    7.3689   88.2601
  17.3864 27944.8945  231.9778 -999.9000    0.0000    0.0000    7.9396   88.3267
  16.9866 28101.7739  231.5513 -999.9000    0.0000    0.0000    8.5484   88.3867
  16.5963 28258.6533  230.7177 -999.9000    0.0000    0.0000    9.1605   88.4341
  16.2153 28415.5327  229.8010 -999.9000    0.0000    0.0000    9.7905   88.4734
  15.8432 28572.4121  229.1250 -999.9000    0.0000    0.0000   10.4529   88.5095
  15.4798 28729.2915  229.0076 -999.9000    0.0000    0.0000   11.1601   88.5468
  15.1246 28886.1709  229.4103 -999.9000    0.0000    0.0000   11.8099   88.5881
  14.7769 29043.0503  229.7762 -999.9000    0.0000    0.0000   12.1386   88.6333
  14.4368 29199.9296  229.9414 -999.9000    0.0000    0.0000   12.0813   88.6841
  14.1043 29356.8090  230.0436 -999.9000    0.0000    0.0000   11.7193   88.7433
  13.7798 29513.6884  230.2263 -999.9000    0.0000    0.0000   11.1373   88.8140
  13.4633 29670.5678  230.6330 -999.9000    0.0000    0.0000   10.4194   88.8992
  13.1552 29827.4472  231.4072 -999.9000    0.0000    0.0000    9.6502   89.0018
  12.8555 29984.3266  232.6356 -999.9000    0.0000    0.0000    8.9120   89.1215
  12.5638 30141.2060  234.0057 -999.9000    0.0000    0.0000    8.2729   89.2343
  12.2794 30298.0854  235.0359 -999.9000    0.0000    0.0000    7.7948   89.3059
  12.0018 30454.9648  235.2436 -999.9000    0.0000    0.0000    7.5399   89.3022
  11.7304 30611.8442  234.4010 -999.9000    0.0000    0.0000    7.5292   89.2026
  11.4650 30768.7236  233.3198 -999.9000    0.0000    0.0000    7.6174   89.0420
  11.2056 30925.6030  233.0767 -999.9000    0.0000    0.0000    7.6168   88.8691
  10.9522 31082.4824  234.3235 -999.9000    0.0000    0.0000    7.4073   88.7216
  10.7056 31239.3618  235.9002 -999.9000    0.0000    0.0000    7.1581   88.5894
  10.4661 31396.2412  236.4888 -999.9000    0.0000    0.0000    7.0661   88.4534
  10.2318 31553.1206  236.1693 -999.9000    0.0000    0.0000    7.1169   88.3118
  10.0000 31710.0000  235.3967 -999.9000    0.0000    0.0000    7.2396   88.1674
