# 06610 LSMP Payerne Observations at 12Z 30 Jul 2008
# Radiosonde file generated by raso.rb
#
  P [hPa],     Z [m],    T [K],   Td [K],   RH [%], r [g/kg], WS [m/s], WD [deg]
 962.0000   491.0000  297.6166 -999.9000   66.2509   13.6900    2.1492   93.0543
 944.6891   647.8794  295.5945 -999.9000   67.8056   12.6302    4.5510   92.6754
 927.6873   804.7588  294.2438 -999.9000   79.5474   13.9071    2.1291   92.9144
 911.0964   961.6382  292.9934 -999.9000   80.0010   14.4362    0.3062   92.0428
 894.7070  1118.5176  292.0988 -999.9000   79.9957   14.3064    1.2122   90.9797
 878.5406  1275.3970  291.8444 -999.9000   80.0564   13.3485    2.1511   90.6229
 862.6769  1432.2764  290.5057 -999.9000   80.9642   13.5129    2.3432   90.4248
 846.9845  1589.1558  289.3018 -999.9000   80.2788   13.9027    3.9159   90.3491
 831.5533  1746.0352  288.9906 -999.9000   80.7508   13.2228    4.7720   90.3950
 816.3570  1902.9146  287.7109 -999.9000   80.6334   11.9693    5.8549   90.4496
 801.3249  2059.7940  286.1536 -999.9000   80.3478   11.5640    6.4598   90.4939
 786.5365  2216.6734  284.8312 -999.9000   80.1875   10.4184    7.1931   90.5367
 771.9169  2373.5528  283.6307 -999.9000   80.5686    8.7627    8.3728   90.5644
 757.5041  2530.4322  282.6053 -999.9000   80.4295    8.5006    8.8953   90.6155
 743.3854  2687.3116  282.0643 -999.9000   77.7804    7.5803    7.7788   90.6080
 729.2940  2844.1910  281.0250 -999.9000   60.3869    5.5688    7.5290   90.6173
 715.5826  3001.0704  280.0137 -999.9000   50.1243    4.3807    9.1037   90.6971
 702.0616  3157.9497  278.8669 -999.9000   51.6035    4.2344   10.3808   90.7782
 688.7126  3314.8291  277.4270 -999.9000   58.9202    4.4448   10.4659   90.8007
 675.5482  3471.7085  275.8381 -999.9000   68.2114    4.6752   10.7117   90.8205
 662.5494  3628.5879  274.4001 -999.9000   74.1507    4.6607   11.3146   90.8487
 649.7305  3785.4673  273.4290 -999.9000   67.2763    4.0055   11.6067   90.8627
 637.1240  3942.3467  272.6138 -999.9000   55.1455    3.1437   10.9250   90.9118
 624.7467  4099.2261  271.6363 -999.9000   50.1704    2.7055    9.3771   91.0167
 612.5275  4256.1055  270.6123 -999.9000   50.1034    2.5464    8.9454   91.0465
 600.5160  4412.9849  270.0398 -999.9000   38.2169    1.8919    9.2275   91.0390
 588.7253  4569.8643  269.4786 -999.9000   22.7675    1.0986    9.4147   91.0433
 577.1128  4726.7437  268.2185 -999.9000   18.1718    0.8108    9.4693   91.0483
 565.6299  4883.6231  267.4144 -999.9000   17.0404    0.7276    9.4369   91.0538
 554.4053  5040.5025  266.8834 -999.9000   13.5044    0.5634    8.7540   91.1400
 543.3471  5197.3819  266.2376 -999.9000   12.8454    0.5190    7.9822   91.2153
 532.4739  5354.2613  265.2402 -999.9000   22.2143    0.8459    8.3952   91.2112
 521.8251  5511.1407  264.2187 -999.9000   24.0634    0.8613    9.1583   91.1806
 511.3144  5668.0201  263.4520 -999.9000   14.1096    0.4842    9.8468   91.1583
 500.9731  5824.8995  262.1320 -999.9000   12.9940    0.4090   10.5561   91.1344
 490.8286  5981.7789  260.5384 -999.9000   18.4314    0.5200   10.7182   91.1143
 480.7236  6138.6583  259.4391 -999.9000   29.2804    0.7703   11.0589   91.0832
 470.8214  6295.5377  258.1614 -999.9000   31.5497    0.7621   11.1624   91.0728
 461.0900  6452.4171  256.7398 -999.9000   30.8838    0.6762   10.8888   90.9894
 451.4963  6609.2965  255.4395 -999.9000   32.0606    0.6422    9.8839   90.8335
 442.0676  6766.1759  254.3589 -999.9000   32.6366    0.6091    8.9952   90.7116
 432.8253  6923.0553  253.3823 -999.9000   32.3530    0.5674    9.9052   90.6964
 423.7241  7079.9347  251.9545 -999.9000   36.0617    0.5712   10.7847   90.7318
 414.7432  7236.8141  250.2213 -999.9000   41.2903    0.5742   10.5791   90.7585
 405.9174  7393.6935  249.1906 -999.9000   31.8658    0.4138   10.8012   90.7794
 397.1974  7550.5729  247.8605 -999.9000   27.2742    0.3219   11.0592   90.7881
 388.6475  7707.4523  246.4172 -999.9000   31.1978    0.3308   11.1909   90.8405
 380.2876  7864.3317  245.3448 -999.9000   34.8465    0.3433   11.4102   90.9010
 372.0784  8021.2111  244.4656 -999.9000   39.1139    0.3645   11.5429   90.8924
 363.9826  8178.0905  243.6061 -999.9000   45.2360    0.3994   11.4352   90.7526
 356.0087  8334.9698  242.6831 -999.9000   54.4699    0.4529   11.3982   90.7678
 348.2042  8491.8492  241.7160 -999.9000   60.5869    0.5188   11.9792   91.3797
 340.5609  8648.7286  240.7885 -999.9000   64.9693    0.5272   12.1916   91.7004
 333.0575  8805.6080  239.8511 -999.9000   65.5688    0.4852   12.1133   91.6152
 325.6771  8962.4874  238.8042 -999.9000   64.9872    0.4338   12.3909   91.4555
 318.4095  9119.3668  237.5323 -999.9000   65.7691    0.3977   13.2933   91.4682
 311.2701  9276.2462  235.8264 -999.9000   60.6622    0.3338   13.4351   91.4746
 304.2599  9433.1256  234.1892 -999.9000   55.4795    0.2938   13.6439   91.4194
 297.3812  9590.0050  233.0429 -999.9000   50.6362    0.2688   14.1118   91.3896
 290.6045  9746.8844  231.7392 -999.9000   45.4307    0.2331   14.4277   91.3805
 283.9369  9903.7638  230.2911 -999.9000   45.7258    0.2031   14.7946   91.3479
 277.3870 10060.6432  228.7449 -999.9000   45.5747    0.1789   15.1752   91.3074
 270.9631 10217.5226  227.1413 -999.9000   45.5108    0.1538   15.4375   91.2950
 264.6694 10374.4020  225.5552 -999.9000   45.6200    0.1244   15.4915   91.3378
 258.4744 10531.2814  224.2943 -999.9000   45.1296    0.1097   15.6384   91.3756
 252.3757 10688.1608  223.2415 -999.9000   45.4468    0.1034   15.9075   91.3933
 246.3812 10845.0402  222.1685 -999.9000   40.1774    0.0916   16.2171   91.3978
 240.4896 11001.9196  220.9687 -999.9000   35.6301    0.0742   16.5145   91.3965
 234.6950 11158.7990  219.6371 -999.9000   35.8870    0.0604   16.7701   91.3968
 229.0082 11315.6784  218.2696 -999.9000   35.4355    0.0528   16.9778   91.3986
 223.4492 11472.5578  217.0131 -999.9000   34.9137    0.0500   17.1438   91.3982
 218.0236 11629.4372  215.8431 -999.9000   30.0801    0.0480   16.9861   91.4126
 212.6609 11786.3166  214.2100 -999.9000   25.5726    0.0350   15.3542   91.5070
 207.3913 11943.1960  213.4243 -999.9000   23.7455    0.0295   14.2277   91.4951
 202.2510 12100.0754  214.1798 -999.9000   17.9901    0.0410   13.9778   91.5711
 197.2536 12256.9548  215.6341 -999.9000    9.0922    0.0304   12.0346   92.1270
 192.4469 12413.8342  218.0850 -999.9000    2.6443    0.0062   12.5431   91.9985
 187.8076 12570.7136  217.9607 -999.9000    0.2370    0.0003   12.8441   91.9213
 183.2603 12727.5930  216.7850 -999.9000    0.2956    0.0003   12.6099   91.8946
 178.8033 12884.4724  216.4317 -999.9000    0.0000    0.0000   12.4339   91.8603
 174.4458 13041.3518  216.8938 -999.9000    0.0133    0.0000   12.6226   91.7991
 170.1876 13198.2312  217.1765 -999.9000    0.0000    0.0000   13.2017   91.6668
 166.0391 13355.1106  217.3994 -999.9000    0.0000    0.0000   13.8732   91.5392
 162.0101 13511.9899  217.0745 -999.9000    0.0002    0.0000   14.2215   91.4198
 158.0706 13668.8693  216.1371 -999.9000    0.0000    0.0000   13.8846   91.3880
 154.1974 13825.7487  215.3060 -999.9000    0.0000    0.0000   12.7663   91.4693
 150.4126 13982.6281  215.2757 -999.9000    0.0000    0.0000   10.8916   91.5650
 146.7292 14139.5075  216.2348 -999.9000    0.0000    0.0000   10.8484   91.5673
 143.1108 14296.3869  214.4811 -999.9000    0.0000    0.0000   10.7973   91.5696
 139.5597 14453.2663  216.9159 -999.9000    0.0000    0.0000   10.7897   91.5684
 136.1266 14610.1457  214.5906 -999.9000    0.0000    0.0000   10.8005   91.5540
 132.7619 14767.0251  213.7263 -999.9000    0.0000    0.0000   10.8115   91.5347
 129.4754 14923.9045  214.7266 -999.9000    0.0000    0.0000   10.8168   91.5197
 126.2897 15080.7839  215.8342 -999.9000    0.0000    0.0000   10.8078   91.5108
 123.1790 15237.6633  217.0618 -999.9000    0.0000    0.0000   10.8230   91.4644
 120.1481 15394.5427  217.5333 -999.9000    0.0000    0.0000   10.6762   91.3748
 117.2138 15551.4221  216.8859 -999.9000    0.0000    0.0000   10.3077   91.2661
 114.3435 15708.3015  216.7868 -999.9000    0.0000    0.0000    9.9754   91.1464
 111.5416 15865.1809  216.5374 -999.9000    0.0000    0.0000    9.3817   91.1933
 108.8149 16022.0603  217.8432 -999.9000    0.0000    0.0000    8.5527   91.4869
 106.1648 16178.9397  217.8883 -999.9000    0.0000    0.0000    8.0749   91.3484
 103.5767 16335.8191  217.5111 -999.9000    0.0000    0.0000    6.6266   91.9971
 101.0524 16492.6985  219.5441 -999.9000    0.0000    0.0000    2.1300   90.4089
  98.6148 16649.5779  218.1387 -999.9000    0.0000    0.0000    1.3346   90.4014
  96.2203 16806.4573  217.3838 -999.9000    0.0000    0.0000    0.4869   90.4014
  93.8688 16963.3367  216.6522 -999.9000    0.0000    0.0000    1.5470   90.4014
  91.5836 17120.2161  216.5155 -999.9000    0.0000    0.0000    2.3918   90.4014
  89.3567 17277.0955  216.4774 -999.9000    0.0000    0.0000    3.0020   90.4014
  87.1784 17433.9749  215.9901 -999.9000    0.0000    0.0000    3.6748   90.3927
  85.0453 17590.8543  215.1664 -999.9000    0.0000    0.0000    4.5769   90.0754
  82.9608 17747.7337  214.8299 -999.9000    0.0000    0.0000    5.7351   90.9865
  80.9282 17904.6131  215.4646 -999.9000    0.0000    0.0000    6.8661   90.6807
  78.9484 18061.4925  216.1009 -999.9000    0.0000    0.0000    6.7415   90.4907
  77.0217 18218.3719  216.7689 -999.9000    0.0000    0.0000    5.7650   90.6714
  75.1483 18375.2513  217.8255 -999.9000    0.0000    0.0000    4.7910   90.9237
  73.3271 18532.1307  218.9286 -999.9000    0.0000    0.0000    4.1504   91.0464
  71.5556 18689.0101  219.0582 -999.9000    0.0000    0.0000    3.6653   90.9336
  69.8260 18845.8894  217.9493 -999.9000    0.0000    0.0000    3.0293   91.0562
  68.1227 19002.7688  217.6678 -999.9000    0.0000    0.0000    1.8760   91.7656
  66.4601 19159.6482  218.0286 -999.9000    0.0000    0.0000    0.8362   89.5288
  64.8418 19316.5276  218.5248 -999.9000    0.0000    0.0000    0.5201   87.4851
  63.2670 19473.4070  218.9426 -999.9000    0.0000    0.0000    1.0579   87.9468
  61.7318 19630.2864  219.5195 -999.9000    0.0000    0.0000    1.6414   88.3028
  60.2355 19787.1658  219.7491 -999.9000    0.0000    0.0000    2.3837   88.5476
  58.7762 19944.0452  219.4707 -999.9000    0.0000    0.0000    3.2252   88.9105
  57.3501 20100.9246  219.1103 -999.9000    0.0000    0.0000    3.6617   89.0671
  55.9562 20257.8040  218.8617 -999.9000    0.0000    0.0000    3.5959   88.9446
  54.5968 20414.6834  218.6450 -999.9000    0.0000    0.0000    3.3933   88.7725
  53.2731 20571.5628  218.6117 -999.9000    0.0000    0.0000    3.2171   88.6461
  51.9860 20728.4422  219.0723 -999.9000    0.0000    0.0000    3.0843   88.5640
  50.7361 20885.3216  220.3401 -999.9000    0.0000    0.0000    3.0094   88.5228
  49.5229 21042.2010  222.1259 -999.9000    0.0000    0.0000    2.9759   88.5126
  48.3394 21199.0804  221.5197 -999.9000    0.0000    0.0000    3.3336   88.5757
  47.1874 21355.9598  221.5969 -999.9000    0.0000    0.0000    4.4811   88.7747
  46.0647 21512.8392  221.9955 -999.9000    0.0000    0.0000    5.5336   88.9472
  44.9691 21669.7186  222.2367 -999.9000    0.0000    0.0000    5.7584   88.9570
  43.8989 21826.5980  222.2575 -999.9000    0.0000    0.0000    5.3876   88.8369
  42.8525 21983.4774  222.1190 -999.9000    0.0000    0.0000    4.9374   88.6697
  41.8295 22140.3568  221.8694 -999.9000    0.0000    0.0000    4.6966   88.5214
  40.8309 22297.2362  221.5372 -999.9000    0.0000    0.0000    4.6025   88.4316
  39.8584 22454.1156  221.1520 -999.9000    0.0000    0.0000    4.5631   88.4374
  38.9104 22610.9950  221.5406 -999.9000    0.0000    0.0000    4.7260   88.5046
  37.9838 22767.8744  222.7966 -999.9000    0.0000    0.0000    5.1473   88.5579
  37.0791 22924.7538  223.4839 -999.9000    0.0000    0.0000    5.4952   88.6106
  36.1962 23081.6332  223.5718 -999.9000    0.0000    0.0000    5.7536   88.6649
  35.3349 23238.5126  223.2783 -999.9000    0.0000    0.0000    5.9616   88.7211
  34.4951 23395.3920  222.8212 -999.9000    0.0000    0.0000    6.1588   88.7793
  33.6765 23552.2714  222.4185 -999.9000    0.0000    0.0000    6.3845   88.8396
  32.8792 23709.1508  222.2879 -999.9000    0.0000    0.0000    6.6785   88.9021
  32.1025 23866.0302  222.5719 -999.9000    0.0000    0.0000    7.0527   88.9664
  31.3447 24022.9095  223.1329 -999.9000    0.0000    0.0000    7.4189   89.0294
  30.6036 24179.7889  223.7694 -999.9000    0.0000    0.0000    7.6655   89.0878
  29.8779 24336.6683  224.2540 -999.9000    0.0000    0.0000    7.7005   89.1301
  29.1715 24493.5477  224.2976 -999.9000    0.0000    0.0000    7.6283   89.0898
  28.4842 24650.4271  224.1485 -999.9000    0.0000    0.0000    7.5013   88.9796
  27.8138 24807.3065  224.1754 -999.9000    0.0000    0.0000    7.3335   88.8366
  27.1583 24964.1859  224.7456 -999.9000    0.0000    0.0000    7.1385   88.6979
  26.5173 25121.0653  225.9200 -999.9000    0.0000    0.0000    6.9372   88.5852
  25.8939 25277.9447  227.1105 -999.9000    0.0000    0.0000    6.7644   88.4883
  25.2914 25434.8241  227.6460 -999.9000    0.0000    0.0000    6.6569   88.3927
  24.7096 25591.7035  227.1602 -999.9000    0.0000    0.0000    6.6961   88.3136
  24.1354 25748.5829  226.6383 -999.9000    0.0000    0.0000    7.0431   88.3442
  23.5706 25905.4623  226.4131 -999.9000    0.0000    0.0000    7.6003   88.4419
  23.0189 26062.3417  226.6934 -999.9000    0.0000    0.0000    8.2429   88.5480
  22.4826 26219.2211  227.5447 -999.9000    0.0000    0.0000    8.8703   88.6216
  21.9608 26376.1005  228.6605 -999.9000    0.0000    0.0000    9.4442   88.6692
  21.4521 26532.9799  229.6763 -999.9000    0.0000    0.0000    9.9364   88.7041
  20.9548 26689.8593  230.2266 -999.9000    0.0000    0.0000   10.3187   88.7401
  20.4676 26846.7387  229.9465 -999.9000    0.0000    0.0000   10.5626   88.7908
  19.9891 27003.6181  228.5063 -999.9000    0.0000    0.0000   10.6332   88.8671
  19.5243 27160.4975  227.6271 -999.9000    0.0000    0.0000   10.1685   88.8331
  19.0752 27317.3769  228.0963 -999.9000    0.0000    0.0000    9.2409   88.6652
  18.6391 27474.2563  229.3332 -999.9000    0.0000    0.0000    8.2448   88.4541
  18.2135 27631.1357  230.7574 -999.9000    0.0000    0.0000    7.5748   88.2905
  17.7959 27788.0151  231.7974 -999.9000    0.0000    0.0000    7.6027   88.2601
  17.3864 27944.8945  232.1060 -999.9000    0.0000    0.0000    8.1497   88.3267
  16.9866 28101.7739  231.7093 -999.9000    0.0000    0.0000    8.7345   88.3867
  16.5963 28258.6533  230.9037 -999.9000    0.0000    0.0000    9.3227   88.4341
  16.2153 28415.5327  230.0129 -999.9000    0.0000    0.0000    9.9287   88.4734
  15.8432 28572.4121  229.3605 -999.9000    0.0000    0.0000   10.5674   88.5095
  15.4798 28729.2915  229.2644 -999.9000    0.0000    0.0000   11.2512   88.5468
  15.1246 28886.1709  229.6853 -999.9000    0.0000    0.0000   11.8779   88.5881
  14.7769 29043.0503  230.0664 -999.9000    0.0000    0.0000   12.1840   88.6333
  14.4368 29199.9296  230.2436 -999.9000    0.0000    0.0000   12.1047   88.6841
  14.1043 29356.8090  230.3542 -999.9000    0.0000    0.0000   11.7214   88.7433
  13.7798 29513.6884  230.5414 -999.9000    0.0000    0.0000   11.1189   88.8140
  13.4633 29670.5678  230.9485 -999.9000    0.0000    0.0000   10.3815   88.8992
  13.1552 29827.4472  231.7188 -999.9000    0.0000    0.0000    9.5938   89.0018
  12.8555 29984.3266  232.9387 -999.9000    0.0000    0.0000    8.8381   89.1215
  12.5638 30141.2060  234.2955 -999.9000    0.0000    0.0000    8.1827   89.2343
  12.2794 30298.0854  235.3072 -999.9000    0.0000    0.0000    7.6898   89.3059
  12.0018 30454.9648  235.4911 -999.9000    0.0000    0.0000    7.4214   89.3022
  11.7304 30611.8442  234.6190 -999.9000    0.0000    0.0000    7.3987   89.2026
  11.4650 30768.7236  233.5024 -999.9000    0.0000    0.0000    7.4765   89.0420
  11.2056 30925.6030  233.2177 -999.9000    0.0000    0.0000    7.4673   88.8691
  10.9522 31082.4824  234.4166 -999.9000    0.0000    0.0000    7.2511   88.7216
  10.7056 31239.3618  235.9388 -999.9000    0.0000    0.0000    6.9970   88.5894
  10.4661 31396.2412  236.4659 -999.9000    0.0000    0.0000    6.9023   88.4534
  10.2318 31553.1206  236.0777 -999.9000    0.0000    0.0000    6.9525   88.3118
  10.0000 31710.0000  235.2290 -999.9000    0.0000    0.0000    7.0768   88.1674
