# 06610 LSMP Payerne Observations at 12Z 30 Jul 2008
# Radiosonde file generated by raso.rb
#
  P [hPa],     Z [m],    T [K],   Td [K],   RH [%], r [g/kg], WS [m/s], WD [deg]
 962.0000   491.0000  297.8040 -999.9000   66.0916   13.6900    2.2737   93.0543
 944.6891   647.8794  295.7527 -999.9000   67.6642   12.6302    4.6756   92.6754
 927.6873   804.7588  294.3731 -999.9000   79.4043   13.9071    2.2535   92.9144
 911.0964   961.6382  293.0941 -999.9000   79.8776   14.4362    0.4301   92.0428
 894.7070  1118.5176  292.1713 -999.9000   79.8906   14.3064    1.3354   90.9797
 878.5406  1275.3970  291.8893 -999.9000   79.9672   13.3485    2.2734   90.6229
 862.6769  1432.2764  290.5236 -999.9000   80.8879   13.5129    2.4642   90.4248
 846.9845  1589.1558  289.2931 -999.9000   80.2151   13.9027    4.0356   90.3491
 831.5533  1746.0352  288.9562 -999.9000   80.6966   13.2228    4.8900   90.3950
 816.3570  1902.9146  287.6513 -999.9000   80.5873   11.9693    5.9711   90.4496
 801.3249  2059.7940  286.0697 -999.9000   80.3082   11.5640    6.5740   90.4939
 786.5365  2216.6734  284.7237 -999.9000   80.1526   10.4184    7.3050   90.5367
 771.9169  2373.5528  283.5005 -999.9000   80.5368    8.7627    8.4824   90.5644
 757.5041  2530.4322  282.4533 -999.9000   80.3994    8.5006    9.0022   90.6155
 743.3854  2687.3116  281.8913 -999.9000   77.7517    7.5803    7.8830   90.6080
 729.2940  2844.1910  280.8323 -999.9000   60.3640    5.5688    7.6304   90.6173
 715.5826  3001.0704  279.8021 -999.9000   50.1041    4.3807    9.2020   90.6971
 702.0616  3157.9497  278.6377 -999.9000   51.5807    4.2344   10.4760   90.7782
 688.7126  3314.8291  277.1813 -999.9000   58.8914    4.4448   10.5578   90.8007
 675.5482  3471.7085  275.5771 -999.9000   68.1740    4.6752   10.8003   90.8205
 662.5494  3628.5879  274.1251 -999.9000   74.1050    4.6607   11.3997   90.8487
 649.7305  3785.4673  273.1413 -999.9000   67.2298    4.0055   11.6883   90.8627
 637.1240  3942.3467  272.3147 -999.9000   55.1029    3.1437   11.0029   90.9118
 624.7467  4099.2261  271.3273 -999.9000   50.1273    2.7055    9.4513   91.0167
 612.5275  4256.1055  270.2949 -999.9000   50.0558    2.5464    9.0158   91.0465
 600.5160  4412.9849  269.7155 -999.9000   38.1771    1.8919    9.2941   91.0390
 588.7253  4569.8643  269.1490 -999.9000   22.7416    1.0986    9.4773   91.0433
 577.1128  4726.7437  267.8851 -999.9000   18.1495    0.8108    9.5280   91.0483
 565.6299  4883.6231  267.0790 -999.9000   17.0179    0.7276    9.4917   91.0538
 554.4053  5040.5025  266.5477 -999.9000   13.4854    0.5634    8.8048   91.1400
 543.3471  5197.3819  265.9034 -999.9000   12.8262    0.5190    8.0291   91.2153
 532.4739  5354.2613  264.9093 -999.9000   22.1793    0.8459    8.4381   91.2112
 521.8251  5511.1407  263.8931 -999.9000   24.0237    0.8613    9.1972   91.1806
 511.3144  5668.0201  263.1335 -999.9000   14.0853    0.4842    9.8818   91.1583
 500.9731  5824.8995  261.8226 -999.9000   12.9709    0.4090   10.5872   91.1344
 490.8286  5981.7789  260.2402 -999.9000   18.3978    0.5200   10.7455   91.1143
 480.7236  6138.6583  259.1541 -999.9000   29.2260    0.7703   11.0824   91.0832
 470.8214  6295.5377  257.8918 -999.9000   31.4903    0.7621   11.1821   91.0728
 461.0900  6452.4171  256.4879 -999.9000   30.8255    0.6762   10.9048   90.9894
 451.4963  6609.2965  255.2074 -999.9000   32.0002    0.6422    9.8964   90.8335
 442.0676  6766.1759  254.1489 -999.9000   32.5759    0.6091    9.0041   90.7116
 432.8253  6923.0553  253.1968 -999.9000   32.2942    0.5674    9.9107   90.6964
 423.7241  7079.9347  251.7960 -999.9000   35.9984    0.5712   10.7870   90.7318
 414.7432  7236.8141  250.0921 -999.9000   41.2212    0.5742   10.5782   90.7585
 405.9174  7393.6935  249.0933 -999.9000   31.8157    0.4138   10.7972   90.7794
 397.1974  7550.5729  247.7975 -999.9000   27.2349    0.3219   11.0522   90.7881
 388.6475  7707.4523  246.3909 -999.9000   31.1574    0.3308   11.1811   90.8405
 380.2876  7864.3317  245.3572 -999.9000   34.8071    0.3433   11.3976   90.9010
 372.0784  8021.2111  244.5185 -999.9000   39.0769    0.3645   11.5275   90.8924
 363.9826  8178.0905  243.7007 -999.9000   45.2020    0.3994   11.4169   90.7526
 356.0087  8334.9698  242.8205 -999.9000   54.4404    0.4529   11.3769   90.7678
 348.2042  8491.8492  241.8969 -999.9000   60.5671    0.5188   11.9548   91.3797
 340.5609  8648.7286  241.0134 -999.9000   64.9625    0.5272   12.1637   91.7004
 333.0575  8805.6080  240.1201 -999.9000   65.5768    0.4852   12.0817   91.6152
 325.6771  8962.4874  239.1170 -999.9000   65.0099    0.4338   12.3552   91.4555
 318.4095  9119.3668  237.8883 -999.9000   65.8069    0.3977   13.2531   91.4682
 311.2701  9276.2462  236.2249 -999.9000   60.7105    0.3338   13.3900   91.4746
 304.2599  9433.1256  234.6288 -999.9000   55.5356    0.2938   13.5934   91.4194
 297.3812  9590.0050  233.5223 -999.9000   50.6978    0.2688   14.0552   91.3896
 290.6045  9746.8844  232.2565 -999.9000   45.4947    0.2331   14.3645   91.3805
 283.9369  9903.7638  230.8442 -999.9000   45.7985    0.2031   14.7240   91.3479
 277.3870 10060.6432  229.3313 -999.9000   45.6546    0.1789   15.0966   91.3074
 270.9631 10217.5226  227.7582 -999.9000   45.5970    0.1538   15.3499   91.2950
 264.6694 10374.4020  226.1996 -999.9000   45.7120    0.1244   15.3942   91.3378
 258.4744 10531.2814  224.9628 -999.9000   45.2249    0.1097   15.5306   91.3756
 252.3757 10688.1608  223.9303 -999.9000   45.5458    0.1034   15.7880   91.3933
 246.3812 10845.0402  222.8737 -999.9000   40.2665    0.0916   16.0851   91.3978
 240.4896 11001.9196  221.6858 -999.9000   35.7094    0.0742   16.3688   91.3965
 234.6950 11158.7990  220.3619 -999.9000   35.9659    0.0604   16.6098   91.3968
 229.0082 11315.6784  218.9979 -999.9000   35.5115    0.0528   16.8021   91.3986
 223.4492 11472.5578  217.7410 -999.9000   34.9857    0.0500   16.9521   91.3982
 218.0236 11629.4372  216.5669 -999.9000   30.1391    0.0480   16.7781   91.4126
 212.6609 11786.3166  214.9262 -999.9000   25.6195    0.0350   15.1296   91.5070
 207.3913 11943.1960  214.1295 -999.9000   23.7856    0.0295   13.9865   91.4951
 202.2510 12100.0754  214.8711 -999.9000   18.0176    0.0410   13.7201   91.5711
 197.2536 12256.9548  216.3084 -999.9000    9.1045    0.0304   11.7610   92.1270
 192.4469 12413.8342  218.7397 -999.9000    2.6474    0.0062   12.2539   91.9985
 187.8076 12570.7136  218.5934 -999.9000    0.2372    0.0003   12.5401   91.9213
 183.2603 12727.5930  217.3933 -999.9000    0.2958    0.0003   12.2921   91.8946
 178.8033 12884.4724  217.0137 -999.9000    0.0000    0.0000   12.1034   91.8603
 174.4458 13041.3518  217.4475 -999.9000    0.0133    0.0000   12.2807   91.7991
 170.1876 13198.2312  217.7002 -999.9000    0.0000    0.0000   12.8499   91.6668
 166.0391 13355.1106  217.8918 -999.9000    0.0000    0.0000   13.5132   91.5392
 162.0101 13511.9899  217.5343 -999.9000    0.0002    0.0000   13.8551   91.4198
 158.0706 13668.8693  216.5633 -999.9000    0.0000    0.0000   13.5139   91.3880
 154.1974 13825.7487  215.6977 -999.9000    0.0000    0.0000   12.3936   91.4693
 150.4126 13982.6281  215.6323 -999.9000    0.0000    0.0000   10.5193   91.5650
 146.7292 14139.5075  216.5559 -999.9000    0.0000    0.0000   10.4792   91.5673
 143.1108 14296.3869  214.7665 -999.9000    0.0000    0.0000   10.4340   91.5696
 139.5597 14453.2663  217.1656 -999.9000    0.0000    0.0000   10.4353   91.5684
 136.1266 14610.1457  214.8047 -999.9000    0.0000    0.0000   10.4579   91.5540
 132.7619 14767.0251  213.9050 -999.9000    0.0000    0.0000   10.4834   91.5347
 129.4754 14923.9045  214.8702 -999.9000    0.0000    0.0000   10.5058   91.5197
 126.2897 15080.7839  215.9431 -999.9000    0.0000    0.0000   10.5162   91.5108
 123.1790 15237.6633  217.1365 -999.9000    0.0000    0.0000   10.5526   91.4644
 120.1481 15394.5427  217.5742 -999.9000    0.0000    0.0000   10.4288   91.3748
 117.2138 15551.4221  216.8938 -999.9000    0.0000    0.0000   10.0850   91.2661
 114.3435 15708.3015  216.7624 -999.9000    0.0000    0.0000    9.7786   91.1464
 111.5416 15865.1809  216.4814 -999.9000    0.0000    0.0000    9.2118   91.1933
 108.8149 16022.0603  217.7565 -999.9000    0.0000    0.0000    8.4105   91.4869
 106.1648 16178.9397  217.7719 -999.9000    0.0000    0.0000    7.9610   91.3484
 103.5767 16335.8191  217.3660 -999.9000    0.0000    0.0000    6.5413   91.9971
 101.0524 16492.6985  219.3714 -999.9000    0.0000    0.0000    2.0735   90.4089
  98.6148 16649.5779  217.9396 -999.9000    0.0000    0.0000    1.3067   90.4014
  96.2203 16806.4573  217.1596 -999.9000    0.0000    0.0000    0.4871   90.4014
  93.8688 16963.3367  216.4043 -999.9000    0.0000    0.0000    1.5748   90.4014
  91.5836 17120.2161  216.2453 -999.9000    0.0000    0.0000    2.4462   90.4014
  89.3567 17277.0955  216.1865 -999.9000    0.0000    0.0000    3.0821   90.4014
  87.1784 17433.9749  215.6802 -999.9000    0.0000    0.0000    3.7791   90.3927
  85.0453 17590.8543  214.8390 -999.9000    0.0000    0.0000    4.7038   90.0754
  82.9608 17747.7337  214.4869 -999.9000    0.0000    0.0000    5.8828   90.9865
  80.9282 17904.6131  215.1078 -999.9000    0.0000    0.0000    7.0325   90.6807
  78.9484 18061.4925  215.7323 -999.9000    0.0000    0.0000    6.9245   90.4907
  77.0217 18218.3719  216.3903 -999.9000    0.0000    0.0000    5.9625   90.6714
  75.1483 18375.2513  217.4388 -999.9000    0.0000    0.0000    5.0012   90.9237
  73.3271 18532.1307  218.5356 -999.9000    0.0000    0.0000    4.3713   91.0464
  71.5556 18689.0101  218.6608 -999.9000    0.0000    0.0000    3.8951   90.9336
  69.8260 18845.8894  217.5491 -999.9000    0.0000    0.0000    3.2666   91.0562
  68.1227 19002.7688  217.2667 -999.9000    0.0000    0.0000    2.1191   91.7656
  66.4601 19159.6482  217.6283 -999.9000    0.0000    0.0000    1.0836   89.5288
  64.8418 19316.5276  218.1271 -999.9000    0.0000    0.0000    0.7706   87.4851
  63.2670 19473.4070  218.5491 -999.9000    0.0000    0.0000    1.3102   87.9468
  61.7318 19630.2864  219.1318 -999.9000    0.0000    0.0000    1.8944   88.3028
  60.2355 19787.1658  219.3690 -999.9000    0.0000    0.0000    2.6363   88.5476
  58.7762 19944.0452  219.0998 -999.9000    0.0000    0.0000    3.4766   88.9105
  57.3501 20100.9246  218.7502 -999.9000    0.0000    0.0000    3.9111   89.0671
  55.9562 20257.8040  218.5139 -999.9000    0.0000    0.0000    3.8425   88.9446
  54.5968 20414.6834  218.3111 -999.9000    0.0000    0.0000    3.6365   88.7725
  53.2731 20571.5628  218.2932 -999.9000    0.0000    0.0000    3.4563   88.6461
  51.9860 20728.4422  218.7708 -999.9000    0.0000    0.0000    3.3192   88.5640
  50.7361 20885.3216  220.0570 -999.9000    0.0000    0.0000    3.2396   88.5228
  49.5229 21042.2010  221.8627 -999.9000    0.0000    0.0000    3.2014   88.5126
  48.3394 21199.0804  221.2778 -999.9000    0.0000    0.0000    3.5541   88.5757
  47.1874 21355.9598  221.3778 -999.9000    0.0000    0.0000    4.6967   88.7747
  46.0647 21512.8392  221.8005 -999.9000    0.0000    0.0000    5.7443   88.9472
  44.9691 21669.7186  222.0669 -999.9000    0.0000    0.0000    5.9643   88.9570
  43.8989 21826.5980  222.1139 -999.9000    0.0000    0.0000    5.5888   88.8369
  42.8525 21983.4774  222.0024 -999.9000    0.0000    0.0000    5.1339   88.6697
  41.8295 22140.3568  221.7803 -999.9000    0.0000    0.0000    4.8885   88.5214
  40.8309 22297.2362  221.4760 -999.9000    0.0000    0.0000    4.7898   88.4316
  39.8584 22454.1156  221.1190 -999.9000    0.0000    0.0000    4.7460   88.4374
  38.9104 22610.9950  221.5357 -999.9000    0.0000    0.0000    4.9044   88.5046
  37.9838 22767.8744  222.8196 -999.9000    0.0000    0.0000    5.3213   88.5579
  37.0791 22924.7538  223.5346 -999.9000    0.0000    0.0000    5.6649   88.6106
  36.1962 23081.6332  223.6495 -999.9000    0.0000    0.0000    5.9190   88.6649
  35.3349 23238.5126  223.3823 -999.9000    0.0000    0.0000    6.1227   88.7211
  34.4951 23395.3920  222.9505 -999.9000    0.0000    0.0000    6.3158   88.7793
  33.6765 23552.2714  222.5720 -999.9000    0.0000    0.0000    6.5373   88.8396
  32.8792 23709.1508  222.4643 -999.9000    0.0000    0.0000    6.8272   88.9021
  32.1025 23866.0302  222.7697 -999.9000    0.0000    0.0000    7.1974   88.9664
  31.3447 24022.9095  223.3504 -999.9000    0.0000    0.0000    7.5594   89.0294
  30.6036 24179.7889  224.0047 -999.9000    0.0000    0.0000    7.8020   89.0878
  29.8779 24336.6683  224.5050 -999.9000    0.0000    0.0000    7.8331   89.1301
  29.1715 24493.5477  224.5621 -999.9000    0.0000    0.0000    7.7569   89.0898
  28.4842 24650.4271  224.4240 -999.9000    0.0000    0.0000    7.6260   88.9796
  27.8138 24807.3065  224.4593 -999.9000    0.0000    0.0000    7.4543   88.8366
  27.1583 24964.1859  225.0351 -999.9000    0.0000    0.0000    7.2554   88.6979
  26.5173 25121.0653  226.2126 -999.9000    0.0000    0.0000    7.0502   88.5852
  25.8939 25277.9447  227.4035 -999.9000    0.0000    0.0000    6.8736   88.4883
  25.2914 25434.8241  227.9373 -999.9000    0.0000    0.0000    6.7622   88.3927
  24.7096 25591.7035  227.4477 -999.9000    0.0000    0.0000    6.7977   88.3136
  24.1354 25748.5829  226.9199 -999.9000    0.0000    0.0000    7.1410   88.3442
  23.5706 25905.4623  226.6868 -999.9000    0.0000    0.0000    7.6945   88.4419
  23.0189 26062.3417  226.9577 -999.9000    0.0000    0.0000    8.3334   88.5480
  22.4826 26219.2211  227.7979 -999.9000    0.0000    0.0000    8.9572   88.6216
  21.9608 26376.1005  228.9013 -999.9000    0.0000    0.0000    9.5276   88.6692
  21.4521 26532.9799  229.9033 -999.9000    0.0000    0.0000   10.0164   88.7041
  20.9548 26689.8593  230.4389 -999.9000    0.0000    0.0000   10.3953   88.7401
  20.4676 26846.7387  230.1430 -999.9000    0.0000    0.0000   10.6359   88.7908
  19.9891 27003.6181  228.6862 -999.9000    0.0000    0.0000   10.7032   88.8671
  19.5243 27160.4975  227.7898 -999.9000    0.0000    0.0000   10.2353   88.8331
  19.0752 27317.3769  228.2413 -999.9000    0.0000    0.0000    9.3045   88.6652
  18.6391 27474.2563  229.4601 -999.9000    0.0000    0.0000    8.3054   88.4541
  18.2135 27631.1357  230.8660 -999.9000    0.0000    0.0000    7.6325   88.2905
  17.7959 27788.0151  231.8877 -999.9000    0.0000    0.0000    7.6575   88.2601
  17.3864 27944.8945  232.1781 -999.9000    0.0000    0.0000    8.2017   88.3267
  16.9866 28101.7739  231.7633 -999.9000    0.0000    0.0000    8.7839   88.3867
  16.5963 28258.6533  230.9401 -999.9000    0.0000    0.0000    9.3695   88.4341
  16.2153 28415.5327  230.0323 -999.9000    0.0000    0.0000    9.9730   88.4734
  15.8432 28572.4121  229.3636 -999.9000    0.0000    0.0000   10.6093   88.5095
  15.4798 28729.2915  229.2519 -999.9000    0.0000    0.0000   11.2909   88.5468
  15.1246 28886.1709  229.6583 -999.9000    0.0000    0.0000   11.9155   88.5881
  14.7769 29043.0503  230.0261 -999.9000    0.0000    0.0000   12.2196   88.6333
  14.4368 29199.9296  230.1912 -999.9000    0.0000    0.0000   12.1384   88.6841
  14.1043 29356.8090  230.2911 -999.9000    0.0000    0.0000   11.7533   88.7433
  13.7798 29513.6884  230.4694 -999.9000    0.0000    0.0000   11.1492   88.8140
  13.4633 29670.5678  230.8692 -999.9000    0.0000    0.0000   10.4103   88.8992
  13.1552 29827.4472  231.6342 -999.9000    0.0000    0.0000    9.6212   89.0018
  12.8555 29984.3266  232.8507 -999.9000    0.0000    0.0000    8.8643   89.1215
  12.5638 30141.2060  234.2064 -999.9000    0.0000    0.0000    8.2078   89.2343
  12.2794 30298.0854  235.2194 -999.9000    0.0000    0.0000    7.7139   89.3059
  12.0018 30454.9648  235.4070 -999.9000    0.0000    0.0000    7.4447   89.3022
  11.7304 30611.8442  234.5413 -999.9000    0.0000    0.0000    7.4214   89.2026
  11.4650 30768.7236  233.4339 -999.9000    0.0000    0.0000    7.4988   89.0420
  11.2056 30925.6030  233.1614 -999.9000    0.0000    0.0000    7.4893   88.8691
  10.9522 31082.4824  234.3756 -999.9000    0.0000    0.0000    7.2729   88.7216
  10.7056 31239.3618  235.9162 -999.9000    0.0000    0.0000    7.0189   88.5894
  10.4661 31396.2412  236.4652 -999.9000    0.0000    0.0000    6.9244   88.4534
  10.2318 31553.1206  236.1025 -999.9000    0.0000    0.0000    6.9750   88.3118
  10.0000 31710.0000  235.2830 -999.9000    0.0000    0.0000    7.0999   88.1674
