# 06610 LSMP Payerne Observations at 12Z 30 Jul 2008
# Radiosonde file generated by raso.rb
#
  P [hPa],     Z [m],    T [K],   Td [K],   RH [%], r [g/kg], WS [m/s], WD [deg]
 962.0000   491.0000  298.2532 -999.9000   66.1987   13.6900    1.5713   93.0543
 944.6891   647.8794  296.2109 -999.9000   67.7491   12.6302    3.9728   92.6754
 927.6873   804.7588  294.8357 -999.9000   79.4773   13.9071    1.5531   92.9144
 911.0964   961.6382  293.5565 -999.9000   79.9266   14.4362    0.2654   88.9012
 894.7070  1118.5176  292.6292 -999.9000   79.9174   14.3064    0.6473   90.9797
 878.5406  1275.3970  292.3386 -999.9000   79.9741   13.3485    1.5950   90.6229
 862.6769  1432.2764  290.9603 -999.9000   80.8768   13.5129    1.7979   90.4248
 846.9845  1589.1558  289.7138 -999.9000   80.1883   13.9027    3.3835   90.3491
 831.5533  1746.0352  289.3574 -999.9000   80.6557   13.2228    4.2543   90.3950
 816.3570  1902.9146  288.0298 -999.9000   80.5345   11.9693    5.3537   90.4496
 801.3249  2059.7940  286.4226 -999.9000   80.2453   11.5640    5.9768   90.4939
 786.5365  2216.6734  285.0483 -999.9000   80.0815   10.4184    6.7299   90.5367
 771.9169  2373.5528  283.7944 -999.9000   80.4585    8.7627    7.9310   90.5644
 757.5041  2530.4322  282.7142 -999.9000   80.3160    8.5006    8.4762   90.6155
 743.3854  2687.3116  282.1173 -999.9000   77.6674    7.5803    7.3839   90.6080
 729.2940  2844.1910  281.0215 -999.9000   60.2968    5.5688    7.1595   90.6173
 715.5826  3001.0704  279.9530 -999.9000   50.0477    4.3807    8.7607   90.6971
 702.0616  3157.9497  278.7490 -999.9000   51.5228    4.2344   10.0655   90.7782
 688.7126  3314.8291  277.2519 -999.9000   58.8262    4.4448   10.1793   90.8007
 675.5482  3471.7085  275.6062 -999.9000   68.1007    4.6752   10.4546   90.8205
 662.5494  3628.5879  274.1121 -999.9000   74.0285    4.6607   11.0880   90.8487
 649.7305  3785.4673  273.0858 -999.9000   67.1640    4.0055   11.4112   90.8627
 637.1240  3942.3467  272.2165 -999.9000   55.0526    3.1437   10.7613   90.9118
 624.7467  4099.2261  271.1865 -999.9000   50.0852    2.7055    9.2458   91.0167
 612.5275  4256.1055  270.1119 -999.9000   50.0179    2.5464    8.8469   91.0465
 600.5160  4412.9849  269.4907 -999.9000   38.1516    1.8919    9.1622   91.0390
 588.7253  4569.8643  268.8832 -999.9000   22.7286    1.0986    9.3829   91.0433
 577.1128  4726.7437  267.5794 -999.9000   18.1410    0.8108    9.4713   91.0483
 565.6299  4883.6231  266.7346 -999.9000   17.0117    0.7276    9.4728   91.0538
 554.4053  5040.5025  266.1661 -999.9000   13.4819    0.5634    8.8237   91.1400
 543.3471  5197.3819  265.4863 -999.9000   12.8243    0.5190    8.0859   91.2153
 532.4739  5354.2613  264.4586 -999.9000   22.1786    0.8459    8.5325   91.2112
 521.8251  5511.1407  263.4109 -999.9000   24.0256    0.8613    9.3291   91.1806
 511.3144  5668.0201  262.6223 -999.9000   14.0881    0.4842   10.0508   91.1583
 500.9731  5824.8995  261.2850 -999.9000   12.9749    0.4090   10.7930   91.1344
 490.8286  5981.7789  259.6791 -999.9000   18.4054    0.5200   10.9874   91.1143
 480.7236  6138.6583  258.5726 -999.9000   29.2411    0.7703   11.3598   91.0832
 470.8214  6295.5377  257.2932 -999.9000   31.5097    0.7621   11.4943   91.0728
 461.0900  6452.4171  255.8757 -999.9000   30.8473    0.6762   11.2511   90.9894
 451.4963  6609.2965  254.5855 -999.9000   32.0257    0.6422   10.2757   90.8335
 442.0676  6766.1759  253.5212 -999.9000   32.6044    0.6091    9.4155   90.7116
 432.8253  6923.0553  252.5677 -999.9000   32.3247    0.5674   10.3531   90.6964
 423.7241  7079.9347  251.1698 -999.9000   36.0345    0.5712   11.2591   90.7318
 414.7432  7236.8141  249.4736 -999.9000   41.2646    0.5742   11.0788   90.7585
 405.9174  7393.6935  248.4874 -999.9000   31.8504    0.4138   11.3248   90.7794
 397.1974  7550.5729  247.2095 -999.9000   27.2652    0.3219   11.6054   90.7881
 388.6475  7707.4523  245.8254 -999.9000   31.1924    0.3308   11.7583   90.8405
 380.2876  7864.3317  244.8183 -999.9000   34.8463    0.3433   11.9971   90.9010
 372.0784  8021.2111  244.0098 -999.9000   39.1205    0.3645   12.1476   90.8924
 363.9826  8178.0905  243.2251 -999.9000   45.2516    0.3994   12.0559   90.7526
 356.0087  8334.9698  242.3802 -999.9000   54.4986    0.4529   12.0328   90.7678
 348.2042  8491.8492  241.4937 -999.9000   60.6298    0.5188   12.6256   91.3797
 340.5609  8648.7286  240.6483 -999.9000   65.0271    0.5272   12.8475   91.7004
 333.0575  8805.6080  239.7935 -999.9000   65.6388    0.4852   12.7764   91.6152
 325.6771  8962.4874  238.8287 -999.9000   65.0681    0.4338   13.0586   91.4555
 318.4095  9119.3668  237.6376 -999.9000   65.8622    0.3977   13.9630   91.4682
 311.2701  9276.2462  236.0104 -999.9000   60.7580    0.3338   14.1040   91.4746
 304.2599  9433.1256  234.4485 -999.9000   55.5758    0.2938   14.3091   91.4194
 297.3812  9590.0050  233.3734 -999.9000   50.7315    0.2688   14.7702   91.3896
 290.6045  9746.8844  232.1360 -999.9000   45.5223    0.2331   15.0762   91.3805
 283.9369  9903.7638  230.7480 -999.9000   45.8237    0.2031   15.4299   91.3479
 277.3870 10060.6432  229.2550 -999.9000   45.6771    0.1789   15.7939   91.3074
 270.9631 10217.5226  227.6968 -999.9000   45.6172    0.1538   16.0359   91.2950
 264.6694 10374.4020  226.1473 -999.9000   45.7301    0.1244   16.0660   91.3378
 258.4744 10531.2814  224.9132 -999.9000   45.2409    0.1097   16.1853   91.3756
 252.3757 10688.1608  223.8765 -999.9000   45.5604    0.1034   16.4227   91.3933
 246.3812 10845.0402  222.8081 -999.9000   40.2782    0.0916   16.6966   91.3978
 240.4896 11001.9196  221.6004 -999.9000   35.7191    0.0742   16.9541   91.3965
 234.6950 11158.7990  220.2488 -999.9000   35.9753    0.0604   17.1657   91.3968
 229.0082 11315.6784  218.8503 -999.9000   35.5206    0.0528   17.3260   91.3986
 223.4492 11472.5578  217.5530 -999.9000   34.9948    0.0500   17.4415   91.3982
 218.0236 11629.4372  216.3334 -999.9000   30.1472    0.0480   17.2306   91.4126
 212.6609 11786.3166  214.6431 -999.9000   25.6267    0.0350   15.5432   91.5070
 207.3913 11943.1960  213.7936 -999.9000   23.7927    0.0295   14.3594   91.4951
 202.2510 12100.0754  214.4800 -999.9000   18.0235    0.0410   14.0507   91.5711
 197.2536 12256.9548  215.8608 -999.9000    9.1077    0.0304   12.0479   92.1270
 192.4469 12413.8342  218.2350 -999.9000    2.6484    0.0062   12.4961   91.9985
 187.8076 12570.7136  218.0321 -999.9000    0.2373    0.0003   12.7367   91.9213
 183.2603 12727.5930  216.7767 -999.9000    0.2959    0.0003   12.4424   91.8946
 178.8033 12884.4724  216.3440 -999.9000    0.0000    0.0000   12.2071   91.8603
 174.4458 13041.3518  216.7280 -999.9000    0.0133    0.0000   12.3377   91.7991
 170.1876 13198.2312  216.9348 -999.9000    0.0000    0.0000   12.8601   91.6668
 166.0391 13355.1106  217.0855 -999.9000    0.0000    0.0000   13.4770   91.5392
 162.0101 13511.9899  216.6930 -999.9000    0.0002    0.0000   13.7731   91.4198
 158.0706 13668.8693  215.6938 -999.9000    0.0000    0.0000   13.3869   91.3880
 154.1974 13825.7487  214.8077 -999.9000    0.0000    0.0000   12.2225   91.4693
 150.4126 13982.6281  214.7304 -999.9000    0.0000    0.0000   10.3055   91.5650
 146.7292 14139.5075  215.6517 -999.9000    0.0000    0.0000   10.2241   91.5673
 143.1108 14296.3869  213.8703 -999.9000    0.0000    0.0000   10.1394   91.5696
 139.5597 14453.2663  216.2888 -999.9000    0.0000    0.0000   10.1031   91.5684
 136.1266 14610.1457  213.9584 -999.9000    0.0000    0.0000   10.0904   91.5540
 132.7619 14767.0251  213.0995 -999.9000    0.0000    0.0000   10.0826   91.5347
 129.4754 14923.9045  214.1146 -999.9000    0.0000    0.0000   10.0740   91.5197
 126.2897 15080.7839  215.2458 -999.9000    0.0000    0.0000   10.0556   91.5108
 123.1790 15237.6633  216.5046 -999.9000    0.0000    0.0000   10.0656   91.4644
 120.1481 15394.5427  217.0141 -999.9000    0.0000    0.0000    9.9178   91.3748
 117.2138 15551.4221  216.4107 -999.9000    0.0000    0.0000    9.5525   91.2661
 114.3435 15708.3015  216.3605 -999.9000    0.0000    0.0000    9.2270   91.1464
 111.5416 15865.1809  216.1641 -999.9000    0.0000    0.0000    8.6437   91.1933
 108.8149 16022.0603  217.5261 -999.9000    0.0000    0.0000    7.8285   91.4869
 106.1648 16178.9397  217.6298 -999.9000    0.0000    0.0000    7.3679   91.3484
 103.5767 16335.8191  217.3125 -999.9000    0.0000    0.0000    5.9397   91.9971
 101.0524 16492.6985  219.4059 -999.9000    0.0000    0.0000    1.4662   90.4089
  98.6148 16649.5779  218.0604 -999.9000    0.0000    0.0000    0.6965   90.4014
  96.2203 16806.4573  217.3641 -999.9000    0.0000    0.0000    0.1230   87.2598
  93.8688 16963.3367  216.6889 -999.9000    0.0000    0.0000    0.9677   90.4014
  91.5836 17120.2161  216.6055 -999.9000    0.0000    0.0000    1.8452   90.4014
  89.3567 17277.0955  216.6166 -999.9000    0.0000    0.0000    2.4901   90.4014
  87.1784 17433.9749  216.1736 -999.9000    0.0000    0.0000    3.1993   90.3927
  85.0453 17590.8543  215.3883 -999.9000    0.0000    0.0000    4.1394   90.0754
  82.9608 17747.7337  215.0835 -999.9000    0.0000    0.0000    5.3370   90.9865
  80.9282 17904.6131  215.7422 -999.9000    0.0000    0.0000    6.5087   90.6807
  78.9484 18061.4925  216.3946 -999.9000    0.0000    0.0000    6.4258   90.4907
  77.0217 18218.3719  217.0716 -999.9000    0.0000    0.0000    5.4916   90.6714
  75.1483 18375.2513  218.1305 -999.9000    0.0000    0.0000    4.5606   90.9237
  73.3271 18532.1307  219.2300 -999.9000    0.0000    0.0000    3.9632   91.0464
  71.5556 18689.0101  219.3505 -999.9000    0.0000    0.0000    3.5212   90.9336
  69.8260 18845.8894  218.2278 -999.9000    0.0000    0.0000    2.9283   91.0562
  68.1227 19002.7688  217.9284 -999.9000    0.0000    0.0000    1.8174   91.7656
  66.4601 19159.6482  218.2679 -999.9000    0.0000    0.0000    0.8194   89.5288
  64.8418 19316.5276  218.7400 -999.9000    0.0000    0.0000    0.5440   87.4851
  63.2670 19473.4070  219.1313 -999.9000    0.0000    0.0000    1.1214   87.9468
  61.7318 19630.2864  219.6803 -999.9000    0.0000    0.0000    1.7429   88.3028
  60.2355 19787.1658  219.8810 -999.9000    0.0000    0.0000    2.5215   88.5476
  58.7762 19944.0452  219.5734 -999.9000    0.0000    0.0000    3.3975   88.9105
  57.3501 20100.9246  219.1841 -999.9000    0.0000    0.0000    3.8661   89.0671
  55.9562 20257.8040  218.9075 -999.9000    0.0000    0.0000    3.8300   88.9446
  54.5968 20414.6834  218.6644 -999.9000    0.0000    0.0000    3.6543   88.7725
  53.2731 20571.5628  218.6069 -999.9000    0.0000    0.0000    3.5020   88.6461
  51.9860 20728.4422  219.0462 -999.9000    0.0000    0.0000    3.3900   88.5640
  50.7361 20885.3216  220.2960 -999.9000    0.0000    0.0000    3.3323   88.5228
  49.5229 21042.2010  222.0680 -999.9000    0.0000    0.0000    3.3125   88.5126
  48.3394 21199.0804  221.4528 -999.9000    0.0000    0.0000    3.6797   88.5757
  47.1874 21355.9598  221.5263 -999.9000    0.0000    0.0000    4.8326   88.7747
  46.0647 21512.8392  221.9268 -999.9000    0.0000    0.0000    5.8863   88.9472
  44.9691 21669.7186  222.1750 -999.9000    0.0000    0.0000    6.1083   88.9570
  43.8989 21826.5980  222.2076 -999.9000    0.0000    0.0000    5.7312   88.8369
  42.8525 21983.4774  222.0852 -999.9000    0.0000    0.0000    5.2714   88.6697
  41.8295 22140.3568  221.8555 -999.9000    0.0000    0.0000    5.0181   88.5214
  40.8309 22297.2362  221.5466 -999.9000    0.0000    0.0000    4.9091   88.4316
  39.8584 22454.1156  221.1878 -999.9000    0.0000    0.0000    4.8525   88.4374
  38.9104 22610.9950  221.6052 -999.9000    0.0000    0.0000    4.9963   88.5046
  37.9838 22767.8744  222.8920 -999.9000    0.0000    0.0000    5.3970   88.5579
  37.0791 22924.7538  223.6119 -999.9000    0.0000    0.0000    5.7232   88.6106
  36.1962 23081.6332  223.7335 -999.9000    0.0000    0.0000    5.9589   88.6649
  35.3349 23238.5126  223.4745 -999.9000    0.0000    0.0000    6.1439   88.7211
  34.4951 23395.3920  223.0521 -999.9000    0.0000    0.0000    6.3179   88.7793
  33.6765 23552.2714  222.6839 -999.9000    0.0000    0.0000    6.5207   88.8396
  32.8792 23709.1508  222.5873 -999.9000    0.0000    0.0000    6.7922   88.9021
  32.1025 23866.0302  222.9042 -999.9000    0.0000    0.0000    7.1449   88.9664
  31.3447 24022.9095  223.4968 -999.9000    0.0000    0.0000    7.4907   89.0294
  30.6036 24179.7889  224.1627 -999.9000    0.0000    0.0000    7.7186   89.0878
  29.8779 24336.6683  224.6745 -999.9000    0.0000    0.0000    7.7369   89.1301
  29.1715 24493.5477  224.7424 -999.9000    0.0000    0.0000    7.6501   89.0898
  28.4842 24650.4271  224.6143 -999.9000    0.0000    0.0000    7.5112   88.9796
  27.8138 24807.3065  224.6586 -999.9000    0.0000    0.0000    7.3345   88.8366
  27.1583 24964.1859  225.2422 -999.9000    0.0000    0.0000    7.1337   88.6979
  26.5173 25121.0653  226.4261 -999.9000    0.0000    0.0000    6.9297   88.5852
  25.8939 25277.9447  227.6224 -999.9000    0.0000    0.0000    6.7570   88.4883
  25.2914 25434.8241  228.1602 -999.9000    0.0000    0.0000    6.6523   88.3927
  24.7096 25591.7035  227.6733 -999.9000    0.0000    0.0000    6.6970   88.3136
  24.1354 25748.5829  227.1471 -999.9000    0.0000    0.0000    7.0519   88.3442
  23.5706 25905.4623  226.9144 -999.9000    0.0000    0.0000    7.6193   88.4419
  23.0189 26062.3417  227.1845 -999.9000    0.0000    0.0000    8.2741   88.5480
  22.4826 26219.2211  228.0227 -999.9000    0.0000    0.0000    8.9158   88.6216
  21.9608 26376.1005  229.1230 -999.9000    0.0000    0.0000    9.5058   88.6692
  21.4521 26532.9799  230.1206 -999.9000    0.0000    0.0000   10.0158   88.7041
  20.9548 26689.8593  230.6507 -999.9000    0.0000    0.0000   10.4174   88.7401
  20.4676 26846.7387  230.3482 -999.9000    0.0000    0.0000   10.6820   88.7908
  19.9891 27003.6181  228.8836 -999.9000    0.0000    0.0000   10.7744   88.8671
  19.5243 27160.4975  227.9784 -999.9000    0.0000    0.0000   10.3327   88.8331
  19.0752 27317.3769  228.4198 -999.9000    0.0000    0.0000    9.4289   88.6652
  18.6391 27474.2563  229.6275 -999.9000    0.0000    0.0000    8.4574   88.4541
  18.2135 27631.1357  231.0212 -999.9000    0.0000    0.0000    7.8127   88.2905
  17.7959 27788.0151  232.0296 -999.9000    0.0000    0.0000    7.8662   88.2601
  17.3864 27944.8945  232.3056 -999.9000    0.0000    0.0000    8.4391   88.3267
  16.9866 28101.7739  231.8755 -999.9000    0.0000    0.0000    9.0501   88.3867
  16.5963 28258.6533  231.0357 -999.9000    0.0000    0.0000    9.6644   88.4341
  16.2153 28415.5327  230.1104 -999.9000    0.0000    0.0000   10.2964   88.4734
  15.8432 28572.4121  229.4231 -999.9000    0.0000    0.0000   10.9607   88.5095
  15.4798 28729.2915  229.2918 -999.9000    0.0000    0.0000   11.6697   88.5468
  15.1246 28886.1709  229.6776 -999.9000    0.0000    0.0000   12.3211   88.5881
  14.7769 29043.0503  230.0238 -999.9000    0.0000    0.0000   12.6510   88.6333
  14.4368 29199.9296  230.1662 -999.9000    0.0000    0.0000   12.5946   88.6841
  14.1043 29356.8090  230.2426 -999.9000    0.0000    0.0000   12.2332   88.7433
  13.7798 29513.6884  230.3962 -999.9000    0.0000    0.0000   11.6513   88.8140
  13.4633 29670.5678  230.7705 -999.9000    0.0000    0.0000   10.9332   88.8992
  13.1552 29827.4472  231.5090 -999.9000    0.0000    0.0000   10.1632   89.0018
  12.8555 29984.3266  232.6981 -999.9000    0.0000    0.0000    9.4236   89.1215
  12.5638 30141.2060  234.0253 -999.9000    0.0000    0.0000    8.7825   89.2343
  12.2794 30298.0854  235.0089 -999.9000    0.0000    0.0000    8.3018   89.3059
  12.0018 30454.9648  235.1663 -999.9000    0.0000    0.0000    8.0435   89.3022
  11.7304 30611.8442  234.2694 -999.9000    0.0000    0.0000    8.0287   89.2026
  11.4650 30768.7236  233.1300 -999.9000    0.0000    0.0000    8.1120   89.0420
  11.2056 30925.6030  232.8245 -999.9000    0.0000    0.0000    8.1056   88.8691
  10.9522 31082.4824  234.0049 -999.9000    0.0000    0.0000    7.8895   88.7216
  10.7056 31239.3618  235.5108 -999.9000    0.0000    0.0000    7.6326   88.5894
  10.4661 31396.2412  236.0242 -999.9000    0.0000    0.0000    7.5321   88.4534
  10.2318 31553.1206  235.6251 -999.9000    0.0000    0.0000    7.5733   88.3118
  10.0000 31710.0000  234.7683 -999.9000    0.0000    0.0000    7.6853   88.1674
