# 06610 LSMP Payerne Observations at 12Z 30 Jul 2008
# Radiosonde file generated by raso.rb
#
  P [hPa],     Z [m],    T [K],   Td [K],   RH [%], r [g/kg], WS [m/s], WD [deg]
 962.0000   491.0000  298.0834 -999.9000   66.2245   13.6900    2.2303   93.0543
 944.6891   647.8794  296.0987 -999.9000   67.7894   12.6302    4.7004   92.6754
 927.6873   804.7588  294.7768 -999.9000   79.5389   13.9071    2.3405   92.9144
 911.0964   961.6382  293.5468 -999.9000   80.0012   14.4362    0.5736   92.0428
 894.7070  1118.5176  292.6648 -999.9000   80.0028   14.3064    1.5298   90.9797
 878.5406  1275.3970  292.4156 -999.9000   80.0687   13.3485    2.5134   90.6229
 862.6769  1432.2764  291.0751 -999.9000   80.9802   13.5129    2.7449   90.4248
 846.9845  1589.1558  289.8626 -999.9000   80.2968   13.9027    4.3520   90.3491
 831.5533  1746.0352  289.5367 -999.9000   80.7694   13.2228    5.2376   90.3950
 816.3570  1902.9146  288.2363 -999.9000   80.6512   11.9693    6.3454   90.4496
 801.3249  2059.7940  286.6530 -999.9000   80.3635   11.5640    6.9709   90.4939
 786.5365  2216.6734  285.2995 -999.9000   80.2000   10.4184    7.7206   90.5367
 771.9169  2373.5528  284.0634 -999.9000   80.5770    8.7627    8.9129   90.5644
 757.5041  2530.4322  282.9980 -999.9000   80.4326    8.5006    9.4442   90.6155
 743.3854  2687.3116  282.4131 -999.9000   77.7777    7.5803    8.3332   90.6080
 729.2940  2844.1910  281.3267 -999.9000   60.3797    5.5688    8.0858   90.6173
 715.5826  3001.0704  280.2651 -999.9000   50.1137    4.3807    9.6598   90.6971
 702.0616  3157.9497  279.0656 -999.9000   51.5874    4.2344   10.9335   90.7782
 688.7126  3314.8291  277.5706 -999.9000   58.8957    4.4448   11.0128   90.8007
 675.5482  3471.7085  275.9248 -999.9000   68.1756    4.6752   11.2505   90.8205
 662.5494  3628.5879  274.4285 -999.9000   74.1035    4.6607   11.8433   90.8487
 649.7305  3785.4673  273.3981 -999.9000   67.2257    4.0055   12.1236   90.8627
 637.1240  3942.3467  272.5230 -999.9000   55.0977    3.1437   11.4284   90.9118
 624.7467  4099.2261  271.4853 -999.9000   50.1211    2.7055    9.8658   91.0167
 612.5275  4256.1055  270.4015 -999.9000   50.0485    2.5464    9.4183   91.0465
 600.5160  4412.9849  269.7696 -999.9000   38.1709    1.8919    9.6838   91.0390
 588.7253  4569.8643  269.1501 -999.9000   22.7376    1.0986    9.8537   91.0433
 577.1128  4726.7437  267.8331 -999.9000   18.1462    0.8108    9.8907   91.0483
 565.6299  4883.6231  266.9739 -999.9000   17.0147    0.7276    9.8406   91.0538
 554.4053  5040.5025  266.3900 -999.9000   13.4830    0.5634    9.1400   91.1400
 543.3471  5197.3819  265.6939 -999.9000   12.8240    0.5190    8.3510   91.2153
 532.4739  5354.2613  264.6492 -999.9000   22.1758    0.8459    8.7472   91.2112
 521.8251  5511.1407  263.5839 -999.9000   24.0203    0.8613    9.4944   91.1806
 511.3144  5668.0201  262.7772 -999.9000   14.0837    0.4842   10.1680   91.1583
 500.9731  5824.8995  261.4213 -999.9000   12.9698    0.4090   10.8638   91.1344
 490.8286  5981.7789  259.7966 -999.9000   18.3968    0.5200   11.0138   91.1143
 480.7236  6138.6583  258.6711 -999.9000   29.2256    0.7703   11.3442   91.0832
 470.8214  6295.5377  257.3727 -999.9000   31.4912    0.7621   11.4392   91.0728
 461.0900  6452.4171  255.9362 -999.9000   30.8278    0.6762   11.1595   90.9894
 451.4963  6609.2965  254.6272 -999.9000   32.0043    0.6422   10.1510   90.8335
 442.0676  6766.1759  253.5446 -999.9000   32.5819    0.6091    9.2612   90.7116
 432.8253  6923.0553  252.5731 -999.9000   32.3021    0.5674   10.1731   90.6964
 423.7241  7079.9347  251.1577 -999.9000   36.0097    0.5712   11.0577   90.7318
 414.7432  7236.8141  249.4449 -999.9000   41.2370    0.5742   10.8606   90.7585
 405.9174  7393.6935  248.4427 -999.9000   31.8303    0.4138   11.0947   90.7794
 397.1974  7550.5729  247.1497 -999.9000   27.2495    0.3219   11.3685   90.7881
 388.6475  7707.4523  245.7516 -999.9000   31.1767    0.3308   11.5196   90.8405
 380.2876  7864.3317  244.7315 -999.9000   34.8316    0.3433   11.7613   90.9010
 372.0784  8021.2111  243.9109 -999.9000   39.1078    0.3645   11.9189   90.8924
 363.9826  8178.0905  243.1155 -999.9000   45.2418    0.3994   11.8382   90.7526
 356.0087  8334.9698  242.2609 -999.9000   54.4931    0.4529   11.8296   90.7678
 348.2042  8491.8492  241.3660 -999.9000   60.6312    0.5188   12.4401   91.3797
 340.5609  8648.7286  240.5135 -999.9000   65.0369    0.5272   12.6824   91.7004
 333.0575  8805.6080  239.6529 -999.9000   65.6574    0.4852   12.6342   91.6152
 325.6771  8962.4874  238.6837 -999.9000   65.0951    0.4338   12.9412   91.4555
 318.4095  9119.3668  237.4897 -999.9000   65.8982    0.3977   13.8721   91.4682
 311.2701  9276.2462  235.8609 -999.9000   60.7991    0.3338   14.0409   91.4746
 304.2599  9433.1256  234.2990 -999.9000   55.6203    0.2938   14.2747   91.4194
 297.3812  9590.0050  233.2256 -999.9000   50.7782    0.2688   14.7651   91.3896
 290.6045  9746.8844  231.9913 -999.9000   45.5693    0.2331   15.1005   91.3805
 283.9369  9903.7638  230.6082 -999.9000   45.8756    0.2031   15.4834   91.3479
 277.3870 10060.6432  229.1219 -999.9000   45.7330    0.1789   15.8761   91.3074
 270.9631 10217.5226  227.5721 -999.9000   45.6765    0.1538   16.1458   91.2950
 264.6694 10374.4020  226.0328 -999.9000   45.7923    0.1244   16.2023   91.3378
 258.4744 10531.2814  224.8109 -999.9000   45.3045    0.1097   16.3462   91.3756
 252.3757 10688.1608  223.7882 -999.9000   45.6256    0.1034   16.6062   91.3933
 246.3812 10845.0402  222.7358 -999.9000   40.3361    0.0916   16.9003   91.3978
 240.4896 11001.9196  221.5462 -999.9000   35.7697    0.0742   17.1752   91.3965
 234.6950 11158.7990  220.2145 -999.9000   36.0249    0.0604   17.4015   91.3968
 229.0082 11315.6784  218.8374 -999.9000   35.5675    0.0528   17.5738   91.3986
 223.4492 11472.5578  217.5628 -999.9000   35.0383    0.0500   17.6990   91.3982
 218.0236 11629.4372  216.3668 -999.9000   30.1818    0.0480   17.4956   91.4126
 212.6609 11786.3166  214.7008 -999.9000   25.6534    0.0350   15.8137   91.5070
 207.3913 11943.1960  213.8760 -999.9000   23.8147    0.0295   14.6336   91.4951
 202.2510 12100.0754  214.5872 -999.9000   18.0377    0.0410   14.3270   91.5711
 197.2536 12256.9548  215.9925 -999.9000    9.1137    0.0304   12.3250   92.1270
 192.4469 12413.8342  218.3908 -999.9000    2.6498    0.0062   12.7728   91.9985
 187.8076 12570.7136  218.2111 -999.9000    0.2374    0.0003   13.0121   91.9213
 183.2603 12727.5930  216.9779 -999.9000    0.2960    0.0003   12.7157   91.8946
 178.8033 12884.4724  216.5659 -999.9000    0.0000    0.0000   12.4776   91.8603
 174.4458 13041.3518  216.9689 -999.9000    0.0133    0.0000   12.6052   91.7991
 170.1876 13198.2312  217.1928 -999.9000    0.0000    0.0000   13.1245   91.6668
 166.0391 13355.1106  217.3583 -999.9000    0.0000    0.0000   13.7383   91.5392
 162.0101 13511.9899  216.9780 -999.9000    0.0002    0.0000   14.0314   91.4198
 158.0706 13668.8693  215.9882 -999.9000    0.0000    0.0000   13.6429   91.3880
 154.1974 13825.7487  215.1083 -999.9000    0.0000    0.0000   12.4768   91.4693
 150.4126 13982.6281  215.0337 -999.9000    0.0000    0.0000   10.5589   91.5650
 146.7292 14139.5075  215.9540 -999.9000    0.0000    0.0000   10.4777   91.5673
 143.1108 14296.3869  214.1676 -999.9000    0.0000    0.0000   10.3945   91.5696
 139.5597 14453.2663  216.5767 -999.9000    0.0000    0.0000   10.3612   91.5684
 136.1266 14610.1457  214.2327 -999.9000    0.0000    0.0000   10.3528   91.5540
 132.7619 14767.0251  213.3563 -999.9000    0.0000    0.0000   10.3508   91.5347
 129.4754 14923.9045  214.3504 -999.9000    0.0000    0.0000   10.3490   91.5197
 126.2897 15080.7839  215.4575 -999.9000    0.0000    0.0000   10.3383   91.5108
 123.1790 15237.6633  216.6895 -999.9000    0.0000    0.0000   10.3569   91.4644
 120.1481 15394.5427  217.1699 -999.9000    0.0000    0.0000   10.2182   91.3748
 117.2138 15551.4221  216.5355 -999.9000    0.0000    0.0000    9.8623   91.2661
 114.3435 15708.3015  216.4527 -999.9000    0.0000    0.0000    9.5466   91.1464
 111.5416 15865.1809  216.2226 -999.9000    0.0000    0.0000    8.9731   91.1933
 108.8149 16022.0603  217.5500 -999.9000    0.0000    0.0000    8.1676   91.4869
 106.1648 16178.9397  217.6187 -999.9000    0.0000    0.0000    7.7163   91.3484
 103.5767 16335.8191  217.2665 -999.9000    0.0000    0.0000    6.2971   91.9971
 101.0524 16492.6985  219.3253 -999.9000    0.0000    0.0000    1.8317   90.4089
  98.6148 16649.5779  217.9460 -999.9000    0.0000    0.0000    1.0695   90.4014
  96.2203 16806.4573  217.2170 -999.9000    0.0000    0.0000    0.2563   90.4014
  93.8688 16963.3367  216.5106 -999.9000    0.0000    0.0000    1.3522   90.4014
  91.5836 17120.2161  216.3980 -999.9000    0.0000    0.0000    2.2335   90.4014
  89.3567 17277.0955  216.3821 -999.9000    0.0000    0.0000    2.8807   90.4014
  87.1784 17433.9749  215.9149 -999.9000    0.0000    0.0000    3.5904   90.3927
  85.0453 17590.8543  215.1084 -999.9000    0.0000    0.0000    4.5292   90.0754
  82.9608 17747.7337  214.7859 -999.9000    0.0000    0.0000    5.7234   90.9865
  80.9282 17904.6131  215.4307 -999.9000    0.0000    0.0000    6.8893   90.6807
  78.9484 18061.4925  216.0733 -999.9000    0.0000    0.0000    6.7985   90.4907
  77.0217 18218.3719  216.7439 -999.9000    0.0000    0.0000    5.8543   90.6714
  75.1483 18375.2513  217.7999 -999.9000    0.0000    0.0000    4.9114   90.9237
  73.3271 18532.1307  218.8996 -999.9000    0.0000    0.0000    4.3003   91.0464
  71.5556 18689.0101  219.0233 -999.9000    0.0000    0.0000    3.8432   90.9336
  69.8260 18845.8894  217.9062 -999.9000    0.0000    0.0000    3.2338   91.0562
  68.1227 19002.7688  217.6147 -999.9000    0.0000    0.0000    2.1053   91.7656
  66.4601 19159.6482  217.9640 -999.9000    0.0000    0.0000    1.0887   89.5288
  64.8418 19316.5276  218.4478 -999.9000    0.0000    0.0000    0.7940   87.4851
  63.2670 19473.4070  218.8522 -999.9000    0.0000    0.0000    1.3515   87.9468
  61.7318 19630.2864  219.4154 -999.9000    0.0000    0.0000    1.9527   88.3028
  60.2355 19787.1658  219.6313 -999.9000    0.0000    0.0000    2.7108   88.5476
  58.7762 19944.0452  219.3396 -999.9000    0.0000    0.0000    3.5662   88.9105
  57.3501 20100.9246  218.9665 -999.9000    0.0000    0.0000    4.0145   89.0671
  55.9562 20257.8040  218.7062 -999.9000    0.0000    0.0000    3.9584   88.9446
  54.5968 20414.6834  218.4791 -999.9000    0.0000    0.0000    3.7632   88.7725
  53.2731 20571.5628  218.4372 -999.9000    0.0000    0.0000    3.5923   88.6461
  51.9860 20728.4422  218.8913 -999.9000    0.0000    0.0000    3.4624   88.5640
  50.7361 20885.3216  220.1550 -999.9000    0.0000    0.0000    3.3881   88.5228
  49.5229 21042.2010  221.9396 -999.9000    0.0000    0.0000    3.3529   88.5126
  48.3394 21199.0804  221.3353 -999.9000    0.0000    0.0000    3.7063   88.5757
  47.1874 21355.9598  221.4179 -999.9000    0.0000    0.0000    4.8470   88.7747
  46.0647 21512.8392  221.8255 -999.9000    0.0000    0.0000    5.8902   88.9472
  44.9691 21669.7186  222.0789 -999.9000    0.0000    0.0000    6.1033   88.9570
  43.8989 21826.5980  222.1150 -999.9000    0.0000    0.0000    5.7188   88.8369
  42.8525 21983.4774  221.9943 -999.9000    0.0000    0.0000    5.2528   88.6697
  41.8295 22140.3568  221.7648 -999.9000    0.0000    0.0000    4.9945   88.5214
  40.8309 22297.2362  221.4546 -999.9000    0.0000    0.0000    4.8814   88.4316
  39.8584 22454.1156  221.0930 -999.9000    0.0000    0.0000    4.8217   88.4374
  38.9104 22610.9950  221.5065 -999.9000    0.0000    0.0000    4.9629   88.5046
  37.9838 22767.8744  222.7882 -999.9000    0.0000    0.0000    5.3616   88.5579
  37.0791 22924.7538  223.5018 -999.9000    0.0000    0.0000    5.6862   88.6106
  36.1962 23081.6332  223.6162 -999.9000    0.0000    0.0000    5.9205   88.6649
  35.3349 23238.5126  223.3491 -999.9000    0.0000    0.0000    6.1040   88.7211
  34.4951 23395.3920  222.9178 -999.9000    0.0000    0.0000    6.2766   88.7793
  33.6765 23552.2714  222.5401 -999.9000    0.0000    0.0000    6.4776   88.8396
  32.8792 23709.1508  222.4335 -999.9000    0.0000    0.0000    6.7470   88.9021
  32.1025 23866.0302  222.7399 -999.9000    0.0000    0.0000    7.0970   88.9664
  31.3447 24022.9095  223.3215 -999.9000    0.0000    0.0000    7.4394   89.0294
  30.6036 24179.7889  223.9764 -999.9000    0.0000    0.0000    7.6630   89.0878
  29.8779 24336.6683  224.4768 -999.9000    0.0000    0.0000    7.6759   89.1301
  29.1715 24493.5477  224.5334 -999.9000    0.0000    0.0000    7.5827   89.0898
  28.4842 24650.4271  224.3940 -999.9000    0.0000    0.0000    7.4360   88.9796
  27.8138 24807.3065  224.4272 -999.9000    0.0000    0.0000    7.2499   88.8366
  27.1583 24964.1859  224.9999 -999.9000    0.0000    0.0000    7.0384   88.6979
  26.5173 25121.0653  226.1734 -999.9000    0.0000    0.0000    6.8220   88.5852
  25.8939 25277.9447  227.3596 -999.9000    0.0000    0.0000    6.6356   88.4883
  25.2914 25434.8241  227.8881 -999.9000    0.0000    0.0000    6.5161   88.3927
  24.7096 25591.7035  227.3925 -999.9000    0.0000    0.0000    6.5447   88.3136
  24.1354 25748.5829  226.8585 -999.9000    0.0000    0.0000    6.8826   88.3442
  23.5706 25905.4623  226.6190 -999.9000    0.0000    0.0000    7.4320   88.4419
  23.0189 26062.3417  226.8833 -999.9000    0.0000    0.0000    8.0681   88.5480
  22.4826 26219.2211  227.7170 -999.9000    0.0000    0.0000    8.6904   88.6216
  21.9608 26376.1005  228.8140 -999.9000    0.0000    0.0000    9.2605   88.6692
  21.4521 26532.9799  229.8099 -999.9000    0.0000    0.0000    9.7502   88.7041
  20.9548 26689.8593  230.3397 -999.9000    0.0000    0.0000   10.1310   88.7401
  20.4676 26846.7387  230.0386 -999.9000    0.0000    0.0000   10.3748   88.7908
  19.9891 27003.6181  228.5772 -999.9000    0.0000    0.0000   10.4462   88.8671
  19.5243 27160.4975  227.6771 -999.9000    0.0000    0.0000    9.9835   88.8331
  19.0752 27317.3769  228.1256 -999.9000    0.0000    0.0000    9.0588   88.6652
  18.6391 27474.2563  229.3425 -999.9000    0.0000    0.0000    8.0667   88.4541
  18.2135 27631.1357  230.7477 -999.9000    0.0000    0.0000    7.4018   88.2905
  17.7959 27788.0151  231.7700 -999.9000    0.0000    0.0000    7.4356   88.2601
  17.3864 27944.8945  232.0623 -999.9000    0.0000    0.0000    7.9893   88.3267
  16.9866 28101.7739  231.6511 -999.9000    0.0000    0.0000    8.5818   88.3867
  16.5963 28258.6533  230.8330 -999.9000    0.0000    0.0000    9.1785   88.4341
  16.2153 28415.5327  229.9321 -999.9000    0.0000    0.0000    9.7937   88.4734
  15.8432 28572.4121  229.2723 -999.9000    0.0000    0.0000   10.4424   88.5095
  15.4798 28729.2915  229.1715 -999.9000    0.0000    0.0000   11.1369   88.5468
  15.1246 28886.1709  229.5910 -999.9000    0.0000    0.0000   11.7750   88.5881
  14.7769 29043.0503  229.9741 -999.9000    0.0000    0.0000   12.0931   88.6333
  14.4368 29199.9296  230.1570 -999.9000    0.0000    0.0000   12.0263   88.6841
  14.1043 29356.8090  230.2773 -999.9000    0.0000    0.0000   11.6562   88.7433
  13.7798 29513.6884  230.4785 -999.9000    0.0000    0.0000   11.0673   88.8140
  13.4633 29670.5678  230.9042 -999.9000    0.0000    0.0000   10.3440   88.8992
  13.1552 29827.4472  231.6978 -999.9000    0.0000    0.0000    9.5708   89.0018
  12.8555 29984.3266  232.9462 -999.9000    0.0000    0.0000    8.8300   89.1215
  12.5638 30141.2060  234.3368 -999.9000    0.0000    0.0000    8.1900   89.2343
  12.2794 30298.0854  235.3880 -999.9000    0.0000    0.0000    7.7126   89.3059
  12.0018 30454.9648  235.6173 -999.9000    0.0000    0.0000    7.4601   89.3022
  11.7304 30611.8442  234.7969 -999.9000    0.0000    0.0000    7.4536   89.2026
  11.4650 30768.7236  233.7384 -999.9000    0.0000    0.0000    7.5477   89.0420
  11.2056 30925.6030  233.5187 -999.9000    0.0000    0.0000    7.5551   88.8691
  10.9522 31082.4824  234.7895 -999.9000    0.0000    0.0000    7.3555   88.7216
  10.7056 31239.3618  236.3909 -999.9000    0.0000    0.0000    7.1182   88.5894
  10.4661 31396.2412  237.0049 -999.9000    0.0000    0.0000    7.0403   88.4534
  10.2318 31553.1206  236.7114 -999.9000    0.0000    0.0000    7.1073   88.3118
  10.0000 31710.0000  235.9656 -999.9000    0.0000    0.0000    7.2485   88.1674
