# 06610 LSMP Payerne Observations at 12Z 30 Jul 2008
# Radiosonde file generated by raso.rb
#
  P [hPa],     Z [m],    T [K],   Td [K],   RH [%], r [g/kg], WS [m/s], WD [deg]
 962.0000   491.0000  297.9916 -999.9000   66.2312   13.6900    1.9485   93.0543
 944.6891   647.8794  295.9957 -999.9000   67.7796   12.6302    4.4464   92.6754
 927.6873   804.7588  294.6631 -999.9000   79.5106   13.9071    2.1125   92.9144
 911.0964   961.6382  293.4232 -999.9000   79.9581   14.4362    0.3698   92.0428
 894.7070  1118.5176  292.5317 -999.9000   79.9476   14.3064    1.3486   90.9797
 878.5406  1275.3970  292.2737 -999.9000   80.0036   13.3485    2.3530   90.6229
 862.6769  1432.2764  290.9248 -999.9000   80.9065   13.5129    2.6036   90.4248
 846.9845  1589.1558  289.7046 -999.9000   80.2180   13.9027    4.2282   90.3491
 831.5533  1746.0352  289.3715 -999.9000   80.6864   13.2228    5.1298   90.3950
 816.3570  1902.9146  288.0643 -999.9000   80.5663   11.9693    6.2522   90.4496
 801.3249  2059.7940  286.4748 -999.9000   80.2787   11.5640    6.8907   90.4939
 786.5365  2216.6734  285.1154 -999.9000   80.1168   10.4184    7.6521   90.5367
 771.9169  2373.5528  283.8739 -999.9000   80.4963    8.7627    8.8548   90.5644
 757.5041  2530.4322  282.8035 -999.9000   80.3563    8.5006    9.3951   90.6155
 743.3854  2687.3116  282.2141 -999.9000   77.7092    7.5803    8.2919   90.6080
 729.2940  2844.1910  281.1235 -999.9000   60.3315    5.5688    8.0510   90.6173
 715.5826  3001.0704  280.0580 -999.9000   50.0785    4.3807    9.6305   90.6971
 702.0616  3157.9497  278.8549 -999.9000   51.5567    4.2344   10.9086   90.7782
 688.7126  3314.8291  277.3567 -999.9000   58.8676    4.4448   10.9912   90.8007
 675.5482  3471.7085  275.7080 -999.9000   68.1516    4.6752   11.2312   90.8205
 662.5494  3628.5879  274.2091 -999.9000   74.0872    4.6607   11.8254   90.8487
 649.7305  3785.4673  273.1764 -999.9000   67.2203    4.0055   12.1061   90.8627
 637.1240  3942.3467  272.2990 -999.9000   55.1012    3.1437   11.4106   90.9118
 624.7467  4099.2261  271.2595 -999.9000   50.1316    2.7055    9.8468   91.0167
 612.5275  4256.1055  270.1739 -999.9000   50.0664    2.5464    9.3973   91.0465
 600.5160  4412.9849  269.5404 -999.9000   38.1902    1.8919    9.6602   91.0390
 588.7253  4569.8643  268.9195 -999.9000   22.7525    1.0986    9.8269   91.0433
 577.1128  4726.7437  267.6012 -999.9000   18.1607    0.8108    9.8600   91.0483
 565.6299  4883.6231  266.7408 -999.9000   17.0307    0.7276    9.8054   91.0538
 554.4053  5040.5025  266.1558 -999.9000   13.4975    0.5634    9.0999   91.1400
 543.3471  5197.3819  265.4588 -999.9000   12.8394    0.5190    8.3055   91.2153
 532.4739  5354.2613  264.4131 -999.9000   22.2052    0.8459    8.6959   91.2112
 521.8251  5511.1407  263.3469 -999.9000   24.0548    0.8613    9.4370   91.1806
 511.3144  5668.0201  262.5392 -999.9000   14.1053    0.4842   10.1041   91.1583
 500.9731  5824.8995  261.1824 -999.9000   12.9908    0.4090   10.7931   91.1344
 490.8286  5981.7789  259.5567 -999.9000   18.4281    0.5200   10.9362   91.1143
 480.7236  6138.6583  258.4302 -999.9000   29.2769    0.7703   11.2595   91.0832
 470.8214  6295.5377  257.1308 -999.9000   31.5479    0.7621   11.3474   91.0728
 461.0900  6452.4171  255.6931 -999.9000   30.8840    0.6762   11.0605   90.9894
 451.4963  6609.2965  254.3829 -999.9000   32.0628    0.6422   10.0447   90.8335
 442.0676  6766.1759  253.2988 -999.9000   32.6410    0.6091    9.1477   90.7116
 432.8253  6923.0553  252.3258 -999.9000   32.3594    0.5674   10.0525   90.6964
 423.7241  7079.9347  250.9087 -999.9000   36.0713    0.5712   10.9302   90.7318
 414.7432  7236.8141  249.1939 -999.9000   41.3040    0.5742   10.7262   90.7585
 405.9174  7393.6935  248.1897 -999.9000   31.8784    0.4138   10.9538   90.7794
 397.1974  7550.5729  246.8943 -999.9000   27.2868    0.3219   11.2214   90.7881
 388.6475  7707.4523  245.4937 -999.9000   31.2142    0.3308   11.3665   90.8405
 380.2876  7864.3317  244.4709 -999.9000   34.8669    0.3433   11.6025   90.9010
 372.0784  8021.2111  243.6477 -999.9000   39.1392    0.3645   11.7548   90.8924
 363.9826  8178.0905  242.8494 -999.9000   45.2679    0.3994   11.6690   90.7526
 356.0087  8334.9698  241.9922 -999.9000   54.5113    0.4529   11.6557   90.7678
 348.2042  8491.8492  241.0948 -999.9000   60.6359    0.5188   12.2618   91.3797
 340.5609  8648.7286  240.2398 -999.9000   65.0249    0.5272   12.4999   91.7004
 333.0575  8805.6080  239.3770 -999.9000   65.6276    0.4852   12.4478   91.6152
 325.6771  8962.4874  238.4060 -999.9000   65.0479    0.4338   12.7513   91.4555
 318.4095  9119.3668  237.2104 -999.9000   65.8324    0.3977   13.6790   91.4682
 311.2701  9276.2462  235.5805 -999.9000   60.7220    0.3338   13.8448   91.4746
 304.2599  9433.1256  234.0180 -999.9000   55.5350    0.2938   14.0760   91.4194
 297.3812  9590.0050  232.9444 -999.9000   50.6873    0.2688   14.5640   91.3896
 290.6045  9746.8844  231.7107 -999.9000   45.4764    0.2331   14.8973   91.3805
 283.9369  9903.7638  230.3287 -999.9000   45.7715    0.2031   15.2785   91.3479
 277.3870 10060.6432  228.8442 -999.9000   45.6193    0.1789   15.6696   91.3074
 270.9631 10217.5226  227.2969 -999.9000   45.5539    0.1538   15.9382   91.2950
 264.6694 10374.4020  225.7611 -999.9000   45.6614    0.1244   15.9938   91.3378
 258.4744 10531.2814  224.5435 -999.9000   45.1682    0.1097   16.1372   91.3756
 252.3757 10688.1608  223.5261 -999.9000   45.4827    0.1034   16.3969   91.3933
 246.3812 10845.0402  222.4799 -999.9000   40.2060    0.0916   16.6910   91.3978
 240.4896 11001.9196  221.2976 -999.9000   35.6523    0.0742   16.9662   91.3965
 234.6950 11158.7990  219.9743 -999.9000   35.9056    0.0604   17.1931   91.3968
 229.0082 11315.6784  218.6065 -999.9000   35.4499    0.0528   17.3662   91.3986
 223.4492 11472.5578  217.3420 -999.9000   34.9235    0.0500   17.4923   91.3982
 218.0236 11629.4372  216.1571 -999.9000   30.0847    0.0480   17.2900   91.4126
 212.6609 11786.3166  214.5028 -999.9000   25.5729    0.0350   15.6092   91.5070
 207.3913 11943.1960  213.6903 -999.9000   23.7424    0.0295   14.4302   91.4951
 202.2510 12100.0754  214.4143 -999.9000   17.9852    0.0410   14.1249   91.5711
 197.2536 12256.9548  215.8330 -999.9000    9.0884    0.0304   12.1238   92.1270
 192.4469 12413.8342  218.2450 -999.9000    2.6428    0.0062   12.5725   91.9985
 187.8076 12570.7136  218.0794 -999.9000    0.2368    0.0003   12.8125   91.9213
 183.2603 12727.5930  216.8605 -999.9000    0.2953    0.0003   12.5166   91.8946
 178.8033 12884.4724  216.4629 -999.9000    0.0000    0.0000   12.2787   91.8603
 174.4458 13041.3518  216.8805 -999.9000    0.0133    0.0000   12.4061   91.7991
 170.1876 13198.2312  217.1190 -999.9000    0.0000    0.0000   12.9249   91.6668
 166.0391 13355.1106  217.2989 -999.9000    0.0000    0.0000   13.5377   91.5392
 162.0101 13511.9899  216.9329 -999.9000    0.0002    0.0000   13.8295   91.4198
 158.0706 13668.8693  215.9571 -999.9000    0.0000    0.0000   13.4389   91.3880
 154.1974 13825.7487  215.0909 -999.9000    0.0000    0.0000   12.2703   91.4693
 150.4126 13982.6281  215.0297 -999.9000    0.0000    0.0000   10.3492   91.5650
 146.7292 14139.5075  215.9628 -999.9000    0.0000    0.0000   10.2641   91.5673
 143.1108 14296.3869  214.1887 -999.9000    0.0000    0.0000   10.1763   91.5696
 139.5597 14453.2663  216.6094 -999.9000    0.0000    0.0000   10.1376   91.5684
 136.1266 14610.1457  214.2764 -999.9000    0.0000    0.0000   10.1231   91.5540
 132.7619 14767.0251  213.4103 -999.9000    0.0000    0.0000   10.1141   91.5347
 129.4754 14923.9045  214.4141 -999.9000    0.0000    0.0000   10.1047   91.5197
 126.2897 15080.7839  215.5302 -999.9000    0.0000    0.0000   10.0858   91.5108
 123.1790 15237.6633  216.7706 -999.9000    0.0000    0.0000   10.0956   91.4644
 120.1481 15394.5427  217.2588 -999.9000    0.0000    0.0000    9.9475   91.3748
 117.2138 15551.4221  216.6315 -999.9000    0.0000    0.0000    9.5817   91.2661
 114.3435 15708.3015  216.5553 -999.9000    0.0000    0.0000    9.2555   91.1464
 111.5416 15865.1809  216.3311 -999.9000    0.0000    0.0000    8.6712   91.1933
 108.8149 16022.0603  217.6639 -999.9000    0.0000    0.0000    7.8544   91.4869
 106.1648 16178.9397  217.7374 -999.9000    0.0000    0.0000    7.3915   91.3484
 103.5767 16335.8191  217.3894 -999.9000    0.0000    0.0000    5.9604   91.9971
 101.0524 16492.6985  219.4519 -999.9000    0.0000    0.0000    1.4829   90.4089
  98.6148 16649.5779  218.0758 -999.9000    0.0000    0.0000    0.7083   90.4014
  96.2203 16806.4573  217.3494 -999.9000    0.0000    0.0000    0.1174   87.2598
  93.8688 16963.3367  216.6451 -999.9000    0.0000    0.0000    0.9659   90.4014
  91.5836 17120.2161  216.5340 -999.9000    0.0000    0.0000    1.8344   90.4014
  89.3567 17277.0955  216.5193 -999.9000    0.0000    0.0000    2.4688   90.4014
  87.1784 17433.9749  216.0526 -999.9000    0.0000    0.0000    3.1657   90.3927
  85.0453 17590.8543  215.2462 -999.9000    0.0000    0.0000    4.0917   90.0754
  82.9608 17747.7337  214.9233 -999.9000    0.0000    0.0000    5.2732   90.9865
  80.9282 17904.6131  215.5673 -999.9000    0.0000    0.0000    6.4266   90.6807
  78.9484 18061.4925  216.2086 -999.9000    0.0000    0.0000    6.3235   90.4907
  77.0217 18218.3719  216.8774 -999.9000    0.0000    0.0000    5.3673   90.6714
  75.1483 18375.2513  217.9311 -999.9000    0.0000    0.0000    4.4128   90.9237
  73.3271 18532.1307  219.0279 -999.9000    0.0000    0.0000    3.7908   91.0464
  71.5556 18689.0101  219.1481 -999.9000    0.0000    0.0000    3.3235   90.9336
  69.8260 18845.8894  218.0269 -999.9000    0.0000    0.0000    2.7046   91.0562
  68.1227 19002.7688  217.7307 -999.9000    0.0000    0.0000    1.5677   91.7656
  66.4601 19159.6482  218.0747 -999.9000    0.0000    0.0000    0.5437   89.5288
  64.8418 19316.5276  218.5524 -999.9000    0.0000    0.0000    0.2428   87.4851
  63.2670 19473.4070  218.9501 -999.9000    0.0000    0.0000    0.7954   87.9468
  61.7318 19630.2864  219.5058 -999.9000    0.0000    0.0000    1.3932   88.3028
  60.2355 19787.1658  219.7134 -999.9000    0.0000    0.0000    2.1494   88.5476
  58.7762 19944.0452  219.4125 -999.9000    0.0000    0.0000    3.0047   88.9105
  57.3501 20100.9246  219.0295 -999.9000    0.0000    0.0000    3.4546   89.0671
  55.9562 20257.8040  218.7585 -999.9000    0.0000    0.0000    3.4021   88.9446
  54.5968 20414.6834  218.5198 -999.9000    0.0000    0.0000    3.2126   88.7725
  53.2731 20571.5628  218.4654 -999.9000    0.0000    0.0000    3.0495   88.6461
  51.9860 20728.4422  218.9060 -999.9000    0.0000    0.0000    2.9299   88.5640
  50.7361 20885.3216  220.1553 -999.9000    0.0000    0.0000    2.8682   88.5228
  49.5229 21042.2010  221.9244 -999.9000    0.0000    0.0000    2.8481   88.5126
  48.3394 21199.0804  221.3037 -999.9000    0.0000    0.0000    3.2194   88.5757
  47.1874 21355.9598  221.3689 -999.9000    0.0000    0.0000    4.3807   88.7747
  46.0647 21512.8392  221.7580 -999.9000    0.0000    0.0000    5.4474   88.9472
  44.9691 21669.7186  221.9922 -999.9000    0.0000    0.0000    5.6865   88.9570
  43.8989 21826.5980  222.0084 -999.9000    0.0000    0.0000    5.3302   88.8369
  42.8525 21983.4774  221.8674 -999.9000    0.0000    0.0000    4.8945   88.6697
  41.8295 22140.3568  221.6173 -999.9000    0.0000    0.0000    4.6682   88.5214
  40.8309 22297.2362  221.2864 -999.9000    0.0000    0.0000    4.5886   88.4316
  39.8584 22454.1156  220.9043 -999.9000    0.0000    0.0000    4.5635   88.4374
  38.9104 22610.9950  221.2974 -999.9000    0.0000    0.0000    4.7403   88.5046
  37.9838 22767.8744  222.5593 -999.9000    0.0000    0.0000    5.1752   88.5579
  37.0791 22924.7538  223.2538 -999.9000    0.0000    0.0000    5.5364   88.6106
  36.1962 23081.6332  223.3499 -999.9000    0.0000    0.0000    5.8075   88.6649
  35.3349 23238.5126  223.0655 -999.9000    0.0000    0.0000    6.0277   88.7211
  34.4951 23395.3920  222.6182 -999.9000    0.0000    0.0000    6.2365   88.7793
  33.6765 23552.2714  222.2258 -999.9000    0.0000    0.0000    6.4731   88.8396
  32.8792 23709.1508  222.1061 -999.9000    0.0000    0.0000    6.7771   88.9021
  32.1025 23866.0302  222.4011 -999.9000    0.0000    0.0000    7.1605   88.9664
  31.3447 24022.9095  222.9733 -999.9000    0.0000    0.0000    7.5348   89.0294
  30.6036 24179.7889  223.6209 -999.9000    0.0000    0.0000    7.7886   89.0878
  29.8779 24336.6683  224.1164 -999.9000    0.0000    0.0000    7.8297   89.1301
  29.1715 24493.5477  224.1706 -999.9000    0.0000    0.0000    7.7624   89.0898
  28.4842 24650.4271  224.0314 -999.9000    0.0000    0.0000    7.6390   88.9796
  27.8138 24807.3065  224.0677 -999.9000    0.0000    0.0000    7.4735   88.8366
  27.1583 24964.1859  224.6464 -999.9000    0.0000    0.0000    7.2795   88.6979
  26.5173 25121.0653  225.8286 -999.9000    0.0000    0.0000    7.0779   88.5852
  25.8939 25277.9447  227.0261 -999.9000    0.0000    0.0000    6.9036   88.4883
  25.2914 25434.8241  227.5680 -999.9000    0.0000    0.0000    6.7937   88.3927
  24.7096 25591.7035  227.0881 -999.9000    0.0000    0.0000    6.8296   88.3136
  24.1354 25748.5829  226.5715 -999.9000    0.0000    0.0000    7.1726   88.3442
  23.5706 25905.4623  226.3510 -999.9000    0.0000    0.0000    7.7250   88.4419
  23.0189 26062.3417  226.6358 -999.9000    0.0000    0.0000    8.3624   88.5480
  22.4826 26219.2211  227.4910 -999.9000    0.0000    0.0000    8.9842   88.6216
  21.9608 26376.1005  228.6105 -999.9000    0.0000    0.0000    9.5522   88.6692
  21.4521 26532.9799  229.6296 -999.9000    0.0000    0.0000   10.0385   88.7041
  20.9548 26689.8593  230.1831 -999.9000    0.0000    0.0000   10.4148   88.7401
  20.4676 26846.7387  229.9060 -999.9000    0.0000    0.0000   10.6529   88.7908
  19.9891 27003.6181  228.4686 -999.9000    0.0000    0.0000   10.7178   88.8671
  19.5243 27160.4975  227.5923 -999.9000    0.0000    0.0000   10.2478   88.8331
  19.0752 27317.3769  228.0642 -999.9000    0.0000    0.0000    9.3153   88.6652
  18.6391 27474.2563  229.3039 -999.9000    0.0000    0.0000    8.3150   88.4541
  18.2135 27631.1357  230.7310 -999.9000    0.0000    0.0000    7.6416   88.2905
  17.7959 27788.0151  231.7740 -999.9000    0.0000    0.0000    7.6668   88.2601
  17.3864 27944.8945  232.0859 -999.9000    0.0000    0.0000    8.2121   88.3267
  16.9866 28101.7739  231.6927 -999.9000    0.0000    0.0000    8.7964   88.3867
  16.5963 28258.6533  230.8908 -999.9000    0.0000    0.0000    9.3852   88.4341
  16.2153 28415.5327  230.0041 -999.9000    0.0000    0.0000    9.9932   88.4734
  15.8432 28572.4121  229.3563 -999.9000    0.0000    0.0000   10.6354   88.5095
  15.4798 28729.2915  229.2651 -999.9000    0.0000    0.0000   11.3242   88.5468
  15.1246 28886.1709  229.6915 -999.9000    0.0000    0.0000   11.9578   88.5881
  14.7769 29043.0503  230.0787 -999.9000    0.0000    0.0000   12.2725   88.6333
  14.4368 29199.9296  230.2625 -999.9000    0.0000    0.0000   12.2037   88.6841
  14.1043 29356.8090  230.3804 -999.9000    0.0000    0.0000   11.8331   88.7433
  13.7798 29513.6884  230.5756 -999.9000    0.0000    0.0000   11.2455   88.8140
  13.4633 29670.5678  230.9915 -999.9000    0.0000    0.0000   10.5253   88.8992
  13.1552 29827.4472  231.7715 -999.9000    0.0000    0.0000    9.7572   89.0018
  12.8555 29984.3266  233.0018 -999.9000    0.0000    0.0000    9.0238   89.1215
  12.5638 30141.2060  234.3700 -999.9000    0.0000    0.0000    8.3933   89.2343
  12.2794 30298.0854  235.3941 -999.9000    0.0000    0.0000    7.9281   89.3059
  12.0018 30454.9648  235.5914 -999.9000    0.0000    0.0000    7.6904   89.3022
  11.7304 30611.8442  234.7338 -999.9000    0.0000    0.0000    7.7015   89.2026
  11.4650 30768.7236  233.6329 -999.9000    0.0000    0.0000    7.8163   89.0420
  11.2056 30925.6030  233.3651 -999.9000    0.0000    0.0000    7.8475   88.8691
  10.9522 31082.4824  234.5820 -999.9000    0.0000    0.0000    7.6750   88.7216
  10.7056 31239.3618  236.1235 -999.9000    0.0000    0.0000    7.4682   88.5894
  10.4661 31396.2412  236.6713 -999.9000    0.0000    0.0000    7.4245   88.4534
  10.2318 31553.1206  236.3052 -999.9000    0.0000    0.0000    7.5295   88.3118
  10.0000 31710.0000  235.4801 -999.9000    0.0000    0.0000    7.7126   88.1674
