# 06610 LSMP Payerne Observations at 12Z 30 Jul 2008
# Radiosonde file generated by raso.rb
#
  P [hPa],     Z [m],    T [K],   Td [K],   RH [%], r [g/kg], WS [m/s], WD [deg]
 962.0000   491.0000  298.1902 -999.9000   66.0820   13.6900    2.1597   93.0543
 944.6891   647.8794  296.0682 -999.9000   67.6568   12.6302    4.5571   92.6754
 927.6873   804.7588  294.6226 -999.9000   79.3987   13.9071    2.1316   92.9144
 911.0964   961.6382  293.2822 -999.9000   79.8754   14.4362    0.3060   92.0428
 894.7070  1118.5176  292.3026 -999.9000   79.8920   14.3064    1.2102   90.9797
 878.5406  1275.3970  291.9679 -999.9000   79.9726   13.3485    2.1482   90.6229
 862.6769  1432.2764  290.5538 -999.9000   80.8977   13.5129    2.3401   90.4248
 846.9845  1589.1558  289.2790 -999.9000   80.2292   13.9027    3.9135   90.3491
 831.5533  1746.0352  288.9017 -999.9000   80.7156   13.2228    4.7709   90.3950
 816.3570  1902.9146  287.5601 -999.9000   80.6111   11.9693    5.8559   90.4496
 801.3249  2059.7940  285.9456 -999.9000   80.3370   11.5640    6.4636   90.4939
 786.5365  2216.6734  284.5703 -999.9000   80.1865   10.4184    7.2003   90.5367
 771.9169  2373.5528  283.3212 -999.9000   80.5762    8.7627    8.3841   90.5644
 757.5041  2530.4322  282.2513 -999.9000   80.4442    8.5006    8.9112   90.6155
 743.3854  2687.3116  281.6700 -999.9000   77.8004    7.5803    7.7999   90.6080
 729.2940  2844.1910  280.5945 -999.9000   60.4061    5.5688    7.5559   90.6173
 715.5826  3001.0704  279.5509 -999.9000   50.1426    4.3807    9.1369   90.6971
 702.0616  3157.9497  278.3758 -999.9000   51.6240    4.2344   10.4208   90.7782
 688.7126  3314.8291  276.9114 -999.9000   58.9451    4.4448   10.5131   90.8007
 675.5482  3471.7085  275.3017 -999.9000   68.2411    4.6752   10.7666   90.8205
 662.5494  3628.5879  273.8466 -999.9000   74.1833    4.6607   11.3776   90.8487
 649.7305  3785.4673  272.8621 -999.9000   67.3056    4.0055   11.6781   90.8627
 637.1240  3942.3467  272.0368 -999.9000   55.1690    3.1437   11.0052   90.9118
 624.7467  4099.2261  271.0528 -999.9000   50.1909    2.7055    9.4664   91.0167
 612.5275  4256.1055  270.0258 -999.9000   50.1228    2.5464    9.0440   91.0465
 600.5160  4412.9849  269.4534 -999.9000   38.2308    1.8919    9.3358   91.0390
 588.7253  4569.8643  268.8956 -999.9000   22.7751    1.0986    9.5328   91.0433
 577.1128  4726.7437  267.6420 -999.9000   18.1774    0.8108    9.5975   91.0483
 565.6299  4883.6231  266.8475 -999.9000   17.0451    0.7276    9.5753   91.0538
 554.4053  5040.5025  266.3291 -999.9000   13.5078    0.5634    8.9027   91.1400
 543.3471  5197.3819  265.6988 -999.9000   12.8482    0.5190    8.1414   91.2153
 532.4739  5354.2613  264.7198 -999.9000   22.2186    0.8459    8.5649   91.2112
 521.8251  5511.1407  263.7194 -999.9000   24.0675    0.8613    9.3386   91.1806
 511.3144  5668.0201  262.9766 -999.9000   14.1117    0.4842   10.0377   91.1583
 500.9731  5824.8995  261.6829 -999.9000   12.9958    0.4090   10.7576   91.1344
 490.8286  5981.7789  260.1183 -999.9000   18.4339    0.5200   10.9303   91.1143
 480.7236  6138.6583  259.0504 -999.9000   29.2845    0.7703   11.2815   91.0832
 470.8214  6295.5377  257.8066 -999.9000   31.5544    0.7621   11.3953   91.0728
 461.0900  6452.4171  256.4211 -999.9000   30.8891    0.6762   11.1320   90.9894
 451.4963  6609.2965  255.1592 -999.9000   32.0670    0.6422   10.1373   90.8335
 442.0676  6766.1759  254.1191 -999.9000   32.6446    0.6091    9.2585   90.7116
 432.8253  6923.0553  253.1851 -999.9000   32.3628    0.5674   10.1782   90.6964
 423.7241  7079.9347  251.8019 -999.9000   36.0752    0.5712   11.0673   90.7318
 414.7432  7236.8141  250.1153 -999.9000   41.3093    0.5742   10.8709   90.7585
 405.9174  7393.6935  249.1330 -999.9000   31.8837    0.4138   11.1019   90.7794
 397.1974  7550.5729  247.8530 -999.9000   27.2928    0.3219   11.3684   90.7881
 388.6475  7707.4523  246.4613 -999.9000   31.2233    0.3308   11.5083   90.8405
 380.2876  7864.3317  245.4415 -999.9000   34.8801    0.3433   11.7353   90.9010
 372.0784  8021.2111  244.6155 -999.9000   39.1578    0.3645   11.8752   90.8924
 363.9826  8178.0905  243.8093 -999.9000   45.2942    0.3994   11.7740   90.7526
 356.0087  8334.9698  242.9393 -999.9000   54.5494    0.4529   11.7429   90.7678
 348.2042  8491.8492  242.0246 -999.9000   60.6858    0.5188   12.3290   91.3797
 340.5609  8648.7286  241.1484 -999.9000   65.0867    0.5272   12.5455   91.7004
 333.0575  8805.6080  240.2606 -999.9000   65.6986    0.4852   12.4705   91.6152
 325.6771  8962.4874  239.2614 -999.9000   65.1269    0.4338   12.7502   91.4555
 318.4095  9119.3668  238.0348 -999.9000   65.9210    0.3977   13.6537   91.4682
 311.2701  9276.2462  236.3714 -999.9000   60.8115    0.3338   13.7954   91.4746
 304.2599  9433.1256  234.7733 -999.9000   55.6237    0.2938   14.0029   91.4194
 297.3812  9590.0050  233.6626 -999.9000   50.7742    0.2688   14.4681   91.3896
 290.6045  9746.8844  232.3903 -999.9000   45.5593    0.2331   14.7799   91.3805
 283.9369  9903.7638  230.9691 -999.9000   45.8593    0.2031   15.1412   91.3479
 277.3870 10060.6432  229.4448 -999.9000   45.7108    0.1789   15.5147   91.3074
 270.9631 10217.5226  227.8577 -999.9000   45.6485    0.1538   15.7680   91.2950
 264.6694 10374.4020  226.2824 -999.9000   45.7587    0.1244   15.8115   91.3378
 258.4744 10531.2814  225.0260 -999.9000   45.2660    0.1097   15.9461   91.3756
 252.3757 10688.1608  223.9709 -999.9000   45.5819    0.1034   16.2009   91.3933
 246.3812 10845.0402  222.8887 -999.9000   40.2935    0.0916   16.4943   91.3978
 240.4896 11001.9196  221.6721 -999.9000   35.7288    0.0742   16.7734   91.3965
 234.6950 11158.7990  220.3166 -999.9000   35.9808    0.0604   17.0087   91.3968
 229.0082 11315.6784  218.9185 -999.9000   35.5214    0.0528   17.1944   91.3986
 223.4492 11472.5578  217.6254 -999.9000   34.9907    0.0500   17.3368   91.3982
 218.0236 11629.4372  216.4135 -999.9000   30.1393    0.0480   17.1541   91.4126
 212.6609 11786.3166  214.7338 -999.9000   25.6161    0.0350   15.4959   91.5070
 207.3913 11943.1960  213.8974 -999.9000   23.7793    0.0295   14.3419   91.4951
 202.2510 12100.0754  214.5987 -999.9000   18.0105    0.0410   14.0636   91.5711
 197.2536 12256.9548  215.9960 -999.9000    9.0997    0.0304   12.0914   92.1270
 192.4469 12413.8342  218.3877 -999.9000    2.6457    0.0062   12.5701   91.9985
 187.8076 12570.7136  218.2026 -999.9000    0.2370    0.0003   12.8410   91.9213
 183.2603 12727.5930  216.9652 -999.9000    0.2955    0.0003   12.5764   91.8946
 178.8033 12884.4724  216.5500 -999.9000    0.0000    0.0000   12.3700   91.8603
 174.4458 13041.3518  216.9504 -999.9000    0.0133    0.0000   12.5284   91.7991
 170.1876 13198.2312  217.1723 -999.9000    0.0000    0.0000   13.0775   91.6668
 166.0391 13355.1106  217.3361 -999.9000    0.0000    0.0000   13.7194   91.5392
 162.0101 13511.9899  216.9543 -999.9000    0.0002    0.0000   14.0386   91.4198
 158.0706 13668.8693  215.9628 -999.9000    0.0000    0.0000   13.6735   91.3880
 154.1974 13825.7487  215.0811 -999.9000    0.0000    0.0000   12.5280   91.4693
 150.4126 13982.6281  215.0043 -999.9000    0.0000    0.0000   10.6272   91.5650
 146.7292 14139.5075  215.9217 -999.9000    0.0000    0.0000   10.5592   91.5673
 143.1108 14296.3869  214.1316 -999.9000    0.0000    0.0000   10.4848   91.5696
 139.5597 14453.2663  216.5360 -999.9000    0.0000    0.0000   10.4555   91.5684
 136.1266 14610.1457  214.1864 -999.9000    0.0000    0.0000   10.4464   91.5540
 132.7619 14767.0251  213.3032 -999.9000    0.0000    0.0000   10.4393   91.5347
 129.4754 14923.9045  214.2897 -999.9000    0.0000    0.0000   10.4285   91.5197
 126.2897 15080.7839  215.3881 -999.9000    0.0000    0.0000   10.4054   91.5108
 123.1790 15237.6633  216.6107 -999.9000    0.0000    0.0000   10.4084   91.4644
 120.1481 15394.5427  217.0808 -999.9000    0.0000    0.0000   10.2516   91.3748
 117.2138 15551.4221  216.4353 -999.9000    0.0000    0.0000    9.8754   91.2661
 114.3435 15708.3015  216.3408 -999.9000    0.0000    0.0000    9.5376   91.1464
 111.5416 15865.1809  216.0982 -999.9000    0.0000    0.0000    8.9408   91.1933
 108.8149 16022.0603  217.4126 -999.9000    0.0000    0.0000    8.1111   91.4869
 106.1648 16178.9397  217.4677 -999.9000    0.0000    0.0000    7.6352   91.3484
 103.5767 16335.8191  217.1013 -999.9000    0.0000    0.0000    6.1913   91.9971
 101.0524 16492.6985  219.1455 -999.9000    0.0000    0.0000    1.7018   90.4089
  98.6148 16649.5779  217.7512 -999.9000    0.0000    0.0000    0.9162   90.4014
  96.2203 16806.4573  217.0068 -999.9000    0.0000    0.0000    0.0811   90.4014
  93.8688 16963.3367  216.2847 -999.9000    0.0000    0.0000    1.1567   90.4014
  91.5836 17120.2161  216.1561 -999.9000    0.0000    0.0000    2.0199   90.4014
  89.3567 17277.0955  216.1240 -999.9000    0.0000    0.0000    2.6516   90.4014
  87.1784 17433.9749  215.6404 -999.9000    0.0000    0.0000    3.3489   90.3927
  85.0453 17590.8543  214.8174 -999.9000    0.0000    0.0000    4.2787   90.0754
  82.9608 17747.7337  214.4783 -999.9000    0.0000    0.0000    5.4679   90.9865
  80.9282 17904.6131  215.1065 -999.9000    0.0000    0.0000    6.6332   90.6807
  78.9484 18061.4925  215.7324 -999.9000    0.0000    0.0000    6.5461   90.4907
  77.0217 18218.3719  216.3868 -999.9000    0.0000    0.0000    5.6097   90.6714
  75.1483 18375.2513  217.4268 -999.9000    0.0000    0.0000    4.6781   90.9237
  73.3271 18532.1307  218.5111 -999.9000    0.0000    0.0000    4.0818   91.0464
  71.5556 18689.0101  218.6201 -999.9000    0.0000    0.0000    3.6422   90.9336
  69.8260 18845.8894  217.4892 -999.9000    0.0000    0.0000    3.0528   91.0562
  68.1227 19002.7688  217.1849 -999.9000    0.0000    0.0000    1.9465   91.7656
  66.4601 19159.6482  217.5226 -999.9000    0.0000    0.0000    0.9537   89.5288
  64.8418 19316.5276  217.9961 -999.9000    0.0000    0.0000    0.6842   87.4851
  63.2670 19473.4070  218.3918 -999.9000    0.0000    0.0000    1.2678   87.9468
  61.7318 19630.2864  218.9479 -999.9000    0.0000    0.0000    1.8956   88.3028
  60.2355 19787.1658  219.1585 -999.9000    0.0000    0.0000    2.6805   88.5476
  58.7762 19944.0452  218.8635 -999.9000    0.0000    0.0000    3.5625   88.9105
  57.3501 20100.9246  218.4892 -999.9000    0.0000    0.0000    4.0367   89.0671
  55.9562 20257.8040  218.2301 -999.9000    0.0000    0.0000    4.0056   88.9446
  54.5968 20414.6834  218.0067 -999.9000    0.0000    0.0000    3.8340   88.7725
  53.2731 20571.5628  217.9710 -999.9000    0.0000    0.0000    3.6848   88.6461
  51.9860 20728.4422  218.4342 -999.9000    0.0000    0.0000    3.5746   88.5640
  50.7361 20885.3216  219.7098 -999.9000    0.0000    0.0000    3.5173   88.5228
  49.5229 21042.2010  221.5094 -999.9000    0.0000    0.0000    3.4962   88.5126
  48.3394 21199.0804  220.9234 -999.9000    0.0000    0.0000    3.8603   88.5757
  47.1874 21355.9598  221.0278 -999.9000    0.0000    0.0000    5.0080   88.7747
  46.0647 21512.8392  221.4605 -999.9000    0.0000    0.0000    6.0544   88.9472
  44.9691 21669.7186  221.7421 -999.9000    0.0000    0.0000    6.2672   88.9570
  43.8989 21826.5980  221.8089 -999.9000    0.0000    0.0000    5.8789   88.8369
  42.8525 21983.4774  221.7211 -999.9000    0.0000    0.0000    5.4063   88.6697
  41.8295 22140.3568  221.5262 -999.9000    0.0000    0.0000    5.1386   88.5214
  40.8309 22297.2362  221.2522 -999.9000    0.0000    0.0000    5.0136   88.4316
  39.8584 22454.1156  220.9276 -999.9000    0.0000    0.0000    4.9398   88.4374
  38.9104 22610.9950  221.3787 -999.9000    0.0000    0.0000    5.0653   88.5046
  37.9838 22767.8744  222.6983 -999.9000    0.0000    0.0000    5.4466   88.5579
  37.0791 22924.7538  223.4496 -999.9000    0.0000    0.0000    5.7525   88.6106
  36.1962 23081.6332  223.6010 -999.9000    0.0000    0.0000    5.9672   88.6649
  35.3349 23238.5126  223.3699 -999.9000    0.0000    0.0000    6.1304   88.7211
  34.4951 23395.3920  222.9733 -999.9000    0.0000    0.0000    6.2823   88.7793
  33.6765 23552.2714  222.6284 -999.9000    0.0000    0.0000    6.4625   88.8396
  32.8792 23709.1508  222.5524 -999.9000    0.0000    0.0000    6.7113   88.9021
  32.1025 23866.0302  222.8867 -999.9000    0.0000    0.0000    7.0412   88.9664
  31.3447 24022.9095  223.4934 -999.9000    0.0000    0.0000    7.3643   89.0294
  30.6036 24179.7889  224.1698 -999.9000    0.0000    0.0000    7.5696   89.0878
  29.8779 24336.6683  224.6880 -999.9000    0.0000    0.0000    7.5656   89.1301
  29.1715 24493.5477  224.7582 -999.9000    0.0000    0.0000    7.4571   89.0898
  28.4842 24650.4271  224.6277 -999.9000    0.0000    0.0000    7.2971   88.9796
  27.8138 24807.3065  224.6648 -999.9000    0.0000    0.0000    7.1000   88.8366
  27.1583 24964.1859  225.2363 -999.9000    0.0000    0.0000    6.8797   88.6979
  26.5173 25121.0653  226.4035 -999.9000    0.0000    0.0000    6.6570   88.5852
  25.8939 25277.9447  227.5789 -999.9000    0.0000    0.0000    6.4664   88.4883
  25.2914 25434.8241  228.0921 -999.9000    0.0000    0.0000    6.3449   88.3927
  24.7096 25591.7035  227.5773 -999.9000    0.0000    0.0000    6.3735   88.3136
  24.1354 25748.5829  227.0202 -999.9000    0.0000    0.0000    6.7133   88.3442
  23.5706 25905.4623  226.7542 -999.9000    0.0000    0.0000    7.2664   88.4419
  23.0189 26062.3417  226.9889 -999.9000    0.0000    0.0000    7.9079   88.5480
  22.4826 26219.2211  227.7900 -999.9000    0.0000    0.0000    8.5372   88.6216
  21.9608 26376.1005  228.8519 -999.9000    0.0000    0.0000    9.1157   88.6692
  21.4521 26532.9799  229.8105 -999.9000    0.0000    0.0000    9.6153   88.7041
  20.9548 26689.8593  230.3010 -999.9000    0.0000    0.0000   10.0072   88.7401
  20.4676 26846.7387  229.9589 -999.9000    0.0000    0.0000   10.2632   88.7908
  19.9891 27003.6181  228.4552 -999.9000    0.0000    0.0000   10.3480   88.8671
  19.5243 27160.4975  227.5117 -999.9000    0.0000    0.0000    9.8996   88.8331
  19.0752 27317.3769  227.9161 -999.9000    0.0000    0.0000    8.9901   88.6652
  18.6391 27474.2563  229.0885 -999.9000    0.0000    0.0000    8.0139   88.4541
  18.2135 27631.1357  230.4489 -999.9000    0.0000    0.0000    7.3655   88.2905
  17.7959 27788.0151  231.4265 -999.9000    0.0000    0.0000    7.4164   88.2601
  17.3864 27944.8945  231.6747 -999.9000    0.0000    0.0000    7.9876   88.3267
  16.9866 28101.7739  231.2201 -999.9000    0.0000    0.0000    8.5979   88.3867
  16.5963 28258.6533  230.3596 -999.9000    0.0000    0.0000    9.2126   88.4341
  16.2153 28415.5327  229.4177 -999.9000    0.0000    0.0000    9.8460   88.4734
  15.8432 28572.4121  228.7184 -999.9000    0.0000    0.0000   10.5128   88.5095
  15.4798 28729.2915  228.5801 -999.9000    0.0000    0.0000   11.2254   88.5468
  15.1246 28886.1709  228.9643 -999.9000    0.0000    0.0000   11.8814   88.5881
  14.7769 29043.0503  229.3148 -999.9000    0.0000    0.0000   12.2170   88.6333
  14.4368 29199.9296  229.4678 -999.9000    0.0000    0.0000   12.1673   88.6841
  14.1043 29356.8090  229.5613 -999.9000    0.0000    0.0000   11.8138   88.7433
  13.7798 29513.6884  229.7393 -999.9000    0.0000    0.0000   11.2409   88.8140
  13.4633 29670.5678  230.1454 -999.9000    0.0000    0.0000   10.5328   88.8992
  13.1552 29827.4472  230.9235 -999.9000    0.0000    0.0000    9.7740   89.0018
  12.8555 29984.3266  232.1607 -999.9000    0.0000    0.0000    9.0468   89.1215
  12.5638 30141.2060  233.5447 -999.9000    0.0000    0.0000    8.4191   89.2343
  12.2794 30298.0854  234.5943 -999.9000    0.0000    0.0000    7.9530   89.3059
  12.0018 30454.9648  234.8272 -999.9000    0.0000    0.0000    7.7105   89.3022
  11.7304 30611.8442  234.0160 -999.9000    0.0000    0.0000    7.7126   89.2026
  11.4650 30768.7236  232.9725 -999.9000    0.0000    0.0000    7.8139   89.0420
  11.2056 30925.6030  232.7739 -999.9000    0.0000    0.0000    7.8269   88.8691
  10.9522 31082.4824  234.0723 -999.9000    0.0000    0.0000    7.6311   88.7216
  10.7056 31239.3618  235.7080 -999.9000    0.0000    0.0000    7.3960   88.5894
  10.4661 31396.2412  236.3632 -999.9000    0.0000    0.0000    7.3183   88.4534
  10.2318 31553.1206  236.1184 -999.9000    0.0000    0.0000    7.3835   88.3118
  10.0000 31710.0000  235.4289 -999.9000    0.0000    0.0000    7.5208   88.1674
