# 06610 LSMP Payerne Observations at 12Z 30 Jul 2008
# Radiosonde file generated by raso.rb
#
  P [hPa],     Z [m],    T [K],   Td [K],   RH [%], r [g/kg], WS [m/s], WD [deg]
 962.0000   491.0000  297.8627 -999.9000   66.2312   13.6900    1.8606   93.0543
 944.6891   647.8794  295.8685 -999.9000   67.8123   12.6302    4.2888   92.6754
 927.6873   804.7588  294.5388 -999.9000   79.5826   13.9071    1.8913   92.9144
 911.0964   961.6382  293.3026 -999.9000   80.0600   14.4362    0.0911   92.0428
 894.7070  1118.5176  292.4160 -999.9000   80.0745   14.3064    1.0182   90.9797
 878.5406  1275.3970  292.1635 -999.9000   80.1515   13.3485    1.9765   90.6229
 862.6769  1432.2764  290.8212 -999.9000   81.0731   13.5129    2.1863   90.4248
 846.9845  1589.1558  289.6082 -999.9000   80.3964   13.9027    3.7754   90.3491
 831.5533  1746.0352  289.2831 -999.9000   80.8754   13.2228    4.6463   90.3950
 816.3570  1902.9146  287.9847 -999.9000   80.7611   11.9693    5.7427   90.4496
 801.3249  2059.7940  286.4044 -999.9000   80.4756   11.5640    6.3598   90.4939
 786.5365  2216.6734  285.0550 -999.9000   80.3130   10.4184    7.1040   90.5367
 771.9169  2373.5528  283.8238 -999.9000   80.6903    8.7627    8.2934   90.5644
 757.5041  2530.4322  282.7643 -999.9000   80.5441    8.5006    8.8245   90.6155
 743.3854  2687.3116  282.1862 -999.9000   77.8827    7.5803    7.7156   90.6080
 729.2940  2844.1910  281.1071 -999.9000   60.4581    5.5688    7.4724   90.6173
 715.5826  3001.0704  280.0536 -999.9000   50.1756    4.3807    9.0527   90.6971
 702.0616  3157.9497  278.8626 -999.9000   51.6471    4.2344   10.3346   90.7782
 688.7126  3314.8291  277.3767 -999.9000   58.9585    4.4448   10.4238   90.8007
 675.5482  3471.7085  275.7405 -999.9000   68.2413    4.6752   10.6729   90.8205
 662.5494  3628.5879  274.2541 -999.9000   74.1666    4.6607   11.2784   90.8487
 649.7305  3785.4673  273.2339 -999.9000   67.2748    4.0055   11.5726   90.8627
 637.1240  3942.3467  272.3690 -999.9000   55.1308    3.1437   10.8924   90.9118
 624.7467  4099.2261  271.3419 -999.9000   50.1442    2.7055    9.3455   91.0167
 612.5275  4256.1055  270.2686 -999.9000   50.0643    2.5464    8.9145   91.0465
 600.5160  4412.9849  269.6472 -999.9000   38.1771    1.8919    9.1970   91.0390
 588.7253  4569.8643  269.0381 -999.9000   22.7378    1.0986    9.3842   91.0433
 577.1128  4726.7437  267.7312 -999.9000   18.1434    0.8108    9.4387   91.0483
 565.6299  4883.6231  266.8820 -999.9000   17.0093    0.7276    9.4060   91.0538
 554.4053  5040.5025  266.3077 -999.9000   13.4764    0.5634    8.7228   91.1400
 543.3471  5197.3819  265.6209 -999.9000   12.8155    0.5190    7.9507   91.2153
 532.4739  5354.2613  264.5850 -999.9000   22.1575    0.8459    8.3634   91.2112
 521.8251  5511.1407  263.5278 -999.9000   23.9964    0.8613    9.1264   91.1806
 511.3144  5668.0201  262.7287 -999.9000   14.0673    0.4842    9.8149   91.1583
 500.9731  5824.8995  261.3797 -999.9000   12.9525    0.4090   10.5246   91.1344
 490.8286  5981.7789  259.7610 -999.9000   18.3693    0.5200   10.6873   91.1143
 480.7236  6138.6583  258.6408 -999.9000   29.1771    0.7703   11.0290   91.0832
 470.8214  6295.5377  257.3467 -999.9000   31.4341    0.7621   11.1340   91.0728
 461.0900  6452.4171  255.9135 -999.9000   30.7673    0.6762   10.8624   90.9894
 451.4963  6609.2965  254.6068 -999.9000   31.9368    0.6422    9.8602   90.8335
 442.0676  6766.1759  253.5252 -999.9000   32.5087    0.6091    8.9747   90.7116
 432.8253  6923.0553  252.5535 -999.9000   32.2254    0.5674    9.8886   90.6964
 423.7241  7079.9347  251.1368 -999.9000   35.9197    0.5712   10.7729   90.7318
 414.7432  7236.8141  249.4211 -999.9000   41.1294    0.5742   10.5729   90.7585
 405.9174  7393.6935  248.4147 -999.9000   31.7441    0.4138   10.8015   90.7794
 397.1974  7550.5729  247.1159 -999.9000   27.1732    0.3219   11.0669   90.7881
 388.6475  7707.4523  245.7105 -999.9000   31.0870    0.3308   11.2070   90.8405
 380.2876  7864.3317  244.6819 -999.9000   34.7292    0.3433   11.4353   90.9010
 372.0784  8021.2111  243.8518 -999.9000   38.9907    0.3645   11.5775   90.8924
 363.9826  8178.0905  243.0457 -999.9000   45.1044    0.3994   11.4796   90.7526
 356.0087  8334.9698  242.1797 -999.9000   54.3258    0.4529   11.4526   90.7678
 348.2042  8491.8492  241.2727 -999.9000   60.4437    0.5188   12.0437   91.3797
 340.5609  8648.7286  240.4075 -999.9000   64.8351    0.5272   12.2658   91.7004
 333.0575  8805.6080  239.5338 -999.9000   65.4536    0.4852   12.1969   91.6152
 325.6771  8962.4874  238.5513 -999.9000   64.8938    0.4338   12.4833   91.4555
 318.4095  9119.3668  237.3439 -999.9000   65.6957    0.3977   13.3938   91.4682
 311.2701  9276.2462  235.7018 -999.9000   60.6142    0.3338   13.5428   91.4746
 304.2599  9433.1256  234.1267 -999.9000   55.4534    0.2938   13.7577   91.4194
 297.3812  9590.0050  233.0405 -999.9000   50.6284    0.2688   14.2304   91.3896
 290.6045  9746.8844  231.7939 -999.9000   45.4376    0.2331   14.5497   91.3805
 283.9369  9903.7638  230.3992 -999.9000   45.7463    0.2031   14.9185   91.3479
 277.3870 10060.6432  228.9020 -999.9000   45.6077    0.1789   15.2991   91.3074
 270.9631 10217.5226  227.3422 -999.9000   45.5554    0.1538   15.5593   91.2950
 264.6694 10374.4020  225.7941 -999.9000   45.6754    0.1244   15.6093   91.3378
 258.4744 10531.2814  224.5646 -999.9000   45.1937    0.1097   15.7498   91.3756
 252.3757 10688.1608  223.5357 -999.9000   45.5193    0.1034   16.0099   91.3933
 246.3812 10845.0402  222.4786 -999.9000   40.2471    0.0916   16.3080   91.3978
 240.4896 11001.9196  221.2860 -999.9000   35.6956    0.0742   16.5910   91.3965
 234.6950 11158.7990  219.9529 -999.9000   35.9553    0.0604   16.8293   91.3968
 229.0082 11315.6784  218.5760 -999.9000   35.5041    0.0528   17.0174   91.3986
 223.4492 11472.5578  217.3030 -999.9000   34.9812    0.0500   17.1616   91.3982
 218.0236 11629.4372  216.1099 -999.9000   30.1375    0.0480   16.9801   91.4126
 212.6609 11786.3166  214.4481 -999.9000   25.6199    0.0350   15.3226   91.5070
 207.3913 11943.1960  213.6285 -999.9000   23.7876    0.0295   14.1690   91.4951
 202.2510 12100.0754  214.3458 -999.9000   18.0203    0.0410   13.8909   91.5711
 197.2536 12256.9548  215.7583 -999.9000    9.1064    0.0304   11.9185   92.1270
 192.4469 12413.8342  218.1644 -999.9000    2.6481    0.0062   12.3971   91.9985
 187.8076 12570.7136  217.9931 -999.9000    0.2373    0.0003   12.6677   91.9213
 183.2603 12727.5930  216.7690 -999.9000    0.2959    0.0003   12.4030   91.8946
 178.8033 12884.4724  216.3664 -999.9000    0.0000    0.0000   12.1965   91.8603
 174.4458 13041.3518  216.7792 -999.9000    0.0133    0.0000   12.3551   91.7991
 170.1876 13198.2312  217.0131 -999.9000    0.0000    0.0000   12.9046   91.6668
 166.0391 13355.1106  217.1886 -999.9000    0.0000    0.0000   13.5474   91.5392
 162.0101 13511.9899  216.8184 -999.9000    0.0002    0.0000   13.8679   91.4198
 158.0706 13668.8693  215.8384 -999.9000    0.0000    0.0000   13.5047   91.3880
 154.1974 13825.7487  214.9681 -999.9000    0.0000    0.0000   12.3617   91.4693
 150.4126 13982.6281  214.9029 -999.9000    0.0000    0.0000   10.4640   91.5650
 146.7292 14139.5075  215.8320 -999.9000    0.0000    0.0000   10.4000   91.5673
 143.1108 14296.3869  214.0538 -999.9000    0.0000    0.0000   10.3305   91.5696
 139.5597 14453.2663  216.4704 -999.9000    0.0000    0.0000   10.3070   91.5684
 136.1266 14610.1457  214.1333 -999.9000    0.0000    0.0000   10.3046   91.5540
 132.7619 14767.0251  213.2630 -999.9000    0.0000    0.0000   10.3049   91.5347
 129.4754 14923.9045  214.2628 -999.9000    0.0000    0.0000   10.3020   91.5197
 126.2897 15080.7839  215.3750 -999.9000    0.0000    0.0000   10.2872   91.5108
 123.1790 15237.6633  216.6117 -999.9000    0.0000    0.0000   10.2987   91.4644
 120.1481 15394.5427  217.0964 -999.9000    0.0000    0.0000   10.1504   91.3748
 117.2138 15551.4221  216.4659 -999.9000    0.0000    0.0000    9.7825   91.2661
 114.3435 15708.3015  216.3869 -999.9000    0.0000    0.0000    9.4526   91.1464
 111.5416 15865.1809  216.1603 -999.9000    0.0000    0.0000    8.8632   91.1933
 108.8149 16022.0603  217.4912 -999.9000    0.0000    0.0000    8.0402   91.4869
 106.1648 16178.9397  217.5633 -999.9000    0.0000    0.0000    7.5700   91.3484
 103.5767 16335.8191  217.2145 -999.9000    0.0000    0.0000    6.1308   91.9971
 101.0524 16492.6985  219.2768 -999.9000    0.0000    0.0000    1.6447   90.4089
  98.6148 16649.5779  217.9011 -999.9000    0.0000    0.0000    0.8611   90.4014
  96.2203 16806.4573  217.1760 -999.9000    0.0000    0.0000    0.0263   90.4014
  93.8688 16963.3367  216.4738 -999.9000    0.0000    0.0000    1.1005   90.4014
  91.5836 17120.2161  216.3656 -999.9000    0.0000    0.0000    1.9602   90.4014
  89.3567 17277.0955  216.3547 -999.9000    0.0000    0.0000    2.5863   90.4014
  87.1784 17433.9749  215.8929 -999.9000    0.0000    0.0000    3.2757   90.3927
  85.0453 17590.8543  215.0924 -999.9000    0.0000    0.0000    4.1951   90.0754
  82.9608 17747.7337  214.7764 -999.9000    0.0000    0.0000    5.3711   90.9865
  80.9282 17904.6131  215.4285 -999.9000    0.0000    0.0000    6.5203   90.6807
  78.9484 18061.4925  216.0789 -999.9000    0.0000    0.0000    6.4144   90.4907
  77.0217 18218.3719  216.7580 -999.9000    0.0000    0.0000    5.4568   90.6714
  75.1483 18375.2513  217.8230 -999.9000    0.0000    0.0000    4.5020   90.9237
  73.3271 18532.1307  218.9319 -999.9000    0.0000    0.0000    3.8807   91.0464
  71.5556 18689.0101  219.0651 -999.9000    0.0000    0.0000    3.4151   90.9336
  69.8260 18845.8894  217.9576 -999.9000    0.0000    0.0000    2.7987   91.0562
  68.1227 19002.7688  217.6758 -999.9000    0.0000    0.0000    1.6649   91.7656
  66.4601 19159.6482  218.0347 -999.9000    0.0000    0.0000    0.6446   89.5288
  64.8418 19316.5276  218.5277 -999.9000    0.0000    0.0000    0.3479   87.4851
  63.2670 19473.4070  218.9412 -999.9000    0.0000    0.0000    0.9050   87.9468
  61.7318 19630.2864  219.5131 -999.9000    0.0000    0.0000    1.5075   88.3028
  60.2355 19787.1658  219.7371 -999.9000    0.0000    0.0000    2.2686   88.5476
  58.7762 19944.0452  219.4527 -999.9000    0.0000    0.0000    3.1286   88.9105
  57.3501 20100.9246  219.0863 -999.9000    0.0000    0.0000    3.5832   89.0671
  55.9562 20257.8040  218.8319 -999.9000    0.0000    0.0000    3.5350   88.9446
  54.5968 20414.6834  218.6097 -999.9000    0.0000    0.0000    3.3495   88.7725
  53.2731 20571.5628  218.5717 -999.9000    0.0000    0.0000    3.1898   88.6461
  51.9860 20728.4422  219.0284 -999.9000    0.0000    0.0000    3.0730   88.5640
  50.7361 20885.3216  220.2935 -999.9000    0.0000    0.0000    3.0133   88.5228
  49.5229 21042.2010  222.0780 -999.9000    0.0000    0.0000    2.9944   88.5126
  48.3394 21199.0804  221.4721 -999.9000    0.0000    0.0000    3.3658   88.5757
  47.1874 21355.9598  221.5516 -999.9000    0.0000    0.0000    4.5262   88.7747
  46.0647 21512.8392  221.9544 -999.9000    0.0000    0.0000    5.5908   88.9472
  44.9691 21669.7186  222.2016 -999.9000    0.0000    0.0000    5.8269   88.9570
  43.8989 21826.5980  222.2302 -999.9000    0.0000    0.0000    5.4668   88.8369
  42.8525 21983.4774  222.1010 -999.9000    0.0000    0.0000    5.0267   88.6697
  41.8295 22140.3568  221.8620 -999.9000    0.0000    0.0000    4.7955   88.5214
  40.8309 22297.2362  221.5416 -999.9000    0.0000    0.0000    4.7107   88.4316
  39.8584 22454.1156  221.1692 -999.9000    0.0000    0.0000    4.6804   88.4374
  38.9104 22610.9950  221.5715 -999.9000    0.0000    0.0000    4.8520   88.5046
  37.9838 22767.8744  222.8418 -999.9000    0.0000    0.0000    5.2821   88.5579
  37.0791 22924.7538  223.5441 -999.9000    0.0000    0.0000    5.6388   88.6106
  36.1962 23081.6332  223.6472 -999.9000    0.0000    0.0000    5.9060   88.6649
  35.3349 23238.5126  223.3692 -999.9000    0.0000    0.0000    6.1231   88.7211
  34.4951 23395.3920  222.9276 -999.9000    0.0000    0.0000    6.3297   88.7793
  33.6765 23552.2714  222.5403 -999.9000    0.0000    0.0000    6.5652   88.8396
  32.8792 23709.1508  222.4249 -999.9000    0.0000    0.0000    6.8695   88.9021
  32.1025 23866.0302  222.7235 -999.9000    0.0000    0.0000    7.2546   88.9664
  31.3447 24022.9095  223.2987 -999.9000    0.0000    0.0000    7.6324   89.0294
  30.6036 24179.7889  223.9484 -999.9000    0.0000    0.0000    7.8913   89.0878
  29.8779 24336.6683  224.4454 -999.9000    0.0000    0.0000    7.9397   89.1301
  29.1715 24493.5477  224.5003 -999.9000    0.0000    0.0000    7.8817   89.0898
  28.4842 24650.4271  224.3611 -999.9000    0.0000    0.0000    7.7700   88.9796
  27.8138 24807.3065  224.3966 -999.9000    0.0000    0.0000    7.6187   88.8366
  27.1583 24964.1859  224.9739 -999.9000    0.0000    0.0000    7.4415   88.6979
  26.5173 25121.0653  226.1539 -999.9000    0.0000    0.0000    7.2589   88.5852
  25.8939 25277.9447  227.3485 -999.9000    0.0000    0.0000    7.1055   88.4883
  25.2914 25434.8241  227.8870 -999.9000    0.0000    0.0000    7.0182   88.3927
  24.7096 25591.7035  227.4029 -999.9000    0.0000    0.0000    7.0780   88.3136
  24.1354 25748.5829  226.8816 -999.9000    0.0000    0.0000    7.4459   88.3442
  23.5706 25905.4623  226.6559 -999.9000    0.0000    0.0000    8.0239   88.4419
  23.0189 26062.3417  226.9348 -999.9000    0.0000    0.0000    8.6872   88.5480
  22.4826 26219.2211  227.7837 -999.9000    0.0000    0.0000    9.3350   88.6216
  21.9608 26376.1005  228.8965 -999.9000    0.0000    0.0000    9.9287   88.6692
  21.4521 26532.9799  229.9084 -999.9000    0.0000    0.0000   10.4401   88.7041
  20.9548 26689.8593  230.4543 -999.9000    0.0000    0.0000   10.8405   88.7401
  20.4676 26846.7387  230.1691 -999.9000    0.0000    0.0000   11.1015   88.7908
  19.9891 27003.6181  228.7234 -999.9000    0.0000    0.0000   11.1878   88.8671
  19.5243 27160.4975  227.8383 -999.9000    0.0000    0.0000   10.7374   88.8331
  19.0752 27317.3769  228.3013 -999.9000    0.0000    0.0000    9.8223   88.6652
  18.6391 27474.2563  229.5317 -999.9000    0.0000    0.0000    8.8368   88.4541
  18.2135 27631.1357  230.9493 -999.9000    0.0000    0.0000    8.1755   88.2905
  17.7959 27788.0151  231.9827 -999.9000    0.0000    0.0000    8.2097   88.2601
  17.3864 27944.8945  232.2846 -999.9000    0.0000    0.0000    8.7604   88.3267
  16.9866 28101.7739  231.8813 -999.9000    0.0000    0.0000    9.3464   88.3867
  16.5963 28258.6533  231.0693 -999.9000    0.0000    0.0000    9.9328   88.4341
  16.2153 28415.5327  230.1724 -999.9000    0.0000    0.0000   10.5341   88.4734
  15.8432 28572.4121  229.5142 -999.9000    0.0000    0.0000   11.1647   88.5095
  15.4798 28729.2915  229.4126 -999.9000    0.0000    0.0000   11.8370   88.5468
  15.1246 28886.1709  229.8287 -999.9000    0.0000    0.0000   12.4486   88.5881
  14.7769 29043.0503  230.2055 -999.9000    0.0000    0.0000   12.7358   88.6333
  14.4368 29199.9296  230.3790 -999.9000    0.0000    0.0000   12.6335   88.6841
  14.1043 29356.8090  230.4867 -999.9000    0.0000    0.0000   12.2230   88.7433
  13.7798 29513.6884  230.6718 -999.9000    0.0000    0.0000   11.5889   88.8140
  13.4633 29670.5678  231.0778 -999.9000    0.0000    0.0000   10.8153   88.8992
  13.1552 29827.4472  231.8479 -999.9000    0.0000    0.0000    9.9865   89.0018
  12.8555 29984.3266  233.0687 -999.9000    0.0000    0.0000    9.1848   89.1215
  12.5638 30141.2060  234.4275 -999.9000    0.0000    0.0000    8.4782   89.2343
  12.2794 30298.0854  235.4425 -999.9000    0.0000    0.0000    7.9286   89.3059
  12.0018 30454.9648  235.6309 -999.9000    0.0000    0.0000    7.5980   89.3022
  11.7304 30611.8442  234.7648 -999.9000    0.0000    0.0000    7.5074   89.2026
  11.4650 30768.7236  233.6557 -999.9000    0.0000    0.0000    7.5113   89.0420
  11.2056 30925.6030  233.3800 -999.9000    0.0000    0.0000    7.4221   88.8691
  10.9522 31082.4824  234.5896 -999.9000    0.0000    0.0000    7.1194   88.7216
  10.7056 31239.3618  236.1241 -999.9000    0.0000    0.0000    6.7723   88.5894
  10.4661 31396.2412  236.6653 -999.9000    0.0000    0.0000    6.5779   88.4534
  10.2318 31553.1206  236.2933 -999.9000    0.0000    0.0000    6.5215   88.3118
  10.0000 31710.0000  235.4626 -999.9000    0.0000    0.0000    6.5320   88.1674
