# 06610 LSMP Payerne Observations at 12Z 30 Jul 2008
# Radiosonde file generated by raso.rb
#
  P [hPa],     Z [m],    T [K],   Td [K],   RH [%], r [g/kg], WS [m/s], WD [deg]
 962.0000   491.0000  298.0121 -999.9000   66.2363   13.6900    1.8768   93.0543
 944.6891   647.8794  295.9630 -999.9000   67.7778   12.6302    4.3683   92.6754
 927.6873   804.7588  294.5826 -999.9000   79.5004   13.9071    2.0317   92.9144
 911.0964   961.6382  293.2999 -999.9000   79.9399   14.4362    0.2898   92.0428
 894.7070  1118.5176  292.3707 -999.9000   79.9214   14.3064    1.2727   90.9797
 878.5406  1275.3970  292.0797 -999.9000   79.9696   13.3485    2.2844   90.6229
 862.6769  1432.2764  290.7024 -999.9000   80.8644   13.5129    2.5452   90.4248
 846.9845  1589.1558  289.4581 -999.9000   80.1687   13.9027    4.1828   90.3491
 831.5533  1746.0352  289.1052 -999.9000   80.6295   13.2228    5.1000   90.3950
 816.3570  1902.9146  287.7823 -999.9000   80.5024   11.9693    6.2402   90.4496
 801.3249  2059.7940  286.1808 -999.9000   80.2081   11.5640    6.8988   90.4939
 786.5365  2216.6734  284.8132 -999.9000   80.0397   10.4184    7.6823   90.5367
 771.9169  2373.5528  283.5669 -999.9000   80.4125    8.7627    8.9087   90.5644
 757.5041  2530.4322  282.4951 -999.9000   80.2666    8.5006    9.4745   90.6155
 743.3854  2687.3116  281.9073 -999.9000   77.6169    7.5803    8.3982   90.6080
 729.2940  2844.1910  280.8213 -999.9000   60.2559    5.5688    8.1853   90.6173
 715.5826  3001.0704  279.7632 -999.9000   50.0126    4.3807    9.7938   90.6971
 702.0616  3157.9497  278.5701 -999.9000   51.4858    4.2344   11.1018   90.7782
 688.7126  3314.8291  277.0842 -999.9000   58.7835    4.4448   11.2149   90.8007
 675.5482  3471.7085  275.4501 -999.9000   68.0511    4.6752   11.4858   90.8205
 662.5494  3628.5879  273.9678 -999.9000   73.9748    4.6607   12.1112   90.8487
 649.7305  3785.4673  272.9535 -999.9000   67.1158    4.0055   12.4231   90.8627
 637.1240  3942.3467  272.0963 -999.9000   55.0139    3.1437   11.7587   90.9118
 624.7467  4099.2261  271.0783 -999.9000   50.0510    2.7055   10.2256   91.0167
 612.5275  4256.1055  270.0157 -999.9000   49.9850    2.5464    9.8064   91.0465
 600.5160  4412.9849  269.4063 -999.9000   38.1277    1.8919   10.0988   91.0390
 588.7253  4569.8643  268.8104 -999.9000   22.7151    1.0986   10.2940   91.0433
 577.1128  4726.7437  267.5178 -999.9000   18.1309    0.8108   10.3546   91.0483
 565.6299  4883.6231  266.6838 -999.9000   17.0030    0.7276   10.3262   91.0538
 554.4053  5040.5025  266.1255 -999.9000   13.4757    0.5634    9.6454   91.1400
 543.3471  5197.3819  265.4554 -999.9000   12.8191    0.5190    8.8739   91.2153
 532.4739  5354.2613  264.4368 -999.9000   22.1708    0.8459    9.2855   91.2112
 521.8251  5511.1407  263.3973 -999.9000   24.0186    0.8613   10.0455   91.1806
 511.3144  5668.0201  262.6162 -999.9000   14.0848    0.4842   10.7295   91.1583
 500.9731  5824.8995  261.2854 -999.9000   12.9727    0.4090   11.4328   91.1344
 490.8286  5981.7789  259.6850 -999.9000   18.4036    0.5200   11.5876   91.1143
 480.7236  6138.6583  258.5830 -999.9000   29.2404    0.7703   11.9197   91.0832
 470.8214  6295.5377  257.3070 -999.9000   31.5114    0.7621   12.0134   91.0728
 461.0900  6452.4171  255.8915 -999.9000   30.8513    0.6762   11.7289   90.9894
 451.4963  6609.2965  254.6020 -999.9000   32.0324    0.6422   10.7123   90.8335
 442.0676  6766.1759  253.5370 -999.9000   32.6139    0.6091    9.8108   90.7116
 432.8253  6923.0553  252.5813 -999.9000   32.3368    0.5674   10.7073   90.6964
 423.7241  7079.9347  251.1797 -999.9000   36.0512    0.5712   11.5727   90.7318
 414.7432  7236.8141  249.4782 -999.9000   41.2873    0.5742   11.3522   90.7585
 405.9174  7393.6935  248.4848 -999.9000   31.8707    0.4138   11.5589   90.7794
 397.1974  7550.5729  247.1979 -999.9000   27.2850    0.3219   11.8011   90.7881
 388.6475  7707.4523  245.8033 -999.9000   31.2180    0.3308   11.9165   90.8405
 380.2876  7864.3317  244.7843 -999.9000   34.8780    0.3433   12.1190   90.9010
 372.0784  8021.2111  243.9627 -999.9000   39.1596    0.3645   12.2343   90.8924
 363.9826  8178.0905  243.1641 -999.9000   45.3008    0.3994   12.1084   90.7526
 356.0087  8334.9698  242.3047 -999.9000   54.5623    0.4529   12.0526   90.7678
 348.2042  8491.8492  241.4034 -999.9000   60.7057    0.5188   12.6139   91.3797
 340.5609  8648.7286  240.5432 -999.9000   65.1135    0.5272   12.8056   91.7004
 333.0575  8805.6080  239.6737 -999.9000   65.7308    0.4852   12.7057   91.6152
 325.6771  8962.4874  238.6948 -999.9000   65.1636    0.4338   12.9606   91.4555
 318.4095  9119.3668  237.4902 -999.9000   65.9628    0.3977   13.8392   91.4682
 311.2701  9276.2462  235.8505 -999.9000   60.8541    0.3338   13.9559   91.4746
 304.2599  9433.1256  234.2774 -999.9000   55.6662    0.2938   14.1384   91.4194
 297.3812  9590.0050  233.1927 -999.9000   50.8158    0.2688   14.5786   91.3896
 290.6045  9746.8844  231.9473 -999.9000   45.5992    0.2331   14.8655   91.3805
 283.9369  9903.7638  230.5535 -999.9000   45.9018    0.2031   15.2018   91.3479
 277.3870 10060.6432  229.0570 -999.9000   45.7553    0.1789   15.5502   91.3074
 270.9631 10217.5226  227.4978 -999.9000   45.6949    0.1538   15.7786   91.2950
 264.6694 10374.4020  225.9501 -999.9000   45.8071    0.1244   15.7971   91.3378
 258.4744 10531.2814  224.7210 -999.9000   45.3156    0.1097   15.9067   91.3756
 252.3757 10688.1608  223.6927 -999.9000   45.6334    0.1034   16.1366   91.3933
 246.3812 10845.0402  222.6362 -999.9000   40.3403    0.0916   16.4051   91.3978
 240.4896 11001.9196  221.4443 -999.9000   35.7714    0.0742   16.6593   91.3965
 234.6950 11158.7990  220.1122 -999.9000   36.0246    0.0604   16.8699   91.3968
 229.0082 11315.6784  218.7364 -999.9000   35.5656    0.0528   17.0313   91.3986
 223.4492 11472.5578  217.4646 -999.9000   35.0349    0.0500   17.1498   91.3982
 218.0236 11629.4372  216.2730 -999.9000   30.1778    0.0480   16.9439   91.4126
 212.6609 11786.3166  214.6125 -999.9000   25.6492    0.0350   15.2634   91.5070
 207.3913 11943.1960  213.7944 -999.9000   23.8101    0.0295   14.0883   91.4951
 202.2510 12100.0754  214.5132 -999.9000   18.0339    0.0410   13.7901   91.5711
 197.2536 12256.9548  215.9270 -999.9000    9.1115    0.0304   11.7994   92.1270
 192.4469 12413.8342  218.3345 -999.9000    2.6491    0.0062   12.2613   91.9985
 187.8076 12570.7136  218.1645 -999.9000    0.2373    0.0003   12.5172   91.9213
 183.2603 12727.5930  216.9415 -999.9000    0.2959    0.0003   12.2396   91.8946
 178.8033 12884.4724  216.5400 -999.9000    0.0000    0.0000   12.0224   91.8603
 174.4458 13041.3518  216.9536 -999.9000    0.0133    0.0000   12.1724   91.7991
 170.1876 13198.2312  217.1882 -999.9000    0.0000    0.0000   12.7156   91.6668
 166.0391 13355.1106  217.3641 -999.9000    0.0000    0.0000   13.3543   91.5392
 162.0101 13511.9899  216.9940 -999.9000    0.0002    0.0000   13.6734   91.4198
 158.0706 13668.8693  216.0139 -999.9000    0.0000    0.0000   13.3112   91.3880
 154.1974 13825.7487  215.1431 -999.9000    0.0000    0.0000   12.1719   91.4693
 150.4126 13982.6281  215.0770 -999.9000    0.0000    0.0000   10.2808   91.5650
 146.7292 14139.5075  216.0049 -999.9000    0.0000    0.0000   10.2261   91.5673
 143.1108 14296.3869  214.2251 -999.9000    0.0000    0.0000   10.1689   91.5696
 139.5597 14453.2663  216.6397 -999.9000    0.0000    0.0000   10.1609   91.5684
 136.1266 14610.1457  214.3000 -999.9000    0.0000    0.0000   10.1769   91.5540
 132.7619 14767.0251  213.4269 -999.9000    0.0000    0.0000   10.1982   91.5347
 129.4754 14923.9045  214.4234 -999.9000    0.0000    0.0000   10.2189   91.5197
 126.2897 15080.7839  215.5320 -999.9000    0.0000    0.0000   10.2298   91.5108
 123.1790 15237.6633  216.7648 -999.9000    0.0000    0.0000   10.2690   91.4644
 120.1481 15394.5427  217.2454 -999.9000    0.0000    0.0000   10.1500   91.3748
 117.2138 15551.4221  216.6106 -999.9000    0.0000    0.0000    9.8127   91.2661
 114.3435 15708.3015  216.5270 -999.9000    0.0000    0.0000    9.5147   91.1464
 111.5416 15865.1809  216.2958 -999.9000    0.0000    0.0000    8.9579   91.1933
 108.8149 16022.0603  217.6219 -999.9000    0.0000    0.0000    8.1681   91.4869
 106.1648 16178.9397  217.6891 -999.9000    0.0000    0.0000    7.7315   91.3484
 103.5767 16335.8191  217.3354 -999.9000    0.0000    0.0000    6.3259   91.9971
 101.0524 16492.6985  219.3928 -999.9000    0.0000    0.0000    1.8732   90.4089
  98.6148 16649.5779  218.0124 -999.9000    0.0000    0.0000    1.1225   90.4014
  96.2203 16806.4573  217.2825 -999.9000    0.0000    0.0000    0.3199   90.4014
  93.8688 16963.3367  216.5756 -999.9000    0.0000    0.0000    1.4253   90.4014
  91.5836 17120.2161  216.4630 -999.9000    0.0000    0.0000    2.3150   90.4014
  89.3567 17277.0955  216.4477 -999.9000    0.0000    0.0000    2.9695   90.4014
  87.1784 17433.9749  215.9818 -999.9000    0.0000    0.0000    3.6855   90.3927
  85.0453 17590.8543  215.1775 -999.9000    0.0000    0.0000    4.6293   90.0754
  82.9608 17747.7337  214.8580 -999.9000    0.0000    0.0000    5.8275   90.9865
  80.9282 17904.6131  215.5069 -999.9000    0.0000    0.0000    6.9964   90.6807
  78.9484 18061.4925  216.1544 -999.9000    0.0000    0.0000    6.9074   90.4907
  77.0217 18218.3719  216.8310 -999.9000    0.0000    0.0000    5.9640   90.6714
  75.1483 18375.2513  217.8938 -999.9000    0.0000    0.0000    5.0211   90.9237
  73.3271 18532.1307  219.0008 -999.9000    0.0000    0.0000    4.4093   91.0464
  71.5556 18689.0101  219.1324 -999.9000    0.0000    0.0000    3.9507   90.9336
  69.8260 18845.8894  218.0237 -999.9000    0.0000    0.0000    3.3392   91.0562
  68.1227 19002.7688  217.7408 -999.9000    0.0000    0.0000    2.2082   91.7656
  66.4601 19159.6482  218.0990 -999.9000    0.0000    0.0000    1.1887   89.5288
  64.8418 19316.5276  218.5917 -999.9000    0.0000    0.0000    0.8909   87.4851
  63.2670 19473.4070  219.0050 -999.9000    0.0000    0.0000    1.4451   87.9468
  61.7318 19630.2864  219.5769 -999.9000    0.0000    0.0000    2.0429   88.3028
  60.2355 19787.1658  219.8012 -999.9000    0.0000    0.0000    2.7977   88.5476
  58.7762 19944.0452  219.5174 -999.9000    0.0000    0.0000    3.6500   88.9105
  57.3501 20100.9246  219.1517 -999.9000    0.0000    0.0000    4.0953   89.0671
  55.9562 20257.8040  218.8982 -999.9000    0.0000    0.0000    4.0367   88.9446
  54.5968 20414.6834  218.6772 -999.9000    0.0000    0.0000    3.8394   88.7725
  53.2731 20571.5628  218.6405 -999.9000    0.0000    0.0000    3.6669   88.6461
  51.9860 20728.4422  219.0988 -999.9000    0.0000    0.0000    3.5362   88.5640
  50.7361 20885.3216  220.3655 -999.9000    0.0000    0.0000    3.4617   88.5228
  49.5229 21042.2010  222.1518 -999.9000    0.0000    0.0000    3.4272   88.5126
  48.3394 21199.0804  221.5480 -999.9000    0.0000    0.0000    3.7823   88.5757
  47.1874 21355.9598  221.6296 -999.9000    0.0000    0.0000    4.9257   88.7747
  46.0647 21512.8392  222.0346 -999.9000    0.0000    0.0000    5.9728   88.9472
  44.9691 21669.7186  222.2841 -999.9000    0.0000    0.0000    6.1908   88.9570
  43.8989 21826.5980  222.3150 -999.9000    0.0000    0.0000    5.8120   88.8369
  42.8525 21983.4774  222.1880 -999.9000    0.0000    0.0000    5.3528   88.6697
  41.8295 22140.3568  221.9511 -999.9000    0.0000    0.0000    5.1019   88.5214
  40.8309 22297.2362  221.6326 -999.9000    0.0000    0.0000    4.9969   88.4316
  39.8584 22454.1156  221.2620 -999.9000    0.0000    0.0000    4.9459   88.4374
  38.9104 22610.9950  221.6657 -999.9000    0.0000    0.0000    5.0964   88.5046
  37.9838 22767.8744  222.9371 -999.9000    0.0000    0.0000    5.5048   88.5579
  37.0791 22924.7538  223.6402 -999.9000    0.0000    0.0000    5.8394   88.6106
  36.1962 23081.6332  223.7436 -999.9000    0.0000    0.0000    6.0840   88.6649
  35.3349 23238.5126  223.4654 -999.9000    0.0000    0.0000    6.2780   88.7211
  34.4951 23395.3920  223.0230 -999.9000    0.0000    0.0000    6.4612   88.7793
  33.6765 23552.2714  222.6343 -999.9000    0.0000    0.0000    6.6728   88.8396
  32.8792 23709.1508  222.5168 -999.9000    0.0000    0.0000    6.9528   88.9021
  32.1025 23866.0302  222.8127 -999.9000    0.0000    0.0000    7.3132   88.9664
  31.3447 24022.9095  223.3843 -999.9000    0.0000    0.0000    7.6658   89.0294
  30.6036 24179.7889  224.0297 -999.9000    0.0000    0.0000    7.8992   89.0878
  29.8779 24336.6683  224.5214 -999.9000    0.0000    0.0000    7.9216   89.1301
  29.1715 24493.5477  224.5700 -999.9000    0.0000    0.0000    7.8373   89.0898
  28.4842 24650.4271  224.4236 -999.9000    0.0000    0.0000    7.6990   88.9796
  27.8138 24807.3065  224.4509 -999.9000    0.0000    0.0000    7.5207   88.8366
  27.1583 24964.1859  225.0188 -999.9000    0.0000    0.0000    7.3162   88.6979
  26.5173 25121.0653  226.1884 -999.9000    0.0000    0.0000    7.1061   88.5852
  25.8939 25277.9447  227.3718 -999.9000    0.0000    0.0000    6.9252   88.4883
  25.2914 25434.8241  227.8982 -999.9000    0.0000    0.0000    6.8103   88.3927
  24.7096 25591.7035  227.4013 -999.9000    0.0000    0.0000    6.8429   88.3136
  24.1354 25748.5829  226.8664 -999.9000    0.0000    0.0000    7.1837   88.3442
  23.5706 25905.4623  226.6265 -999.9000    0.0000    0.0000    7.7353   88.4419
  23.0189 26062.3417  226.8908 -999.9000    0.0000    0.0000    8.3726   88.5480
  22.4826 26219.2211  227.7245 -999.9000    0.0000    0.0000    8.9952   88.6216
  21.9608 26376.1005  228.8218 -999.9000    0.0000    0.0000    9.5646   88.6692
  21.4521 26532.9799  229.8179 -999.9000    0.0000    0.0000   10.0526   88.7041
  20.9548 26689.8593  230.3478 -999.9000    0.0000    0.0000   10.4307   88.7401
  20.4676 26846.7387  230.0465 -999.9000    0.0000    0.0000   10.6707   88.7908
  19.9891 27003.6181  228.5846 -999.9000    0.0000    0.0000   10.7373   88.8671
  19.5243 27160.4975  227.6834 -999.9000    0.0000    0.0000   10.2687   88.8331
  19.0752 27317.3769  228.1304 -999.9000    0.0000    0.0000    9.3371   88.6652
  18.6391 27474.2563  229.3449 -999.9000    0.0000    0.0000    8.3368   88.4541
  18.2135 27631.1357  230.7470 -999.9000    0.0000    0.0000    7.6625   88.2905
  17.7959 27788.0151  231.7651 -999.9000    0.0000    0.0000    7.6857   88.2601
  17.3864 27944.8945  232.0522 -999.9000    0.0000    0.0000    8.2277   88.3267
  16.9866 28101.7739  231.6347 -999.9000    0.0000    0.0000    8.8071   88.3867
  16.5963 28258.6533  230.8089 -999.9000    0.0000    0.0000    9.3894   88.4341
  16.2153 28415.5327  229.8990 -999.9000    0.0000    0.0000    9.9891   88.4734
  15.8432 28572.4121  229.2285 -999.9000    0.0000    0.0000   10.6208   88.5095
  15.4798 28729.2915  229.1154 -999.9000    0.0000    0.0000   11.2969   88.5468
  15.1246 28886.1709  229.5209 -999.9000    0.0000    0.0000   11.9153   88.5881
  14.7769 29043.0503  229.8882 -999.9000    0.0000    0.0000   12.2123   88.6333
  14.4368 29199.9296  230.0531 -999.9000    0.0000    0.0000   12.1229   88.6841
  14.1043 29356.8090  230.1535 -999.9000    0.0000    0.0000   11.7287   88.7433
  13.7798 29513.6884  230.3325 -999.9000    0.0000    0.0000   11.1143   88.8140
  13.4633 29670.5678  230.7336 -999.9000    0.0000    0.0000   10.3639   88.8992
  13.1552 29827.4472  231.5002 -999.9000    0.0000    0.0000    9.5621   89.0018
  12.8555 29984.3266  232.7190 -999.9000    0.0000    0.0000    8.7912   89.1215
  12.5638 30141.2060  234.0773 -999.9000    0.0000    0.0000    8.1193   89.2343
  12.2794 30298.0854  235.0934 -999.9000    0.0000    0.0000    7.6085   89.3059
  12.0018 30454.9648  235.2847 -999.9000    0.0000    0.0000    7.3210   89.3022
  11.7304 30611.8442  234.4232 -999.9000    0.0000    0.0000    7.2777   89.2026
  11.4650 30768.7236  233.3206 -999.9000    0.0000    0.0000    7.3334   89.0420
  11.2056 30925.6030  233.0534 -999.9000    0.0000    0.0000    7.3005   88.8691
  10.9522 31082.4824  234.2733 -999.9000    0.0000    0.0000    7.0590   88.7216
  10.7056 31239.3618  235.8204 -999.9000    0.0000    0.0000    6.7779   88.5894
  10.4661 31396.2412  236.3763 -999.9000    0.0000    0.0000    6.6545   88.4534
  10.2318 31553.1206  236.0212 -999.9000    0.0000    0.0000    6.6741   88.3118
  10.0000 31710.0000  235.2098 -999.9000    0.0000    0.0000    6.7660   88.1674
