# 06610 LSMP Payerne Observations at 12Z 30 Jul 2008
# Radiosonde file generated by raso.rb
#
  P [hPa],     Z [m],    T [K],   Td [K],   RH [%], r [g/kg], WS [m/s], WD [deg]
 962.0000   491.0000  298.2572 -999.9000   66.2138   13.6900    2.2105   93.0543
 944.6891   647.8794  296.1933 -999.9000   67.7739   12.6302    4.6590   92.6754
 927.6873   804.7588  294.8000 -999.9000   79.5172   13.9071    2.2818   92.9144
 911.0964   961.6382  293.5063 -999.9000   79.9773   14.4362    0.5019   92.0428
 894.7070  1118.5176  292.5679 -999.9000   79.9785   14.3064    1.4491   90.9797
 878.5406  1275.3970  292.2693 -999.9000   80.0455   13.3485    2.4274   90.6229
 862.6769  1432.2764  290.8862 -999.9000   80.9591   13.5129    2.6570   90.4248
 846.9845  1589.1558  289.6377 -999.9000   80.2796   13.9027    4.2656   90.3491
 831.5533  1746.0352  289.2820 -999.9000   80.7571   13.2228    5.1557   90.3950
 816.3570  1902.9146  287.9577 -999.9000   80.6449   11.9693    6.2708   90.4496
 801.3249  2059.7940  286.3562 -999.9000   80.3643   11.5640    6.9063   90.4939
 786.5365  2216.6734  284.9900 -999.9000   80.2089   10.4184    7.6684   90.5367
 771.9169  2373.5528  283.7461 -999.9000   80.5949    8.7627    8.8753   90.5644
 757.5041  2530.4322  282.6779 -999.9000   80.4602    8.5006    9.4231   90.6155
 743.3854  2687.3116  282.0948 -999.9000   77.8144    7.5803    8.3304   90.6080
 729.2940  2844.1910  281.0144 -999.9000   60.4164    5.5688    8.1027   90.6173
 715.5826  3001.0704  279.9629 -999.9000   50.1514    4.3807    9.6978   90.6971
 702.0616  3157.9497  278.7771 -999.9000   51.6339    4.2344   10.9937   90.7782
 688.7126  3314.8291  277.2994 -999.9000   58.9577    4.4448   11.0960   90.8007
 675.5482  3471.7085  275.6740 -999.9000   68.2580    4.6752   11.3574   90.8205
 662.5494  3628.5879  274.2011 -999.9000   74.2047    4.6607   11.9743   90.8487
 649.7305  3785.4673  273.1967 -999.9000   67.3282    4.0055   12.2788   90.8627
 637.1240  3942.3467  272.3498 -999.9000   55.1905    3.1437   11.6080   90.9118
 624.7467  4099.2261  271.3425 -999.9000   50.2134    2.7055   10.0693   91.0167
 612.5275  4256.1055  270.2909 -999.9000   50.1485    2.5464    9.6454   91.0465
 600.5160  4412.9849  269.6927 -999.9000   38.2529    1.8919    9.9337   91.0390
 588.7253  4569.8643  269.1082 -999.9000   22.7898    1.0986   10.1256   91.0433
 577.1128  4726.7437  267.8270 -999.9000   18.1904    0.8108   10.1834   91.0483
 565.6299  4883.6231  267.0044 -999.9000   17.0586    0.7276   10.1528   91.0538
 554.4053  5040.5025  266.4575 -999.9000   13.5194    0.5634    9.4701   91.1400
 543.3471  5197.3819  265.7986 -999.9000   12.8602    0.5190    8.6972   91.2153
 532.4739  5354.2613  264.7909 -999.9000   22.2408    0.8459    9.1075   91.2112
 521.8251  5511.1407  263.7622 -999.9000   24.0931    0.8613    9.8666   91.1806
 511.3144  5668.0201  262.9913 -999.9000   14.1276    0.4842   10.5496   91.1583
 500.9731  5824.8995  261.6703 -999.9000   13.0112    0.4090   11.2521   91.1344
 490.8286  5981.7789  260.0792 -999.9000   18.4566    0.5200   11.4060   91.1143
 480.7236  6138.6583  258.9858 -999.9000   29.3218    0.7703   11.7371   91.0832
 470.8214  6295.5377  257.7177 -999.9000   31.5958    0.7621   11.8295   91.0728
 461.0900  6452.4171  256.3095 -999.9000   30.9305    0.6762   11.5437   90.9894
 451.4963  6609.2965  255.0263 -999.9000   32.1106    0.6422   10.5252   90.8335
 442.0676  6766.1759  253.9669 -999.9000   32.6893    0.6091    9.6215   90.7116
 432.8253  6923.0553  253.0157 -999.9000   32.4070    0.5674   10.5152   90.6964
 423.7241  7079.9347  251.6174 -999.9000   36.1240    0.5712   11.3773   90.7318
 414.7432  7236.8141  249.9182 -999.9000   41.3640    0.5742   11.1529   90.7585
 405.9174  7393.6935  248.9259 -999.9000   31.9246    0.4138   11.3549   90.7794
 397.1974  7550.5729  247.6388 -999.9000   27.3263    0.3219   11.5915   90.7881
 388.6475  7707.4523  246.2427 -999.9000   31.2594    0.3308   11.7008   90.8405
 380.2876  7864.3317  245.2210 -999.9000   34.9176    0.3433   11.8966   90.9010
 372.0784  8021.2111  244.3955 -999.9000   39.1963    0.3645   12.0049   90.8924
 363.9826  8178.0905  243.5920 -999.9000   45.3341    0.3994   11.8720   90.7526
 356.0087  8334.9698  242.7266 -999.9000   54.5914    0.4529   11.8090   90.7678
 348.2042  8491.8492  241.8183 -999.9000   60.7254    0.5188   12.3635   91.3797
 340.5609  8648.7286  240.9500 -999.9000   65.1212    0.5272   12.5488   91.7004
 333.0575  8805.6080  240.0717 -999.9000   65.7250    0.4852   12.4432   91.6152
 325.6771  8962.4874  239.0830 -999.9000   65.1446    0.4338   12.6931   91.4555
 318.4095  9119.3668  237.8680 -999.9000   65.9303    0.3977   13.5677   91.4682
 311.2701  9276.2462  236.2171 -999.9000   60.8120    0.3338   13.6816   91.4746
 304.2599  9433.1256  234.6320 -999.9000   55.6170    0.2938   13.8626   91.4194
 297.3812  9590.0050  233.5347 -999.9000   50.7616    0.2688   14.3029   91.3896
 290.6045  9746.8844  232.2762 -999.9000   45.5425    0.2331   14.5915   91.3805
 283.9369  9903.7638  230.8687 -999.9000   45.8370    0.2031   14.9315   91.3479
 277.3870 10060.6432  229.3581 -999.9000   45.6835    0.1789   15.2858   91.3074
 270.9631 10217.5226  227.7843 -999.9000   45.6166    0.1538   15.5222   91.2950
 264.6694 10374.4020  226.2217 -999.9000   45.7225    0.1244   15.5512   91.3378
 258.4744 10531.2814  224.9773 -999.9000   45.2265    0.1097   15.6740   91.3756
 252.3757 10688.1608  223.9334 -999.9000   45.5390    0.1034   15.9198   91.3933
 246.3812 10845.0402  222.8612 -999.9000   40.2534    0.0916   16.2073   91.3978
 240.4896 11001.9196  221.6534 -999.9000   35.6918    0.0742   16.4838   91.3965
 234.6950 11158.7990  220.3053 -999.9000   35.9426    0.0604   16.7195   91.3968
 229.0082 11315.6784  218.9134 -999.9000   35.4834    0.0528   16.9087   91.3986
 223.4492 11472.5578  217.6255 -999.9000   34.9533    0.0500   17.0574   91.3982
 218.0236 11629.4372  216.4177 -999.9000   30.1075    0.0480   16.8835   91.4126
 212.6609 11786.3166  214.7411 -999.9000   25.5897    0.0350   15.2365   91.5070
 207.3913 11943.1960  213.9070 -999.9000   23.7556    0.0295   14.0961   91.4951
 202.2510 12100.0754  214.6099 -999.9000   17.9933    0.0410   13.8334   91.5711
 197.2536 12256.9548  216.0080 -999.9000    9.0915    0.0304   11.8786   92.1270
 192.4469 12413.8342  218.3999 -999.9000    2.6434    0.0062   12.3765   91.9985
 187.8076 12570.7136  218.2147 -999.9000    0.2368    0.0003   12.6680   91.9213
 183.2603 12727.5930  216.9767 -999.9000    0.2953    0.0003   12.4254   91.8946
 178.8033 12884.4724  216.5605 -999.9000    0.0000    0.0000   12.2420   91.8603
 174.4458 13041.3518  216.9598 -999.9000    0.0133    0.0000   12.4244   91.7991
 170.1876 13198.2312  217.1804 -999.9000    0.0000    0.0000   12.9982   91.6668
 166.0391 13355.1106  217.3429 -999.9000    0.0000    0.0000   13.6654   91.5392
 162.0101 13511.9899  216.9598 -999.9000    0.0002    0.0000   14.0104   91.4198
 158.0706 13668.8693  215.9673 -999.9000    0.0000    0.0000   13.6712   91.3880
 154.1974 13825.7487  215.0846 -999.9000    0.0000    0.0000   12.5516   91.4693
 150.4126 13982.6281  215.0073 -999.9000    0.0000    0.0000   10.6765   91.5650
 146.7292 14139.5075  215.9245 -999.9000    0.0000    0.0000   10.6338   91.5673
 143.1108 14296.3869  214.1347 -999.9000    0.0000    0.0000   10.5842   91.5696
 139.5597 14453.2663  216.5401 -999.9000    0.0000    0.0000   10.5790   91.5684
 136.1266 14610.1457  214.1919 -999.9000    0.0000    0.0000   10.5931   91.5540
 132.7619 14767.0251  213.3110 -999.9000    0.0000    0.0000   10.6081   91.5347
 129.4754 14923.9045  214.3005 -999.9000    0.0000    0.0000   10.6183   91.5197
 126.2897 15080.7839  215.4027 -999.9000    0.0000    0.0000   10.6151   91.5108
 123.1790 15237.6633  216.6298 -999.9000    0.0000    0.0000   10.6366   91.4644
 120.1481 15394.5427  217.1053 -999.9000    0.0000    0.0000   10.4968   91.3748
 117.2138 15551.4221  216.4661 -999.9000    0.0000    0.0000   10.1361   91.2661
 114.3435 15708.3015  216.3788 -999.9000    0.0000    0.0000    9.8120   91.1464
 111.5416 15865.1809  216.1444 -999.9000    0.0000    0.0000    9.2272   91.1933
 108.8149 16022.0603  217.4679 -999.9000    0.0000    0.0000    8.4075   91.4869
 106.1648 16178.9397  217.5332 -999.9000    0.0000    0.0000    7.9395   91.3484
 103.5767 16335.8191  217.1781 -999.9000    0.0000    0.0000    6.5015   91.9971
 101.0524 16492.6985  219.2347 -999.9000    0.0000    0.0000    2.0156   90.4089
  98.6148 16649.5779  217.8539 -999.9000    0.0000    0.0000    1.2312   90.4014
  96.2203 16806.4573  217.1243 -999.9000    0.0000    0.0000    0.3947   90.4014
  93.8688 16963.3367  216.4182 -999.9000    0.0000    0.0000    1.4664   90.4014
  91.5836 17120.2161  216.3068 -999.9000    0.0000    0.0000    2.3230   90.4014
  89.3567 17277.0955  216.2933 -999.9000    0.0000    0.0000    2.9452   90.4014
  87.1784 17433.9749  215.8296 -999.9000    0.0000    0.0000    3.6301   90.3927
  85.0453 17590.8543  215.0278 -999.9000    0.0000    0.0000    4.5444   90.0754
  82.9608 17747.7337  214.7114 -999.9000    0.0000    0.0000    5.7148   90.9865
  80.9282 17904.6131  215.3638 -999.9000    0.0000    0.0000    6.8581   90.6807
  78.9484 18061.4925  216.0153 -999.9000    0.0000    0.0000    6.7459   90.4907
  77.0217 18218.3719  216.6962 -999.9000    0.0000    0.0000    5.7815   90.6714
  75.1483 18375.2513  217.7636 -999.9000    0.0000    0.0000    4.8198   90.9237
  73.3271 18532.1307  218.8756 -999.9000    0.0000    0.0000    4.1913   91.0464
  71.5556 18689.0101  219.0124 -999.9000    0.0000    0.0000    3.7181   90.9336
  69.8260 18845.8894  217.9091 -999.9000    0.0000    0.0000    3.0941   91.0562
  68.1227 19002.7688  217.6319 -999.9000    0.0000    0.0000    1.9525   91.7656
  66.4601 19159.6482  217.9960 -999.9000    0.0000    0.0000    0.9242   89.5288
  64.8418 19316.5276  218.4946 -999.9000    0.0000    0.0000    0.6195   87.4851
  63.2670 19473.4070  218.9141 -999.9000    0.0000    0.0000    1.1685   87.9468
  61.7318 19630.2864  219.4922 -999.9000    0.0000    0.0000    1.7629   88.3028
  60.2355 19787.1658  219.7228 -999.9000    0.0000    0.0000    2.5159   88.5476
  58.7762 19944.0452  219.4453 -999.9000    0.0000    0.0000    3.3678   88.9105
  57.3501 20100.9246  219.0859 -999.9000    0.0000    0.0000    3.8144   89.0671
  55.9562 20257.8040  218.8387 -999.9000    0.0000    0.0000    3.7584   88.9446
  54.5968 20414.6834  218.6239 -999.9000    0.0000    0.0000    3.5652   88.7725
  53.2731 20571.5628  218.5933 -999.9000    0.0000    0.0000    3.3980   88.6461
  51.9860 20728.4422  219.0576 -999.9000    0.0000    0.0000    3.2739   88.5640
  50.7361 20885.3216  220.3301 -999.9000    0.0000    0.0000    3.2072   88.5228
  49.5229 21042.2010  222.1221 -999.9000    0.0000    0.0000    3.1816   88.5126
  48.3394 21199.0804  221.5237 -999.9000    0.0000    0.0000    3.5467   88.5757
  47.1874 21355.9598  221.6104 -999.9000    0.0000    0.0000    4.7011   88.7747
  46.0647 21512.8392  222.0204 -999.9000    0.0000    0.0000    5.7600   88.9472
  44.9691 21669.7186  222.2745 -999.9000    0.0000    0.0000    5.9908   88.9570
  43.8989 21826.5980  222.3097 -999.9000    0.0000    0.0000    5.6258   88.8369
  42.8525 21983.4774  222.1866 -999.9000    0.0000    0.0000    5.1810   88.6697
  41.8295 22140.3568  221.9532 -999.9000    0.0000    0.0000    4.9454   88.5214
  40.8309 22297.2362  221.6380 -999.9000    0.0000    0.0000    4.8565   88.4316
  39.8584 22454.1156  221.2701 -999.9000    0.0000    0.0000    4.8222   88.4374
  38.9104 22610.9950  221.6763 -999.9000    0.0000    0.0000    4.9902   88.5046
  37.9838 22767.8744  222.9497 -999.9000    0.0000    0.0000    5.4166   88.5579
  37.0791 22924.7538  223.6542 -999.9000    0.0000    0.0000    5.7699   88.6106
  36.1962 23081.6332  223.7586 -999.9000    0.0000    0.0000    6.0338   88.6649
  35.3349 23238.5126  223.4809 -999.9000    0.0000    0.0000    6.2476   88.7211
  34.4951 23395.3920  223.0385 -999.9000    0.0000    0.0000    6.4510   88.7793
  33.6765 23552.2714  222.6492 -999.9000    0.0000    0.0000    6.6834   88.8396
  32.8792 23709.1508  222.5306 -999.9000    0.0000    0.0000    6.9845   88.9021
  32.1025 23866.0302  222.8248 -999.9000    0.0000    0.0000    7.3665   88.9664
  31.3447 24022.9095  223.3942 -999.9000    0.0000    0.0000    7.7410   89.0294
  30.6036 24179.7889  224.0366 -999.9000    0.0000    0.0000    7.9966   89.0878
  29.8779 24336.6683  224.5248 -999.9000    0.0000    0.0000    8.0415   89.1301
  29.1715 24493.5477  224.5692 -999.9000    0.0000    0.0000    7.9800   89.0898
  28.4842 24650.4271  224.4179 -999.9000    0.0000    0.0000    7.8646   88.9796
  27.8138 24807.3065  224.4396 -999.9000    0.0000    0.0000    7.7094   88.8366
  27.1583 24964.1859  225.0013 -999.9000    0.0000    0.0000    7.5280   88.6979
  26.5173 25121.0653  226.1640 -999.9000    0.0000    0.0000    7.3412   88.5852
  25.8939 25277.9447  227.3399 -999.9000    0.0000    0.0000    7.1836   88.4883
  25.2914 25434.8241  227.8583 -999.9000    0.0000    0.0000    7.0921   88.3927
  24.7096 25591.7035  227.3530 -999.9000    0.0000    0.0000    7.1478   88.3136
  24.1354 25748.5829  226.8094 -999.9000    0.0000    0.0000    7.5118   88.3442
  23.5706 25905.4623  226.5606 -999.9000    0.0000    0.0000    8.0862   88.4419
  23.0189 26062.3417  226.8156 -999.9000    0.0000    0.0000    8.7462   88.5480
  22.4826 26219.2211  227.6401 -999.9000    0.0000    0.0000    9.3912   88.6216
  21.9608 26376.1005  228.7280 -999.9000    0.0000    0.0000    9.9827   88.6692
  21.4521 26532.9799  229.7147 -999.9000    0.0000    0.0000   10.4923   88.7041
  20.9548 26689.8593  230.2353 -999.9000    0.0000    0.0000   10.8918   88.7401
  20.4676 26846.7387  229.9249 -999.9000    0.0000    0.0000   11.1525   88.7908
  19.9891 27003.6181  228.4540 -999.9000    0.0000    0.0000   11.2394   88.8671
  19.5243 27160.4975  227.5442 -999.9000    0.0000    0.0000   10.7905   88.8331
  19.0752 27317.3769  227.9829 -999.9000    0.0000    0.0000    9.8779   88.6652
  18.6391 27474.2563  229.1896 -999.9000    0.0000    0.0000    8.8959   88.4541
  18.2135 27631.1357  230.5843 -999.9000    0.0000    0.0000    8.2393   88.2905
  17.7959 27788.0151  231.5957 -999.9000    0.0000    0.0000    8.2794   88.2601
  17.3864 27944.8945  231.8768 -999.9000    0.0000    0.0000    8.8373   88.3267
  16.9866 28101.7739  231.4538 -999.9000    0.0000    0.0000    9.4319   88.3867
  16.5963 28258.6533  230.6235 -999.9000    0.0000    0.0000   10.0285   88.4341
  16.2153 28415.5327  229.7098 -999.9000    0.0000    0.0000   10.6413   88.4734
  15.8432 28572.4121  229.0366 -999.9000    0.0000    0.0000   11.2852   88.5095
  15.4798 28729.2915  228.9217 -999.9000    0.0000    0.0000   11.9725   88.5468
  15.1246 28886.1709  229.3265 -999.9000    0.0000    0.0000   12.6008   88.5881
  14.7769 29043.0503  229.6942 -999.9000    0.0000    0.0000   12.9066   88.6333
  14.4368 29199.9296  229.8608 -999.9000    0.0000    0.0000   12.8248   88.6841
  14.1043 29356.8090  229.9641 -999.9000    0.0000    0.0000   12.4369   88.7433
  13.7798 29513.6884  230.1474 -999.9000    0.0000    0.0000   11.8275   88.8140
  13.4633 29670.5678  230.5542 -999.9000    0.0000    0.0000   11.0806   88.8992
  13.1552 29827.4472  231.3281 -999.9000    0.0000    0.0000   10.2810   89.0018
  12.8555 29984.3266  232.5557 -999.9000    0.0000    0.0000    9.5107   89.1215
  12.5638 30141.2060  233.9245 -999.9000    0.0000    0.0000    8.8379   89.2343
  12.2794 30298.0854  234.9527 -999.9000    0.0000    0.0000    8.3247   89.3059
  12.0018 30454.9648  235.1580 -999.9000    0.0000    0.0000    8.0330   89.3022
  11.7304 30611.8442  234.3123 -999.9000    0.0000    0.0000    7.9839   89.2026
  11.4650 30768.7236  233.2274 -999.9000    0.0000    0.0000    8.0321   89.0420
  11.2056 30925.6030  232.9798 -999.9000    0.0000    0.0000    7.9900   88.8691
  10.9522 31082.4824  234.2216 -999.9000    0.0000    0.0000    7.7373   88.7216
  10.7056 31239.3618  235.7926 -999.9000    0.0000    0.0000    7.4432   88.5894
  10.4661 31396.2412  236.3747 -999.9000    0.0000    0.0000    7.3048   88.4534
  10.2318 31553.1206  236.0479 -999.9000    0.0000    0.0000    7.3074   88.3118
  10.0000 31710.0000  235.2673 -999.9000    0.0000    0.0000    7.3803   88.1674
