# 06610 LSMP Payerne Observations at 12Z 30 Jul 2008
# Radiosonde file generated by raso.rb
#
  P [hPa],     Z [m],    T [K],   Td [K],   RH [%], r [g/kg], WS [m/s], WD [deg]
 962.0000   491.0000  298.1233 -999.9000   66.2662   13.6900    1.8259   93.0543
 944.6891   647.8794  296.1471 -999.9000   67.8084   12.6302    4.2993   92.6754
 927.6873   804.7588  294.8348 -999.9000   79.5368   13.9071    1.9449   92.9144
 911.0964   961.6382  293.6154 -999.9000   79.9778   14.4362    0.1856   92.0428
 894.7070  1118.5176  292.7448 -999.9000   79.9612   14.3064    1.1513   90.9797
 878.5406  1275.3970  292.5078 -999.9000   80.0118   13.3485    2.1462   90.6229
 862.6769  1432.2764  291.1803 -999.9000   80.9100   13.5129    2.3907   90.4248
 846.9845  1589.1558  289.9815 -999.9000   80.2173   13.9027    4.0123   90.3491
 831.5533  1746.0352  289.6701 -999.9000   80.6822   13.2228    4.9140   90.3950
 816.3570  1902.9146  288.3846 -999.9000   80.5592   11.9693    6.0391   90.4496
 801.3249  2059.7940  286.8169 -999.9000   80.2691   11.5640    6.6831   90.4939
 786.5365  2216.6734  285.4794 -999.9000   80.1053   10.4184    7.4524   90.5367
 771.9169  2373.5528  284.2596 -999.9000   80.4833    8.7627    8.6652   90.5644
 757.5041  2530.4322  283.2110 -999.9000   80.3424    8.5006    9.2178   90.6155
 743.3854  2687.3116  282.6432 -999.9000   77.6951    7.5803    8.1289   90.6080
 729.2940  2844.1910  281.5740 -999.9000   60.3205    5.5688    7.9040   90.6173
 715.5826  3001.0704  280.5299 -999.9000   50.0695    4.3807    9.5010   90.6971
 702.0616  3157.9497  279.3479 -999.9000   51.5477    4.2344   10.7981   90.7782
 688.7126  3314.8291  277.8705 -999.9000   58.8578    4.4448   10.9010   90.8007
 675.5482  3471.7085  276.2424 -999.9000   68.1412    4.6752   11.1623   90.8205
 662.5494  3628.5879  274.7636 -999.9000   74.0771    4.6607   11.7788   90.8487
 649.7305  3785.4673  273.7507 -999.9000   67.2124    4.0055   12.0824   90.8627
 637.1240  3942.3467  272.8928 -999.9000   55.0959    3.1437   11.4104   90.9118
 624.7467  4099.2261  271.8721 -999.9000   50.1279    2.7055    9.8705   91.0167
 612.5275  4256.1055  270.8050 -999.9000   50.0639    2.5464    9.4451   91.0465
 600.5160  4412.9849  270.1894 -999.9000   38.1892    1.8919    9.7321   91.0390
 588.7253  4569.8643  269.5859 -999.9000   22.7525    1.0986    9.9227   91.0433
 577.1128  4726.7437  268.2842 -999.9000   18.1611    0.8108    9.9795   91.0483
 565.6299  4883.6231  267.4399 -999.9000   17.0316    0.7276    9.9481   91.0538
 554.4053  5040.5025  266.8703 -999.9000   13.4985    0.5634    9.2651   91.1400
 543.3471  5197.3819  266.1878 -999.9000   12.8407    0.5190    8.4923   91.2153
 532.4739  5354.2613  265.1561 -999.9000   22.2079    0.8459    8.9033   91.2112
 521.8251  5511.1407  264.1028 -999.9000   24.0583    0.8613    9.6638   91.1806
 511.3144  5668.0201  263.3074 -999.9000   14.1077    0.4842   10.3491   91.1583
 500.9731  5824.8995  261.9618 -999.9000   12.9932    0.4090   11.0547   91.1344
 490.8286  5981.7789  260.3465 -999.9000   18.4317    0.5200   11.2127   91.1143
 480.7236  6138.6583  259.2294 -999.9000   29.2830    0.7703   11.5489   91.0832
 470.8214  6295.5377  257.9383 -999.9000   31.5547    0.7621   11.6477   91.0728
 461.0900  6452.4171  256.5079 -999.9000   30.8908    0.6762   11.3695   90.9894
 451.4963  6609.2965  255.2039 -999.9000   32.0698    0.6422   10.3600   90.8335
 442.0676  6766.1759  254.1249 -999.9000   32.6480    0.6091    9.4668   90.7116
 432.8253  6923.0553  253.1558 -999.9000   32.3661    0.5674   10.3725   90.6964
 423.7241  7079.9347  251.7414 -999.9000   36.0781    0.5712   11.2482   90.7318
 414.7432  7236.8141  250.0281 -999.9000   41.3109    0.5742   11.0392   90.7585
 405.9174  7393.6935  249.0240 -999.9000   31.8829    0.4138   11.2585   90.7794
 397.1974  7550.5729  247.7274 -999.9000   27.2897    0.3219   11.5144   90.7881
 388.6475  7707.4523  246.3243 -999.9000   31.2163    0.3308   11.6446   90.8405
 380.2876  7864.3317  245.2976 -999.9000   34.8678    0.3433   11.8629   90.9010
 372.0784  8021.2111  244.4692 -999.9000   39.1383    0.3645   11.9951   90.8924
 363.9826  8178.0905  243.6645 -999.9000   45.2645    0.3994   11.8870   90.7526
 356.0087  8334.9698  242.7994 -999.9000   54.5043    0.4529   11.8499   90.7678
 348.2042  8491.8492  241.8928 -999.9000   60.6249    0.5188   12.4308   91.3797
 340.5609  8648.7286  241.0274 -999.9000   65.0096    0.5272   12.6428   91.7004
 333.0575  8805.6080  240.1529 -999.9000   65.6087    0.4852   12.5641   91.6152
 325.6771  8962.4874  239.1687 -999.9000   65.0258    0.4338   12.8407   91.4555
 318.4095  9119.3668  237.9588 -999.9000   65.8069    0.3977   13.7418   91.4682
 311.2701  9276.2462  236.3131 -999.9000   60.6957    0.3338   13.8816   91.4746
 304.2599  9433.1256  234.7336 -999.9000   55.5088    0.2938   14.0878   91.4194
 297.3812  9590.0050  233.6418 -999.9000   50.6617    0.2688   14.5521   91.3896
 290.6045  9746.8844  232.3884 -999.9000   45.4523    0.2331   14.8635   91.3805
 283.9369  9903.7638  230.9856 -999.9000   45.7463    0.2031   15.2248   91.3479
 277.3870 10060.6432  229.4790 -999.9000   45.5937    0.1789   15.5986   91.3074
 270.9631 10217.5226  227.9083 -999.9000   45.5284    0.1538   15.8526   91.2950
 264.6694 10374.4020  226.3477 -999.9000   45.6362    0.1244   15.8969   91.3378
 258.4744 10531.2814  225.1041 -999.9000   45.1443    0.1097   16.0326   91.3756
 252.3757 10688.1608  224.0595 -999.9000   45.4602    0.1034   16.2886   91.3933
 246.3812 10845.0402  222.9848 -999.9000   40.1881    0.0916   16.5835   91.3978
 240.4896 11001.9196  221.7728 -999.9000   35.6386    0.0742   16.8641   91.3965
 234.6950 11158.7990  220.4185 -999.9000   35.8946    0.0604   17.1009   91.3968
 229.0082 11315.6784  219.0189 -999.9000   35.4421    0.0528   17.2882   91.3986
 223.4492 11472.5578  217.7217 -999.9000   34.9194    0.0500   17.4322   91.3982
 218.0236 11629.4372  216.5034 -999.9000   30.0844    0.0480   17.2510   91.4126
 212.6609 11786.3166  214.8152 -999.9000   25.5757    0.0350   15.5944   91.5070
 207.3913 11943.1960  213.9687 -999.9000   23.7479    0.0295   14.4420   91.4951
 202.2510 12100.0754  214.6584 -999.9000   17.9916    0.0410   14.1653   91.5711
 197.2536 12256.9548  216.0429 -999.9000    9.0928    0.0304   12.1946   92.1270
 192.4469 12413.8342  218.4209 -999.9000    2.6445    0.0062   12.6748   91.9985
 187.8076 12570.7136  218.2215 -999.9000    0.2370    0.0003   12.9471   91.9213
 183.2603 12727.5930  216.9695 -999.9000    0.2956    0.0003   12.6839   91.8946
 178.8033 12884.4724  216.5395 -999.9000    0.0000    0.0000   12.4787   91.8603
 174.4458 13041.3518  216.9255 -999.9000    0.0133    0.0000   12.6383   91.7991
 170.1876 13198.2312  217.1335 -999.9000    0.0000    0.0000   13.1884   91.6668
 166.0391 13355.1106  217.2840 -999.9000    0.0000    0.0000   13.8312   91.5392
 162.0101 13511.9899  216.8901 -999.9000    0.0002    0.0000   14.1512   91.4198
 158.0706 13668.8693  215.8879 -999.9000    0.0000    0.0000   13.7867   91.3880
 154.1974 13825.7487  214.9970 -999.9000    0.0000    0.0000   12.6416   91.4693
 150.4126 13982.6281  214.9130 -999.9000    0.0000    0.0000   10.7410   91.5650
 146.7292 14139.5075  215.8254 -999.9000    0.0000    0.0000   10.6731   91.5673
 143.1108 14296.3869  214.0327 -999.9000    0.0000    0.0000   10.5985   91.5696
 139.5597 14453.2663  216.4372 -999.9000    0.0000    0.0000   10.5688   91.5684
 136.1266 14610.1457  214.0905 -999.9000    0.0000    0.0000   10.5591   91.5540
 132.7619 14767.0251  213.2130 -999.9000    0.0000    0.0000   10.5509   91.5347
 129.4754 14923.9045  214.2077 -999.9000    0.0000    0.0000   10.5386   91.5197
 126.2897 15080.7839  215.3170 -999.9000    0.0000    0.0000   10.5135   91.5108
 123.1790 15237.6633  216.5528 -999.9000    0.0000    0.0000   10.5139   91.4644
 120.1481 15394.5427  217.0384 -999.9000    0.0000    0.0000   10.3538   91.3748
 117.2138 15551.4221  216.4106 -999.9000    0.0000    0.0000    9.9735   91.2661
 114.3435 15708.3015  216.3360 -999.9000    0.0000    0.0000    9.6307   91.1464
 111.5416 15865.1809  216.1153 -999.9000    0.0000    0.0000    9.0280   91.1933
 108.8149 16022.0603  217.4535 -999.9000    0.0000    0.0000    8.1913   91.4869
 106.1648 16178.9397  217.5342 -999.9000    0.0000    0.0000    7.7072   91.3484
 103.5767 16335.8191  217.1952 -999.9000    0.0000    0.0000    6.2541   91.9971
 101.0524 16492.6985  219.2683 -999.9000    0.0000    0.0000    1.7539   90.4089
  98.6148 16649.5779  217.9045 -999.9000    0.0000    0.0000    0.9564   90.4014
  96.2203 16806.4573  217.1920 -999.9000    0.0000    0.0000    0.1077   90.4014
  93.8688 16963.3367  216.5032 -999.9000    0.0000    0.0000    1.1684   90.4014
  91.5836 17120.2161  216.4091 -999.9000    0.0000    0.0000    2.0149   90.4014
  89.3567 17277.0955  216.4126 -999.9000    0.0000    0.0000    2.6282   90.4014
  87.1784 17433.9749  215.9656 -999.9000    0.0000    0.0000    3.3054   90.3927
  85.0453 17590.8543  215.1802 -999.9000    0.0000    0.0000    4.2131   90.0754
  82.9608 17747.7337  214.8794 -999.9000    0.0000    0.0000    5.3783   90.9865
  80.9282 17904.6131  215.5468 -999.9000    0.0000    0.0000    6.5175   90.6807
  78.9484 18061.4925  216.2124 -999.9000    0.0000    0.0000    6.4023   90.4907
  77.0217 18218.3719  216.9064 -999.9000    0.0000    0.0000    5.4362   90.6714
  75.1483 18375.2513  217.9859 -999.9000    0.0000    0.0000    4.4738   90.9237
  73.3271 18532.1307  219.1090 -999.9000    0.0000    0.0000    3.8455   91.0464
  71.5556 18689.0101  219.2556 -999.9000    0.0000    0.0000    3.3735   90.9336
  69.8260 18845.8894  218.1608 -999.9000    0.0000    0.0000    2.7513   91.0562
  68.1227 19002.7688  217.8909 -999.9000    0.0000    0.0000    1.6123   91.7656
  66.4601 19159.6482  218.2606 -999.9000    0.0000    0.0000    0.5872   89.5288
  64.8418 19316.5276  218.7635 -999.9000    0.0000    0.0000    0.2861   87.4851
  63.2670 19473.4070  219.1854 -999.9000    0.0000    0.0000    0.8392   87.9468
  61.7318 19630.2864  219.7644 -999.9000    0.0000    0.0000    1.4380   88.3028
  60.2355 19787.1658  219.9940 -999.9000    0.0000    0.0000    2.1957   88.5476
  58.7762 19944.0452  219.7136 -999.9000    0.0000    0.0000    3.0524   88.9105
  57.3501 20100.9246  219.3494 -999.9000    0.0000    0.0000    3.5039   89.0671
  55.9562 20257.8040  219.0952 -999.9000    0.0000    0.0000    3.4528   88.9446
  54.5968 20414.6834  218.8713 -999.9000    0.0000    0.0000    3.2643   88.7725
  53.2731 20571.5628  218.8294 -999.9000    0.0000    0.0000    3.1017   88.6461
  51.9860 20728.4422  219.2800 -999.9000    0.0000    0.0000    2.9818   88.5640
  50.7361 20885.3216  220.5365 -999.9000    0.0000    0.0000    2.9190   88.5228
  49.5229 21042.2010  222.3099 -999.9000    0.0000    0.0000    2.8968   88.5126
  48.3394 21199.0804  221.6903 -999.9000    0.0000    0.0000    3.2647   88.5757
  47.1874 21355.9598  221.7532 -999.9000    0.0000    0.0000    4.4213   88.7747
  46.0647 21512.8392  222.1366 -999.9000    0.0000    0.0000    5.4818   88.9472
  44.9691 21669.7186  222.3620 -999.9000    0.0000    0.0000    5.7134   88.9570
  43.8989 21826.5980  222.3664 -999.9000    0.0000    0.0000    5.3486   88.8369
  42.8525 21983.4774  222.2109 -999.9000    0.0000    0.0000    4.9035   88.6697
  41.8295 22140.3568  221.9439 -999.9000    0.0000    0.0000    4.6671   88.5214
  40.8309 22297.2362  221.5939 -999.9000    0.0000    0.0000    4.5769   88.4316
  39.8584 22454.1156  221.1907 -999.9000    0.0000    0.0000    4.5409   88.4374
  38.9104 22610.9950  221.5611 -999.9000    0.0000    0.0000    4.7067   88.5046
  37.9838 22767.8744  222.7987 -999.9000    0.0000    0.0000    5.1307   88.5579
  37.0791 22924.7538  223.4677 -999.9000    0.0000    0.0000    5.4812   88.6106
  36.1962 23081.6332  223.5373 -999.9000    0.0000    0.0000    5.7420   88.6649
  35.3349 23238.5126  223.2257 -999.9000    0.0000    0.0000    5.9526   88.7211
  34.4951 23395.3920  222.7507 -999.9000    0.0000    0.0000    6.1526   88.7793
  33.6765 23552.2714  222.3305 -999.9000    0.0000    0.0000    6.3814   88.8396
  32.8792 23709.1508  222.1828 -999.9000    0.0000    0.0000    6.6789   88.9021
  32.1025 23866.0302  222.4502 -999.9000    0.0000    0.0000    7.0571   88.9664
  31.3447 24022.9095  222.9952 -999.9000    0.0000    0.0000    7.4279   89.0294
  30.6036 24179.7889  223.6164 -999.9000    0.0000    0.0000    7.6799   89.0878
  29.8779 24336.6683  224.0864 -999.9000    0.0000    0.0000    7.7212   89.1301
  29.1715 24493.5477  224.1163 -999.9000    0.0000    0.0000    7.6562   89.0898
  28.4842 24650.4271  223.9544 -999.9000    0.0000    0.0000    7.5375   88.9796
  27.8138 24807.3065  223.9696 -999.9000    0.0000    0.0000    7.3792   88.8366
  27.1583 24964.1859  224.5292 -999.9000    0.0000    0.0000    7.1950   88.6979
  26.5173 25121.0653  225.6939 -999.9000    0.0000    0.0000    7.0056   88.5852
  25.8939 25277.9447  226.8757 -999.9000    0.0000    0.0000    6.8457   88.4883
  25.2914 25434.8241  227.4036 -999.9000    0.0000    0.0000    6.7520   88.3927
  24.7096 25591.7035  226.9110 -999.9000    0.0000    0.0000    6.8059   88.3136
  24.1354 25748.5829  226.3832 -999.9000    0.0000    0.0000    7.1682   88.3442
  23.5706 25905.4623  226.1528 -999.9000    0.0000    0.0000    7.7413   88.4419
  23.0189 26062.3417  226.4288 -999.9000    0.0000    0.0000    8.4002   88.5480
  22.4826 26219.2211  227.2764 -999.9000    0.0000    0.0000    9.0443   88.6216
  21.9608 26376.1005  228.3894 -999.9000    0.0000    0.0000    9.6351   88.6692
  21.4521 26532.9799  229.4028 -999.9000    0.0000    0.0000   10.1444   88.7041
  20.9548 26689.8593  229.9515 -999.9000    0.0000    0.0000   10.5437   88.7401
  20.4676 26846.7387  229.6702 -999.9000    0.0000    0.0000   10.8046   88.7908
  19.9891 27003.6181  228.2293 -999.9000    0.0000    0.0000   10.8919   88.8671
  19.5243 27160.4975  227.3500 -999.9000    0.0000    0.0000   10.4436   88.8331
  19.0752 27317.3769  227.8194 -999.9000    0.0000    0.0000    9.5319   88.6652
  18.6391 27474.2563  229.0569 -999.9000    0.0000    0.0000    8.5512   88.4541
  18.2135 27631.1357  230.4820 -999.9000    0.0000    0.0000    7.8959   88.2905
  17.7959 27788.0151  231.5233 -999.9000    0.0000    0.0000    7.9377   88.2601
  17.3864 27944.8945  231.8333 -999.9000    0.0000    0.0000    8.4976   88.3267
  16.9866 28101.7739  231.4383 -999.9000    0.0000    0.0000    9.0944   88.3867
  16.5963 28258.6533  230.6344 -999.9000    0.0000    0.0000    9.6934   88.4341
  16.2153 28415.5327  229.7455 -999.9000    0.0000    0.0000   10.3090   88.4734
  15.8432 28572.4121  229.0951 -999.9000    0.0000    0.0000   10.9559   88.5095
  15.4798 28729.2915  229.0008 -999.9000    0.0000    0.0000   11.6464   88.5468
  15.1246 28886.1709  229.4237 -999.9000    0.0000    0.0000   12.2783   88.5881
  14.7769 29043.0503  229.8067 -999.9000    0.0000    0.0000   12.5878   88.6333
  14.4368 29199.9296  229.9856 -999.9000    0.0000    0.0000   12.5101   88.6841
  14.1043 29356.8090  230.0977 -999.9000    0.0000    0.0000   12.1265   88.7433
  13.7798 29513.6884  230.2863 -999.9000    0.0000    0.0000   11.5216   88.8140
  13.4633 29670.5678  230.6945 -999.9000    0.0000    0.0000   10.7796   88.8992
  13.1552 29827.4472  231.4656 -999.9000    0.0000    0.0000    9.9851   89.0018
  12.8555 29984.3266  232.6860 -999.9000    0.0000    0.0000    9.2202   89.1215
  12.5638 30141.2060  234.0428 -999.9000    0.0000    0.0000    8.5531   89.2343
  12.2794 30298.0854  235.0541 -999.9000    0.0000    0.0000    8.0458   89.3059
  12.0018 30454.9648  235.2372 -999.9000    0.0000    0.0000    7.7603   89.3022
  11.7304 30611.8442  234.3637 -999.9000    0.0000    0.0000    7.7177   89.2026
  11.4650 30768.7236  233.2452 -999.9000    0.0000    0.0000    7.7727   89.0420
  11.2056 30925.6030  232.9580 -999.9000    0.0000    0.0000    7.7376   88.8691
  10.9522 31082.4824  234.1537 -999.9000    0.0000    0.0000    7.4922   88.7216
  10.7056 31239.3618  235.6720 -999.9000    0.0000    0.0000    7.2057   88.5894
  10.4661 31396.2412  236.1944 -999.9000    0.0000    0.0000    7.0751   88.4534
  10.2318 31553.1206  235.8008 -999.9000    0.0000    0.0000    7.0859   88.3118
  10.0000 31710.0000  234.9459 -999.9000    0.0000    0.0000    7.1672   88.1674
