# 06610 LSMP Payerne Observations at 12Z 30 Jul 2008
# Radiosonde file generated by raso.rb
#
  P [hPa],     Z [m],    T [K],   Td [K],   RH [%], r [g/kg], WS [m/s], WD [deg]
 962.0000   491.0000  298.2929 -999.9000   66.2892   13.6900    1.6944   93.0543
 944.6891   647.8794  296.1919 -999.9000   67.8270   12.6302    4.1255   92.6754
 927.6873   804.7588  294.7663 -999.9000   79.5531   13.9071    1.7316   92.9144
 911.0964   961.6382  293.4446 -999.9000   79.9889   14.4362    0.0646   88.9012
 894.7070  1118.5176  292.4825 -999.9000   79.9674   14.3064    0.8669   90.9797
 878.5406  1275.3970  292.1643 -999.9000   80.0134   13.3485    1.8302   90.6229
 862.6769  1432.2764  290.7653 -999.9000   80.9073   13.5129    2.0455   90.4248
 846.9845  1589.1558  289.5045 -999.9000   80.2106   13.9027    3.6404   90.3491
 831.5533  1746.0352  289.1400 -999.9000   80.6717   13.2228    4.5176   90.3950
 816.3570  1902.9146  287.8101 -999.9000   80.5453   11.9693    5.6206   90.4496
 801.3249  2059.7940  286.2059 -999.9000   80.2522   11.5640    6.2447   90.4939
 786.5365  2216.6734  284.8397 -999.9000   80.0855   10.4184    6.9962   90.5367
 771.9169  2373.5528  283.5985 -999.9000   80.4609    8.7627    8.1934   90.5644
 757.5041  2530.4322  282.5352 -999.9000   80.3177    8.5006    8.7324   90.6155
 743.3854  2687.3116  281.9593 -999.9000   77.6694    7.5803    7.6318   90.6080
 729.2940  2844.1910  280.8879 -999.9000   60.2993    5.5688    7.3971   90.6173
 715.5826  3001.0704  279.8471 -999.9000   50.0510    4.3807    8.9862   90.6971
 702.0616  3157.9497  278.6736 -999.9000   51.5280    4.2344   10.2771   90.7782
 688.7126  3314.8291  277.2095 -999.9000   58.8347    4.4448   10.3755   90.8007
 675.5482  3471.7085  275.5988 -999.9000   68.1140    4.6752   10.6340   90.8205
 662.5494  3628.5879  274.1414 -999.9000   74.0473    4.6607   11.2491   90.8487
 649.7305  3785.4673  273.1532 -999.9000   67.1853    4.0055   11.5529   90.8627
 637.1240  3942.3467  272.3230 -999.9000   55.0738    3.1437   10.8825   90.9118
 624.7467  4099.2261  271.3327 -999.9000   50.1082    2.7055    9.3456   91.0167
 612.5275  4256.1055  270.2981 -999.9000   50.0447    2.5464    8.9245   91.0465
 600.5160  4412.9849  269.7167 -999.9000   38.1751    1.8919    9.2170   91.0390
 588.7253  4569.8643  269.1487 -999.9000   22.7444    1.0986    9.4143   91.0433
 577.1128  4726.7437  267.8833 -999.9000   18.1551    0.8108    9.4789   91.0483
 565.6299  4883.6231  267.0758 -999.9000   17.0263    0.7276    9.4563   91.0538
 554.4053  5040.5025  266.5430 -999.9000   13.4946    0.5634    8.7831   91.1400
 543.3471  5197.3819  265.8970 -999.9000   12.8374    0.5190    8.0210   91.2153
 532.4739  5354.2613  264.9007 -999.9000   22.2030    0.8459    8.4436   91.2112
 521.8251  5511.1407  263.8818 -999.9000   24.0538    0.8613    9.2164   91.1806
 511.3144  5668.0201  263.1189 -999.9000   14.1056    0.4842    9.9147   91.1583
 500.9731  5824.8995  261.8039 -999.9000   12.9918    0.4090   10.6339   91.1344
 490.8286  5981.7789  260.2164 -999.9000   18.4305    0.5200   10.8061   91.1143
 480.7236  6138.6583  259.1242 -999.9000   29.2825    0.7703   11.1571   91.0832
 470.8214  6295.5377  257.8547 -999.9000   31.5557    0.7621   11.2711   91.0728
 461.0900  6452.4171  256.4421 -999.9000   30.8935    0.6762   11.0084   90.9894
 451.4963  6609.2965  255.1515 -999.9000   32.0744    0.6422   10.0148   90.8335
 442.0676  6766.1759  254.0813 -999.9000   32.6545    0.6091    9.1377   90.7116
 432.8253  6923.0553  253.1158 -999.9000   32.3746    0.5674   10.0597   90.6964
 423.7241  7079.9347  251.6996 -999.9000   36.0899    0.5712   10.9519   90.7318
 414.7432  7236.8141  249.9784 -999.9000   41.3272    0.5742   10.7593   90.7585
 405.9174  7393.6935  248.9601 -999.9000   31.8977    0.4138   10.9951   90.7794
 397.1974  7550.5729  247.6426 -999.9000   27.3044    0.3219   11.2673   90.7881
 388.6475  7707.4523  246.2121 -999.9000   31.2354    0.3308   11.4137   90.8405
 380.2876  7864.3317  245.1524 -999.9000   34.8918    0.3433   11.6480   90.9010
 372.0784  8021.2111  244.2857 -999.9000   39.1683    0.3645   11.7959   90.8924
 363.9826  8178.0905  243.4383 -999.9000   45.3028    0.3994   11.7033   90.7526
 356.0087  8334.9698  242.5267 -999.9000   54.5548    0.4529   11.6811   90.7678
 348.2042  8491.8492  241.5704 -999.9000   60.6859    0.5188   12.2764   91.3797
 340.5609  8648.7286  240.6528 -999.9000   65.0801    0.5272   12.5025   91.7004
 333.0575  8805.6080  239.7241 -999.9000   65.6850    0.4852   12.4371   91.6152
 325.6771  8962.4874  238.6846 -999.9000   65.1064    0.4338   12.7265   91.4555
 318.4095  9119.3668  237.4187 -999.9000   65.8934    0.3977   13.6395   91.4682
 311.2701  9276.2462  235.7172 -999.9000   60.7800    0.3338   13.7905   91.4746
 304.2599  9433.1256  234.0824 -999.9000   55.5898    0.2938   14.0070   91.4194
 297.3812  9590.0050  232.9367 -999.9000   50.7389    0.2688   14.4807   91.3896
 290.6045  9746.8844  231.6315 -999.9000   45.5244    0.2331   14.8005   91.3805
 283.9369  9903.7638  230.1795 -999.9000   45.8216    0.2031   15.1692   91.3479
 277.3870 10060.6432  228.6269 -999.9000   45.6712    0.1789   15.5492   91.3074
 270.9631 10217.5226  227.0142 -999.9000   45.6080    0.1538   15.8083   91.2950
 264.6694 10374.4020  225.4162 -999.9000   45.7180    0.1244   15.8565   91.3378
 258.4744 10531.2814  224.1403 -999.9000   45.2268    0.1097   15.9947   91.3756
 252.3757 10688.1608  223.0693 -999.9000   45.5447    0.1034   16.2519   91.3933
 246.3812 10845.0402  221.9748 -999.9000   40.2637    0.0916   16.5465   91.3978
 240.4896 11001.9196  220.7500 -999.9000   35.7062    0.0742   16.8253   91.3965
 234.6950 11158.7990  219.3900 -999.9000   35.9630    0.0604   17.0590   91.3968
 229.0082 11315.6784  217.9912 -999.9000   35.5097    0.0528   17.2417   91.3986
 223.4492 11472.5578  216.7009 -999.9000   34.9857    0.0500   17.3799   91.3982
 218.0236 11629.4372  215.4951 -999.9000   30.1411    0.0480   17.1919   91.4126
 212.6609 11786.3166  213.8246 -999.9000   25.6233    0.0350   15.5273   91.5070
 207.3913 11943.1960  213.0001 -999.9000   23.7915    0.0295   14.3661   91.4951
 202.2510 12100.0754  213.7162 -999.9000   18.0241    0.0410   14.0797   91.5711
 197.2536 12256.9548  215.1306 -999.9000    9.1089    0.0304   12.0987   92.1270
 192.4469 12413.8342  217.5416 -999.9000    2.6490    0.0062   12.5680   91.9985
 187.8076 12570.7136  217.3780 -999.9000    0.2374    0.0003   12.8289   91.9213
 183.2603 12727.5930  216.1638 -999.9000    0.2961    0.0003   12.5540   91.8946
 178.8033 12884.4724  215.7733 -999.9000    0.0000    0.0000   12.3368   91.8603
 174.4458 13041.3518  216.2000 -999.9000    0.0133    0.0000   12.4842   91.7991
 170.1876 13198.2312  216.4494 -999.9000    0.0000    0.0000   13.0221   91.6668
 166.0391 13355.1106  216.6415 -999.9000    0.0000    0.0000   13.6528   91.5392
 162.0101 13511.9899  216.2889 -999.9000    0.0002    0.0000   13.9608   91.4198
 158.0706 13668.8693  215.3272 -999.9000    0.0000    0.0000   13.5847   91.3880
 154.1974 13825.7487  214.4756 -999.9000    0.0000    0.0000   12.4283   91.4693
 150.4126 13982.6281  214.4291 -999.9000    0.0000    0.0000   10.5170   91.5650
 146.7292 14139.5075  215.3767 -999.9000    0.0000    0.0000   10.4388   91.5673
 143.1108 14296.3869  213.6165 -999.9000    0.0000    0.0000   10.3548   91.5696
 139.5597 14453.2663  216.0504 -999.9000    0.0000    0.0000   10.3165   91.5684
 136.1266 14610.1457  213.7296 -999.9000    0.0000    0.0000   10.2990   91.5540
 132.7619 14767.0251  212.8748 -999.9000    0.0000    0.0000   10.2840   91.5347
 129.4754 14923.9045  213.8891 -999.9000    0.0000    0.0000   10.2656   91.5197
 126.2897 15080.7839  215.0150 -999.9000    0.0000    0.0000   10.2354   91.5108
 123.1790 15237.6633  216.2646 -999.9000    0.0000    0.0000   10.2315   91.4644
 120.1481 15394.5427  216.7613 -999.9000    0.0000    0.0000   10.0680   91.3748
 117.2138 15551.4221  216.1420 -999.9000    0.0000    0.0000    9.6851   91.2661
 114.3435 15708.3015  216.0733 -999.9000    0.0000    0.0000    9.3406   91.1464
 111.5416 15865.1809  215.8563 -999.9000    0.0000    0.0000    8.7370   91.1933
 108.8149 16022.0603  217.1959 -999.9000    0.0000    0.0000    7.9004   91.4869
 106.1648 16178.9397  217.2760 -999.9000    0.0000    0.0000    7.4172   91.3484
 103.5767 16335.8191  216.9345 -999.9000    0.0000    0.0000    5.9657   91.9971
 101.0524 16492.6985  219.0032 -999.9000    0.0000    0.0000    1.4682   90.4089
  98.6148 16649.5779  217.6333 -999.9000    0.0000    0.0000    0.6741   90.4014
  96.2203 16806.4573  216.9132 -999.9000    0.0000    0.0000    0.1703   87.2598
  93.8688 16963.3367  216.2154 -999.9000    0.0000    0.0000    0.8955   90.4014
  91.5836 17120.2161  216.1108 -999.9000    0.0000    0.0000    1.7480   90.4014
  89.3567 17277.0955  216.1028 -999.9000    0.0000    0.0000    2.3681   90.4014
  87.1784 17433.9749  215.6433 -999.9000    0.0000    0.0000    3.0530   90.3927
  85.0453 17590.8543  214.8443 -999.9000    0.0000    0.0000    3.9692   90.0754
  82.9608 17747.7337  214.5293 -999.9000    0.0000    0.0000    5.1437   90.9865
  80.9282 17904.6131  215.1818 -999.9000    0.0000    0.0000    6.2930   90.6807
  78.9484 18061.4925  215.8319 -999.9000    0.0000    0.0000    6.1888   90.4907
  77.0217 18218.3719  216.5103 -999.9000    0.0000    0.0000    5.2343   90.6714
  75.1483 18375.2513  217.5741 -999.9000    0.0000    0.0000    4.2839   90.9237
  73.3271 18532.1307  218.6817 -999.9000    0.0000    0.0000    3.6681   91.0464
  71.5556 18689.0101  218.8131 -999.9000    0.0000    0.0000    3.2086   90.9336
  69.8260 18845.8894  217.7039 -999.9000    0.0000    0.0000    2.5991   91.0562
  68.1227 19002.7688  217.4203 -999.9000    0.0000    0.0000    1.4726   91.7656
  66.4601 19159.6482  217.7775 -999.9000    0.0000    0.0000    0.4597   89.5288
  64.8418 19316.5276  218.2691 -999.9000    0.0000    0.0000    0.1706   87.4851
  63.2670 19473.4070  218.6813 -999.9000    0.0000    0.0000    0.7350   87.9468
  61.7318 19630.2864  219.2523 -999.9000    0.0000    0.0000    1.3445   88.3028
  60.2355 19787.1658  219.4758 -999.9000    0.0000    0.0000    2.1119   88.5476
  58.7762 19944.0452  219.1916 -999.9000    0.0000    0.0000    2.9775   88.9105
  57.3501 20100.9246  218.8260 -999.9000    0.0000    0.0000    3.4368   89.0671
  55.9562 20257.8040  218.5730 -999.9000    0.0000    0.0000    3.3921   88.9446
  54.5968 20414.6834  218.3531 -999.9000    0.0000    0.0000    3.2087   88.7725
  53.2731 20571.5628  218.3183 -999.9000    0.0000    0.0000    3.0495   88.6461
  51.9860 20728.4422  218.7794 -999.9000    0.0000    0.0000    2.9314   88.5640
  50.7361 20885.3216  220.0498 -999.9000    0.0000    0.0000    2.8686   88.5228
  49.5229 21042.2010  221.8409 -999.9000    0.0000    0.0000    2.8443   88.5126
  48.3394 21199.0804  221.2429 -999.9000    0.0000    0.0000    3.2080   88.5757
  47.1874 21355.9598  221.3317 -999.9000    0.0000    0.0000    4.3581   88.7747
  46.0647 21512.8392  221.7452 -999.9000    0.0000    0.0000    5.4098   88.9472
  44.9691 21669.7186  222.0043 -999.9000    0.0000    0.0000    5.6306   88.9570
  43.8989 21826.5980  222.0459 -999.9000    0.0000    0.0000    5.2532   88.8369
  42.8525 21983.4774  221.9306 -999.9000    0.0000    0.0000    4.7940   88.6697
  41.8295 22140.3568  221.7062 -999.9000    0.0000    0.0000    4.5420   88.5214
  40.8309 22297.2362  221.4011 -999.9000    0.0000    0.0000    4.4352   88.4316
  39.8584 22454.1156  221.0444 -999.9000    0.0000    0.0000    4.3817   88.4374
  38.9104 22610.9950  221.4626 -999.9000    0.0000    0.0000    4.5296   88.5046
  37.9838 22767.8744  222.7490 -999.9000    0.0000    0.0000    4.9352   88.5579
  37.0791 22924.7538  223.4673 -999.9000    0.0000    0.0000    5.2672   88.6106
  36.1962 23081.6332  223.5862 -999.9000    0.0000    0.0000    5.5098   88.6649
  35.3349 23238.5126  223.3236 -999.9000    0.0000    0.0000    5.7024   88.7211
  34.4951 23395.3920  222.8968 -999.9000    0.0000    0.0000    5.8851   88.7793
  33.6765 23552.2714  222.5236 -999.9000    0.0000    0.0000    6.0976   88.8396
  32.8792 23709.1508  222.4214 -999.9000    0.0000    0.0000    6.3797   88.9021
  32.1025 23866.0302  222.7322 -999.9000    0.0000    0.0000    6.7441   88.9664
  31.3447 24022.9095  223.3183 -999.9000    0.0000    0.0000    7.1026   89.0294
  30.6036 24179.7889  223.9777 -999.9000    0.0000    0.0000    7.3442   89.0878
  29.8779 24336.6683  224.4828 -999.9000    0.0000    0.0000    7.3772   89.1301
  29.1715 24493.5477  224.5441 -999.9000    0.0000    0.0000    7.3062   89.0898
  28.4842 24650.4271  224.4094 -999.9000    0.0000    0.0000    7.1842   88.9796
  27.8138 24807.3065  224.4475 -999.9000    0.0000    0.0000    7.0254   88.8366
  27.1583 24964.1859  225.0252 -999.9000    0.0000    0.0000    6.8437   88.6979
  26.5173 25121.0653  226.2037 -999.9000    0.0000    0.0000    6.6595   88.5852
  25.8939 25277.9447  227.3949 -999.9000    0.0000    0.0000    6.5075   88.4883
  25.2914 25434.8241  227.9283 -999.9000    0.0000    0.0000    6.4242   88.3927
  24.7096 25591.7035  227.4375 -999.9000    0.0000    0.0000    6.4907   88.3136
  24.1354 25748.5829  226.9080 -999.9000    0.0000    0.0000    6.8678   88.3442
  23.5706 25905.4623  226.6727 -999.9000    0.0000    0.0000    7.4575   88.4419
  23.0189 26062.3417  226.9409 -999.9000    0.0000    0.0000    8.1347   88.5480
  22.4826 26219.2211  227.7780 -999.9000    0.0000    0.0000    8.7988   88.6216
  21.9608 26376.1005  228.8780 -999.9000    0.0000    0.0000    9.4109   88.6692
  21.4521 26532.9799  229.8763 -999.9000    0.0000    0.0000    9.9428   88.7041
  20.9548 26689.8593  230.4079 -999.9000    0.0000    0.0000   10.3656   88.7401
  20.4676 26846.7387  230.1079 -999.9000    0.0000    0.0000   10.6508   88.7908
  19.9891 27003.6181  228.6468 -999.9000    0.0000    0.0000   10.7631   88.8671
  19.5243 27160.4975  227.7462 -999.9000    0.0000    0.0000   10.3403   88.8331
  19.0752 27317.3769  228.1934 -999.9000    0.0000    0.0000    9.4544   88.6652
  18.6391 27474.2563  229.4080 -999.9000    0.0000    0.0000    8.4995   88.4541
  18.2135 27631.1357  230.8099 -999.9000    0.0000    0.0000    7.8701   88.2905
  17.7959 27788.0151  231.8277 -999.9000    0.0000    0.0000    7.9374   88.2601
  17.3864 27944.8945  232.1145 -999.9000    0.0000    0.0000    8.5225   88.3267
  16.9866 28101.7739  231.6965 -999.9000    0.0000    0.0000    9.1438   88.3867
  16.5963 28258.6533  230.8703 -999.9000    0.0000    0.0000    9.7666   88.4341
  16.2153 28415.5327  229.9601 -999.9000    0.0000    0.0000   10.4049   88.4734
  15.8432 28572.4121  229.2894 -999.9000    0.0000    0.0000   11.0734   88.5095
  15.4798 28729.2915  229.1763 -999.9000    0.0000    0.0000   11.7843   88.5468
  15.1246 28886.1709  229.5819 -999.9000    0.0000    0.0000   12.4350   88.5881
  14.7769 29043.0503  229.9496 -999.9000    0.0000    0.0000   12.7616   88.6333
  14.4368 29199.9296  230.1153 -999.9000    0.0000    0.0000   12.6991   88.6841
  14.1043 29356.8090  230.2168 -999.9000    0.0000    0.0000   12.3287   88.7433
  13.7798 29513.6884  230.3973 -999.9000    0.0000    0.0000   11.7348   88.8140
  13.4633 29670.5678  230.8004 -999.9000    0.0000    0.0000   11.0014   88.8992
  13.1552 29827.4472  231.5695 -999.9000    0.0000    0.0000   10.2129   89.0018
  12.8555 29984.3266  232.7913 -999.9000    0.0000    0.0000    9.4512   89.1215
  12.5638 30141.2060  234.1534 -999.9000    0.0000    0.0000    8.7844   89.2343
  12.2794 30298.0854  235.1738 -999.9000    0.0000    0.0000    8.2742   89.3059
  12.0018 30454.9648  235.3702 -999.9000    0.0000    0.0000    7.9825   89.3022
  11.7304 30611.8442  234.5145 -999.9000    0.0000    0.0000    7.9303   89.2026
  11.4650 30768.7236  233.4185 -999.9000    0.0000    0.0000    7.9719   89.0420
  11.2056 30925.6030  233.1588 -999.9000    0.0000    0.0000    7.9196   88.8691
  10.9522 31082.4824  234.3872 -999.9000    0.0000    0.0000    7.6530   88.7216
  10.7056 31239.3618  235.9436 -999.9000    0.0000    0.0000    7.3410   88.5894
  10.4661 31396.2412  236.5099 -999.9000    0.0000    0.0000    7.1807   88.4534
  10.2318 31553.1206  236.1662 -999.9000    0.0000    0.0000    7.1571   88.3118
  10.0000 31710.0000  235.3674 -999.9000    0.0000    0.0000    7.1993   88.1674
