# 06610 LSMP Payerne Observations at 12Z 30 Jul 2008
# Radiosonde file generated by raso.rb
#
  P [hPa],     Z [m],    T [K],   Td [K],   RH [%], r [g/kg], WS [m/s], WD [deg]
 962.0000   491.0000  298.0348 -999.9000   66.3031   13.6900    2.0576   93.0543
 944.6891   647.8794  296.0280 -999.9000   67.8662   12.6302    4.5053   92.6754
 927.6873   804.7588  294.6862 -999.9000   79.6254   13.9071    2.1257   92.9144
 911.0964   961.6382  293.4384 -999.9000   80.0850   14.4362    0.3416   92.0428
 894.7070  1118.5176  292.5406 -999.9000   80.0840   14.3064    1.2831   90.9797
 878.5406  1275.3970  292.2775 -999.9000   80.1478   13.3485    2.2543   90.6229
 862.6769  1432.2764  290.9248 -999.9000   81.0584   13.5129    2.4756   90.4248
 846.9845  1589.1558  289.7020 -999.9000   80.3730   13.9027    4.0746   90.3491
 831.5533  1746.0352  289.3675 -999.9000   80.8452   13.2228    4.9541   90.3950
 816.3570  1902.9146  288.0600 -999.9000   80.7263   11.9693    6.0576   90.4496
 801.3249  2059.7940  286.4712 -999.9000   80.4380   11.5640    6.6806   90.4939
 786.5365  2216.6734  285.1136 -999.9000   80.2745   10.4184    7.4295   90.5367
 771.9169  2373.5528  283.8746 -999.9000   80.6521    8.7627    8.6225   90.5644
 757.5041  2530.4322  282.8077 -999.9000   80.5082    8.5006    9.1560   90.6155
 743.3854  2687.3116  282.2226 -999.9000   77.8515    7.5803    8.0485   90.6080
 729.2940  2844.1910  281.1369 -999.9000   60.4377    5.5688    7.8058   90.6173
 715.5826  3001.0704  280.0771 -999.9000   50.1625    4.3807    9.3856   90.6971
 702.0616  3157.9497  278.8803 -999.9000   51.6384    4.2344   10.6661   90.7782
 688.7126  3314.8291  277.3889 -999.9000   58.9548    4.4448   10.7531   90.8007
 675.5482  3471.7085  275.7475 -999.9000   68.2451    4.6752   10.9993   90.8205
 662.5494  3628.5879  274.2563 -999.9000   74.1802    4.6607   11.6013   90.8487
 649.7305  3785.4673  273.2316 -999.9000   67.2964    4.0055   11.8913   90.8627
 637.1240  3942.3467  272.3627 -999.9000   55.1565    3.1437   11.2063   90.9118
 624.7467  4099.2261  271.3317 -999.9000   50.1753    2.7055    9.6542   91.0167
 612.5275  4256.1055  270.2550 -999.9000   50.1033    2.5464    9.2174   91.0465
 600.5160  4412.9849  269.6304 -999.9000   38.2131    1.8919    9.4938   91.0390
 588.7253  4569.8643  269.0186 -999.9000   22.7630    1.0986    9.6745   91.0433
 577.1128  4726.7437  267.7092 -999.9000   18.1665    0.8108    9.7223   91.0483
 565.6299  4883.6231  266.8577 -999.9000   17.0339    0.7276    9.6827   91.0538
 554.4053  5040.5025  266.2816 -999.9000   13.4981    0.5634    8.9924   91.1400
 543.3471  5197.3819  265.5931 -999.9000   12.8384    0.5190    8.2132   91.2153
 532.4739  5354.2613  264.5559 -999.9000   22.2005    0.8459    8.6186   91.2112
 521.8251  5511.1407  263.4977 -999.9000   24.0468    0.8613    9.3745   91.1806
 511.3144  5668.0201  262.6977 -999.9000   14.0990    0.4842   10.0559   91.1583
 500.9731  5824.8995  261.3482 -999.9000   12.9836    0.4090   10.7586   91.1344
 490.8286  5981.7789  259.7293 -999.9000   18.4159    0.5200   10.9146   91.1143
 480.7236  6138.6583  258.6090 -999.9000   29.2550    0.7703   11.2499   91.0832
 470.8214  6295.5377  257.3152 -999.9000   31.5216    0.7621   11.3487   91.0728
 461.0900  6452.4171  255.8825 -999.9000   30.8562    0.6762   11.0714   90.9894
 451.4963  6609.2965  254.5765 -999.9000   32.0320    0.6422   10.0638   90.8335
 442.0676  6766.1759  253.4959 -999.9000   32.6082    0.6091    9.1735   90.7116
 432.8253  6923.0553  252.5254 -999.9000   32.3259    0.5674   10.0832   90.6964
 423.7241  7079.9347  251.1100 -999.9000   36.0334    0.5712   10.9639   90.7318
 414.7432  7236.8141  249.3960 -999.9000   41.2606    0.5742   10.7609   90.7585
 405.9174  7393.6935  248.3913 -999.9000   31.8455    0.4138   10.9873   90.7794
 397.1974  7550.5729  247.0946 -999.9000   27.2596    0.3219   11.2513   90.7881
 388.6475  7707.4523  245.6914 -999.9000   31.1848    0.3308   11.3906   90.8405
 380.2876  7864.3317  244.6653 -999.9000   34.8366    0.3433   11.6190   90.9010
 372.0784  8021.2111  243.8379 -999.9000   39.1085    0.3645   11.7619   90.8924
 363.9826  8178.0905  243.0347 -999.9000   45.2368    0.3994   11.6653   90.7526
 356.0087  8334.9698  242.1720 -999.9000   54.4798    0.4529   11.6400   90.7678
 348.2042  8491.8492  241.2685 -999.9000   60.6083    0.5188   12.2333   91.3797
 340.5609  8648.7286  240.4072 -999.9000   65.0038    0.5272   12.4580   91.7004
 333.0575  8805.6080  239.5377 -999.9000   65.6154    0.4852   12.3921   91.6152
 325.6771  8962.4874  238.5599 -999.9000   65.0452    0.4338   12.6816   91.4555
 318.4095  9119.3668  237.3573 -999.9000   65.8396    0.3977   13.5955   91.4682
 311.2701  9276.2462  235.7205 -999.9000   60.7379    0.3338   13.7480   91.4746
 304.2599  9433.1256  234.1513 -999.9000   55.5583    0.2938   13.9665   91.4194
 297.3812  9590.0050  233.0712 -999.9000   50.7165    0.2688   14.4428   91.3896
 290.6045  9746.8844  231.8313 -999.9000   45.5098    0.2331   14.7657   91.3805
 283.9369  9903.7638  230.4436 -999.9000   45.8122    0.2031   15.1379   91.3479
 277.3870 10060.6432  228.9540 -999.9000   45.6669    0.1789   15.5218   91.3074
 270.9631 10217.5226  227.4023 -999.9000   45.6082    0.1538   15.7850   91.2950
 264.6694 10374.4020  225.8628 -999.9000   45.7223    0.1244   15.8376   91.3378
 258.4744 10531.2814  224.6424 -999.9000   45.2345    0.1097   15.9805   91.3756
 252.3757 10688.1608  223.6233 -999.9000   45.5552    0.1034   16.2425   91.3933
 246.3812 10845.0402  222.5764 -999.9000   40.2748    0.0916   16.5420   91.3978
 240.4896 11001.9196  221.3946 -999.9000   35.7170    0.0742   16.8259   91.3965
 234.6950 11158.7990  220.0729 -999.9000   35.9743    0.0604   17.0646   91.3968
 229.0082 11315.6784  218.7078 -999.9000   35.5205    0.0528   17.2526   91.3986
 223.4492 11472.5578  217.4467 -999.9000   34.9956    0.0500   17.3964   91.3982
 218.0236 11629.4372  216.2658 -999.9000   30.1486    0.0480   17.2143   91.4126
 212.6609 11786.3166  214.6160 -999.9000   25.6285    0.0350   15.5560   91.5070
 207.3913 11943.1960  213.8084 -999.9000   23.7949    0.0295   14.4016   91.4951
 202.2510 12100.0754  214.5374 -999.9000   18.0255    0.0410   14.1227   91.5711
 197.2536 12256.9548  215.9610 -999.9000    9.1089    0.0304   12.1497   92.1270
 192.4469 12413.8342  218.3778 -999.9000    2.6488    0.0062   12.6278   91.9985
 187.8076 12570.7136  218.2166 -999.9000    0.2373    0.0003   12.8983   91.9213
 183.2603 12727.5930  217.0016 -999.9000    0.2960    0.0003   12.6339   91.8946
 178.8033 12884.4724  216.6072 -999.9000    0.0000    0.0000   12.4282   91.8603
 174.4458 13041.3518  217.0272 -999.9000    0.0133    0.0000   12.5881   91.7991
 170.1876 13198.2312  217.2670 -999.9000    0.0000    0.0000   13.1397   91.6668
 166.0391 13355.1106  217.4471 -999.9000    0.0000    0.0000   13.7853   91.5392
 162.0101 13511.9899  217.0799 -999.9000    0.0002    0.0000   14.1095   91.4198
 158.0706 13668.8693  216.1015 -999.9000    0.0000    0.0000   13.7510   91.3880
 154.1974 13825.7487  215.2309 -999.9000    0.0000    0.0000   12.6136   91.4693
 150.4126 13982.6281  215.1635 -999.9000    0.0000    0.0000   10.7228   91.5650
 146.7292 14139.5075  216.0884 -999.9000    0.0000    0.0000   10.6669   91.5673
 143.1108 14296.3869  214.3039 -999.9000    0.0000    0.0000   10.6068   91.5696
 139.5597 14453.2663  216.7120 -999.9000    0.0000    0.0000   10.5941   91.5684
 136.1266 14610.1457  214.3641 -999.9000    0.0000    0.0000   10.6039   91.5540
 132.7619 14767.0251  213.4810 -999.9000    0.0000    0.0000   10.6174   91.5347
 129.4754 14923.9045  214.4662 -999.9000    0.0000    0.0000   10.6288   91.5197
 126.2897 15080.7839  215.5622 -999.9000    0.0000    0.0000   10.6289   91.5108
 123.1790 15237.6633  216.7814 -999.9000    0.0000    0.0000   10.6558   91.4644
 120.1481 15394.5427  217.2474 -999.9000    0.0000    0.0000   10.5232   91.3748
 117.2138 15551.4221  216.5973 -999.9000    0.0000    0.0000   10.1710   91.2661
 114.3435 15708.3015  216.4980 -999.9000    0.0000    0.0000    9.8567   91.1464
 111.5416 15865.1809  216.2506 -999.9000    0.0000    0.0000    9.2825   91.1933
 108.8149 16022.0603  217.5603 -999.9000    0.0000    0.0000    8.4742   91.4869
 106.1648 16178.9397  217.6112 -999.9000    0.0000    0.0000    8.0179   91.3484
 103.5767 16335.8191  217.2413 -999.9000    0.0000    0.0000    6.5915   91.9971
 101.0524 16492.6985  219.2828 -999.9000    0.0000    0.0000    2.1171   90.4089
  98.6148 16649.5779  217.8870 -999.9000    0.0000    0.0000    1.3438   90.4014
  96.2203 16806.4573  217.1425 -999.9000    0.0000    0.0000    0.5176   90.4014
  93.8688 16963.3367  216.4219 -999.9000    0.0000    0.0000    1.5985   90.4014
  91.5836 17120.2161  216.2965 -999.9000    0.0000    0.0000    2.4630   90.4014
  89.3567 17277.0955  216.2698 -999.9000    0.0000    0.0000    3.0915   90.4014
  87.1784 17433.9749  215.7938 -999.9000    0.0000    0.0000    3.7809   90.3927
  85.0453 17590.8543  214.9809 -999.9000    0.0000    0.0000    4.6975   90.0754
  82.9608 17747.7337  214.6547 -999.9000    0.0000    0.0000    5.8678   90.9865
  80.9282 17904.6131  215.2988 -999.9000    0.0000    0.0000    7.0083   90.6807
  78.9484 18061.4925  215.9435 -999.9000    0.0000    0.0000    6.8904   90.4907
  77.0217 18218.3719  216.6190 -999.9000    0.0000    0.0000    5.9180   90.6714
  75.1483 18375.2513  217.6822 -999.9000    0.0000    0.0000    4.9459   90.9237
  73.3271 18532.1307  218.7910 -999.9000    0.0000    0.0000    4.3049   91.0464
  71.5556 18689.0101  218.9255 -999.9000    0.0000    0.0000    3.8175   90.9336
  69.8260 18845.8894  217.8206 -999.9000    0.0000    0.0000    3.1775   91.0562
  68.1227 19002.7688  217.5423 -999.9000    0.0000    0.0000    2.0185   91.7656
  66.4601 19159.6482  217.9056 -999.9000    0.0000    0.0000    0.9717   89.5288
  64.8418 19316.5276  218.4037 -999.9000    0.0000    0.0000    0.6475   87.4851
  63.2670 19473.4070  218.8226 -999.9000    0.0000    0.0000    1.1764   87.9468
  61.7318 19630.2864  219.4000 -999.9000    0.0000    0.0000    1.7500   88.3028
  60.2355 19787.1658  219.6295 -999.9000    0.0000    0.0000    2.4820   88.5476
  58.7762 19944.0452  219.3504 -999.9000    0.0000    0.0000    3.3130   88.9105
  57.3501 20100.9246  218.9888 -999.9000    0.0000    0.0000    3.7388   89.0671
  55.9562 20257.8040  218.7385 -999.9000    0.0000    0.0000    3.6624   88.9446
  54.5968 20414.6834  218.5195 -999.9000    0.0000    0.0000    3.4494   88.7725
  53.2731 20571.5628  218.4836 -999.9000    0.0000    0.0000    3.2633   88.6461
  51.9860 20728.4422  218.9412 -999.9000    0.0000    0.0000    3.1213   88.5640
  50.7361 20885.3216  220.2055 -999.9000    0.0000    0.0000    3.0381   88.5228
  49.5229 21042.2010  221.9875 -999.9000    0.0000    0.0000    2.9975   88.5126
  48.3394 21199.0804  221.3773 -999.9000    0.0000    0.0000    3.3493   88.5757
  47.1874 21355.9598  221.4502 -999.9000    0.0000    0.0000    4.4925   88.7747
  46.0647 21512.8392  221.8442 -999.9000    0.0000    0.0000    5.5423   88.9472
  44.9691 21669.7186  222.0806 -999.9000    0.0000    0.0000    5.7658   88.9570
  43.8989 21826.5980  222.0966 -999.9000    0.0000    0.0000    5.3952   88.8369
  42.8525 21983.4774  221.9532 -999.9000    0.0000    0.0000    4.9464   88.6697
  41.8295 22140.3568  221.6986 -999.9000    0.0000    0.0000    4.7081   88.5214
  40.8309 22297.2362  221.3615 -999.9000    0.0000    0.0000    4.6177   88.4316
  39.8584 22454.1156  220.9715 -999.9000    0.0000    0.0000    4.5828   88.4374
  38.9104 22610.9950  221.3554 -999.9000    0.0000    0.0000    4.7511   88.5046
  37.9838 22767.8744  222.6068 -999.9000    0.0000    0.0000    5.1784   88.5579
  37.0791 22924.7538  223.2899 -999.9000    0.0000    0.0000    5.5330   88.6106
  36.1962 23081.6332  223.3739 -999.9000    0.0000    0.0000    5.7985   88.6649
  35.3349 23238.5126  223.0768 -999.9000    0.0000    0.0000    6.0140   88.7211
  34.4951 23395.3920  222.6164 -999.9000    0.0000    0.0000    6.2190   88.7793
  33.6765 23552.2714  222.2109 -999.9000    0.0000    0.0000    6.4526   88.8396
  32.8792 23709.1508  222.0781 -999.9000    0.0000    0.0000    6.7545   88.9021
  32.1025 23866.0302  222.3604 -999.9000    0.0000    0.0000    7.1366   88.9664
  31.3447 24022.9095  222.9204 -999.9000    0.0000    0.0000    7.5104   89.0294
  30.6036 24179.7889  223.5565 -999.9000    0.0000    0.0000    7.7643   89.0878
  29.8779 24336.6683  224.0414 -999.9000    0.0000    0.0000    7.8063   89.1301
  29.1715 24493.5477  224.0861 -999.9000    0.0000    0.0000    7.7404   89.0898
  28.4842 24650.4271  223.9388 -999.9000    0.0000    0.0000    7.6192   88.9796
  27.8138 24807.3065  223.9686 -999.9000    0.0000    0.0000    7.4563   88.8366
  27.1583 24964.1859  224.5425 -999.9000    0.0000    0.0000    7.2655   88.6979
  26.5173 25121.0653  225.7214 -999.9000    0.0000    0.0000    7.0675   88.5852
  25.8939 25277.9447  226.9171 -999.9000    0.0000    0.0000    6.8972   88.4883
  25.2914 25434.8241  227.4587 -999.9000    0.0000    0.0000    6.7914   88.3927
  24.7096 25591.7035  226.9796 -999.9000    0.0000    0.0000    6.8317   88.3136
  24.1354 25748.5829  226.4650 -999.9000    0.0000    0.0000    7.1790   88.3442
  23.5706 25905.4623  226.2475 -999.9000    0.0000    0.0000    7.7358   88.4419
  23.0189 26062.3417  226.5362 -999.9000    0.0000    0.0000    8.3774   88.5480
  22.4826 26219.2211  227.3961 -999.9000    0.0000    0.0000    9.0032   88.6216
  21.9608 26376.1005  228.5210 -999.9000    0.0000    0.0000    9.5748   88.6692
  21.4521 26532.9799  229.5461 -999.9000    0.0000    0.0000   10.0643   88.7041
  20.9548 26689.8593  230.1060 -999.9000    0.0000    0.0000   10.4432   88.7401
  20.4676 26846.7387  229.8356 -999.9000    0.0000    0.0000   10.6834   88.7908
  19.9891 27003.6181  228.4052 -999.9000    0.0000    0.0000   10.7496   88.8671
  19.5243 27160.4975  227.5359 -999.9000    0.0000    0.0000   10.2802   88.8331
  19.0752 27317.3769  228.0149 -999.9000    0.0000    0.0000    9.3473   88.6652
  18.6391 27474.2563  229.2616 -999.9000    0.0000    0.0000    8.3456   88.4541
  18.2135 27631.1357  230.6954 -999.9000    0.0000    0.0000    7.6697   88.2905
  17.7959 27788.0151  231.7448 -999.9000    0.0000    0.0000    7.6913   88.2601
  17.3864 27944.8945  232.0626 -999.9000    0.0000    0.0000    8.2316   88.3267
  16.9866 28101.7739  231.6747 -999.9000    0.0000    0.0000    8.8095   88.3867
  16.5963 28258.6533  230.8774 -999.9000    0.0000    0.0000    9.3905   88.4341
  16.2153 28415.5327  229.9947 -999.9000    0.0000    0.0000    9.9891   88.4734
  15.8432 28572.4121  229.3498 -999.9000    0.0000    0.0000   10.6202   88.5095
  15.4798 28729.2915  229.2604 -999.9000    0.0000    0.0000   11.2962   88.5468
  15.1246 28886.1709  229.6876 -999.9000    0.0000    0.0000   11.9150   88.5881
  14.7769 29043.0503  230.0743 -999.9000    0.0000    0.0000   12.2131   88.6333
  14.4368 29199.9296  230.2562 -999.9000    0.0000    0.0000   12.1256   88.6841
  14.1043 29356.8090  230.3708 -999.9000    0.0000    0.0000   11.7342   88.7433
  13.7798 29513.6884  230.5611 -999.9000    0.0000    0.0000   11.1235   88.8140
  13.4633 29670.5678  230.9704 -999.9000    0.0000    0.0000   10.3778   88.8992
  13.1552 29827.4472  231.7418 -999.9000    0.0000    0.0000    9.5818   89.0018
  12.8555 29984.3266  232.9617 -999.9000    0.0000    0.0000    8.8180   89.1215
  12.5638 30141.2060  234.3174 -999.9000    0.0000    0.0000    8.1545   89.2343
  12.2794 30298.0854  235.3269 -999.9000    0.0000    0.0000    7.6536   89.3059
  12.0018 30454.9648  235.5072 -999.9000    0.0000    0.0000    7.3773   89.3022
  11.7304 30611.8442  234.6303 -999.9000    0.0000    0.0000    7.3469   89.2026
  11.4650 30768.7236  233.5075 -999.9000    0.0000    0.0000    7.4172   89.0420
  11.2056 30925.6030  233.2152 -999.9000    0.0000    0.0000    7.4008   88.8691
  10.9522 31082.4824  234.4049 -999.9000    0.0000    0.0000    7.1775   88.7216
  10.7056 31239.3618  235.9164 -999.9000    0.0000    0.0000    6.9167   88.5894
  10.4661 31396.2412  236.4311 -999.9000    0.0000    0.0000    6.8155   88.4534
  10.2318 31553.1206  236.0289 -999.9000    0.0000    0.0000    6.8596   88.3118
  10.0000 31710.0000  235.1644 -999.9000    0.0000    0.0000    6.9781   88.1674
