# 06610 LSMP Payerne Observations at 12Z 30 Jul 2008
# Radiosonde file generated by raso.rb
#
  P [hPa],     Z [m],    T [K],   Td [K],   RH [%], r [g/kg], WS [m/s], WD [deg]
 962.0000   491.0000  297.5937 -999.9000   66.2716   13.6900    1.6134   93.0543
 944.6891   647.8794  295.6380 -999.9000   67.8343   12.6302    4.1789   92.6754
 927.6873   804.7588  294.3450 -999.9000   79.5885   13.9071    1.9064   92.9144
 911.0964   961.6382  293.1439 -999.9000   80.0486   14.4362    0.2193   92.0428
 894.7070  1118.5176  292.2906 -999.9000   80.0485   14.3064    1.2479   90.9797
 878.5406  1275.3970  292.0698 -999.9000   80.1133   13.3485    2.2967   90.6229
 862.6769  1432.2764  290.7576 -999.9000   81.0246   13.5129    2.5865   90.4248
 846.9845  1589.1558  289.5732 -999.9000   80.3407   13.9027    4.2452   90.3491
 831.5533  1746.0352  289.2750 -999.9000   80.8140   13.2228    5.1761   90.3950
 816.3570  1902.9146  288.0021 -999.9000   80.6966   11.9693    6.3231   90.4496
 801.3249  2059.7940  286.4458 -999.9000   80.4101   11.5640    6.9819   90.4939
 786.5365  2216.6734  285.1189 -999.9000   80.2482   10.4184    7.7595   90.5367
 771.9169  2373.5528  283.9090 -999.9000   80.6276    8.7627    8.9742   90.5644
 757.5041  2530.4322  282.8693 -999.9000   80.4856    8.5006    9.5230   90.6155
 743.3854  2687.3116  282.3096 -999.9000   77.8315    7.5803    8.4246   90.6080
 729.2940  2844.1910  281.2477 -999.9000   60.4238    5.5688    8.1853   90.6173
 715.5826  3001.0704  280.2101 -999.9000   50.1523    4.3807    9.7632   90.6971
 702.0616  3157.9497  279.0338 -999.9000   51.6293    4.2344   11.0368   90.7782
 688.7126  3314.8291  277.5615 -999.9000   58.9462    4.4448   11.1123   90.8007
 675.5482  3471.7085  275.9376 -999.9000   68.2373    4.6752   11.3428   90.8205
 662.5494  3628.5879  274.4624 -999.9000   74.1740    4.6607   11.9252   90.8487
 649.7305  3785.4673  273.4523 -999.9000   67.2929    4.0055   12.1921   90.8627
 637.1240  3942.3467  272.5966 -999.9000   55.1555    3.1437   11.4809   90.9118
 624.7467  4099.2261  271.5775 -999.9000   50.1761    2.7055    9.8999   91.0167
 612.5275  4256.1055  270.5113 -999.9000   50.1059    2.5464    9.4319   91.0465
 600.5160  4412.9849  269.8960 -999.9000   38.2164    1.8919    9.6750   91.0390
 588.7253  4569.8643  269.2922 -999.9000   22.7658    1.0986    9.8209   91.0433
 577.1128  4726.7437  267.9897 -999.9000   18.1695    0.8108    9.8326   91.0483
 565.6299  4883.6231  267.1440 -999.9000   17.0373    0.7276    9.7561   91.0538
 554.4053  5040.5025  266.5724 -999.9000   13.5014    0.5634    9.0284   91.1400
 543.3471  5197.3819  265.8875 -999.9000   12.8419    0.5190    8.2117   91.2153
 532.4739  5354.2613  264.8528 -999.9000   22.2076    0.8459    8.5799   91.2112
 521.8251  5511.1407  263.7962 -999.9000   24.0555    0.8613    9.2991   91.1806
 511.3144  5668.0201  262.9969 -999.9000   14.1046    0.4842    9.9450   91.1583
 500.9731  5824.8995  261.6471 -999.9000   12.9893    0.4090   10.6136   91.1344
 490.8286  5981.7789  260.0270 -999.9000   18.4248    0.5200   10.7372   91.1143
 480.7236  6138.6583  258.9048 -999.9000   29.2703    0.7703   11.0422   91.0832
 470.8214  6295.5377  257.6083 -999.9000   31.5395    0.7621   11.1132   91.0728
 461.0900  6452.4171  256.1721 -999.9000   30.8750    0.6762   10.8111   90.9894
 451.4963  6609.2965  254.8620 -999.9000   32.0530    0.6422    9.7820   90.8335
 442.0676  6766.1759  253.7766 -999.9000   32.6309    0.6091    8.8737   90.7116
 432.8253  6923.0553  252.8006 -999.9000   32.3499    0.5674    9.7696   90.6964
 423.7241  7079.9347  251.3793 -999.9000   36.0617    0.5712   10.6407   90.7318
 414.7432  7236.8141  249.6587 -999.9000   41.2949    0.5742   10.4331   90.7585
 405.9174  7393.6935  248.6471 -999.9000   31.8733    0.4138   10.6599   90.7794
 397.1974  7550.5729  247.3428 -999.9000   27.2847    0.3219   10.9297   90.7881
 388.6475  7707.4523  245.9319 -999.9000   31.2148    0.3308   11.0803   90.8405
 380.2876  7864.3317  244.8978 -999.9000   34.8716    0.3433   11.3246   90.9010
 372.0784  8021.2111  244.0622 -999.9000   39.1494    0.3645   11.4879   90.8924
 363.9826  8178.0905  243.2509 -999.9000   45.2858    0.3994   11.4157   90.7526
 356.0087  8334.9698  242.3801 -999.9000   54.5409    0.4529   11.4183   90.7678
 348.2042  8491.8492  241.4688 -999.9000   60.6782    0.5188   12.0426   91.3797
 340.5609  8648.7286  240.5999 -999.9000   65.0806    0.5272   12.3010   91.7004
 333.0575  8805.6080  239.7234 -999.9000   65.6945    0.4852   12.2710   91.6152
 325.6771  8962.4874  238.7389 -999.9000   65.1249    0.4338   12.5983   91.4555
 318.4095  9119.3668  237.5305 -999.9000   65.9212    0.3977   13.5513   91.4682
 311.2701  9276.2462  235.8886 -999.9000   60.8137    0.3338   13.7439   91.4746
 304.2599  9433.1256  234.3151 -999.9000   55.6276    0.2938   14.0030   91.4194
 297.3812  9590.0050  233.2319 -999.9000   50.7794    0.2688   14.5200   91.3896
 290.6045  9746.8844  231.9899 -999.9000   45.5656    0.2331   14.8832   91.3805
 283.9369  9903.7638  230.6013 -999.9000   45.8673    0.2031   15.2948   91.3479
 277.3870 10060.6432  229.1122 -999.9000   45.7203    0.1789   15.7170   91.3074
 270.9631 10217.5226  227.5624 -999.9000   45.6596    0.1538   16.0170   91.2950
 264.6694 10374.4020  226.0264 -999.9000   45.7714    0.1244   16.1042   91.3378
 258.4744 10531.2814  224.8112 -999.9000   45.2803    0.1097   16.2791   91.3756
 252.3757 10688.1608  223.7990 -999.9000   45.5979    0.1034   16.5703   91.3933
 246.3812 10845.0402  222.7610 -999.9000   40.3091    0.0916   16.8955   91.3978
 240.4896 11001.9196  221.5900 -999.9000   35.7438    0.0742   17.2013   91.3965
 234.6950 11158.7990  220.2811 -999.9000   35.9972    0.0604   17.4582   91.3968
 229.0082 11315.6784  218.9302 -999.9000   35.5389    0.0528   17.6605   91.3986
 223.4492 11472.5578  217.6849 -999.9000   35.0091    0.0500   17.8149   91.3982
 218.0236 11629.4372  216.5208 -999.9000   30.1561    0.0480   17.6397   91.4126
 212.6609 11786.3166  214.8887 -999.9000   25.6311    0.0350   15.9850   91.5070
 207.3913 11943.1960  214.0994 -999.9000   23.7939    0.0295   14.8308   91.4951
 202.2510 12100.0754  214.8469 -999.9000   18.0219    0.0410   14.5487   91.5711
 197.2536 12256.9548  216.2893 -999.9000    9.1057    0.0304   12.5694   92.1270
 192.4469 12413.8342  218.7246 -999.9000    2.6475    0.0062   13.0380   91.9985
 187.8076 12570.7136  218.5814 -999.9000    0.2372    0.0003   13.2961   91.9213
 183.2603 12727.5930  217.3838 -999.9000    0.2957    0.0003   13.0164   91.8946
 178.8033 12884.4724  217.0060 -999.9000    0.0000    0.0000   12.7926   91.8603
 174.4458 13041.3518  217.4411 -999.9000    0.0133    0.0000   12.9317   91.7991
 170.1876 13198.2312  217.6947 -999.9000    0.0000    0.0000   13.4599   91.6668
 166.0391 13355.1106  217.8868 -999.9000    0.0000    0.0000   14.0796   91.5392
 162.0101 13511.9899  217.5298 -999.9000    0.0002    0.0000   14.3755   91.4198
 158.0706 13668.8693  216.5592 -999.9000    0.0000    0.0000   13.9864   91.3880
 154.1974 13825.7487  215.6940 -999.9000    0.0000    0.0000   12.8163   91.4693
 150.4126 13982.6281  215.6292 -999.9000    0.0000    0.0000   10.8907   91.5650
 146.7292 14139.5075  216.5538 -999.9000    0.0000    0.0000   10.7979   91.5673
 143.1108 14296.3869  214.7656 -999.9000    0.0000    0.0000   10.6990   91.5696
 139.5597 14453.2663  217.1665 -999.9000    0.0000    0.0000   10.6458   91.5684
 136.1266 14610.1457  214.8080 -999.9000    0.0000    0.0000   10.6134   91.5540
 132.7619 14767.0251  213.9112 -999.9000    0.0000    0.0000   10.5837   91.5347
 129.4754 14923.9045  214.8799 -999.9000    0.0000    0.0000   10.5508   91.5197
 126.2897 15080.7839  215.9567 -999.9000    0.0000    0.0000   10.5062   91.5108
 123.1790 15237.6633  217.1545 -999.9000    0.0000    0.0000   10.4883   91.4644
 120.1481 15394.5427  217.5973 -999.9000    0.0000    0.0000   10.3110   91.3748
 117.2138 15551.4221  216.9223 -999.9000    0.0000    0.0000    9.9148   91.2661
 114.3435 15708.3015  216.7967 -999.9000    0.0000    0.0000    9.5573   91.1464
 111.5416 15865.1809  216.5221 -999.9000    0.0000    0.0000    8.9411   91.1933
 108.8149 16022.0603  217.8039 -999.9000    0.0000    0.0000    8.0923   91.4869
 106.1648 16178.9397  217.8265 -999.9000    0.0000    0.0000    7.5975   91.3484
 103.5767 16335.8191  217.4282 -999.9000    0.0000    0.0000    6.1350   91.9971
 101.0524 16492.6985  219.4416 -999.9000    0.0000    0.0000    1.6271   90.4089
  98.6148 16649.5779  218.0182 -999.9000    0.0000    0.0000    0.8231   90.4014
  96.2203 16806.4573  217.2469 -999.9000    0.0000    0.0000    0.0303   87.2598
  93.8688 16963.3367  216.5007 -999.9000    0.0000    0.0000    1.0271   90.4014
  91.5836 17120.2161  216.3512 -999.9000    0.0000    0.0000    1.8721   90.4014
  89.3567 17277.0955  216.3021 -999.9000    0.0000    0.0000    2.4855   90.4014
  87.1784 17433.9749  215.8058 -999.9000    0.0000    0.0000    3.1645   90.3927
  85.0453 17590.8543  214.9750 -999.9000    0.0000    0.0000    4.0757   90.0754
  82.9608 17747.7337  214.6336 -999.9000    0.0000    0.0000    5.2462   90.9865
  80.9282 17904.6131  215.2654 -999.9000    0.0000    0.0000    6.3926   90.6807
  78.9484 18061.4925  215.9010 -999.9000    0.0000    0.0000    6.2864   90.4907
  77.0217 18218.3719  216.5703 -999.9000    0.0000    0.0000    5.3309   90.6714
  75.1483 18375.2513  217.6302 -999.9000    0.0000    0.0000    4.3805   90.9237
  73.3271 18532.1307  218.7385 -999.9000    0.0000    0.0000    3.7657   91.0464
  71.5556 18689.0101  218.8750 -999.9000    0.0000    0.0000    3.3082   90.9336
  69.8260 18845.8894  217.7746 -999.9000    0.0000    0.0000    2.7017   91.0562
  68.1227 19002.7688  217.5032 -999.9000    0.0000    0.0000    1.5791   91.7656
  66.4601 19159.6482  217.8757 -999.9000    0.0000    0.0000    0.5712   89.5288
  64.8418 19316.5276  218.3850 -999.9000    0.0000    0.0000    0.2879   87.4851
  63.2670 19473.4070  218.8171 -999.9000    0.0000    0.0000    0.8591   87.9468
  61.7318 19630.2864  219.4095 -999.9000    0.0000    0.0000    1.4763   88.3028
  60.2355 19787.1658  219.6558 -999.9000    0.0000    0.0000    2.2524   88.5476
  58.7762 19944.0452  219.3952 -999.9000    0.0000    0.0000    3.1276   88.9105
  57.3501 20100.9246  219.0534 -999.9000    0.0000    0.0000    3.5973   89.0671
  55.9562 20257.8040  218.8243 -999.9000    0.0000    0.0000    3.5640   88.9446
  54.5968 20414.6834  218.6279 -999.9000    0.0000    0.0000    3.3928   88.7725
  53.2731 20571.5628  218.6155 -999.9000    0.0000    0.0000    3.2468   88.6461
  51.9860 20728.4422  219.0976 -999.9000    0.0000    0.0000    3.1427   88.5640
  50.7361 20885.3216  220.3873 -999.9000    0.0000    0.0000    3.0947   88.5228
  49.5229 21042.2010  222.1955 -999.9000    0.0000    0.0000    3.0862   88.5126
  48.3394 21199.0804  221.6119 -999.9000    0.0000    0.0000    3.4664   88.5757
  47.1874 21355.9598  221.7121 -999.9000    0.0000    0.0000    4.6339   88.7747
  46.0647 21512.8392  222.1336 -999.9000    0.0000    0.0000    5.7038   88.9472
  44.9691 21669.7186  222.3976 -999.9000    0.0000    0.0000    5.9433   88.9570
  43.8989 21826.5980  222.4412 -999.9000    0.0000    0.0000    5.5849   88.8369
  42.8525 21983.4774  222.3250 -999.9000    0.0000    0.0000    5.1448   88.6697
  41.8295 22140.3568  222.0971 -999.9000    0.0000    0.0000    4.9121   88.5214
  40.8309 22297.2362  221.7860 -999.9000    0.0000    0.0000    4.8241   88.4316
  39.8584 22454.1156  221.4211 -999.9000    0.0000    0.0000    4.7890   88.4374
  38.9104 22610.9950  221.8290 -999.9000    0.0000    0.0000    4.9546   88.5046
  37.9838 22767.8744  223.1031 -999.9000    0.0000    0.0000    5.3771   88.5579
  37.0791 22924.7538  223.8074 -999.9000    0.0000    0.0000    5.7249   88.6106
  36.1962 23081.6332  223.9106 -999.9000    0.0000    0.0000    5.9819   88.6649
  35.3349 23238.5126  223.6310 -999.9000    0.0000    0.0000    6.1876   88.7211
  34.4951 23395.3920  223.1859 -999.9000    0.0000    0.0000    6.3816   88.7793
  33.6765 23552.2714  222.7933 -999.9000    0.0000    0.0000    6.6034   88.8396
  32.8792 23709.1508  222.6708 -999.9000    0.0000    0.0000    6.8929   88.9021
  32.1025 23866.0302  222.9607 -999.9000    0.0000    0.0000    7.2623   88.9664
  31.3447 24022.9095  223.5253 -999.9000    0.0000    0.0000    7.6233   89.0294
  30.6036 24179.7889  224.1627 -999.9000    0.0000    0.0000    7.8646   89.0878
  29.8779 24336.6683  224.6456 -999.9000    0.0000    0.0000    7.8945   89.1301
  29.1715 24493.5477  224.6847 -999.9000    0.0000    0.0000    7.8173   89.0898
  28.4842 24650.4271  224.5280 -999.9000    0.0000    0.0000    7.6856   88.9796
  27.8138 24807.3065  224.5444 -999.9000    0.0000    0.0000    7.5137   88.8366
  27.1583 24964.1859  225.1008 -999.9000    0.0000    0.0000    7.3152   88.6979
  26.5173 25121.0653  226.2584 -999.9000    0.0000    0.0000    7.1109   88.5852
  25.8939 25277.9447  227.4293 -999.9000    0.0000    0.0000    6.9355   88.4883
  25.2914 25434.8241  227.9429 -999.9000    0.0000    0.0000    6.8260   88.3927
  24.7096 25591.7035  227.4331 -999.9000    0.0000    0.0000    6.8636   88.3136
  24.1354 25748.5829  226.8851 -999.9000    0.0000    0.0000    7.2093   88.3442
  23.5706 25905.4623  226.6320 -999.9000    0.0000    0.0000    7.7654   88.4419
  23.0189 26062.3417  226.8832 -999.9000    0.0000    0.0000    8.4072   88.5480
  22.4826 26219.2211  227.7040 -999.9000    0.0000    0.0000    9.0340   88.6216
  21.9608 26376.1005  228.7885 -999.9000    0.0000    0.0000    9.6073   88.6692
  21.4521 26532.9799  229.7721 -999.9000    0.0000    0.0000   10.0992   88.7041
  20.9548 26689.8593  230.2899 -999.9000    0.0000    0.0000   10.4810   88.7401
  20.4676 26846.7387  229.9771 -999.9000    0.0000    0.0000   10.7244   88.7908
  19.9891 27003.6181  228.5042 -999.9000    0.0000    0.0000   10.7944   88.8671
  19.5243 27160.4975  227.5927 -999.9000    0.0000    0.0000   10.3289   88.8331
  19.0752 27317.3769  228.0301 -999.9000    0.0000    0.0000    9.4003   88.6652
  18.6391 27474.2563  229.2360 -999.9000    0.0000    0.0000    8.4029   88.4541
  18.2135 27631.1357  230.6302 -999.9000    0.0000    0.0000    7.7314   88.2905
  17.7959 27788.0151  231.6416 -999.9000    0.0000    0.0000    7.7574   88.2601
  17.3864 27944.8945  231.9231 -999.9000    0.0000    0.0000    8.3019   88.3267
  16.9866 28101.7739  231.5012 -999.9000    0.0000    0.0000    8.8839   88.3867
  16.5963 28258.6533  230.6723 -999.9000    0.0000    0.0000    9.4686   88.4341
  16.2153 28415.5327  229.7606 -999.9000    0.0000    0.0000   10.0706   88.4734
  15.8432 28572.4121  229.0899 -999.9000    0.0000    0.0000   10.7046   88.5095
  15.4798 28729.2915  228.9781 -999.9000    0.0000    0.0000   11.3830   88.5468
  15.1246 28886.1709  229.3866 -999.9000    0.0000    0.0000   12.0036   88.5881
  14.7769 29043.0503  229.7586 -999.9000    0.0000    0.0000   12.3027   88.6333
  14.4368 29199.9296  229.9301 -999.9000    0.0000    0.0000   12.2155   88.6841
  14.1043 29356.8090  230.0389 -999.9000    0.0000    0.0000   11.8235   88.7433
  13.7798 29513.6884  230.2283 -999.9000    0.0000    0.0000   11.2112   88.8140
  13.4633 29670.5678  230.6420 -999.9000    0.0000    0.0000   10.4629   88.8992
  13.1552 29827.4472  231.4235 -999.9000    0.0000    0.0000    9.6633   89.0018
  12.8555 29984.3266  232.6592 -999.9000    0.0000    0.0000    8.8945   89.1215
  12.5638 30141.2060  234.0370 -999.9000    0.0000    0.0000    8.2249   89.2343
  12.2794 30298.0854  235.0750 -999.9000    0.0000    0.0000    7.7163   89.3059
  12.0018 30454.9648  235.2908 -999.9000    0.0000    0.0000    7.4311   89.3022
  11.7304 30611.8442  234.4564 -999.9000    0.0000    0.0000    7.3902   89.2026
  11.4650 30768.7236  233.3836 -999.9000    0.0000    0.0000    7.4483   89.0420
  11.2056 30925.6030  233.1490 -999.9000    0.0000    0.0000    7.4180   88.8691
  10.9522 31082.4824  234.4045 -999.9000    0.0000    0.0000    7.1790   88.7216
  10.7056 31239.3618  235.9901 -999.9000    0.0000    0.0000    6.9007   88.5894
  10.4661 31396.2412  236.5876 -999.9000    0.0000    0.0000    6.7801   88.4534
  10.2318 31553.1206  236.2773 -999.9000    0.0000    0.0000    6.8027   88.3118
  10.0000 31710.0000  235.5140 -999.9000    0.0000    0.0000    6.8976   88.1674
