# 06610 LSMP Payerne Observations at 12Z 30 Jul 2008
# Radiosonde file generated by raso.rb
#
  P [hPa],     Z [m],    T [K],   Td [K],   RH [%], r [g/kg], WS [m/s], WD [deg]
 962.0000   491.0000  298.3312 -999.9000   66.2520   13.6900    1.5816   93.0543
 944.6891   647.8794  296.2717 -999.9000   67.7974   12.6302    4.0644   92.6754
 927.6873   804.7588  294.8800 -999.9000   79.5276   13.9071    1.7165   92.9144
 911.0964   961.6382  293.5849 -999.9000   79.9716   14.4362    0.0390   88.9012
 894.7070  1118.5176  292.6425 -999.9000   79.9576   14.3064    0.9281   90.9797
 878.5406  1275.3970  292.3373 -999.9000   80.0104   13.3485    1.9221   90.6229
 862.6769  1432.2764  290.9453 -999.9000   80.9102   13.5129    2.1635   90.4248
 846.9845  1589.1558  289.6857 -999.9000   80.2189   13.9027    3.7800   90.3491
 831.5533  1746.0352  289.3169 -999.9000   80.6846   13.2228    4.6746   90.3950
 816.3570  1902.9146  287.9777 -999.9000   80.5621   11.9693    5.7910   90.4496
 801.3249  2059.7940  286.3596 -999.9000   80.2723   11.5640    6.4247   90.4939
 786.5365  2216.6734  284.9751 -999.9000   80.1084   10.4184    7.1823   90.5367
 771.9169  2373.5528  283.7118 -999.9000   80.4861    8.7627    8.3821   90.5644
 757.5041  2530.4322  282.6229 -999.9000   80.3446    8.5006    8.9207   90.6155
 743.3854  2687.3116  282.0181 -999.9000   77.6965    7.5803    7.8168   90.6080
 729.2940  2844.1910  280.9151 -999.9000   60.3208    5.5688    7.5761   90.6173
 715.5826  3001.0704  279.8403 -999.9000   50.0691    4.3807    9.1567   90.6971
 702.0616  3157.9497  278.6307 -999.9000   51.5465    4.2344   10.4369   90.7782
 688.7126  3314.8291  277.1288 -999.9000   58.8556    4.4448   10.5225   90.8007
 675.5482  3471.7085  275.4791 -999.9000   68.1375    4.6752   10.7664   90.8205
 662.5494  3628.5879  273.9817 -999.9000   74.0719    4.6607   11.3654   90.8487
 649.7305  3785.4673  272.9531 -999.9000   67.2065    4.0055   11.6517   90.8627
 637.1240  3942.3467  272.0823 -999.9000   55.0902    3.1437   10.9627   90.9118
 624.7467  4099.2261  271.0516 -999.9000   50.1220    2.7055    9.4061   91.0167
 612.5275  4256.1055  269.9771 -999.9000   50.0573    2.5464    8.9647   91.0465
 600.5160  4412.9849  269.3569 -999.9000   38.1838    1.8919    9.2365   91.0390
 588.7253  4569.8643  268.7513 -999.9000   22.7490    1.0986    9.4127   91.0433
 577.1128  4726.7437  267.4501 -999.9000   18.1582    0.8108    9.4562   91.0483
 565.6299  4883.6231  266.6089 -999.9000   17.0288    0.7276    9.4127   91.0538
 554.4053  5040.5025  266.0448 -999.9000   13.4963    0.5634    8.7190   91.1400
 543.3471  5197.3819  265.3704 -999.9000   12.8386    0.5190    7.9370   91.2153
 532.4739  5354.2613  264.3489 -999.9000   22.2045    0.8459    8.3405   91.2112
 521.8251  5511.1407  263.3084 -999.9000   24.0548    0.8613    9.0953   91.1806
 511.3144  5668.0201  262.5279 -999.9000   14.1058    0.4842    9.7768   91.1583
 500.9731  5824.8995  261.1995 -999.9000   12.9918    0.4090   10.4808   91.1344
 490.8286  5981.7789  259.6035 -999.9000   18.4302    0.5200   10.6394   91.1143
 480.7236  6138.6583  258.5078 -999.9000   29.2815    0.7703   10.9788   91.0832
 470.8214  6295.5377  257.2402 -999.9000   31.5543    0.7621   11.0833   91.0728
 461.0900  6452.4171  255.8354 -999.9000   30.8918    0.6762   10.8135   90.9894
 451.4963  6609.2965  254.5589 -999.9000   32.0726    0.6422    9.8154   90.8335
 442.0676  6766.1759  253.5093 -999.9000   32.6528    0.6091    8.9366   90.7116
 432.8253  6923.0553  252.5714 -999.9000   32.3730    0.5674    9.8600   90.6964
 423.7241  7079.9347  251.1901 -999.9000   36.0886    0.5712   10.7567   90.7318
 414.7432  7236.8141  249.5116 -999.9000   41.3264    0.5742   10.5723   90.7585
 405.9174  7393.6935  248.5440 -999.9000   31.8978    0.4138   10.8198   90.7794
 397.1974  7550.5729  247.2856 -999.9000   27.3053    0.3219   11.1076   90.7881
 388.6475  7707.4523  245.9220 -999.9000   31.2376    0.3308   11.2733   90.8405
 380.2876  7864.3317  244.9360 -999.9000   34.8956    0.3433   11.5301   90.9010
 372.0784  8021.2111  244.1490 -999.9000   39.1743    0.3645   11.7033   90.8924
 363.9826  8178.0905  243.3861 -999.9000   45.3118    0.3994   11.6384   90.7526
 356.0087  8334.9698  242.5631 -999.9000   54.5681    0.4529   11.6460   90.7678
 348.2042  8491.8492  241.6984 -999.9000   60.7035    0.5188   12.2727   91.3797
 340.5609  8648.7286  240.8743 -999.9000   65.1018    0.5272   12.5313   91.7004
 333.0575  8805.6080  240.0403 -999.9000   65.7095    0.4852   12.4993   91.6152
 325.6771  8962.4874  239.0957 -999.9000   65.1330    0.4338   12.8224   91.4555
 318.4095  9119.3668  237.9238 -999.9000   65.9223    0.3977   13.7692   91.4682
 311.2701  9276.2462  236.3146 -999.9000   60.8080    0.3338   13.9535   91.4746
 304.2599  9433.1256  234.7693 -999.9000   55.6162    0.2938   14.2024   91.4194
 297.3812  9590.0050  233.7095 -999.9000   50.7633    0.2688   14.7074   91.3896
 290.6045  9746.8844  232.4854 -999.9000   45.5460    0.2331   15.0568   91.3805
 283.9369  9903.7638  231.1089 -999.9000   45.8424    0.2031   15.4529   91.3479
 277.3870 10060.6432  229.6253 -999.9000   45.6906    0.1789   15.8580   91.3074
 270.9631 10217.5226  228.0741 -999.9000   45.6252    0.1538   16.1393   91.2950
 264.6694 10374.4020  226.5290 -999.9000   45.7324    0.1244   16.2063   91.3378
 258.4744 10531.2814  225.2968 -999.9000   45.2374    0.1097   16.3598   91.3756
 252.3757 10688.1608  224.2589 -999.9000   45.5508    0.1034   16.6281   91.3933
 246.3812 10845.0402  223.1862 -999.9000   40.2644    0.0916   16.9292   91.3978
 240.4896 11001.9196  221.9709 -999.9000   35.7018    0.0742   17.2098   91.3965
 234.6950 11158.7990  220.6085 -999.9000   35.9528    0.0604   17.4404   91.3968
 229.0082 11315.6784  219.1962 -999.9000   35.4933    0.0528   17.6159   91.3986
 223.4492 11472.5578  217.8824 -999.9000   34.9629    0.0500   17.7430   91.3982
 218.0236 11629.4372  216.6440 -999.9000   30.1153    0.0480   17.5405   91.4126
 212.6609 11786.3166  214.9327 -999.9000   25.5959    0.0350   15.8587   91.5070
 207.3913 11943.1960  214.0604 -999.9000   23.7608    0.0295   14.6778   91.4951
 202.2510 12100.0754  214.7223 -999.9000   17.9968    0.0410   14.3698   91.5711
 197.2536 12256.9548  216.0774 -999.9000    9.0930    0.0304   12.3656   92.1270
 192.4469 12413.8342  218.4248 -999.9000    2.6438    0.0062   12.8107   91.9985
 187.8076 12570.7136  218.1943 -999.9000    0.2368    0.0003   13.0470   91.9213
 183.2603 12727.5930  216.9108 -999.9000    0.2953    0.0003   12.7472   91.8946
 178.8033 12884.4724  216.4498 -999.9000    0.0000    0.0000   12.5056   91.8603
 174.4458 13041.3518  216.8054 -999.9000    0.0133    0.0000   12.6294   91.7991
 170.1876 13198.2312  216.9843 -999.9000    0.0000    0.0000   13.1450   91.6668
 166.0391 13355.1106  217.1075 -999.9000    0.0000    0.0000   13.7552   91.5392
 162.0101 13511.9899  216.6885 -999.9000    0.0002    0.0000   14.0449   91.4198
 158.0706 13668.8693  215.6638 -999.9000    0.0000    0.0000   13.6532   91.3880
 154.1974 13825.7487  214.7536 -999.9000    0.0000    0.0000   12.4845   91.4693
 150.4126 13982.6281  214.6539 -999.9000    0.0000    0.0000   10.5643   91.5650
 146.7292 14139.5075  215.5546 -999.9000    0.0000    0.0000   10.4815   91.5673
 143.1108 14296.3869  213.7549 -999.9000    0.0000    0.0000   10.3974   91.5696
 139.5597 14453.2663  216.1575 -999.9000    0.0000    0.0000   10.3639   91.5684
 136.1266 14610.1457  213.8138 -999.9000    0.0000    0.0000   10.3562   91.5540
 132.7619 14767.0251  212.9438 -999.9000    0.0000    0.0000   10.3555   91.5347
 129.4754 14923.9045  213.9500 -999.9000    0.0000    0.0000   10.3556   91.5197
 126.2897 15080.7839  215.0741 -999.9000    0.0000    0.0000   10.3472   91.5108
 123.1790 15237.6633  216.3278 -999.9000    0.0000    0.0000   10.3684   91.4644
 120.1481 15394.5427  216.8337 -999.9000    0.0000    0.0000   10.2326   91.3748
 117.2138 15551.4221  216.2282 -999.9000    0.0000    0.0000    9.8796   91.2661
 114.3435 15708.3015  216.1772 -999.9000    0.0000    0.0000    9.5667   91.1464
 111.5416 15865.1809  215.9810 -999.9000    0.0000    0.0000    8.9959   91.1933
 108.8149 16022.0603  217.3442 -999.9000    0.0000    0.0000    8.1929   91.4869
 106.1648 16178.9397  217.4497 -999.9000    0.0000    0.0000    7.7436   91.3484
 103.5767 16335.8191  217.1349 -999.9000    0.0000    0.0000    6.3259   91.9971
 101.0524 16492.6985  219.2311 -999.9000    0.0000    0.0000    1.8615   90.4089
  98.6148 16649.5779  217.8887 -999.9000    0.0000    0.0000    1.0994   90.4014
  96.2203 16806.4573  217.1955 -999.9000    0.0000    0.0000    0.2856   90.4014
  93.8688 16963.3367  216.5233 -999.9000    0.0000    0.0000    1.3799   90.4014
  91.5836 17120.2161  216.4425 -999.9000    0.0000    0.0000    2.2584   90.4014
  89.3567 17277.0955  216.4558 -999.9000    0.0000    0.0000    2.9016   90.4014
  87.1784 17433.9749  216.0144 -999.9000    0.0000    0.0000    3.6061   90.3927
  85.0453 17590.8543  215.2298 -999.9000    0.0000    0.0000    4.5381   90.0754
  82.9608 17747.7337  214.9247 -999.9000    0.0000    0.0000    5.7240   90.9865
  80.9282 17904.6131  215.5819 -999.9000    0.0000    0.0000    6.8801   90.6807
  78.9484 18061.4925  216.2317 -999.9000    0.0000    0.0000    6.7776   90.4907
  77.0217 18218.3719  216.9049 -999.9000    0.0000    0.0000    5.8204   90.6714
  75.1483 18375.2513  217.9590 -999.9000    0.0000    0.0000    4.8632   90.9237
  73.3271 18532.1307  219.0529 -999.9000    0.0000    0.0000    4.2369   91.0464
  71.5556 18689.0101  219.1670 -999.9000    0.0000    0.0000    3.7636   90.9336
  69.8260 18845.8894  218.0373 -999.9000    0.0000    0.0000    3.1374   91.0562
  68.1227 19002.7688  217.7303 -999.9000    0.0000    0.0000    1.9917   91.7656
  66.4601 19159.6482  218.0618 -999.9000    0.0000    0.0000    0.9577   89.5288
  64.8418 19316.5276  218.5256 -999.9000    0.0000    0.0000    0.6455   87.4851
  63.2670 19473.4070  218.9085 -999.9000    0.0000    0.0000    1.1858   87.9468
  61.7318 19630.2864  219.4489 -999.9000    0.0000    0.0000    1.7701   88.3028
  60.2355 19787.1658  219.6412 -999.9000    0.0000    0.0000    2.5120   88.5476
  58.7762 19944.0452  219.3253 -999.9000    0.0000    0.0000    3.3519   88.9105
  57.3501 20100.9246  218.9280 -999.9000    0.0000    0.0000    3.7857   89.0671
  55.9562 20257.8040  218.6438 -999.9000    0.0000    0.0000    3.7163   88.9446
  54.5968 20414.6834  218.3936 -999.9000    0.0000    0.0000    3.5094   88.7725
  53.2731 20571.5628  218.3297 -999.9000    0.0000    0.0000    3.3282   88.6461
  51.9860 20728.4422  218.7633 -999.9000    0.0000    0.0000    3.1899   88.5640
  50.7361 20885.3216  220.0083 -999.9000    0.0000    0.0000    3.1092   88.5228
  49.5229 21042.2010  221.7765 -999.9000    0.0000    0.0000    3.0699   88.5126
  48.3394 21199.0804  221.1585 -999.9000    0.0000    0.0000    3.4215   88.5757
  47.1874 21355.9598  221.2305 -999.9000    0.0000    0.0000    4.5631   88.7747
  46.0647 21512.8392  221.6307 -999.9000    0.0000    0.0000    5.6100   88.9472
  44.9691 21669.7186  221.8797 -999.9000    0.0000    0.0000    5.8293   88.9570
  43.8989 21826.5980  221.9141 -999.9000    0.0000    0.0000    5.4533   88.8369
  42.8525 21983.4774  221.7942 -999.9000    0.0000    0.0000    4.9983   88.6697
  41.8295 22140.3568  221.5676 -999.9000    0.0000    0.0000    4.7530   88.5214
  40.8309 22297.2362  221.2624 -999.9000    0.0000    0.0000    4.6549   88.4316
  39.8584 22454.1156  220.9075 -999.9000    0.0000    0.0000    4.6120   88.4374
  38.9104 22610.9950  221.3290 -999.9000    0.0000    0.0000    4.7717   88.5046
  37.9838 22767.8744  222.6200 -999.9000    0.0000    0.0000    5.1904   88.5579
  37.0791 22924.7538  223.3439 -999.9000    0.0000    0.0000    5.5363   88.6106
  36.1962 23081.6332  223.4691 -999.9000    0.0000    0.0000    5.7932   88.6649
  35.3349 23238.5126  223.2134 -999.9000    0.0000    0.0000    6.0004   88.7211
  34.4951 23395.3920  222.7936 -999.9000    0.0000    0.0000    6.1976   88.7793
  33.6765 23552.2714  222.4274 -999.9000    0.0000    0.0000    6.4240   88.8396
  32.8792 23709.1508  222.3318 -999.9000    0.0000    0.0000    6.7193   88.9021
  32.1025 23866.0302  222.6487 -999.9000    0.0000    0.0000    7.0958   88.9664
  31.3447 24022.9095  223.2399 -999.9000    0.0000    0.0000    7.4650   89.0294
  30.6036 24179.7889  223.9033 -999.9000    0.0000    0.0000    7.7155   89.0878
  29.8779 24336.6683  224.4109 -999.9000    0.0000    0.0000    7.7554   89.1301
  29.1715 24493.5477  224.4731 -999.9000    0.0000    0.0000    7.6890   89.0898
  28.4842 24650.4271  224.3373 -999.9000    0.0000    0.0000    7.5688   88.9796
  27.8138 24807.3065  224.3720 -999.9000    0.0000    0.0000    7.4089   88.8366
  27.1583 24964.1859  224.9440 -999.9000    0.0000    0.0000    7.2229   88.6979
  26.5173 25121.0653  226.1145 -999.9000    0.0000    0.0000    7.0315   88.5852
  25.8939 25277.9447  227.2958 -999.9000    0.0000    0.0000    6.8695   88.4883
  25.2914 25434.8241  227.8173 -999.9000    0.0000    0.0000    6.7736   88.3927
  24.7096 25591.7035  227.3131 -999.9000    0.0000    0.0000    6.8254   88.3136
  24.1354 25748.5829  226.7688 -999.9000    0.0000    0.0000    7.1856   88.3442
  23.5706 25905.4623  226.5175 -999.9000    0.0000    0.0000    7.7566   88.4419
  23.0189 26062.3417  226.7686 -999.9000    0.0000    0.0000    8.4136   88.5480
  22.4826 26219.2211  227.5878 -999.9000    0.0000    0.0000    9.0559   88.6216
  21.9608 26376.1005  228.6692 -999.9000    0.0000    0.0000    9.6453   88.6692
  21.4521 26532.9799  229.6485 -999.9000    0.0000    0.0000   10.1533   88.7041
  20.9548 26689.8593  230.1608 -999.9000    0.0000    0.0000   10.5517   88.7401
  20.4676 26846.7387  229.8415 -999.9000    0.0000    0.0000   10.8120   88.7908
  19.9891 27003.6181  228.3614 -999.9000    0.0000    0.0000   10.8991   88.8671
  19.5243 27160.4975  227.4420 -999.9000    0.0000    0.0000   10.4511   88.8331
  19.0752 27317.3769  227.8709 -999.9000    0.0000    0.0000    9.5401   88.6652
  18.6391 27474.2563  229.0680 -999.9000    0.0000    0.0000    8.5607   88.4541
  18.2135 27631.1357  230.4533 -999.9000    0.0000    0.0000    7.9073   88.2905
  17.7959 27788.0151  231.4557 -999.9000    0.0000    0.0000    7.9517   88.2601
  17.3864 27944.8945  231.7284 -999.9000    0.0000    0.0000    8.5148   88.3267
  16.9866 28101.7739  231.2979 -999.9000    0.0000    0.0000    9.1156   88.3867
  16.5963 28258.6533  230.4609 -999.9000    0.0000    0.0000    9.7193   88.4341
  16.2153 28415.5327  229.5418 -999.9000    0.0000    0.0000   10.3404   88.4734
  15.8432 28572.4121  228.8643 -999.9000    0.0000    0.0000   10.9937   88.5095
  15.4798 28729.2915  228.7468 -999.9000    0.0000    0.0000   11.6916   88.5468
  15.1246 28886.1709  229.1505 -999.9000    0.0000    0.0000   12.3318   88.5881
  14.7769 29043.0503  229.5190 -999.9000    0.0000    0.0000   12.6507   88.6333
  14.4368 29199.9296  229.6884 -999.9000    0.0000    0.0000   12.5833   88.6841
  14.1043 29356.8090  229.7966 -999.9000    0.0000    0.0000   12.2112   88.7433
  13.7798 29513.6884  229.9872 -999.9000    0.0000    0.0000   11.6190   88.8140
  13.4633 29670.5678  230.4039 -999.9000    0.0000    0.0000   10.8908   88.8992
  13.1552 29827.4472  231.1904 -999.9000    0.0000    0.0000   10.1113   89.0018
  12.8555 29984.3266  232.4334 -999.9000    0.0000    0.0000    9.3628   89.1215
  12.5638 30141.2060  233.8208 -999.9000    0.0000    0.0000    8.7134   89.2343
  12.2794 30298.0854  234.8708 -999.9000    0.0000    0.0000    8.2252   89.3059
  12.0018 30454.9648  235.1013 -999.9000    0.0000    0.0000    7.9602   89.3022
  11.7304 30611.8442  234.2844 -999.9000    0.0000    0.0000    7.9396   89.2026
  11.4650 30768.7236  233.2320 -999.9000    0.0000    0.0000    8.0181   89.0420
  11.2056 30925.6030  233.0210 -999.9000    0.0000    0.0000    8.0080   88.8691
  10.9522 31082.4824  234.3034 -999.9000    0.0000    0.0000    7.7893   88.7216
  10.7056 31239.3618  235.9194 -999.9000    0.0000    0.0000    7.5311   88.5894
  10.4661 31396.2412  236.5509 -999.9000    0.0000    0.0000    7.4306   88.4534
  10.2318 31553.1206  236.2782 -999.9000    0.0000    0.0000    7.4733   88.3118
  10.0000 31710.0000  235.5565 -999.9000    0.0000    0.0000    7.5882   88.1674
