# 06610 LSMP Payerne Observations at 12Z 30 Jul 2008
# Radiosonde file generated by raso.rb
#
  P [hPa],     Z [m],    T [K],   Td [K],   RH [%], r [g/kg], WS [m/s], WD [deg]
 962.0000   491.0000  298.4738 -999.9000   66.1802   13.6900    2.1080   93.0543
 944.6891   647.8794  296.4087 -999.9000   67.7546   12.6302    4.6150   92.6754
 927.6873   804.7588  295.0142 -999.9000   79.5103   13.9071    2.2887   92.9144
 911.0964   961.6382  293.7190 -999.9000   79.9842   14.4362    0.5522   92.0428
 894.7070  1118.5176  292.7789 -999.9000   79.9972   14.3064    1.5358   90.9797
 878.5406  1275.3970  292.4786 -999.9000   80.0741   13.3485    2.5437   90.6229
 862.6769  1432.2764  291.0935 -999.9000   80.9963   13.5129    2.7966   90.4248
 846.9845  1589.1558  289.8429 -999.9000   80.3229   13.9027    4.4223   90.3491
 831.5533  1746.0352  289.4850 -999.9000   80.8055   13.2228    5.3237   90.3950
 816.3570  1902.9146  288.1584 -999.9000   80.6965   11.9693    6.4447   90.4496
 801.3249  2059.7940  286.5545 -999.9000   80.4175   11.5640    7.0809   90.4939
 786.5365  2216.6734  285.1857 -999.9000   80.2623   10.4184    7.8388   90.5367
 771.9169  2373.5528  283.9392 -999.9000   80.6475    8.7627    9.0370   90.5644
 757.5041  2530.4322  282.8683 -999.9000   80.5105    8.5006    9.5719   90.6155
 743.3854  2687.3116  282.2824 -999.9000   77.8597    7.5803    8.4624   90.6080
 729.2940  2844.1910  281.1991 -999.9000   60.4483    5.5688    8.2142   90.6173
 715.5826  3001.0704  280.1446 -999.9000   50.1744    4.3807    9.7856   90.6971
 702.0616  3157.9497  278.9558 -999.9000   51.6534    4.2344   11.0549   90.7782
 688.7126  3314.8291  277.4750 -999.9000   58.9748    4.4448   11.1279   90.8007
 675.5482  3471.7085  275.8465 -999.9000   68.2710    4.6752   11.3577   90.8205
 662.5494  3628.5879  274.3704 -999.9000   74.2109    4.6607   11.9409   90.8487
 649.7305  3785.4673  273.3628 -999.9000   67.3261    4.0055   12.2101   90.8627
 637.1240  3942.3467  272.5127 -999.9000   55.1821    3.1437   11.5025   90.9118
 624.7467  4099.2261  271.5022 -999.9000   50.1994    2.7055    9.9260   91.0167
 612.5275  4256.1055  270.4474 -999.9000   50.1279    2.5464    9.4635   91.0465
 600.5160  4412.9849  269.8460 -999.9000   38.2321    1.8919    9.7129   91.0390
 588.7253  4569.8643  269.2582 -999.9000   22.7743    1.0986    9.8656   91.0433
 577.1128  4726.7437  267.9738 -999.9000   18.1755    0.8108    9.8845   91.0483
 565.6299  4883.6231  267.1481 -999.9000   17.0422    0.7276    9.8154   91.0538
 554.4053  5040.5025  266.5981 -999.9000   13.5046    0.5634    9.0951   91.1400
 543.3471  5197.3819  265.9360 -999.9000   12.8443    0.5190    8.2857   91.2153
 532.4739  5354.2613  264.9253 -999.9000   22.2105    0.8459    8.6610   91.2112
 521.8251  5511.1407  263.8936 -999.9000   24.0571    0.8613    9.3867   91.1806
 511.3144  5668.0201  263.1198 -999.9000   14.1047    0.4842   10.0385   91.1583
 500.9731  5824.8995  261.7959 -999.9000   12.9886    0.4090   10.7122   91.1344
 490.8286  5981.7789  260.2020 -999.9000   18.4225    0.5200   10.8400   91.1143
 480.7236  6138.6583  259.1060 -999.9000   29.2646    0.7703   11.1480   91.0832
 470.8214  6295.5377  257.8353 -999.9000   31.5311    0.7621   11.2207   91.0728
 461.0900  6452.4171  256.4245 -999.9000   30.8645    0.6762   10.9187   90.9894
 451.4963  6609.2965  255.1391 -999.9000   32.0397    0.6422    9.8881   90.8335
 442.0676  6766.1759  254.0773 -999.9000   32.6150    0.6091    8.9765   90.7116
 432.8253  6923.0553  253.1240 -999.9000   32.3317    0.5674    9.8670   90.6964
 423.7241  7079.9347  251.7238 -999.9000   36.0388    0.5712   10.7306   90.7318
 414.7432  7236.8141  250.0227 -999.9000   41.2656    0.5742   10.5131   90.7585
 405.9174  7393.6935  249.0287 -999.9000   31.8484    0.4138   10.7275   90.7794
 397.1974  7550.5729  247.7400 -999.9000   27.2614    0.3219   10.9823   90.7881
 388.6475  7707.4523  246.3426 -999.9000   31.1861    0.3308   11.1153   90.8405
 380.2876  7864.3317  245.3197 -999.9000   34.8371    0.3433   11.3400   90.9010
 372.0784  8021.2111  244.4933 -999.9000   39.1082    0.3645   11.4818   90.8924
 363.9826  8178.0905  243.6892 -999.9000   45.2353    0.3994   11.3866   90.7526
 356.0087  8334.9698  242.8235 -999.9000   54.4768    0.4529   11.3651   90.7678
 348.2042  8491.8492  241.9151 -999.9000   60.6036    0.5188   11.9644   91.3797
 340.5609  8648.7286  241.0473 -999.9000   64.9972    0.5272   12.1972   91.7004
 333.0575  8805.6080  240.1697 -999.9000   65.6072    0.4852   12.1415   91.6152
 325.6771  8962.4874  239.1822 -999.9000   65.0355    0.4338   12.4432   91.4555
 318.4095  9119.3668  237.9688 -999.9000   65.8281    0.3977   13.3711   91.4682
 311.2701  9276.2462  236.3199 -999.9000   60.7258    0.3338   13.5393   91.4746
 304.2599  9433.1256  234.7374 -999.9000   55.5457    0.2938   13.7752   91.4194
 297.3812  9590.0050  233.6433 -999.9000   50.7035    0.2688   14.2703   91.3896
 290.6045  9746.8844  232.3885 -999.9000   45.4967    0.2331   14.6135   91.3805
 283.9369  9903.7638  230.9852 -999.9000   45.7975    0.2031   15.0072   91.3479
 277.3870 10060.6432  229.4795 -999.9000   45.6506    0.1789   15.4138   91.3074
 270.9631 10217.5226  227.9113 -999.9000   45.5902    0.1538   15.7009   91.2950
 264.6694 10374.4020  226.3549 -999.9000   45.7025    0.1244   15.7783   91.3378
 258.4744 10531.2814  225.1175 -999.9000   45.2129    0.1097   15.9469   91.3756
 252.3757 10688.1608  224.0813 -999.9000   45.5314    0.1034   16.2353   91.3933
 246.3812 10845.0402  223.0175 -999.9000   40.2517    0.0916   16.5619   91.3978
 240.4896 11001.9196  221.8190 -999.9000   35.6947    0.0742   16.8734   91.3965
 234.6950 11158.7990  220.4808 -999.9000   35.9497    0.0604   17.1401   91.3968
 229.0082 11315.6784  219.0996 -999.9000   35.4942    0.0528   17.3562   91.3986
 223.4492 11472.5578  217.8229 -999.9000   34.9675    0.0500   17.5278   91.3982
 218.0236 11629.4372  216.6268 -999.9000   30.1225    0.0480   17.3731   91.4126
 212.6609 11786.3166  214.9623 -999.9000   25.6047    0.0350   15.7416   91.5070
 207.3913 11943.1960  214.1405 -999.9000   23.7714    0.0295   14.6129   91.4951
 202.2510 12100.0754  214.8560 -999.9000   18.0066    0.0410   14.3584   91.5711
 197.2536 12256.9548  216.2668 -999.9000    9.0988    0.0304   12.4084   92.1270
 192.4469 12413.8342  218.6715 -999.9000    2.6457    0.0062   12.9077   91.9985
 187.8076 12570.7136  218.4989 -999.9000    0.2370    0.0003   13.1973   91.9213
 183.2603 12727.5930  217.2734 -999.9000    0.2956    0.0003   12.9497   91.8946
 178.8033 12884.4724  216.8694 -999.9000    0.0000    0.0000   12.7583   91.8603
 174.4458 13041.3518  217.2806 -999.9000    0.0133    0.0000   12.9297   91.7991
 170.1876 13198.2312  217.5127 -999.9000    0.0000    0.0000   13.4896   91.6668
 166.0391 13355.1106  217.6861 -999.9000    0.0000    0.0000   14.1401   91.5392
 162.0101 13511.9899  217.3134 -999.9000    0.0002    0.0000   14.4656   91.4198
 158.0706 13668.8693  216.3304 -999.9000    0.0000    0.0000   14.1045   91.3880
 154.1974 13825.7487  215.4566 -999.9000    0.0000    0.0000   12.9605   91.4693
 150.4126 13982.6281  215.3872 -999.9000    0.0000    0.0000   11.0586   91.5650
 146.7292 14139.5075  216.3114 -999.9000    0.0000    0.0000   10.9868   91.5673
 143.1108 14296.3869  214.5276 -999.9000    0.0000    0.0000   10.9059   91.5696
 139.5597 14453.2663  216.9377 -999.9000    0.0000    0.0000   10.8673   91.5684
 136.1266 14610.1457  214.5931 -999.9000    0.0000    0.0000   10.8460   91.5540
 132.7619 14767.0251  213.7146 -999.9000    0.0000    0.0000   10.8241   91.5347
 129.4754 14923.9045  214.7052 -999.9000    0.0000    0.0000   10.7960   91.5197
 126.2897 15080.7839  215.8073 -999.9000    0.0000    0.0000   10.7532   91.5108
 123.1790 15237.6633  217.0332 -999.9000    0.0000    0.0000   10.7343   91.4644
 120.1481 15394.5427  217.5063 -999.9000    0.0000    0.0000   10.5535   91.3748
 117.2138 15551.4221  216.8634 -999.9000    0.0000    0.0000   10.1514   91.2661
 114.3435 15708.3015  216.7712 -999.9000    0.0000    0.0000    9.7859   91.1464
 111.5416 15865.1809  216.5307 -999.9000    0.0000    0.0000    9.1597   91.1933
 108.8149 16022.0603  217.8469 -999.9000    0.0000    0.0000    8.2991   91.4869
 106.1648 16178.9397  217.9036 -999.9000    0.0000    0.0000    7.7909   91.3484
 103.5767 16335.8191  217.5388 -999.9000    0.0000    0.0000    6.3135   91.9971
 101.0524 16492.6985  219.5843 -999.9000    0.0000    0.0000    1.7895   90.4089
  98.6148 16649.5779  218.1913 -999.9000    0.0000    0.0000    0.9684   90.4014
  96.2203 16806.4573  217.4482 -999.9000    0.0000    0.0000    0.0969   90.4014
  93.8688 16963.3367  216.7274 -999.9000    0.0000    0.0000    1.1356   90.4014
  91.5836 17120.2161  216.6000 -999.9000    0.0000    0.0000    1.9613   90.4014
  89.3567 17277.0955  216.5693 -999.9000    0.0000    0.0000    2.5552   90.4014
  87.1784 17433.9749  216.0872 -999.9000    0.0000    0.0000    3.2144   90.3927
  85.0453 17590.8543  215.2658 -999.9000    0.0000    0.0000    4.1061   90.0754
  82.9608 17747.7337  214.9284 -999.9000    0.0000    0.0000    5.2572   90.9865
  80.9282 17904.6131  215.5587 -999.9000    0.0000    0.0000    6.3846   90.6807
  78.9484 18061.4925  216.1868 -999.9000    0.0000    0.0000    6.2600   90.4907
  77.0217 18218.3719  216.8434 -999.9000    0.0000    0.0000    5.2867   90.6714
  75.1483 18375.2513  217.8857 -999.9000    0.0000    0.0000    4.3193   90.9237
  73.3271 18532.1307  218.9722 -999.9000    0.0000    0.0000    3.6882   91.0464
  71.5556 18689.0101  219.0832 -999.9000    0.0000    0.0000    3.2153   90.9336
  69.8260 18845.8894  217.9540 -999.9000    0.0000    0.0000    2.5942   91.0562
  68.1227 19002.7688  217.6510 -999.9000    0.0000    0.0000    1.4582   91.7656
  66.4601 19159.6482  217.9896 -999.9000    0.0000    0.0000    0.4378   89.5288
  64.8418 19316.5276  218.4633 -999.9000    0.0000    0.0000    0.1431   87.4851
  63.2670 19473.4070  218.8586 -999.9000    0.0000    0.0000    0.7042   87.9468
  61.7318 19630.2864  219.4136 -999.9000    0.0000    0.0000    1.3126   88.3028
  60.2355 19787.1658  219.6222 -999.9000    0.0000    0.0000    2.0812   88.5476
  58.7762 19944.0452  219.3242 -999.9000    0.0000    0.0000    2.9503   88.9105
  57.3501 20100.9246  218.9459 -999.9000    0.0000    0.0000    3.4154   89.0671
  55.9562 20257.8040  218.6816 -999.9000    0.0000    0.0000    3.3790   88.9446
  54.5968 20414.6834  218.4517 -999.9000    0.0000    0.0000    3.2065   88.7725
  53.2731 20571.5628  218.4083 -999.9000    0.0000    0.0000    3.0608   88.6461
  51.9860 20728.4422  218.8623 -999.9000    0.0000    0.0000    2.9588   88.5640
  50.7361 20885.3216  220.1273 -999.9000    0.0000    0.0000    2.9147   88.5228
  49.5229 21042.2010  221.9146 -999.9000    0.0000    0.0000    2.9120   88.5126
  48.3394 21199.0804  221.3145 -999.9000    0.0000    0.0000    3.3001   88.5757
  47.1874 21355.9598  221.4030 -999.9000    0.0000    0.0000    4.4775   88.7747
  46.0647 21512.8392  221.8181 -999.9000    0.0000    0.0000    5.5593   88.9472
  44.9691 21669.7186  222.0804 -999.9000    0.0000    0.0000    5.8126   88.9570
  43.8989 21826.5980  222.1266 -999.9000    0.0000    0.0000    5.4696   88.8369
  42.8525 21983.4774  222.0170 -999.9000    0.0000    0.0000    5.0464   88.6697
  41.8295 22140.3568  221.7994 -999.9000    0.0000    0.0000    4.8317   88.5214
  40.8309 22297.2362  221.5019 -999.9000    0.0000    0.0000    4.7629   88.4316
  39.8584 22454.1156  221.1534 -999.9000    0.0000    0.0000    4.7479   88.4374
  38.9104 22610.9950  221.5802 -999.9000    0.0000    0.0000    4.9341   88.5046
  37.9838 22767.8744  222.8754 -999.9000    0.0000    0.0000    5.3777   88.5579
  37.0791 22924.7538  223.6025 -999.9000    0.0000    0.0000    5.7469   88.6106
  36.1962 23081.6332  223.7300 -999.9000    0.0000    0.0000    6.0254   88.6649
  35.3349 23238.5126  223.4756 -999.9000    0.0000    0.0000    6.2524   88.7211
  34.4951 23395.3920  223.0564 -999.9000    0.0000    0.0000    6.4674   88.7793
  33.6765 23552.2714  222.6899 -999.9000    0.0000    0.0000    6.7096   88.8396
  32.8792 23709.1508  222.5935 -999.9000    0.0000    0.0000    7.0188   88.9021
  32.1025 23866.0302  222.9089 -999.9000    0.0000    0.0000    7.4069   88.9664
  31.3447 24022.9095  223.4982 -999.9000    0.0000    0.0000    7.7855   89.0294
  30.6036 24179.7889  224.1591 -999.9000    0.0000    0.0000    8.0432   89.0878
  29.8779 24336.6683  224.6639 -999.9000    0.0000    0.0000    8.0878   89.1301
  29.1715 24493.5477  224.7230 -999.9000    0.0000    0.0000    8.0236   89.0898
  28.4842 24650.4271  224.5838 -999.9000    0.0000    0.0000    7.9031   88.9796
  27.8138 24807.3065  224.6150 -999.9000    0.0000    0.0000    7.7401   88.8366
  27.1583 24964.1859  225.1833 -999.9000    0.0000    0.0000    7.5484   88.6979
  26.5173 25121.0653  226.3501 -999.9000    0.0000    0.0000    7.3488   88.5852
  25.8939 25277.9447  227.5275 -999.9000    0.0000    0.0000    7.1762   88.4883
  25.2914 25434.8241  228.0451 -999.9000    0.0000    0.0000    7.0675   88.3927
  24.7096 25591.7035  227.5369 -999.9000    0.0000    0.0000    7.1043   88.3136
  24.1354 25748.5829  226.9884 -999.9000    0.0000    0.0000    7.4478   88.3442
  23.5706 25905.4623  226.7329 -999.9000    0.0000    0.0000    8.0002   88.4419
  23.0189 26062.3417  226.9798 -999.9000    0.0000    0.0000    8.6371   88.5480
  22.4826 26219.2211  227.7946 -999.9000    0.0000    0.0000    9.2579   88.6216
  21.9608 26376.1005  228.8717 -999.9000    0.0000    0.0000    9.8244   88.6692
  21.4521 26532.9799  229.8466 -999.9000    0.0000    0.0000   10.3085   88.7041
  20.9548 26689.8593  230.3545 -999.9000    0.0000    0.0000   10.6819   88.7401
  20.4676 26846.7387  230.0308 -999.9000    0.0000    0.0000   10.9165   88.7908
  19.9891 27003.6181  228.5461 -999.9000    0.0000    0.0000   10.9772   88.8671
  19.5243 27160.4975  227.6222 -999.9000    0.0000    0.0000   10.5024   88.8331
  19.0752 27317.3769  228.0467 -999.9000    0.0000    0.0000    9.5643   88.6652
  18.6391 27474.2563  229.2393 -999.9000    0.0000    0.0000    8.5574   88.4541
  18.2135 27631.1357  230.6201 -999.9000    0.0000    0.0000    7.8767   88.2905
  17.7959 27788.0151  231.6180 -999.9000    0.0000    0.0000    7.8939   88.2601
  17.3864 27944.8945  231.8863 -999.9000    0.0000    0.0000    8.4301   88.3267
  16.9866 28101.7739  231.4513 -999.9000    0.0000    0.0000    9.0044   88.3867
  16.5963 28258.6533  230.6100 -999.9000    0.0000    0.0000    9.5822   88.4341
  16.2153 28415.5327  229.6865 -999.9000    0.0000    0.0000   10.1783   88.4734
  15.8432 28572.4121  229.0047 -999.9000    0.0000    0.0000   10.8075   88.5095
  15.4798 28729.2915  228.8829 -999.9000    0.0000    0.0000   11.4823   88.5468
  15.1246 28886.1709  229.2825 -999.9000    0.0000    0.0000   12.1007   88.5881
  14.7769 29043.0503  229.6469 -999.9000    0.0000    0.0000   12.3991   88.6333
  14.4368 29199.9296  229.8123 -999.9000    0.0000    0.0000   12.3129   88.6841
  14.1043 29356.8090  229.9166 -999.9000    0.0000    0.0000   11.9237   88.7433
  13.7798 29513.6884  230.1034 -999.9000    0.0000    0.0000   11.3162   88.8140
  13.4633 29670.5678  230.5163 -999.9000    0.0000    0.0000   10.5749   88.8992
  13.1552 29827.4472  231.2992 -999.9000    0.0000    0.0000    9.7843   89.0018
  12.8555 29984.3266  232.5387 -999.9000    0.0000    0.0000    9.0272   89.1215
  12.5638 30141.2060  233.9227 -999.9000    0.0000    0.0000    8.3716   89.2343
  12.2794 30298.0854  234.9695 -999.9000    0.0000    0.0000    7.8799   89.3059
  12.0018 30454.9648  235.1968 -999.9000    0.0000    0.0000    7.6142   89.3022
  11.7304 30611.8442  234.3770 -999.9000    0.0000    0.0000    7.5959   89.2026
  11.4650 30768.7236  233.3218 -999.9000    0.0000    0.0000    7.6798   89.0420
  11.2056 30925.6030  233.1082 -999.9000    0.0000    0.0000    7.6785   88.8691
  10.9522 31082.4824  234.3881 -999.9000    0.0000    0.0000    7.4719   88.7216
  10.7056 31239.3618  236.0017 -999.9000    0.0000    0.0000    7.2296   88.5894
  10.4661 31396.2412  236.6311 -999.9000    0.0000    0.0000    7.1486   88.4534
  10.2318 31553.1206  236.3565 -999.9000    0.0000    0.0000    7.2147   88.3118
  10.0000 31710.0000  235.6331 -999.9000    0.0000    0.0000    7.3572   88.1674
