# 06610 LSMP Payerne Observations at 12Z 30 Jul 2008
# Radiosonde file generated by raso.rb
#
  P [hPa],     Z [m],    T [K],   Td [K],   RH [%], r [g/kg], WS [m/s], WD [deg]
 962.0000   491.0000  298.4889 -999.9000   66.1410   13.6900    2.5381   93.0543
 944.6891   647.8794  296.4817 -999.9000   67.6863   12.6302    4.9626   92.6754
 927.6873   804.7588  295.1391 -999.9000   79.4002   13.9071    2.5608   92.9144
 911.0964   961.6382  293.8903 -999.9000   79.8465   14.4362    0.7555   92.0428
 894.7070  1118.5176  292.9912 -999.9000   79.8354   14.3064    1.6770   90.9797
 878.5406  1275.3970  292.7265 -999.9000   79.8911   13.3485    2.6291   90.6229
 862.6769  1432.2764  291.3721 -999.9000   80.7925   13.5129    2.8322   90.4248
 846.9845  1589.1558  290.1473 -999.9000   80.1051   13.9027    4.4141   90.3491
 831.5533  1746.0352  289.8105 -999.9000   80.5731   13.2228    5.2774   90.3950
 816.3570  1902.9146  288.5006 -999.9000   80.4536   11.9693    6.3657   90.4496
 801.3249  2059.7940  286.9090 -999.9000   80.1669   11.5640    6.9744   90.4939
 786.5365  2216.6734  285.5485 -999.9000   80.0059   10.4184    7.7099   90.5367
 771.9169  2373.5528  284.3065 -999.9000   80.3858    8.7627    8.8903   90.5644
 757.5041  2530.4322  283.2363 -999.9000   80.2471    8.5006    9.4120   90.6155
 743.3854  2687.3116  282.6477 -999.9000   77.6048    7.5803    8.2937   90.6080
 729.2940  2844.1910  281.5584 -999.9000   60.2515    5.5688    8.0408   90.6173
 715.5826  3001.0704  280.4948 -999.9000   50.0131    4.3807    9.6113   90.6971
 702.0616  3157.9497  279.2940 -999.9000   51.4904    4.2344   10.8834   90.7782
 688.7126  3314.8291  277.7985 -999.9000   58.7931    4.4448   10.9626   90.8007
 675.5482  3471.7085  276.1529 -999.9000   68.0670    4.6752   11.2018   90.8205
 662.5494  3628.5879  274.6573 -999.9000   73.9972    4.6607   11.7974   90.8487
 649.7305  3785.4673  273.6281 -999.9000   67.1404    4.0055   12.0817   90.8627
 637.1240  3942.3467  272.7546 -999.9000   55.0373    3.1437   11.3917   90.9118
 624.7467  4099.2261  271.7189 -999.9000   50.0750    2.7055    9.8352   91.0167
 612.5275  4256.1055  270.6373 -999.9000   50.0114    2.5464    9.3947   91.0465
 600.5160  4412.9849  270.0079 -999.9000   38.1495    1.8919    9.6680   91.0390
 588.7253  4569.8643  269.3910 -999.9000   22.7290    1.0986    9.8462   91.0433
 577.1128  4726.7437  268.0766 -999.9000   18.1426    0.8108    9.8920   91.0483
 565.6299  4883.6231  267.2201 -999.9000   17.0144    0.7276    9.8510   91.0538
 554.4053  5040.5025  266.6387 -999.9000   13.4850    0.5634    9.1598   91.1400
 543.3471  5197.3819  265.9450 -999.9000   12.8280    0.5190    8.3801   91.2153
 532.4739  5354.2613  264.9025 -999.9000   22.1864    0.8459    8.7857   91.2112
 521.8251  5511.1407  263.8390 -999.9000   24.0354    0.8613    9.5420   91.1806
 511.3144  5668.0201  263.0338 -999.9000   14.0945    0.4842   10.2245   91.1583
 500.9731  5824.8995  261.6789 -999.9000   12.9814    0.4090   10.9286   91.1344
 490.8286  5981.7789  260.0547 -999.9000   18.4155    0.5200   11.0864   91.1143
 480.7236  6138.6583  258.9291 -999.9000   29.2582    0.7703   11.4239   91.0832
 470.8214  6295.5377  257.6300 -999.9000   31.5291    0.7621   11.5252   91.0728
 461.0900  6452.4171  256.1920 -999.9000   30.8670    0.6762   11.2507   90.9894
 451.4963  6609.2965  254.8807 -999.9000   32.0466    0.6422   10.2464   90.8335
 442.0676  6766.1759  253.7948 -999.9000   32.6259    0.6091    9.3596   90.7116
 432.8253  6923.0553  252.8191 -999.9000   32.3460    0.5674   10.2730   90.6964
 423.7241  7079.9347  251.3986 -999.9000   36.0580    0.5712   11.1578   90.7318
 414.7432  7236.8141  249.6794 -999.9000   41.2906    0.5742   10.9591   90.7585
 405.9174  7393.6935  248.6698 -999.9000   31.8695    0.4138   11.1899   90.7794
 397.1974  7550.5729  247.3681 -999.9000   27.2805    0.3219   11.4586   90.7881
 388.6475  7707.4523  245.9600 -999.9000   31.2085    0.3308   11.6028   90.8405
 380.2876  7864.3317  244.9290 -999.9000   34.8622    0.3433   11.8361   90.9010
 372.0784  8021.2111  244.0965 -999.9000   39.1358    0.3645   11.9840   90.8924
 363.9826  8178.0905  243.2883 -999.9000   45.2662    0.3994   11.8924   90.7526
 356.0087  8334.9698  242.4203 -999.9000   54.5120    0.4529   11.8721   90.7678
 348.2042  8491.8492  241.5113 -999.9000   60.6400    0.5188   12.4702   91.3797
 340.5609  8648.7286  240.6441 -999.9000   65.0327    0.5272   12.6996   91.7004
 333.0575  8805.6080  239.7685 -999.9000   65.6392    0.4852   12.6382   91.6152
 325.6771  8962.4874  238.7841 -999.9000   65.0631    0.4338   12.9320   91.4555
 318.4095  9119.3668  237.5746 -999.9000   65.8518    0.3977   13.8499   91.4682
 311.2701  9276.2462  235.9303 -999.9000   60.7437    0.3338   14.0060   91.4746
 304.2599  9433.1256  234.3530 -999.9000   55.5586    0.2938   14.2278   91.4194
 297.3812  9590.0050  233.2643 -999.9000   50.7123    0.2688   14.7070   91.3896
 290.6045  9746.8844  232.0151 -999.9000   45.5022    0.2331   15.0322   91.3805
 283.9369  9903.7638  230.6174 -999.9000   45.8008    0.2031   15.4061   91.3479
 277.3870 10060.6432  229.1170 -999.9000   45.6522    0.1789   15.7912   91.3074
 270.9631 10217.5226  227.5538 -999.9000   45.5906    0.1538   16.0550   91.2950
 264.6694 10374.4020  226.0018 -999.9000   45.7022    0.1244   16.1076   91.3378
 258.4744 10531.2814  224.7680 -999.9000   45.2127    0.1097   16.2496   91.3756
 252.3757 10688.1608  223.7345 -999.9000   45.5319    0.1034   16.5100   91.3933
 246.3812 10845.0402  222.6722 -999.9000   40.2536    0.0916   16.8070   91.3978
 240.4896 11001.9196  221.4740 -999.9000   35.6983    0.0742   17.0875   91.3965
 234.6950 11158.7990  220.1348 -999.9000   35.9559    0.0604   17.3220   91.3968
 229.0082 11315.6784  218.7515 -999.9000   35.5036    0.0528   17.5049   91.3986
 223.4492 11472.5578  217.4717 -999.9000   34.9805    0.0500   17.6427   91.3982
 218.0236 11629.4372  216.2717 -999.9000   30.1373    0.0480   17.4537   91.4126
 212.6609 11786.3166  214.6027 -999.9000   25.6207    0.0350   15.7878   91.5070
 207.3913 11943.1960  213.7758 -999.9000   23.7895    0.0295   14.6249   91.4951
 202.2510 12100.0754  214.4859 -999.9000   18.0229    0.0410   14.3366   91.5711
 197.2536 12256.9548  215.8911 -999.9000    9.1085    0.0304   12.3535   92.1270
 192.4469 12413.8342  218.2902 -999.9000    2.6489    0.0062   12.8206   91.9985
 187.8076 12570.7136  218.1121 -999.9000    0.2374    0.0003   13.0794   91.9213
 183.2603 12727.5930  216.8813 -999.9000    0.2961    0.0003   12.8024   91.8946
 178.8033 12884.4724  216.4725 -999.9000    0.0000    0.0000   12.5834   91.8603
 174.4458 13041.3518  216.8794 -999.9000    0.0133    0.0000   12.7293   91.7991
 170.1876 13198.2312  217.1080 -999.9000    0.0000    0.0000   13.2661   91.6668
 166.0391 13355.1106  217.2787 -999.9000    0.0000    0.0000   13.8962   91.5392
 162.0101 13511.9899  216.9043 -999.9000    0.0002    0.0000   14.2041   91.4198
 158.0706 13668.8693  215.9210 -999.9000    0.0000    0.0000   13.8286   91.3880
 154.1974 13825.7487  215.0480 -999.9000    0.0000    0.0000   12.6736   91.4693
 150.4126 13982.6281  214.9810 -999.9000    0.0000    0.0000   10.7645   91.5650
 146.7292 14139.5075  215.9092 -999.9000    0.0000    0.0000   10.6895   91.5673
 143.1108 14296.3869  214.1312 -999.9000    0.0000    0.0000   10.6097   91.5696
 139.5597 14453.2663  216.5490 -999.9000    0.0000    0.0000   10.5767   91.5684
 136.1266 14610.1457  214.2141 -999.9000    0.0000    0.0000   10.5656   91.5540
 132.7619 14767.0251  213.3471 -999.9000    0.0000    0.0000   10.5580   91.5347
 129.4754 14923.9045  214.3508 -999.9000    0.0000    0.0000   10.5481   91.5197
 126.2897 15080.7839  215.4677 -999.9000    0.0000    0.0000   10.5272   91.5108
 123.1790 15237.6633  216.7096 -999.9000    0.0000    0.0000   10.5334   91.4644
 120.1481 15394.5427  217.2000 -999.9000    0.0000    0.0000   10.3808   91.3748
 117.2138 15551.4221  216.5755 -999.9000    0.0000    0.0000   10.0094   91.2661
 114.3435 15708.3015  216.5027 -999.9000    0.0000    0.0000    9.6771   91.1464
 111.5416 15865.1809  216.2824 -999.9000    0.0000    0.0000    9.0861   91.1933
 108.8149 16022.0603  217.6196 -999.9000    0.0000    0.0000    8.2625   91.4869
 106.1648 16178.9397  217.6978 -999.9000    0.0000    0.0000    7.7927   91.3484
 103.5767 16335.8191  217.3548 -999.9000    0.0000    0.0000    6.3549   91.9971
 101.0524 16492.6985  219.4226 -999.9000    0.0000    0.0000    1.8713   90.4089
  98.6148 16649.5779  218.0519 -999.9000    0.0000    0.0000    1.0912   90.4014
  96.2203 16806.4573  217.3311 -999.9000    0.0000    0.0000    0.2609   90.4014
  93.8688 16963.3367  216.6325 -999.9000    0.0000    0.0000    1.3407   90.4014
  91.5836 17120.2161  216.5271 -999.9000    0.0000    0.0000    2.2071   90.4014
  89.3567 17277.0955  216.5179 -999.9000    0.0000    0.0000    2.8411   90.4014
  87.1784 17433.9749  216.0568 -999.9000    0.0000    0.0000    3.5394   90.3927
  85.0453 17590.8543  215.2557 -999.9000    0.0000    0.0000    4.4688   90.0754
  82.9608 17747.7337  214.9378 -999.9000    0.0000    0.0000    5.6560   90.9865
  80.9282 17904.6131  215.5865 -999.9000    0.0000    0.0000    6.8177   90.6807
  78.9484 18061.4925  216.2321 -999.9000    0.0000    0.0000    6.7252   90.4907
  77.0217 18218.3719  216.9052 -999.9000    0.0000    0.0000    5.7818   90.6714
  75.1483 18375.2513  217.9628 -999.9000    0.0000    0.0000    4.8417   90.9237
  73.3271 18532.1307  219.0636 -999.9000    0.0000    0.0000    4.2354   91.0464
  71.5556 18689.0101  219.1877 -999.9000    0.0000    0.0000    3.7846   90.9336
  69.8260 18845.8894  218.0705 -999.9000    0.0000    0.0000    3.1828   91.0562
  68.1227 19002.7688  217.7784 -999.9000    0.0000    0.0000    2.0630   91.7656
  66.4601 19159.6482  218.1268 -999.9000    0.0000    0.0000    1.0557   89.5288
  64.8418 19316.5276  218.6091 -999.9000    0.0000    0.0000    0.7708   87.4851
  63.2670 19473.4070  219.0119 -999.9000    0.0000    0.0000    1.3383   87.9468
  61.7318 19630.2864  219.5731 -999.9000    0.0000    0.0000    1.9495   88.3028
  60.2355 19787.1658  219.7867 -999.9000    0.0000    0.0000    2.7172   88.5476
  58.7762 19944.0452  219.4925 -999.9000    0.0000    0.0000    3.5816   88.9105
  57.3501 20100.9246  219.1168 -999.9000    0.0000    0.0000    4.0379   89.0671
  55.9562 20257.8040  218.8539 -999.9000    0.0000    0.0000    3.9887   88.9446
  54.5968 20414.6834  218.6241 -999.9000    0.0000    0.0000    3.7989   88.7725
  53.2731 20571.5628  218.5795 -999.9000    0.0000    0.0000    3.6316   88.6461
  51.9860 20728.4422  219.0310 -999.9000    0.0000    0.0000    3.5035   88.5640
  50.7361 20885.3216  220.2922 -999.9000    0.0000    0.0000    3.4285   88.5228
  49.5229 21042.2010  222.0744 -999.9000    0.0000    0.0000    3.3901   88.5126
  48.3394 21199.0804  221.4679 -999.9000    0.0000    0.0000    3.7374   88.5757
  47.1874 21355.9598  221.5487 -999.9000    0.0000    0.0000    4.8690   88.7747
  46.0647 21512.8392  221.9547 -999.9000    0.0000    0.0000    5.8999   88.9472
  44.9691 21669.7186  222.2067 -999.9000    0.0000    0.0000    6.0978   88.9570
  43.8989 21826.5980  222.2417 -999.9000    0.0000    0.0000    5.6957   88.8369
  42.8525 21983.4774  222.1200 -999.9000    0.0000    0.0000    5.2100   88.6697
  41.8295 22140.3568  221.8897 -999.9000    0.0000    0.0000    4.9302   88.5214
  40.8309 22297.2362  221.5788 -999.9000    0.0000    0.0000    4.7941   88.4316
  39.8584 22454.1156  221.2165 -999.9000    0.0000    0.0000    4.7103   88.4374
  38.9104 22610.9950  221.6293 -999.9000    0.0000    0.0000    4.8268   88.5046
  37.9838 22767.8744  222.9104 -999.9000    0.0000    0.0000    5.2003   88.5579
  37.0791 22924.7538  223.6233 -999.9000    0.0000    0.0000    5.4997   88.6106
  36.1962 23081.6332  223.7369 -999.9000    0.0000    0.0000    5.7091   88.6649
  35.3349 23238.5126  223.4690 -999.9000    0.0000    0.0000    5.8685   88.7211
  34.4951 23395.3920  223.0367 -999.9000    0.0000    0.0000    6.0179   88.7793
  33.6765 23552.2714  222.6578 -999.9000    0.0000    0.0000    6.1971   88.8396
  32.8792 23709.1508  222.5497 -999.9000    0.0000    0.0000    6.4464   88.9021
  32.1025 23866.0302  222.8544 -999.9000    0.0000    0.0000    6.7784   88.9664
  31.3447 24022.9095  223.4341 -999.9000    0.0000    0.0000    7.1053   89.0294
  30.6036 24179.7889  224.0867 -999.9000    0.0000    0.0000    7.3161   89.0878
  29.8779 24336.6683  224.5845 -999.9000    0.0000    0.0000    7.3194   89.1301
  29.1715 24493.5477  224.6380 -999.9000    0.0000    0.0000    7.2200   89.0898
  28.4842 24650.4271  224.4951 -999.9000    0.0000    0.0000    7.0709   88.9796
  27.8138 24807.3065  224.5243 -999.9000    0.0000    0.0000    6.8866   88.8366
  27.1583 24964.1859  225.0926 -999.9000    0.0000    0.0000    6.6812   88.6979
  26.5173 25121.0653  226.2611 -999.9000    0.0000    0.0000    6.4750   88.5852
  25.8939 25277.9447  227.4420 -999.9000    0.0000    0.0000    6.3027   88.4883
  25.2914 25434.8241  227.9647 -999.9000    0.0000    0.0000    6.2006   88.3927
  24.7096 25591.7035  227.4630 -999.9000    0.0000    0.0000    6.2500   88.3136
  24.1354 25748.5829  226.9225 -999.9000    0.0000    0.0000    6.6114   88.3442
  23.5706 25905.4623  226.6762 -999.9000    0.0000    0.0000    7.1869   88.4419
  23.0189 26062.3417  226.9335 -999.9000    0.0000    0.0000    7.8514   88.5480
  22.4826 26219.2211  227.7598 -999.9000    0.0000    0.0000    8.5041   88.6216
  21.9608 26376.1005  228.8492 -999.9000    0.0000    0.0000    9.1063   88.6692
  21.4521 26532.9799  229.8374 -999.9000    0.0000    0.0000    9.6294   88.7041
  20.9548 26689.8593  230.3592 -999.9000    0.0000    0.0000   10.0448   88.7401
  20.4676 26846.7387  230.0501 -999.9000    0.0000    0.0000   10.3238   88.7908
  19.9891 27003.6181  228.5805 -999.9000    0.0000    0.0000   10.4310   88.8671
  19.5243 27160.4975  227.6722 -999.9000    0.0000    0.0000   10.0042   88.8331
  19.0752 27317.3769  228.1124 -999.9000    0.0000    0.0000    9.1154   88.6652
  18.6391 27474.2563  229.3210 -999.9000    0.0000    0.0000    8.1586   88.4541
  18.2135 27631.1357  230.7179 -999.9000    0.0000    0.0000    7.5284   88.2905
  17.7959 27788.0151  231.7319 -999.9000    0.0000    0.0000    7.5958   88.2601
  17.3864 27944.8945  232.0161 -999.9000    0.0000    0.0000    8.1818   88.3267
  16.9866 28101.7739  231.5968 -999.9000    0.0000    0.0000    8.8050   88.3867
  16.5963 28258.6533  230.7708 -999.9000    0.0000    0.0000    9.4304   88.4341
  16.2153 28415.5327  229.8621 -999.9000    0.0000    0.0000   10.0722   88.4734
  15.8432 28572.4121  229.1947 -999.9000    0.0000    0.0000   10.7448   88.5095
  15.4798 28729.2915  229.0865 -999.9000    0.0000    0.0000   11.4605   88.5468
  15.1246 28886.1709  229.4989 -999.9000    0.0000    0.0000   12.1166   88.5881
  14.7769 29043.0503  229.8752 -999.9000    0.0000    0.0000   12.4493   88.6333
  14.4368 29199.9296  230.0516 -999.9000    0.0000    0.0000   12.3934   88.6841
  14.1043 29356.8090  230.1657 -999.9000    0.0000    0.0000   12.0300   88.7433
  13.7798 29513.6884  230.3611 -999.9000    0.0000    0.0000   11.4437   88.8140
  13.4633 29670.5678  230.7814 -999.9000    0.0000    0.0000   10.7182   88.8992
  13.1552 29827.4472  231.5700 -999.9000    0.0000    0.0000    9.9379   89.0018
  12.8555 29984.3266  232.8139 -999.9000    0.0000    0.0000    9.1848   89.1215
  12.5638 30141.2060  234.2005 -999.9000    0.0000    0.0000    8.5269   89.2343
  12.2794 30298.0854  235.2481 -999.9000    0.0000    0.0000    8.0258   89.3059
  12.0018 30454.9648  235.4745 -999.9000    0.0000    0.0000    7.7435   89.3022
  11.7304 30611.8442  234.6517 -999.9000    0.0000    0.0000    7.7007   89.2026
  11.4650 30768.7236  233.5915 -999.9000    0.0000    0.0000    7.7519   89.0420
  11.2056 30925.6030  233.3706 -999.9000    0.0000    0.0000    7.7092   88.8691
  10.9522 31082.4824  234.6409 -999.9000    0.0000    0.0000    7.4522   88.7216
  10.7056 31239.3618  236.2426 -999.9000    0.0000    0.0000    7.1498   88.5894
  10.4661 31396.2412  236.8574 -999.9000    0.0000    0.0000    6.9990   88.4534
  10.2318 31553.1206  236.5657 -999.9000    0.0000    0.0000    6.9848   88.3118
  10.0000 31710.0000  235.8224 -999.9000    0.0000    0.0000    7.0362   88.1674
