# 06610 LSMP Payerne Observations at 12Z 30 Jul 2008
# Radiosonde file generated by raso.rb
#
  P [hPa],     Z [m],    T [K],   Td [K],   RH [%], r [g/kg], WS [m/s], WD [deg]
 962.0000   491.0000  297.8970 -999.9000   66.1752   13.6900    2.0511   93.0543
 944.6891   647.8794  295.9192 -999.9000   67.7288   12.6302    4.5044   92.6754
 927.6873   804.7588  294.6039 -999.9000   79.4583   13.9071    2.1299   92.9144
 911.0964   961.6382  293.3802 -999.9000   79.9126   14.4362    0.3505   92.0428
 894.7070  1118.5176  292.5043 -999.9000   79.9088   14.3064    1.2964   90.9797
 878.5406  1275.3970  292.2609 -999.9000   79.9712   13.3485    2.2715   90.6229
 862.6769  1432.2764  290.9260 -999.9000   80.8799   13.5129    2.4963   90.4248
 846.9845  1589.1558  289.7190 -999.9000   80.1975   13.9027    4.0985   90.3491
 831.5533  1746.0352  289.3984 -999.9000   80.6714   13.2228    4.9809   90.3950
 816.3570  1902.9146  288.1030 -999.9000   80.5566   11.9693    6.0869   90.4496
 801.3249  2059.7940  286.5247 -999.9000   80.2740   11.5640    6.7122   90.4939
 786.5365  2216.6734  285.1759 -999.9000   80.1167   10.4184    7.4630   90.5367
 771.9169  2373.5528  283.9443 -999.9000   80.5007    8.7627    8.6576   90.5644
 757.5041  2530.4322  282.8835 -999.9000   80.3649    8.5006    9.1925   90.6155
 743.3854  2687.3116  282.3030 -999.9000   77.7212    7.5803    8.0861   90.6080
 729.2940  2844.1910  281.2208 -999.9000   60.3436    5.5688    7.8442   90.6173
 715.5826  3001.0704  280.1634 -999.9000   50.0907    4.3807    9.4246   90.6971
 702.0616  3157.9497  278.9680 -999.9000   51.5713    4.2344   10.7056   90.7782
 688.7126  3314.8291  277.4770 -999.9000   58.8864    4.4448   10.7928   90.8007
 675.5482  3471.7085  275.8352 -999.9000   68.1757    4.6752   11.0390   90.8205
 662.5494  3628.5879  274.3429 -999.9000   74.1158    4.6607   11.6409   90.8487
 649.7305  3785.4673  273.3164 -999.9000   67.2481    4.0055   11.9305   90.8627
 637.1240  3942.3467  272.4452 -999.9000   55.1255    3.1437   11.2451   90.9118
 624.7467  4099.2261  271.4114 -999.9000   50.1548    2.7055    9.6924   91.0167
 612.5275  4256.1055  270.3315 -999.9000   50.0907    2.5464    9.2549   91.0465
 600.5160  4412.9849  269.7036 -999.9000   38.2094    1.8919    9.5305   91.0390
 588.7253  4569.8643  269.0881 -999.9000   22.7643    1.0986    9.7104   91.0433
 577.1128  4726.7437  267.7751 -999.9000   18.1704    0.8108    9.7572   91.0483
 565.6299  4883.6231  266.9200 -999.9000   17.0400    0.7276    9.7167   91.0538
 554.4053  5040.5025  266.3403 -999.9000   13.5050    0.5634    9.0253   91.1400
 543.3471  5197.3819  265.6485 -999.9000   12.8466    0.5190    8.2450   91.2153
 532.4739  5354.2613  264.6082 -999.9000   22.2178    0.8459    8.6494   91.2112
 521.8251  5511.1407  263.5474 -999.9000   24.0687    0.8613    9.4041   91.1806
 511.3144  5668.0201  262.7453 -999.9000   14.1135    0.4842   10.0845   91.1583
 500.9731  5824.8995  261.3941 -999.9000   12.9984    0.4090   10.7862   91.1344
 490.8286  5981.7789  259.7743 -999.9000   18.4387    0.5200   10.9412   91.1143
 480.7236  6138.6583  258.6539 -999.9000   29.2938    0.7703   11.2756   91.0832
 470.8214  6295.5377  257.3608 -999.9000   31.5660    0.7621   11.3735   91.0728
 461.0900  6452.4171  255.9297 -999.9000   30.9016    0.6762   11.0954   90.9894
 451.4963  6609.2965  254.6264 -999.9000   32.0809    0.6422   10.0872   90.8335
 442.0676  6766.1759  253.5496 -999.9000   32.6591    0.6091    9.1963   90.7116
 432.8253  6923.0553  252.5841 -999.9000   32.3772    0.5674   10.1056   90.6964
 423.7241  7079.9347  251.1751 -999.9000   36.0907    0.5712   10.9860   90.7318
 414.7432  7236.8141  249.4689 -999.9000   41.3258    0.5742   10.7830   90.7585
 405.9174  7393.6935  248.4736 -999.9000   31.8949    0.4138   11.0094   90.7794
 397.1974  7550.5729  247.1877 -999.9000   27.3006    0.3219   11.2737   90.7881
 388.6475  7707.4523  245.7969 -999.9000   31.2296    0.3308   11.4134   90.8405
 380.2876  7864.3317  244.7842 -999.9000   34.8837    0.3433   11.6422   90.9010
 372.0784  8021.2111  243.9710 -999.9000   39.1576    0.3645   11.7856   90.8924
 363.9826  8178.0905  243.1828 -999.9000   45.2887    0.3994   11.6893   90.7526
 356.0087  8334.9698  242.3353 -999.9000   54.5357    0.4529   11.6642   90.7678
 348.2042  8491.8492  241.4470 -999.9000   60.6627    0.5188   12.2574   91.3797
 340.5609  8648.7286  240.6007 -999.9000   65.0531    0.5272   12.4817   91.7004
 333.0575  8805.6080  239.7457 -999.9000   65.6558    0.4852   12.4151   91.6152
 325.6771  8962.4874  238.7816 -999.9000   65.0757    0.4338   12.7034   91.4555
 318.4095  9119.3668  237.5917 -999.9000   65.8606    0.3977   13.6155   91.4682
 311.2701  9276.2462  235.9662 -999.9000   60.7482    0.3338   13.7656   91.4746
 304.2599  9433.1256  234.4066 -999.9000   55.5595    0.2938   13.9811   91.4194
 297.3812  9590.0050  233.3344 -999.9000   50.7102    0.2688   14.4536   91.3896
 290.6045  9746.8844  232.1001 -999.9000   45.4978    0.2331   14.7718   91.3805
 283.9369  9903.7638  230.7156 -999.9000   45.7939    0.2031   15.1384   91.3479
 277.3870 10060.6432  229.2265 -999.9000   45.6429    0.1789   15.5157   91.3074
 270.9631 10217.5226  227.6723 -999.9000   45.5790    0.1538   15.7714   91.2950
 264.6694 10374.4020  226.1271 -999.9000   45.6882    0.1244   15.8153   91.3378
 258.4744 10531.2814  224.8974 -999.9000   45.1967    0.1097   15.9482   91.3756
 252.3757 10688.1608  223.8651 -999.9000   45.5137    0.1034   16.1990   91.3933
 246.3812 10845.0402  222.8010 -999.9000   40.2358    0.0916   16.4859   91.3978
 240.4896 11001.9196  221.5977 -999.9000   35.6810    0.0742   16.7557   91.3965
 234.6950 11158.7990  220.2504 -999.9000   35.9372    0.0604   16.9791   91.3968
 229.0082 11315.6784  218.8559 -999.9000   35.4838    0.0528   17.1506   91.3986
 223.4492 11472.5578  217.5625 -999.9000   34.9598    0.0500   17.2768   91.3982
 218.0236 11629.4372  216.3467 -999.9000   30.1186    0.0480   17.0764   91.4126
 212.6609 11786.3166  214.6598 -999.9000   25.6039    0.0350   15.3992   91.5070
 207.3913 11943.1960  213.8135 -999.9000   23.7733    0.0295   14.2254   91.4951
 202.2510 12100.0754  214.5028 -999.9000   18.0102    0.0410   13.9267   91.5711
 197.2536 12256.9548  215.8862 -999.9000    9.1018    0.0304   11.9340   92.1270
 192.4469 12413.8342  218.2626 -999.9000    2.6469    0.0062   12.3923   91.9985
 187.8076 12570.7136  218.0615 -999.9000    0.2372    0.0003   12.6434   91.9213
 183.2603 12727.5930  216.8075 -999.9000    0.2958    0.0003   12.3598   91.8946
 178.8033 12884.4724  216.3757 -999.9000    0.0000    0.0000   12.1357   91.8603
 174.4458 13041.3518  216.7601 -999.9000    0.0133    0.0000   12.2780   91.7991
 170.1876 13198.2312  216.9668 -999.9000    0.0000    0.0000   12.8128   91.6668
 166.0391 13355.1106  217.1168 -999.9000    0.0000    0.0000   13.4428   91.5392
 162.0101 13511.9899  216.7231 -999.9000    0.0002    0.0000   13.7527   91.4198
 158.0706 13668.8693  215.7220 -999.9000    0.0000    0.0000   13.3813   91.3880
 154.1974 13825.7487  214.8333 -999.9000    0.0000    0.0000   12.2328   91.4693
 150.4126 13982.6281  214.7528 -999.9000    0.0000    0.0000   10.3326   91.5650
 146.7292 14139.5075  215.6701 -999.9000    0.0000    0.0000   10.2694   91.5673
 143.1108 14296.3869  213.8840 -999.9000    0.0000    0.0000   10.2041   91.5696
 139.5597 14453.2663  216.2970 -999.9000    0.0000    0.0000   10.1886   91.5684
 136.1266 14610.1457  213.9604 -999.9000    0.0000    0.0000   10.1979   91.5540
 132.7619 14767.0251  213.0945 -999.9000    0.0000    0.0000   10.2131   91.5347
 129.4754 14923.9045  214.1020 -999.9000    0.0000    0.0000   10.2281   91.5197
 126.2897 15080.7839  215.2250 -999.9000    0.0000    0.0000   10.2335   91.5108
 123.1790 15237.6633  216.4752 -999.9000    0.0000    0.0000   10.2673   91.4644
 120.1481 15394.5427  216.9756 -999.9000    0.0000    0.0000   10.1428   91.3748
 117.2138 15551.4221  216.3627 -999.9000    0.0000    0.0000    9.8000   91.2661
 114.3435 15708.3015  216.3028 -999.9000    0.0000    0.0000    9.4960   91.1464
 111.5416 15865.1809  216.0965 -999.9000    0.0000    0.0000    8.9329   91.1933
 108.8149 16022.0603  217.4483 -999.9000    0.0000    0.0000    8.1361   91.4869
 106.1648 16178.9397  217.5417 -999.9000    0.0000    0.0000    7.6917   91.3484
 103.5767 16335.8191  217.2142 -999.9000    0.0000    0.0000    6.2774   91.9971
 101.0524 16492.6985  219.2973 -999.9000    0.0000    0.0000    1.8150   90.4089
  98.6148 16649.5779  217.9417 -999.9000    0.0000    0.0000    1.0535   90.4014
  96.2203 16806.4573  217.2354 -999.9000    0.0000    0.0000    0.2386   90.4014
  93.8688 16963.3367  216.5505 -999.9000    0.0000    0.0000    1.3302   90.4014
  91.5836 17120.2161  216.4577 -999.9000    0.0000    0.0000    2.2046   90.4014
  89.3567 17277.0955  216.4597 -999.9000    0.0000    0.0000    2.8419   90.4014
  87.1784 17433.9749  216.0081 -999.9000    0.0000    0.0000    3.5389   90.3927
  85.0453 17590.8543  215.2147 -999.9000    0.0000    0.0000    4.4616   90.0754
  82.9608 17747.7337  214.9023 -999.9000    0.0000    0.0000    5.6365   90.9865
  80.9282 17904.6131  215.5541 -999.9000    0.0000    0.0000    6.7796   90.6807
  78.9484 18061.4925  216.2003 -999.9000    0.0000    0.0000    6.6627   90.4907
  77.0217 18218.3719  216.8717 -999.9000    0.0000    0.0000    5.6893   90.6714
  75.1483 18375.2513  217.9257 -999.9000    0.0000    0.0000    4.7147   90.9237
  73.3271 18532.1307  219.0211 -999.9000    0.0000    0.0000    4.0697   91.0464
  71.5556 18689.0101  219.1382 -999.9000    0.0000    0.0000    3.5769   90.9336
  69.8260 18845.8894  218.0127 -999.9000    0.0000    0.0000    2.9304   91.0562
  68.1227 19002.7688  217.7113 -999.9000    0.0000    0.0000    1.7638   91.7656
  66.4601 19159.6482  218.0494 -999.9000    0.0000    0.0000    0.7085   89.5288
  64.8418 19316.5276  218.5209 -999.9000    0.0000    0.0000    0.3749   87.4851
  63.2670 19473.4070  218.9124 -999.9000    0.0000    0.0000    0.8937   87.9468
  61.7318 19630.2864  219.4622 -999.9000    0.0000    0.0000    1.4569   88.3028
  60.2355 19787.1658  219.6645 -999.9000    0.0000    0.0000    2.1779   88.5476
  58.7762 19944.0452  219.3593 -999.9000    0.0000    0.0000    2.9977   88.9105
  57.3501 20100.9246  218.9731 -999.9000    0.0000    0.0000    3.4121   89.0671
  55.9562 20257.8040  218.7004 -999.9000    0.0000    0.0000    3.3244   88.9446
  54.5968 20414.6834  218.4620 -999.9000    0.0000    0.0000    3.1002   88.7725
  53.2731 20571.5628  218.4099 -999.9000    0.0000    0.0000    2.9032   88.6461
  51.9860 20728.4422  218.8554 -999.9000    0.0000    0.0000    2.7508   88.5640
  50.7361 20885.3216  220.1123 -999.9000    0.0000    0.0000    2.6577   88.5228
  49.5229 21042.2010  221.8921 -999.9000    0.0000    0.0000    2.6078   88.5126
  48.3394 21199.0804  221.2854 -999.9000    0.0000    0.0000    2.9512   88.5757
  47.1874 21355.9598  221.3684 -999.9000    0.0000    0.0000    4.0868   88.7747
  46.0647 21512.8392  221.7790 -999.9000    0.0000    0.0000    5.1302   88.9472
  44.9691 21669.7186  222.0380 -999.9000    0.0000    0.0000    5.3483   88.9570
  43.8989 21826.5980  222.0820 -999.9000    0.0000    0.0000    4.9733   88.8369
  42.8525 21983.4774  221.9714 -999.9000    0.0000    0.0000    4.5212   88.6697
  41.8295 22140.3568  221.7537 -999.9000    0.0000    0.0000    4.2807   88.5214
  40.8309 22297.2362  221.4570 -999.9000    0.0000    0.0000    4.1891   88.4316
  39.8584 22454.1156  221.1104 -999.9000    0.0000    0.0000    4.1542   88.4374
  38.9104 22610.9950  221.5400 -999.9000    0.0000    0.0000    4.3235   88.5046
  37.9838 22767.8744  222.8388 -999.9000    0.0000    0.0000    4.7529   88.5579
  37.0791 22924.7538  223.5703 -999.9000    0.0000    0.0000    5.1108   88.6106
  36.1962 23081.6332  223.7031 -999.9000    0.0000    0.0000    5.3805   88.6649
  35.3349 23238.5126  223.4547 -999.9000    0.0000    0.0000    5.6014   88.7211
  34.4951 23395.3920  223.0422 -999.9000    0.0000    0.0000    5.8129   88.7793
  33.6765 23552.2714  222.6831 -999.9000    0.0000    0.0000    6.0542   88.8396
  32.8792 23709.1508  222.5947 -999.9000    0.0000    0.0000    6.3649   88.9021
  32.1025 23866.0302  222.9188 -999.9000    0.0000    0.0000    6.7569   88.9664
  31.3447 24022.9095  223.5172 -999.9000    0.0000    0.0000    7.1417   89.0294
  30.6036 24179.7889  224.1879 -999.9000    0.0000    0.0000    7.4078   89.0878
  29.8779 24336.6683  224.7028 -999.9000    0.0000    0.0000    7.4631   89.1301
  29.1715 24493.5477  224.7725 -999.9000    0.0000    0.0000    7.4118   89.0898
  28.4842 24650.4271  224.6444 -999.9000    0.0000    0.0000    7.3061   88.9796
  27.8138 24807.3065  224.6869 -999.9000    0.0000    0.0000    7.1601   88.8366
  27.1583 24964.1859  225.2669 -999.9000    0.0000    0.0000    6.9872   88.6979
  26.5173 25121.0653  226.4455 -999.9000    0.0000    0.0000    6.8082   88.5852
  25.8939 25277.9447  227.6349 -999.9000    0.0000    0.0000    6.6578   88.4883
  25.2914 25434.8241  228.1645 -999.9000    0.0000    0.0000    6.5727   88.3927
  24.7096 25591.7035  227.6681 -999.9000    0.0000    0.0000    6.6343   88.3136
  24.1354 25748.5829  227.1312 -999.9000    0.0000    0.0000    7.0036   88.3442
  23.5706 25905.4623  226.8869 -999.9000    0.0000    0.0000    7.5827   88.4419
  23.0189 26062.3417  227.1445 -999.9000    0.0000    0.0000    8.2469   88.5480
  22.4826 26219.2211  227.9696 -999.9000    0.0000    0.0000    8.8956   88.6216
  21.9608 26376.1005  229.0562 -999.9000    0.0000    0.0000    9.4902   88.6692
  21.4521 26532.9799  230.0399 -999.9000    0.0000    0.0000   10.0026   88.7041
  20.9548 26689.8593  230.5557 -999.9000    0.0000    0.0000   10.4044   88.7401
  20.4676 26846.7387  230.2388 -999.9000    0.0000    0.0000   10.6670   88.7908
  19.9891 27003.6181  228.7599 -999.9000    0.0000    0.0000   10.7554   88.8671
  19.5243 27160.4975  227.8406 -999.9000    0.0000    0.0000   10.3076   88.8331
  19.0752 27317.3769  228.2683 -999.9000    0.0000    0.0000    9.3957   88.6652
  18.6391 27474.2563  229.4627 -999.9000    0.0000    0.0000    8.4143   88.4541
  18.2135 27631.1357  230.8437 -999.9000    0.0000    0.0000    7.7578   88.2905
  17.7959 27788.0151  231.8403 -999.9000    0.0000    0.0000    7.7979   88.2601
  17.3864 27944.8945  232.1054 -999.9000    0.0000    0.0000    8.3556   88.3267
  16.9866 28101.7739  231.6654 -999.9000    0.0000    0.0000    8.9497   88.3867
  16.5963 28258.6533  230.8170 -999.9000    0.0000    0.0000    9.5455   88.4341
  16.2153 28415.5327  229.8844 -999.9000    0.0000    0.0000   10.1576   88.4734
  15.8432 28572.4121  229.1914 -999.9000    0.0000    0.0000   10.8005   88.5095
  15.4798 28729.2915  229.0560 -999.9000    0.0000    0.0000   11.4867   88.5468
  15.1246 28886.1709  229.4396 -999.9000    0.0000    0.0000   12.1139   88.5881
  14.7769 29043.0503  229.7854 -999.9000    0.0000    0.0000   12.4184   88.6333
  14.4368 29199.9296  229.9297 -999.9000    0.0000    0.0000   12.3354   88.6841
  14.1043 29356.8090  230.0101 -999.9000    0.0000    0.0000   11.9463   88.7433
  13.7798 29513.6884  230.1701 -999.9000    0.0000    0.0000   11.3356   88.8140
  13.4633 29670.5678  230.5534 -999.9000    0.0000    0.0000   10.5876   88.8992
  13.1552 29827.4472  231.3035 -999.9000    0.0000    0.0000    9.7868   89.0018
  12.8555 29984.3266  232.5071 -999.9000    0.0000    0.0000    9.0155   89.1215
  12.5638 30141.2060  233.8518 -999.9000    0.0000    0.0000    8.3418   89.2343
  12.2794 30298.0854  234.8560 -999.9000    0.0000    0.0000    7.8278   89.3059
  12.0018 30454.9648  235.0372 -999.9000    0.0000    0.0000    7.5356   89.3022
  11.7304 30611.8442  234.1677 -999.9000    0.0000    0.0000    7.4861   89.2026
  11.4650 30768.7236  233.0591 -999.9000    0.0000    0.0000    7.5341   89.0420
  11.2056 30925.6030  232.7882 -999.9000    0.0000    0.0000    7.4921   88.8691
  10.9522 31082.4824  234.0069 -999.9000    0.0000    0.0000    7.2397   88.7216
  10.7056 31239.3618  235.5553 -999.9000    0.0000    0.0000    6.9463   88.5894
  10.4661 31396.2412  236.1152 -999.9000    0.0000    0.0000    6.8089   88.4534
  10.2318 31553.1206  235.7670 -999.9000    0.0000    0.0000    6.8129   88.3118
  10.0000 31710.0000  234.9655 -999.9000    0.0000    0.0000    6.8875   88.1674
