# 06610 LSMP Payerne Observations at 12Z 30 Jul 2008
# Radiosonde file generated by raso.rb
#
  P [hPa],     Z [m],    T [K],   Td [K],   RH [%], r [g/kg], WS [m/s], WD [deg]
 962.0000   491.0000  298.0096 -999.9000   66.1305   13.6900    1.6168   93.0543
 944.6891   647.8794  296.0271 -999.9000   67.6963   12.6302    4.1311   92.6754
 927.6873   804.7588  294.7072 -999.9000   79.4341   13.9071    1.8135   92.9144
 911.0964   961.6382  293.4790 -999.9000   79.9007   14.4362    0.0870   92.0428
 894.7070  1118.5176  292.5985 -999.9000   79.9079   14.3064    1.0820   90.9797
 878.5406  1275.3970  292.3506 -999.9000   79.9799   13.3485    2.1024   90.6229
 862.6769  1432.2764  291.0112 -999.9000   80.8969   13.5129    2.3690   90.4248
 846.9845  1589.1558  289.7997 -999.9000   80.2212   13.9027    4.0094   90.3491
 831.5533  1746.0352  289.4747 -999.9000   80.7009   13.2228    4.9265   90.3950
 816.3570  1902.9146  288.1751 -999.9000   80.5905   11.9693    6.0640   90.4496
 801.3249  2059.7940  286.5925 -999.9000   80.3111   11.5640    6.7175   90.4939
 786.5365  2216.6734  285.2396 -999.9000   80.1560   10.4184    7.4935   90.5367
 771.9169  2373.5528  284.0041 -999.9000   80.5413    8.7627    8.7103   90.5644
 757.5041  2530.4322  282.9393 -999.9000   80.4057    8.5006    9.2644   90.6155
 743.3854  2687.3116  282.3551 -999.9000   77.7601    7.5803    8.1745   90.6080
 729.2940  2844.1910  281.2694 -999.9000   60.3728    5.5688    7.9464   90.6173
 715.5826  3001.0704  280.2086 -999.9000   50.1136    4.3807    9.5381   90.6971
 702.0616  3157.9497  279.0099 -999.9000   51.5929    4.2344   10.8278   90.7782
 688.7126  3314.8291  277.5160 -999.9000   58.9085    4.4448   10.9215   90.8007
 675.5482  3471.7085  275.8713 -999.9000   68.1979    4.6752   11.1719   90.8205
 662.5494  3628.5879  274.3764 -999.9000   74.1356    4.6607   11.7757   90.8487
 649.7305  3785.4673  273.3476 -999.9000   67.2619    4.0055   12.0653   90.8627
 637.1240  3942.3467  272.4742 -999.9000   55.1330    3.1437   11.3779   90.9118
 624.7467  4099.2261  271.4386 -999.9000   50.1582    2.7055    9.8214   91.0167
 612.5275  4256.1055  270.3571 -999.9000   50.0903    2.5464    9.3784   91.0465
 600.5160  4412.9849  269.7278 -999.9000   38.2061    1.8919    9.6469   91.0390
 588.7253  4569.8643  269.1113 -999.9000   22.7606    1.0986    9.8181   91.0433
 577.1128  4726.7437  267.7975 -999.9000   18.1659    0.8108    9.8549   91.0483
 565.6299  4883.6231  266.9421 -999.9000   17.0345    0.7276    9.8030   91.0538
 554.4053  5040.5025  266.3623 -999.9000   13.4995    0.5634    9.0990   91.1400
 543.3471  5197.3819  265.6707 -999.9000   12.8405    0.5190    8.3051   91.2153
 532.4739  5354.2613  264.6310 -999.9000   22.2055    0.8459    8.6948   91.2112
 521.8251  5511.1407  263.5712 -999.9000   24.0535    0.8613    9.4340   91.1806
 511.3144  5668.0201  262.7704 -999.9000   14.1037    0.4842   10.0981   91.1583
 500.9731  5824.8995  261.4211 -999.9000   12.9885    0.4090   10.7829   91.1344
 490.8286  5981.7789  259.8034 -999.9000   18.4236    0.5200   10.9204   91.1143
 480.7236  6138.6583  258.6855 -999.9000   29.2682    0.7703   11.2367   91.0832
 470.8214  6295.5377  257.3954 -999.9000   31.5370    0.7621   11.3163   91.0728
 461.0900  6452.4171  255.9678 -999.9000   30.8720    0.6762   11.0197   90.9894
 451.4963  6609.2965  254.6684 -999.9000   32.0492    0.6422    9.9928   90.8335
 442.0676  6766.1759  253.5960 -999.9000   32.6263    0.6091    9.0832   90.7116
 432.8253  6923.0553  252.6354 -999.9000   32.3442    0.5674    9.9738   90.6964
 423.7241  7079.9347  251.2317 -999.9000   36.0540    0.5712   10.8357   90.7318
 414.7432  7236.8141  249.5313 -999.9000   41.2843    0.5742   10.6144   90.7585
 405.9174  7393.6935  248.5424 -999.9000   31.8636    0.4138   10.8231   90.7794
 397.1974  7550.5729  247.2634 -999.9000   27.2748    0.3219   11.0700   90.7881
 388.6475  7707.4523  245.8800 -999.9000   31.2016    0.3308   11.1931   90.8405
 380.2876  7864.3317  244.8751 -999.9000   34.8545    0.3433   11.4059   90.9010
 372.0784  8021.2111  244.0702 -999.9000   39.1276    0.3645   11.5343   90.8924
 363.9826  8178.0905  243.2906 -999.9000   45.2573    0.3994   11.4241   90.7526
 356.0087  8334.9698  242.4521 -999.9000   54.5024    0.4529   11.3864   90.7678
 348.2042  8491.8492  241.5730 -999.9000   60.6308    0.5188   11.9683   91.3797
 340.5609  8648.7286  240.7362 -999.9000   65.0248    0.5272   12.1828   91.7004
 333.0575  8805.6080  239.8908 -999.9000   65.6331    0.4852   12.1080   91.6152
 325.6771  8962.4874  238.9364 -999.9000   65.0590    0.4338   12.3900   91.4555
 318.4095  9119.3668  237.7563 -999.9000   65.8496    0.3977   13.2978   91.4682
 311.2701  9276.2462  236.1407 -999.9000   60.7433    0.3338   13.4457   91.4746
 304.2599  9433.1256  234.5910 -999.9000   55.5594    0.2938   13.6612   91.4194
 297.3812  9590.0050  233.5286 -999.9000   50.7139    0.2688   14.1361   91.3896
 290.6045  9746.8844  232.3041 -999.9000   45.5041    0.2331   14.4593   91.3805
 283.9369  9903.7638  230.9293 -999.9000   45.8029    0.2031   14.8335   91.3479
 277.3870 10060.6432  229.4496 -999.9000   45.6540    0.1789   15.2214   91.3074
 270.9631 10217.5226  227.9047 -999.9000   45.5916    0.1538   15.4905   91.2950
 264.6694 10374.4020  226.3683 -999.9000   45.7018    0.1244   15.5510   91.3378
 258.4744 10531.2814  225.1473 -999.9000   45.2104    0.1097   15.7039   91.3756
 252.3757 10688.1608  224.1232 -999.9000   45.5269    0.1034   15.9780   91.3933
 246.3812 10845.0402  223.0671 -999.9000   40.2462    0.0916   16.2918   91.3978
 240.4896 11001.9196  221.8711 -999.9000   35.6884    0.0742   16.5923   91.3965
 234.6950 11158.7990  220.5307 -999.9000   35.9421    0.0604   16.8498   91.3968
 229.0082 11315.6784  219.1427 -999.9000   35.4856    0.0528   17.0584   91.3986
 223.4492 11472.5578  217.8553 -999.9000   34.9580    0.0500   17.2244   91.3982
 218.0236 11629.4372  216.6448 -999.9000   30.1135    0.0480   17.0658   91.4126
 212.6609 11786.3166  214.9628 -999.9000   25.5965    0.0350   15.4321   91.5070
 207.3913 11943.1960  214.1208 -999.9000   23.7632    0.0295   14.3031   91.4951
 202.2510 12100.0754  214.8138 -999.9000   18.0000    0.0410   14.0500   91.5711
 197.2536 12256.9548  216.2003 -999.9000    9.0954    0.0304   12.1031   92.1270
 192.4469 12413.8342  218.5792 -999.9000    2.6447    0.0062   12.6072   91.9985
 187.8076 12570.7136  218.3799 -999.9000    0.2369    0.0003   12.9035   91.9213
 183.2603 12727.5930  217.1272 -999.9000    0.2955    0.0003   12.6642   91.8946
 178.8033 12884.4724  216.6959 -999.9000    0.0000    0.0000   12.4828   91.8603
 174.4458 13041.3518  217.0802 -999.9000    0.0133    0.0000   12.6659   91.7991
 170.1876 13198.2312  217.2861 -999.9000    0.0000    0.0000   13.2393   91.6668
 166.0391 13355.1106  217.4346 -999.9000    0.0000    0.0000   13.9049   91.5392
 162.0101 13511.9899  217.0386 -999.9000    0.0002    0.0000   14.2473   91.4198
 158.0706 13668.8693  216.0345 -999.9000    0.0000    0.0000   13.9046   91.3880
 154.1974 13825.7487  215.1420 -999.9000    0.0000    0.0000   12.7807   91.4693
 150.4126 13982.6281  215.0570 -999.9000    0.0000    0.0000   10.9006   91.5650
 146.7292 14139.5075  215.9689 -999.9000    0.0000    0.0000   10.8523   91.5673
 143.1108 14296.3869  214.1767 -999.9000    0.0000    0.0000   10.7965   91.5696
 139.5597 14453.2663  216.5826 -999.9000    0.0000    0.0000   10.7846   91.5684
 136.1266 14610.1457  214.2383 -999.9000    0.0000    0.0000   10.7915   91.5540
 132.7619 14767.0251  213.3639 -999.9000    0.0000    0.0000   10.7991   91.5347
 129.4754 14923.9045  214.3623 -999.9000    0.0000    0.0000   10.8015   91.5197
 126.2897 15080.7839  215.4757 -999.9000    0.0000    0.0000   10.7901   91.5108
 123.1790 15237.6633  216.7159 -999.9000    0.0000    0.0000   10.8032   91.4644
 120.1481 15394.5427  217.2060 -999.9000    0.0000    0.0000   10.6548   91.3748
 117.2138 15551.4221  216.5826 -999.9000    0.0000    0.0000   10.2851   91.2661
 114.3435 15708.3015  216.5121 -999.9000    0.0000    0.0000    9.9520   91.1464
 111.5416 15865.1809  216.2950 -999.9000    0.0000    0.0000    9.3579   91.1933
 108.8149 16022.0603  217.6362 -999.9000    0.0000    0.0000    8.5288   91.4869
 106.1648 16178.9397  217.7192 -999.9000    0.0000    0.0000    8.0513   91.3484
 103.5767 16335.8191  217.3814 -999.9000    0.0000    0.0000    6.6037   91.9971
 101.0524 16492.6985  219.4546 -999.9000    0.0000    0.0000    2.1082   90.4089
  98.6148 16649.5779  218.0895 -999.9000    0.0000    0.0000    1.3142   90.4014
  96.2203 16806.4573  217.3743 -999.9000    0.0000    0.0000    0.4681   90.4014
  93.8688 16963.3367  216.6811 -999.9000    0.0000    0.0000    1.5302   90.4014
  91.5836 17120.2161  216.5806 -999.9000    0.0000    0.0000    2.3773   90.4014
  89.3567 17277.0955  216.5758 -999.9000    0.0000    0.0000    2.9902   90.4014
  87.1784 17433.9749  216.1183 -999.9000    0.0000    0.0000    3.6658   90.3927
  85.0453 17590.8543  215.3200 -999.9000    0.0000    0.0000    4.5711   90.0754
  82.9608 17747.7337  215.0038 -999.9000    0.0000    0.0000    5.7327   90.9865
  80.9282 17904.6131  215.6529 -999.9000    0.0000    0.0000    6.8673   90.6807
  78.9484 18061.4925  216.2977 -999.9000    0.0000    0.0000    6.7467   90.4907
  77.0217 18218.3719  216.9688 -999.9000    0.0000    0.0000    5.7742   90.6714
  75.1483 18375.2513  218.0235 -999.9000    0.0000    0.0000    4.8045   90.9237
  73.3271 18532.1307  219.1204 -999.9000    0.0000    0.0000    4.1683   91.0464
  71.5556 18689.0101  219.2399 -999.9000    0.0000    0.0000    3.6876   90.9336
  69.8260 18845.8894  218.1176 -999.9000    0.0000    0.0000    3.0562   91.0562
  68.1227 19002.7688  217.8200 -999.9000    0.0000    0.0000    1.9074   91.7656
  66.4601 19159.6482  218.1625 -999.9000    0.0000    0.0000    0.8721   89.5288
  64.8418 19316.5276  218.6388 -999.9000    0.0000    0.0000    0.5605   87.4851
  63.2670 19473.4070  219.0355 -999.9000    0.0000    0.0000    1.1027   87.9468
  61.7318 19630.2864  219.5908 -999.9000    0.0000    0.0000    1.6904   88.3028
  60.2355 19787.1658  219.7988 -999.9000    0.0000    0.0000    2.4368   88.5476
  58.7762 19944.0452  219.4994 -999.9000    0.0000    0.0000    3.2823   88.9105
  57.3501 20100.9246  219.1190 -999.9000    0.0000    0.0000    3.7225   89.0671
  55.9562 20257.8040  218.8521 -999.9000    0.0000    0.0000    3.6601   88.9446
  54.5968 20414.6834  218.6192 -999.9000    0.0000    0.0000    3.4606   88.7725
  53.2731 20571.5628  218.5724 -999.9000    0.0000    0.0000    3.2871   88.6461
  51.9860 20728.4422  219.0228 -999.9000    0.0000    0.0000    3.1567   88.5640
  50.7361 20885.3216  220.2842 -999.9000    0.0000    0.0000    3.0838   88.5228
  49.5229 21042.2010  222.0680 -999.9000    0.0000    0.0000    3.0520   88.5126
  48.3394 21199.0804  221.4647 -999.9000    0.0000    0.0000    3.4107   88.5757
  47.1874 21355.9598  221.5502 -999.9000    0.0000    0.0000    4.5588   88.7747
  46.0647 21512.8392  221.9627 -999.9000    0.0000    0.0000    5.6114   88.9472
  44.9691 21669.7186  222.2228 -999.9000    0.0000    0.0000    5.8357   88.9570
  43.8989 21826.5980  222.2672 -999.9000    0.0000    0.0000    5.4641   88.8369
  42.8525 21983.4774  222.1561 -999.9000    0.0000    0.0000    5.0126   88.6697
  41.8295 22140.3568  221.9373 -999.9000    0.0000    0.0000    4.7701   88.5214
  40.8309 22297.2362  221.6388 -999.9000    0.0000    0.0000    4.6740   88.4316
  39.8584 22454.1156  221.2896 -999.9000    0.0000    0.0000    4.6323   88.4374
  38.9104 22610.9950  221.7158 -999.9000    0.0000    0.0000    4.7926   88.5046
  37.9838 22767.8744  223.0106 -999.9000    0.0000    0.0000    5.2110   88.5579
  37.0791 22924.7538  223.7375 -999.9000    0.0000    0.0000    5.5559   88.6106
  36.1962 23081.6332  223.8648 -999.9000    0.0000    0.0000    5.8111   88.6649
  35.3349 23238.5126  223.6104 -999.9000    0.0000    0.0000    6.0157   88.7211
  34.4951 23395.3920  223.1912 -999.9000    0.0000    0.0000    6.2095   88.7793
  33.6765 23552.2714  222.8248 -999.9000    0.0000    0.0000    6.4318   88.8396
  32.8792 23709.1508  222.7283 -999.9000    0.0000    0.0000    6.7223   88.9021
  32.1025 23866.0302  223.0437 -999.9000    0.0000    0.0000    7.0930   88.9664
  31.3447 24022.9095  223.6329 -999.9000    0.0000    0.0000    7.4557   89.0294
  30.6036 24179.7889  224.2936 -999.9000    0.0000    0.0000    7.6990   89.0878
  29.8779 24336.6683  224.7981 -999.9000    0.0000    0.0000    7.7308   89.1301
  29.1715 24493.5477  224.8566 -999.9000    0.0000    0.0000    7.6555   89.0898
  28.4842 24650.4271  224.7168 -999.9000    0.0000    0.0000    7.5257   88.9796
  27.8138 24807.3065  224.7470 -999.9000    0.0000    0.0000    7.3553   88.8366
  27.1583 24964.1859  225.3142 -999.9000    0.0000    0.0000    7.1579   88.6979
  26.5173 25121.0653  226.4795 -999.9000    0.0000    0.0000    6.9545   88.5852
  25.8939 25277.9447  227.6552 -999.9000    0.0000    0.0000    6.7797   88.4883
  25.2914 25434.8241  228.1709 -999.9000    0.0000    0.0000    6.6706   88.3927
  24.7096 25591.7035  227.6604 -999.9000    0.0000    0.0000    6.7084   88.3136
  24.1354 25748.5829  227.1093 -999.9000    0.0000    0.0000    7.0542   88.3442
  23.5706 25905.4623  226.8509 -999.9000    0.0000    0.0000    7.6104   88.4419
  23.0189 26062.3417  227.0945 -999.9000    0.0000    0.0000    8.2521   88.5480
  22.4826 26219.2211  227.9058 -999.9000    0.0000    0.0000    8.8789   88.6216
  21.9608 26376.1005  228.9790 -999.9000    0.0000    0.0000    9.4523   88.6692
  21.4521 26532.9799  229.9496 -999.9000    0.0000    0.0000    9.9444   88.7041
  20.9548 26689.8593  230.4528 -999.9000    0.0000    0.0000   10.3265   88.7401
  20.4676 26846.7387  230.1240 -999.9000    0.0000    0.0000   10.5706   88.7908
  19.9891 27003.6181  228.6339 -999.9000    0.0000    0.0000   10.6413   88.8671
  19.5243 27160.4975  227.7041 -999.9000    0.0000    0.0000   10.1770   88.8331
  19.0752 27317.3769  228.1223 -999.9000    0.0000    0.0000    9.2499   88.6652
  18.6391 27474.2563  229.3081 -999.9000    0.0000    0.0000    8.2544   88.4541
  18.2135 27631.1357  230.6818 -999.9000    0.0000    0.0000    7.5852   88.2905
  17.7959 27788.0151  231.6720 -999.9000    0.0000    0.0000    7.6139   88.2601
  17.3864 27944.8945  231.9322 -999.9000    0.0000    0.0000    8.1618   88.3267
  16.9866 28101.7739  231.4886 -999.9000    0.0000    0.0000    8.7477   88.3867
  16.5963 28258.6533  230.6381 -999.9000    0.0000    0.0000    9.3370   88.4341
  16.2153 28415.5327  229.7050 -999.9000    0.0000    0.0000    9.9443   88.4734
  15.8432 28572.4121  229.0132 -999.9000    0.0000    0.0000   10.5842   88.5095
  15.4798 28729.2915  228.8807 -999.9000    0.0000    0.0000   11.2694   88.5468
  15.1246 28886.1709  229.2691 -999.9000    0.0000    0.0000   11.8975   88.5881
  14.7769 29043.0503  229.6217 -999.9000    0.0000    0.0000   12.2051   88.6333
  14.4368 29199.9296  229.7747 -999.9000    0.0000    0.0000   12.1272   88.6841
  14.1043 29356.8090  229.8661 -999.9000    0.0000    0.0000   11.7455   88.7433
  13.7798 29513.6884  230.0394 -999.9000    0.0000    0.0000   11.1445   88.8140
  13.4633 29670.5678  230.4383 -999.9000    0.0000    0.0000   10.4086   88.8992
  13.1552 29827.4472  231.2065 -999.9000    0.0000    0.0000    9.6224   89.0018
  12.8555 29984.3266  232.4306 -999.9000    0.0000    0.0000    8.8683   89.1215
  12.5638 30141.2060  233.7986 -999.9000    0.0000    0.0000    8.2144   89.2343
  12.2794 30298.0854  234.8288 -999.9000    0.0000    0.0000    7.7230   89.3059
  12.0018 30454.9648  235.0388 -999.9000    0.0000    0.0000    7.4561   89.3022
  11.7304 30611.8442  234.2010 -999.9000    0.0000    0.0000    7.4348   89.2026
  11.4650 30768.7236  233.1272 -999.9000    0.0000    0.0000    7.5140   89.0420
  11.2056 30925.6030  232.8942 -999.9000    0.0000    0.0000    7.5062   88.8691
  10.9522 31082.4824  234.1541 -999.9000    0.0000    0.0000    7.2912   88.7216
  10.7056 31239.3618  235.7469 -999.9000    0.0000    0.0000    7.0384   88.5894
  10.4661 31396.2412  236.3548 -999.9000    0.0000    0.0000    6.9448   88.4534
  10.2318 31553.1206  236.0580 -999.9000    0.0000    0.0000    6.9961   88.3118
  10.0000 31710.0000  235.3115 -999.9000    0.0000    0.0000    7.1214   88.1674
