# 06610 LSMP Payerne Observations at 12Z 30 Jul 2008
# Radiosonde file generated by raso.rb
#
  P [hPa],     Z [m],    T [K],   Td [K],   RH [%], r [g/kg], WS [m/s], WD [deg]
 962.0000   491.0000  297.6181 -999.9000   66.1358   13.6900    2.4175   93.0543
 944.6891   647.8794  295.5854 -999.9000   67.7108   12.6302    4.7960   92.6754
 927.6873   804.7588  294.2206 -999.9000   79.4599   13.9071    2.3521   92.9144
 911.0964   961.6382  292.9528 -999.9000   79.9338   14.4362    0.5086   92.0428
 894.7070  1118.5176  292.0378 -999.9000   79.9463   14.3064    1.3954   90.9797
 878.5406  1275.3970  291.7602 -999.9000   80.0220   13.3485    2.3165   90.6229
 862.6769  1432.2764  290.3958 -999.9000   80.9418   13.5129    2.4920   90.4248
 846.9845  1589.1558  289.1639 -999.9000   80.2664   13.9027    4.0496   90.3491
 831.5533  1746.0352  288.8227 -999.9000   80.7457   13.2228    4.8917   90.3950
 816.3570  1902.9146  287.5110 -999.9000   80.6333   11.9693    5.9620   90.4496
 801.3249  2059.7940  285.9202 -999.9000   80.3506   11.5640    6.5556   90.4939
 786.5365  2216.6734  284.5629 -999.9000   80.1912   10.4184    7.2788   90.5367
 771.9169  2373.5528  283.3265 -999.9000   80.5714    8.7627    8.4497   90.5644
 757.5041  2530.4322  282.2642 -999.9000   80.4296    8.5006    8.9644   90.6155
 743.3854  2687.3116  281.6856 -999.9000   77.7764    7.5803    7.8415   90.6080
 729.2940  2844.1910  280.6084 -999.9000   60.3795    5.5688    7.5865   90.6173
 715.5826  3001.0704  279.5589 -999.9000   50.1138    4.3807    9.1571   90.6971
 702.0616  3157.9497  278.3742 -999.9000   51.5874    4.2344   10.4313   90.7782
 688.7126  3314.8291  276.8965 -999.9000   58.8951    4.4448   10.5147   90.8007
 675.5482  3471.7085  275.2703 -999.9000   68.1738    4.6752   10.7598   90.8205
 662.5494  3628.5879  273.7959 -999.9000   74.0998    4.6607   11.3632   90.8487
 649.7305  3785.4673  272.7893 -999.9000   67.2205    4.0055   11.6569   90.8627
 637.1240  3942.3467  271.9399 -999.9000   55.0917    3.1437   10.9778   90.9118
 624.7467  4099.2261  270.9296 -999.9000   50.1137    2.7055    9.4335   91.0167
 612.5275  4256.1055  269.8747 -999.9000   50.0391    2.5464    9.0065   91.0465
 600.5160  4412.9849  269.2731 -999.9000   38.1620    1.8919    9.2944   91.0390
 588.7253  4569.8643  268.6850 -999.9000   22.7312    1.0986    9.4883   91.0433
 577.1128  4726.7437  267.4004 -999.9000   18.1402    0.8108    9.5507   91.0483
 565.6299  4883.6231  266.5745 -999.9000   17.0083    0.7276    9.5270   91.0538
 554.4053  5040.5025  266.0246 -999.9000   13.4771    0.5634    8.8538   91.1400
 543.3471  5197.3819  265.3631 -999.9000   12.8177    0.5190    8.0927   91.2153
 532.4739  5354.2613  264.3533 -999.9000   22.1638    0.8459    8.5172   91.2112
 521.8251  5511.1407  263.3230 -999.9000   24.0060    0.8613    9.2927   91.1806
 511.3144  5668.0201  262.5513 -999.9000   14.0746    0.4842    9.9945   91.1583
 500.9731  5824.8995  261.2304 -999.9000   12.9607    0.4090   10.7181   91.1344
 490.8286  5981.7789  259.6402 -999.9000   18.3830    0.5200   10.8953   91.1143
 480.7236  6138.6583  258.5489 -999.9000   29.2023    0.7703   11.2520   91.0832
 470.8214  6295.5377  257.2840 -999.9000   31.4647    0.7621   11.3722   91.0728
 461.0900  6452.4171  255.8802 -999.9000   30.8006    0.6762   11.1162   90.9894
 451.4963  6609.2965  254.6030 -999.9000   31.9749    0.6422   10.1297   90.8335
 442.0676  6766.1759  253.5509 -999.9000   32.5509    0.6091    9.2601   90.7116
 432.8253  6923.0553  252.6086 -999.9000   32.2705    0.5674   10.1900   90.6964
 423.7241  7079.9347  251.2211 -999.9000   35.9736    0.5712   11.0902   90.7318
 414.7432  7236.8141  249.5344 -999.9000   41.1950    0.5742   10.9060   90.7585
 405.9174  7393.6935  248.5566 -999.9000   31.7975    0.4138   11.1501   90.7794
 397.1974  7550.5729  247.2860 -999.9000   27.2214    0.3219   11.4308   90.7881
 388.6475  7707.4523  245.9082 -999.9000   31.1446    0.3308   11.5858   90.8405
 380.2876  7864.3317  244.9065 -999.9000   34.7962    0.3433   11.8285   90.9010
 372.0784  8021.2111  244.1023 -999.9000   39.0687    0.3645   11.9845   90.8924
 363.9826  8178.0905  243.3211 -999.9000   45.1975    0.3994   11.8996   90.7526
 356.0087  8334.9698  242.4788 -999.9000   54.4411    0.4529   11.8847   90.7678
 348.2042  8491.8492  241.5941 -999.9000   60.5750    0.5188   12.4869   91.3797
 340.5609  8648.7286  240.7498 -999.9000   64.9787    0.5272   12.7191   91.7004
 333.0575  8805.6080  239.8952 -999.9000   65.6010    0.4852   12.6591   91.6152
 325.6771  8962.4874  238.9301 -999.9000   65.0416    0.4338   12.9529   91.4555
 318.4095  9119.3668  237.7381 -999.9000   65.8465    0.3977   13.8695   91.4682
 311.2701  9276.2462  236.1092 -999.9000   60.7538    0.3338   14.0230   91.4746
 304.2599  9433.1256  234.5451 -999.9000   55.5811    0.2938   14.2407   91.4194
 297.3812  9590.0050  233.4674 -999.9000   50.7444    0.2688   14.7144   91.3896
 290.6045  9746.8844  232.2269 -999.9000   45.5407    0.2331   15.0327   91.3805
 283.9369  9903.7638  230.8353 -999.9000   45.8485    0.2031   15.3984   91.3479
 277.3870 10060.6432  229.3385 -999.9000   45.7076    0.1789   15.7739   91.3074
 270.9631 10217.5226  227.7760 -999.9000   45.6526    0.1538   16.0267   91.2950
 264.6694 10374.4020  226.2219 -999.9000   45.7696    0.1244   16.0668   91.3378
 258.4744 10531.2814  224.9831 -999.9000   45.2832    0.1097   16.1949   91.3756
 252.3757 10688.1608  223.9415 -999.9000   45.6050    0.1034   16.4400   91.3933
 246.3812 10845.0402  222.8679 -999.9000   40.3186    0.0916   16.7204   91.3978
 240.4896 11001.9196  221.6550 -999.9000   35.7546    0.0742   16.9827   91.3965
 234.6950 11158.7990  220.2981 -999.9000   36.0098    0.0604   17.1978   91.3968
 229.0082 11315.6784  218.8943 -999.9000   35.5526    0.0528   17.3602   91.3986
 223.4492 11472.5578  217.5918 -999.9000   35.0235    0.0500   17.4766   91.3982
 218.0236 11629.4372  216.3671 -999.9000   30.1689    0.0480   17.2656   91.4126
 212.6609 11786.3166  214.6718 -999.9000   25.6421    0.0350   15.5773   91.5070
 207.3913 11943.1960  213.8176 -999.9000   23.8040    0.0295   14.3918   91.4951
 202.2510 12100.0754  214.4996 -999.9000   18.0294    0.0410   14.0809   91.5711
 197.2536 12256.9548  215.8764 -999.9000    9.1093    0.0304   12.0755   92.1270
 192.4469 12413.8342  218.2470 -999.9000    2.6485    0.0062   12.5207   91.9985
 187.8076 12570.7136  218.0409 -999.9000    0.2373    0.0003   12.7583   91.9213
 183.2603 12727.5930  216.7829 -999.9000    0.2958    0.0003   12.4611   91.8946
 178.8033 12884.4724  216.3481 -999.9000    0.0000    0.0000   12.2230   91.8603
 174.4458 13041.3518  216.7308 -999.9000    0.0133    0.0000   12.3511   91.7991
 170.1876 13198.2312  216.9370 -999.9000    0.0000    0.0000   12.8716   91.6668
 166.0391 13355.1106  217.0877 -999.9000    0.0000    0.0000   13.4872   91.5392
 162.0101 13511.9899  216.6962 -999.9000    0.0002    0.0000   13.7827   91.4198
 158.0706 13668.8693  215.6989 -999.9000    0.0000    0.0000   13.3969   91.3880
 154.1974 13825.7487  214.8155 -999.9000    0.0000    0.0000   12.2341   91.4693
 150.4126 13982.6281  214.7421 -999.9000    0.0000    0.0000   10.3198   91.5650
 146.7292 14139.5075  215.6682 -999.9000    0.0000    0.0000   10.2426   91.5673
 143.1108 14296.3869  213.8929 -999.9000    0.0000    0.0000   10.1636   91.5696
 139.5597 14453.2663  216.3185 -999.9000    0.0000    0.0000   10.1347   91.5684
 136.1266 14610.1457  213.9965 -999.9000    0.0000    0.0000   10.1310   91.5540
 132.7619 14767.0251  213.1468 -999.9000    0.0000    0.0000   10.1337   91.5347
 129.4754 14923.9045  214.1720 -999.9000    0.0000    0.0000   10.1367   91.5197
 126.2897 15080.7839  215.3138 -999.9000    0.0000    0.0000   10.1310   91.5108
 123.1790 15237.6633  216.5837 -999.9000    0.0000    0.0000   10.1545   91.4644
 120.1481 15394.5427  217.1046 -999.9000    0.0000    0.0000   10.0207   91.3748
 117.2138 15551.4221  216.5127 -999.9000    0.0000    0.0000    9.6696   91.2661
 114.3435 15708.3015  216.4740 -999.9000    0.0000    0.0000    9.3585   91.1464
 111.5416 15865.1809  216.2889 -999.9000    0.0000    0.0000    8.7896   91.1933
 108.8149 16022.0603  217.6618 -999.9000    0.0000    0.0000    7.9884   91.4869
 106.1648 16178.9397  217.7758 -999.9000    0.0000    0.0000    7.5412   91.3484
 103.5767 16335.8191  217.4681 -999.9000    0.0000    0.0000    6.1258   91.9971
 101.0524 16492.6985  219.5702 -999.9000    0.0000    0.0000    1.6640   90.4089
  98.6148 16649.5779  218.2324 -999.9000    0.0000    0.0000    0.9049   90.4014
  96.2203 16806.4573  217.5425 -999.9000    0.0000    0.0000    0.0945   90.4014
  93.8688 16963.3367  216.8724 -999.9000    0.0000    0.0000    1.1928   90.4014
  91.5836 17120.2161  216.7925 -999.9000    0.0000    0.0000    2.0759   90.4014
  89.3567 17277.0955  216.8054 -999.9000    0.0000    0.0000    2.7244   90.4014
  87.1784 17433.9749  216.3623 -999.9000    0.0000    0.0000    3.4349   90.3927
  85.0453 17590.8543  215.5748 -999.9000    0.0000    0.0000    4.3738   90.0754
  82.9608 17747.7337  215.2656 -999.9000    0.0000    0.0000    5.5676   90.9865
  80.9282 17904.6131  215.9176 -999.9000    0.0000    0.0000    6.7324   90.6807
  78.9484 18061.4925  216.5610 -999.9000    0.0000    0.0000    6.6397   90.4907
  77.0217 18218.3719  217.2267 -999.9000    0.0000    0.0000    5.6932   90.6714
  75.1483 18375.2513  218.2726 -999.9000    0.0000    0.0000    4.7474   90.9237
  73.3271 18532.1307  219.3574 -999.9000    0.0000    0.0000    4.1332   91.0464
  71.5556 18689.0101  219.4621 -999.9000    0.0000    0.0000    3.6726   90.9336
  69.8260 18845.8894  218.3224 -999.9000    0.0000    0.0000    3.0595   91.0562
  68.1227 19002.7688  218.0053 -999.9000    0.0000    0.0000    1.9273   91.7656
  66.4601 19159.6482  218.3264 -999.9000    0.0000    0.0000    0.9069   89.5288
  64.8418 19316.5276  218.7800 -999.9000    0.0000    0.0000    0.6086   87.4851
  63.2670 19473.4070  219.1529 -999.9000    0.0000    0.0000    1.1627   87.9468
  61.7318 19630.2864  219.6835 -999.9000    0.0000    0.0000    1.7607   88.3028
  60.2355 19787.1658  219.8665 -999.9000    0.0000    0.0000    2.5161   88.5476
  58.7762 19944.0452  219.5421 -999.9000    0.0000    0.0000    3.3693   88.9105
  57.3501 20100.9246  219.1369 -999.9000    0.0000    0.0000    3.8159   89.0671
  55.9562 20257.8040  218.8459 -999.9000    0.0000    0.0000    3.7589   88.9446
  54.5968 20414.6834  218.5898 -999.9000    0.0000    0.0000    3.5636   88.7725
  53.2731 20571.5628  218.5213 -999.9000    0.0000    0.0000    3.3933   88.6461
  51.9860 20728.4422  218.9516 -999.9000    0.0000    0.0000    3.2651   88.5640
  50.7361 20885.3216  220.1949 -999.9000    0.0000    0.0000    3.1936   88.5228
  49.5229 21042.2010  221.9631 -999.9000    0.0000    0.0000    3.1623   88.5126
  48.3394 21199.0804  221.3468 -999.9000    0.0000    0.0000    3.5208   88.5757
  47.1874 21355.9598  221.4225 -999.9000    0.0000    0.0000    4.6681   88.7747
  46.0647 21512.8392  221.8283 -999.9000    0.0000    0.0000    5.7192   88.9472
  44.9691 21669.7186  222.0848 -999.9000    0.0000    0.0000    5.9416   88.9570
  43.8989 21826.5980  222.1281 -999.9000    0.0000    0.0000    5.5677   88.8369
  42.8525 21983.4774  222.0184 -999.9000    0.0000    0.0000    5.1138   88.6697
  41.8295 22140.3568  221.8031 -999.9000    0.0000    0.0000    4.8687   88.5214
  40.8309 22297.2362  221.5100 -999.9000    0.0000    0.0000    4.7701   88.4316
  39.8584 22454.1156  221.1677 -999.9000    0.0000    0.0000    4.7260   88.4374
  38.9104 22610.9950  221.6022 -999.9000    0.0000    0.0000    4.8842   88.5046
  37.9838 22767.8744  222.9063 -999.9000    0.0000    0.0000    5.3009   88.5579
  37.0791 22924.7538  223.6432 -999.9000    0.0000    0.0000    5.6446   88.6106
  36.1962 23081.6332  223.7811 -999.9000    0.0000    0.0000    5.8991   88.6649
  35.3349 23238.5126  223.5374 -999.9000    0.0000    0.0000    6.1038   88.7211
  34.4951 23395.3920  223.1289 -999.9000    0.0000    0.0000    6.2986   88.7793
  33.6765 23552.2714  222.7729 -999.9000    0.0000    0.0000    6.5228   88.8396
  32.8792 23709.1508  222.6862 -999.9000    0.0000    0.0000    6.8164   88.9021
  32.1025 23866.0302  223.0105 -999.9000    0.0000    0.0000    7.1914   88.9664
  31.3447 24022.9095  223.6074 -999.9000    0.0000    0.0000    7.5598   89.0294
  30.6036 24179.7889  224.2744 -999.9000    0.0000    0.0000    7.8101   89.0878
  29.8779 24336.6683  224.7835 -999.9000    0.0000    0.0000    7.8506   89.1301
  29.1715 24493.5477  224.8446 -999.9000    0.0000    0.0000    7.7857   89.0898
  28.4842 24650.4271  224.7051 -999.9000    0.0000    0.0000    7.6681   88.9796
  27.8138 24807.3065  224.7332 -999.9000    0.0000    0.0000    7.5118   88.8366
  27.1583 24964.1859  225.2956 -999.9000    0.0000    0.0000    7.3306   88.6979
  26.5173 25121.0653  226.4536 -999.9000    0.0000    0.0000    7.1452   88.5852
  25.8939 25277.9447  227.6198 -999.9000    0.0000    0.0000    6.9901   88.4883
  25.2914 25434.8241  228.1239 -999.9000    0.0000    0.0000    6.9023   88.3927
  24.7096 25591.7035  227.6001 -999.9000    0.0000    0.0000    6.9628   88.3136
  24.1354 25748.5829  227.0341 -999.9000    0.0000    0.0000    7.3326   88.3442
  23.5706 25905.4623  226.7594 -999.9000    0.0000    0.0000    7.9139   88.4419
  23.0189 26062.3417  226.9855 -999.9000    0.0000    0.0000    8.5818   88.5480
  22.4826 26219.2211  227.7784 -999.9000    0.0000    0.0000    9.2355   88.6216
  21.9608 26376.1005  228.8325 -999.9000    0.0000    0.0000    9.8367   88.6692
  21.4521 26532.9799  229.7835 -999.9000    0.0000    0.0000   10.3570   88.7041
  20.9548 26689.8593  230.2669 -999.9000    0.0000    0.0000   10.7678   88.7401
  20.4676 26846.7387  229.9183 -999.9000    0.0000    0.0000   11.0408   88.7908
  19.9891 27003.6181  228.4085 -999.9000    0.0000    0.0000   11.1406   88.8671
  19.5243 27160.4975  227.4594 -999.9000    0.0000    0.0000   10.7054   88.8331
  19.0752 27317.3769  227.8589 -999.9000    0.0000    0.0000    9.8072   88.6652
  18.6391 27474.2563  229.0269 -999.9000    0.0000    0.0000    8.8403   88.4541
  18.2135 27631.1357  230.3837 -999.9000    0.0000    0.0000    8.1992   88.2905
  17.7959 27788.0151  231.3585 -999.9000    0.0000    0.0000    8.2555   88.2601
  17.3864 27944.8945  231.6046 -999.9000    0.0000    0.0000    8.8302   88.3267
  16.9866 28101.7739  231.1488 -999.9000    0.0000    0.0000    9.4421   88.3867
  16.5963 28258.6533  230.2880 -999.9000    0.0000    0.0000   10.0563   88.4341
  16.2153 28415.5327  229.3467 -999.9000    0.0000    0.0000   10.6873   88.4734
  15.8432 28572.4121  228.6490 -999.9000    0.0000    0.0000   11.3497   88.5095
  15.4798 28729.2915  228.5134 -999.9000    0.0000    0.0000   12.0558   88.5468
  15.1246 28886.1709  228.9013 -999.9000    0.0000    0.0000   12.7033   88.5881
  14.7769 29043.0503  229.2566 -999.9000    0.0000    0.0000   13.0285   88.6333
  14.4368 29199.9296  229.4156 -999.9000    0.0000    0.0000   12.9664   88.6841
  14.1043 29356.8090  229.5164 -999.9000    0.0000    0.0000   12.5983   88.7433
  13.7798 29513.6884  229.7028 -999.9000    0.0000    0.0000   12.0089   88.8140
  13.4633 29670.5678  230.1188 -999.9000    0.0000    0.0000   11.2822   88.8992
  13.1552 29827.4472  230.9081 -999.9000    0.0000    0.0000   10.5027   89.0018
  12.8555 29984.3266  232.1578 -999.9000    0.0000    0.0000    9.7527   89.1215
  12.5638 30141.2060  233.5559 -999.9000    0.0000    0.0000    9.1002   89.2343
  12.2794 30298.0854  234.6211 -999.9000    0.0000    0.0000    8.6072   89.3059
  12.0018 30454.9648  234.8711 -999.9000    0.0000    0.0000    8.3357   89.3022
  11.7304 30611.8442  234.0785 -999.9000    0.0000    0.0000    8.3066   89.2026
  11.4650 30768.7236  233.0554 -999.9000    0.0000    0.0000    8.3747   89.0420
  11.2056 30925.6030  232.8787 -999.9000    0.0000    0.0000    8.3523   88.8691
  10.9522 31082.4824  234.2009 -999.9000    0.0000    0.0000    8.1191   88.7216
  10.7056 31239.3618  235.8621 -999.9000    0.0000    0.0000    7.8443   88.5894
  10.4661 31396.2412  236.5447 -999.9000    0.0000    0.0000    7.7248   88.4534
  10.2318 31553.1206  236.3292 -999.9000    0.0000    0.0000    7.7461   88.3118
  10.0000 31710.0000  235.6709 -999.9000    0.0000    0.0000    7.8373   88.1674
