# 06610 LSMP Payerne Observations at 12Z 30 Jul 2008
# Radiosonde file generated by raso.rb
#
  P [hPa],     Z [m],    T [K],   Td [K],   RH [%], r [g/kg], WS [m/s], WD [deg]
 962.0000   491.0000  298.2571 -999.9000   66.1771   13.6900    2.3490   93.0543
 944.6891   647.8794  296.2478 -999.9000   67.7476   12.6302    4.7896   92.6754
 927.6873   804.7588  294.9031 -999.9000   79.4983   13.9071    2.4026   92.9144
 911.0964   961.6382  293.6522 -999.9000   79.9692   14.4362    0.6108   92.0428
 894.7070  1118.5176  292.7509 -999.9000   79.9801   14.3064    1.5443   90.9797
 878.5406  1275.3970  292.4841 -999.9000   80.0557   13.3485    2.5073   90.6229
 862.6769  1432.2764  291.1276 -999.9000   80.9770   13.5129    2.7200   90.4248
 846.9845  1589.1558  289.9008 -999.9000   80.3037   13.9027    4.3103   90.3491
 831.5533  1746.0352  289.5621 -999.9000   80.7869   13.2228    5.1810   90.3950
 816.3570  1902.9146  288.2504 -999.9000   80.6791   11.9693    6.2756   90.4496
 801.3249  2059.7940  286.6573 -999.9000   80.4019   11.5640    6.8896   90.4939
 786.5365  2216.6734  285.2953 -999.9000   80.2489   10.4184    7.6294   90.5367
 771.9169  2373.5528  284.0520 -999.9000   80.6368    8.7627    8.8133   90.5644
 757.5041  2530.4322  282.9809 -999.9000   80.5029    8.5006    9.3378   90.6155
 743.3854  2687.3116  282.3915 -999.9000   77.8556    7.5803    8.2213   90.6080
 729.2940  2844.1910  281.3018 -999.9000   60.4479    5.5688    7.9696   90.6173
 715.5826  3001.0704  280.2380 -999.9000   50.1766    4.3807    9.5406   90.6971
 702.0616  3157.9497  279.0375 -999.9000   51.6583    4.2344   10.8125   90.7782
 688.7126  3314.8291  277.5425 -999.9000   58.9835    4.4448   10.8911   90.8007
 675.5482  3471.7085  275.8978 -999.9000   68.2849    4.6752   11.1290   90.8205
 662.5494  3628.5879  274.4036 -999.9000   74.2301    4.6607   11.7230   90.8487
 649.7305  3785.4673  273.3762 -999.9000   67.3473    4.0055   12.0053   90.8627
 637.1240  3942.3467  272.5050 -999.9000   55.2025    3.1437   11.3130   90.9118
 624.7467  4099.2261  271.4721 -999.9000   50.2208    2.7055    9.7539   91.0167
 612.5275  4256.1055  270.3938 -999.9000   50.1519    2.5464    9.3105   91.0465
 600.5160  4412.9849  269.7682 -999.9000   38.2524    1.8919    9.5808   91.0390
 588.7253  4569.8643  269.1557 -999.9000   22.7875    1.0986    9.7559   91.0433
 577.1128  4726.7437  267.8463 -999.9000   18.1869    0.8108    9.7984   91.0483
 565.6299  4883.6231  266.9954 -999.9000   17.0536    0.7276    9.7542   91.0538
 554.4053  5040.5025  266.4203 -999.9000   13.5142    0.5634    9.0598   91.1400
 543.3471  5197.3819  265.7336 -999.9000   12.8538    0.5190    8.2771   91.2153
 532.4739  5354.2613  264.6988 -999.9000   22.2276    0.8459    8.6797   91.2112
 521.8251  5511.1407  263.6437 -999.9000   24.0762    0.8613    9.4334   91.1806
 511.3144  5668.0201  262.8476 -999.9000   14.1161    0.4842   10.1134   91.1583
 500.9731  5824.8995  261.5026 -999.9000   12.9991    0.4090   10.8154   91.1344
 490.8286  5981.7789  259.8891 -999.9000   18.4375    0.5200   10.9715   91.1143
 480.7236  6138.6583  258.7751 -999.9000   29.2882    0.7703   11.3076   91.0832
 470.8214  6295.5377  257.4884 -999.9000   31.5560    0.7621   11.4081   91.0728
 461.0900  6452.4171  256.0637 -999.9000   30.8881    0.6762   11.1334   90.9894
 451.4963  6609.2965  254.7666 -999.9000   32.0631    0.6422   10.1293   90.8335
 442.0676  6766.1759  253.6959 -999.9000   32.6373    0.6091    9.2434   90.7116
 432.8253  6923.0553  252.7364 -999.9000   32.3519    0.5674   10.1586   90.6964
 423.7241  7079.9347  251.3330 -999.9000   36.0588    0.5712   11.0457   90.7318
 414.7432  7236.8141  249.6319 -999.9000   41.2851    0.5742   10.8502   90.7585
 405.9174  7393.6935  248.6415 -999.9000   31.8605    0.4138   11.0852   90.7794
 397.1974  7550.5729  247.3600 -999.9000   27.2688    0.3219   11.3589   90.7881
 388.6475  7707.4523  245.9730 -999.9000   31.1907    0.3308   11.5089   90.8405
 380.2876  7864.3317  244.9636 -999.9000   34.8378    0.3433   11.7486   90.9010
 372.0784  8021.2111  244.1531 -999.9000   39.1035    0.3645   11.9036   90.8924
 363.9826  8178.0905  243.3668 -999.9000   45.2235    0.3994   11.8193   90.7526
 356.0087  8334.9698  242.5205 -999.9000   54.4545    0.4529   11.8067   90.7678
 348.2042  8491.8492  241.6327 -999.9000   60.5697    0.5188   12.4125   91.3797
 340.5609  8648.7286  240.7859 -999.9000   64.9510    0.5272   12.6495   91.7004
 333.0575  8805.6080  239.9296 -999.9000   65.5509    0.4852   12.5956   91.6152
 325.6771  8962.4874  238.9630 -999.9000   64.9703    0.4338   12.8964   91.4555
 318.4095  9119.3668  237.7697 -999.9000   65.7530    0.3977   13.8209   91.4682
 311.2701  9276.2462  236.1397 -999.9000   60.6486    0.3338   13.9829   91.4746
 304.2599  9433.1256  234.5745 -999.9000   55.4683    0.2938   14.2098   91.4194
 297.3812  9590.0050  233.4954 -999.9000   50.6274    0.2688   14.6931   91.3896
 290.6045  9746.8844  232.2530 -999.9000   45.4242    0.2331   15.0213   91.3805
 283.9369  9903.7638  230.8591 -999.9000   45.7209    0.2031   15.3971   91.3479
 277.3870 10060.6432  229.3591 -999.9000   45.5715    0.1789   15.7826   91.3074
 270.9631 10217.5226  227.7926 -999.9000   45.5093    0.1538   16.0452   91.2950
 264.6694 10374.4020  226.2336 -999.9000   45.6205    0.1244   16.0949   91.3378
 258.4744 10531.2814  224.9885 -999.9000   45.1320    0.1097   16.2323   91.3756
 252.3757 10688.1608  223.9393 -999.9000   45.4513    0.1034   16.4860   91.3933
 246.3812 10845.0402  222.8566 -999.9000   40.1833    0.0916   16.7742   91.3978
 240.4896 11001.9196  221.6330 -999.9000   35.6371    0.0742   17.0437   91.3965
 234.6950 11158.7990  220.2637 -999.9000   35.8959    0.0604   17.2650   91.3968
 229.0082 11315.6784  218.8458 -999.9000   35.4461    0.0528   17.4327   91.3986
 223.4492 11472.5578  217.5278 -999.9000   34.9259    0.0500   17.5536   91.3982
 218.0236 11629.4372  216.2863 -999.9000   30.0922    0.0480   17.3463   91.4126
 212.6609 11786.3166  214.5729 -999.9000   25.5840    0.0350   15.6608   91.5070
 207.3913 11943.1960  213.6995 -999.9000   23.7572    0.0295   14.4773   91.4951
 202.2510 12100.0754  214.3611 -999.9000   17.9998    0.0410   14.1676   91.5711
 197.2536 12256.9548  215.7165 -999.9000    9.0975    0.0304   12.1627   92.1270
 192.4469 12413.8342  218.0650 -999.9000    2.6459    0.0062   12.6076   91.9985
 187.8076 12570.7136  217.8359 -999.9000    0.2371    0.0003   12.8442   91.9213
 183.2603 12727.5930  216.5544 -999.9000    0.2958    0.0003   12.5452   91.8946
 178.8033 12884.4724  216.0954 -999.9000    0.0000    0.0000   12.3046   91.8603
 174.4458 13041.3518  216.4534 -999.9000    0.0133    0.0000   12.4296   91.7991
 170.1876 13198.2312  216.6346 -999.9000    0.0000    0.0000   12.9463   91.6668
 166.0391 13355.1106  216.7602 -999.9000    0.0000    0.0000   13.5574   91.5392
 162.0101 13511.9899  216.3432 -999.9000    0.0002    0.0000   13.8477   91.4198
 158.0706 13668.8693  215.3204 -999.9000    0.0000    0.0000   13.4562   91.3880
 154.1974 13825.7487  214.4117 -999.9000    0.0000    0.0000   12.2870   91.4693
 150.4126 13982.6281  214.3129 -999.9000    0.0000    0.0000   10.3658   91.5650
 146.7292 14139.5075  215.2140 -999.9000    0.0000    0.0000   10.2810   91.5673
 143.1108 14296.3869  213.4139 -999.9000    0.0000    0.0000   10.1939   91.5696
 139.5597 14453.2663  215.8153 -999.9000    0.0000    0.0000   10.1564   91.5684
 136.1266 14610.1457  213.4696 -999.9000    0.0000    0.0000   10.1435   91.5540
 132.7619 14767.0251  212.5969 -999.9000    0.0000    0.0000   10.1366   91.5347
 129.4754 14923.9045  213.5999 -999.9000    0.0000    0.0000   10.1298   91.5197
 126.2897 15080.7839  214.7204 -999.9000    0.0000    0.0000   10.1139   91.5108
 123.1790 15237.6633  215.9702 -999.9000    0.0000    0.0000   10.1272   91.4644
 120.1481 15394.5427  216.4722 -999.9000    0.0000    0.0000    9.9832   91.3748
 117.2138 15551.4221  215.8628 -999.9000    0.0000    0.0000    9.6219   91.2661
 114.3435 15708.3015  215.8080 -999.9000    0.0000    0.0000    9.3008   91.1464
 111.5416 15865.1809  215.6084 -999.9000    0.0000    0.0000    8.7220   91.1933
 108.8149 16022.0603  216.9686 -999.9000    0.0000    0.0000    7.9114   91.4869
 106.1648 16178.9397  217.0718 -999.9000    0.0000    0.0000    7.4551   91.3484
 103.5767 16335.8191  216.7553 -999.9000    0.0000    0.0000    6.0311   91.9971
 101.0524 16492.6985  218.8507 -999.9000    0.0000    0.0000    1.5613   90.4089
  98.6148 16649.5779  217.5086 -999.9000    0.0000    0.0000    0.7950   90.4014
  96.2203 16806.4573  216.8167 -999.9000    0.0000    0.0000    0.0219   87.2598
  93.8688 16963.3367  216.1472 -999.9000    0.0000    0.0000    1.0706   90.4014
  91.5836 17120.2161  216.0705 -999.9000    0.0000    0.0000    1.9491   90.4014
  89.3567 17277.0955  216.0895 -999.9000    0.0000    0.0000    2.5940   90.4014
  87.1784 17433.9749  215.6554 -999.9000    0.0000    0.0000    3.3020   90.3927
  85.0453 17590.8543  214.8800 -999.9000    0.0000    0.0000    4.2397   90.0754
  82.9608 17747.7337  214.5861 -999.9000    0.0000    0.0000    5.4335   90.9865
  80.9282 17904.6131  215.2567 -999.9000    0.0000    0.0000    6.5997   90.6807
  78.9484 18061.4925  215.9220 -999.9000    0.0000    0.0000    6.5100   90.4907
  77.0217 18218.3719  216.6125 -999.9000    0.0000    0.0000    5.5675   90.6714
  75.1483 18375.2513  217.6857 -999.9000    0.0000    0.0000    4.6268   90.9237
  73.3271 18532.1307  218.8002 -999.9000    0.0000    0.0000    4.0186   91.0464
  71.5556 18689.0101  218.9364 -999.9000    0.0000    0.0000    3.5647   90.9336
  69.8260 18845.8894  217.8298 -999.9000    0.0000    0.0000    2.9588   91.0562
  68.1227 19002.7688  217.5469 -999.9000    0.0000    0.0000    1.8342   91.7656
  66.4601 19159.6482  217.9033 -999.9000    0.0000    0.0000    0.8216   89.5288
  64.8418 19316.5276  218.3925 -999.9000    0.0000    0.0000    0.5311   87.4851
  63.2670 19473.4070  218.8012 -999.9000    0.0000    0.0000    1.0928   87.9468
  61.7318 19630.2864  219.3676 -999.9000    0.0000    0.0000    1.6983   88.3028
  60.2355 19787.1658  219.5859 -999.9000    0.0000    0.0000    2.4605   88.5476
  58.7762 19944.0452  219.2958 -999.9000    0.0000    0.0000    3.3199   88.9105
  57.3501 20100.9246  218.9239 -999.9000    0.0000    0.0000    3.7719   89.0671
  55.9562 20257.8040  218.6645 -999.9000    0.0000    0.0000    3.7192   88.9446
  54.5968 20414.6834  218.4383 -999.9000    0.0000    0.0000    3.5271   88.7725
  53.2731 20571.5628  218.3974 -999.9000    0.0000    0.0000    3.3587   88.6461
  51.9860 20728.4422  218.8529 -999.9000    0.0000    0.0000    3.2309   88.5640
  50.7361 20885.3216  220.1184 -999.9000    0.0000    0.0000    3.1580   88.5228
  49.5229 21042.2010  221.9055 -999.9000    0.0000    0.0000    3.1235   88.5126
  48.3394 21199.0804  221.3047 -999.9000    0.0000    0.0000    3.4768   88.5757
  47.1874 21355.9598  221.3919 -999.9000    0.0000    0.0000    4.6166   88.7747
  46.0647 21512.8392  221.8053 -999.9000    0.0000    0.0000    5.6582   88.9472
  44.9691 21669.7186  222.0656 -999.9000    0.0000    0.0000    5.8689   88.9570
  43.8989 21826.5980  222.1097 -999.9000    0.0000    0.0000    5.4815   88.8369
  42.8525 21983.4774  221.9978 -999.9000    0.0000    0.0000    5.0123   88.6697
  41.8295 22140.3568  221.7779 -999.9000    0.0000    0.0000    4.7506   88.5214
  40.8309 22297.2362  221.4781 -999.9000    0.0000    0.0000    4.6340   88.4316
  39.8584 22454.1156  221.1274 -999.9000    0.0000    0.0000    4.5709   88.4374
  38.9104 22610.9950  221.5523 -999.9000    0.0000    0.0000    4.7091   88.5046
  37.9838 22767.8744  222.8458 -999.9000    0.0000    0.0000    5.1051   88.5579
  37.0791 22924.7538  223.5715 -999.9000    0.0000    0.0000    5.4276   88.6106
  36.1962 23081.6332  223.6982 -999.9000    0.0000    0.0000    5.6606   88.6649
  35.3349 23238.5126  223.4434 -999.9000    0.0000    0.0000    5.8438   88.7211
  34.4951 23395.3920  223.0245 -999.9000    0.0000    0.0000    6.0170   88.7793
  33.6765 23552.2714  222.6590 -999.9000    0.0000    0.0000    6.2199   88.8396
  32.8792 23709.1508  222.5643 -999.9000    0.0000    0.0000    6.4925   88.9021
  32.1025 23866.0302  222.8824 -999.9000    0.0000    0.0000    6.8474   88.9664
  31.3447 24022.9095  223.4752 -999.9000    0.0000    0.0000    7.1963   89.0294
  30.6036 24179.7889  224.1407 -999.9000    0.0000    0.0000    7.4283   89.0878
  29.8779 24336.6683  224.6512 -999.9000    0.0000    0.0000    7.4516   89.1301
  29.1715 24493.5477  224.7171 -999.9000    0.0000    0.0000    7.3709   89.0898
  28.4842 24650.4271  224.5861 -999.9000    0.0000    0.0000    7.2391   88.9796
  27.8138 24807.3065  224.6267 -999.9000    0.0000    0.0000    7.0705   88.8366
  27.1583 24964.1859  225.2059 -999.9000    0.0000    0.0000    6.8788   88.6979
  26.5173 25121.0653  226.3847 -999.9000    0.0000    0.0000    6.6847   88.5852
  25.8939 25277.9447  227.5753 -999.9000    0.0000    0.0000    6.5227   88.4883
  25.2914 25434.8241  228.1071 -999.9000    0.0000    0.0000    6.4294   88.3927
  24.7096 25591.7035  227.6140 -999.9000    0.0000    0.0000    6.4861   88.3136
  24.1354 25748.5829  227.0813 -999.9000    0.0000    0.0000    6.8534   88.3442
  23.5706 25905.4623  226.8422 -999.9000    0.0000    0.0000    7.4335   88.4419
  23.0189 26062.3417  227.1060 -999.9000    0.0000    0.0000    8.1014   88.5480
  22.4826 26219.2211  227.9380 -999.9000    0.0000    0.0000    8.7562   88.6216
  21.9608 26376.1005  229.0326 -999.9000    0.0000    0.0000    9.3594   88.6692
  21.4521 26532.9799  230.0249 -999.9000    0.0000    0.0000    9.8826   88.7041
  20.9548 26689.8593  230.5503 -999.9000    0.0000    0.0000   10.2972   88.7401
  20.4676 26846.7387  230.2438 -999.9000    0.0000    0.0000   10.5745   88.7908
  19.9891 27003.6181  228.7761 -999.9000    0.0000    0.0000   10.6792   88.8671
  19.5243 27160.4975  227.8688 -999.9000    0.0000    0.0000   10.2494   88.8331
  19.0752 27317.3769  228.3092 -999.9000    0.0000    0.0000    9.3568   88.6652
  18.6391 27474.2563  229.5170 -999.9000    0.0000    0.0000    8.3959   88.4541
  18.2135 27631.1357  230.9122 -999.9000    0.0000    0.0000    7.7609   88.2905
  17.7959 27788.0151  231.9236 -999.9000    0.0000    0.0000    7.8234   88.2601
  17.3864 27944.8945  232.2042 -999.9000    0.0000    0.0000    8.4041   88.3267
  16.9866 28101.7739  231.7804 -999.9000    0.0000    0.0000    9.0218   88.3867
  16.5963 28258.6533  230.9488 -999.9000    0.0000    0.0000    9.6417   88.4341
  16.2153 28415.5327  230.0335 -999.9000    0.0000    0.0000   10.2779   88.4734
  15.8432 28572.4121  229.3585 -999.9000    0.0000    0.0000   10.9450   88.5095
  15.4798 28729.2915  229.2416 -999.9000    0.0000    0.0000   11.6552   88.5468
  15.1246 28886.1709  229.6442 -999.9000    0.0000    0.0000   12.3062   88.5881
  14.7769 29043.0503  230.0096 -999.9000    0.0000    0.0000   12.6340   88.6333
  14.4368 29199.9296  230.1739 -999.9000    0.0000    0.0000   12.5736   88.6841
  14.1043 29356.8090  230.2748 -999.9000    0.0000    0.0000   12.2063   88.7433
  13.7798 29513.6884  230.4558 -999.9000    0.0000    0.0000   11.6165   88.8140
  13.4633 29670.5678  230.8605 -999.9000    0.0000    0.0000   10.8882   88.8992
  13.1552 29827.4472  231.6324 -999.9000    0.0000    0.0000   10.1058   89.0018
  12.8555 29984.3266  232.8581 -999.9000    0.0000    0.0000    9.3514   89.1215
  12.5638 30141.2060  234.2254 -999.9000    0.0000    0.0000    8.6930   89.2343
  12.2794 30298.0854  235.2525 -999.9000    0.0000    0.0000    8.1924   89.3059
  12.0018 30454.9648  235.4569 -999.9000    0.0000    0.0000    7.9117   89.3022
  11.7304 30611.8442  234.6108 -999.9000    0.0000    0.0000    7.8715   89.2026
  11.4650 30768.7236  233.5260 -999.9000    0.0000    0.0000    7.9266   89.0420
  11.2056 30925.6030  233.2791 -999.9000    0.0000    0.0000    7.8890   88.8691
  10.9522 31082.4824  234.5220 -999.9000    0.0000    0.0000    7.6385   88.7216
  10.7056 31239.3618  236.0949 -999.9000    0.0000    0.0000    7.3442   88.5894
  10.4661 31396.2412  236.6795 -999.9000    0.0000    0.0000    7.2028   88.4534
  10.2318 31553.1206  236.3560 -999.9000    0.0000    0.0000    7.1997   88.3118
  10.0000 31710.0000  235.5795 -999.9000    0.0000    0.0000    7.2639   88.1674
