# 06610 LSMP Payerne Observations at 12Z 30 Jul 2008
# Radiosonde file generated by raso.rb
#
  P [hPa],     Z [m],    T [K],   Td [K],   RH [%], r [g/kg], WS [m/s], WD [deg]
 962.0000   491.0000  298.3497 -999.9000   66.2197   13.6900    2.0060   93.0543
 944.6891   647.8794  296.2795 -999.9000   67.7843   12.6302    4.5360   92.6754
 927.6873   804.7588  294.8810 -999.9000   79.5335   13.9071    2.2321   92.9144
 911.0964   961.6382  293.5831 -999.9000   79.9966   14.4362    0.5171   92.0428
 894.7070  1118.5176  292.6415 -999.9000   79.9997   14.3064    1.5215   90.9797
 878.5406  1275.3970  292.3406 -999.9000   80.0676   13.3485    2.5495   90.6229
 862.6769  1432.2764  290.9560 -999.9000   80.9814   13.5129    2.8217   90.4248
 846.9845  1589.1558  289.7069 -999.9000   80.3007   13.9027    4.4660   90.3491
 831.5533  1746.0352  289.3514 -999.9000   80.7765   13.2228    5.3853   90.3950
 816.3570  1902.9146  288.0280 -999.9000   80.6617   11.9693    6.5235   90.4496
 801.3249  2059.7940  286.4281 -999.9000   80.3776   11.5640    7.1761   90.4939
 786.5365  2216.6734  285.0639 -999.9000   80.2181   10.4184    7.9498   90.5367
 771.9169  2373.5528  283.8228 -999.9000   80.5993    8.7627    9.1629   90.5644
 757.5041  2530.4322  282.7579 -999.9000   80.4593    8.5006    9.7122   90.6155
 743.3854  2687.3116  282.1786 -999.9000   77.8078    7.5803    8.6163   90.6080
 729.2940  2844.1910  281.1024 -999.9000   60.4065    5.5688    8.3811   90.6173
 715.5826  3001.0704  280.0554 -999.9000   50.1389    4.3807    9.9648   90.6971
 702.0616  3157.9497  278.8745 -999.9000   51.6163    4.2344   11.2456   90.7782
 688.7126  3314.8291  277.4019 -999.9000   58.9322    4.4448   11.3295   90.8007
 675.5482  3471.7085  275.7819 -999.9000   68.2218    4.6752   11.5695   90.8205
 662.5494  3628.5879  274.3145 -999.9000   74.1578    4.6607   12.1623   90.8487
 649.7305  3785.4673  273.3158 -999.9000   67.2788    4.0055   12.4404   90.8627
 637.1240  3942.3467  272.4747 -999.9000   55.1442    3.1437   11.7410   90.9118
 624.7467  4099.2261  271.4733 -999.9000   50.1660    2.7055   10.1722   91.0167
 612.5275  4256.1055  270.4274 -999.9000   50.0958    2.5464    9.7166   91.0465
 600.5160  4412.9849  269.8350 -999.9000   38.2087    1.8919    9.9723   91.0390
 588.7253  4569.8643  269.2560 -999.9000   22.7611    1.0986   10.1307   91.0433
 577.1128  4726.7437  267.9803 -999.9000   18.1656    0.8108   10.1546   91.0483
 565.6299  4883.6231  267.1629 -999.9000   17.0336    0.7276   10.0899   91.0538
 554.4053  5040.5025  266.6210 -999.9000   13.4983    0.5634    9.3734   91.1400
 543.3471  5197.3819  265.9667 -999.9000   12.8388    0.5190    8.5672   91.2153
 532.4739  5354.2613  264.9633 -999.9000   22.2019    0.8459    8.9450   91.2112
 521.8251  5511.1407  263.9384 -999.9000   24.0489    0.8613    9.6727   91.1806
 511.3144  5668.0201  263.1710 -999.9000   14.1005    0.4842   10.3258   91.1583
 500.9731  5824.8995  261.8529 -999.9000   12.9853    0.4090   11.0003   91.1344
 490.8286  5981.7789  260.2641 -999.9000   18.4186    0.5200   11.1282   91.1143
 480.7236  6138.6583  259.1724 -999.9000   29.2597    0.7703   11.4357   91.0832
 470.8214  6295.5377  257.9054 -999.9000   31.5272    0.7621   11.5074   91.0728
 461.0900  6452.4171  256.4975 -999.9000   30.8619    0.6762   11.2038   90.9894
 451.4963  6609.2965  255.2140 -999.9000   32.0383    0.6422   10.1710   90.8335
 442.0676  6766.1759  254.1534 -999.9000   32.6149    0.6091    9.2567   90.7116
 432.8253  6923.0553  253.2001 -999.9000   32.3327    0.5674   10.1439   90.6964
 423.7241  7079.9347  251.7989 -999.9000   36.0411    0.5712   11.0037   90.7318
 414.7432  7236.8141  250.0957 -999.9000   41.2695    0.5742   10.7817   90.7585
 405.9174  7393.6935  249.0985 -999.9000   31.8523    0.4138   10.9912   90.7794
 397.1974  7550.5729  247.8054 -999.9000   27.2654    0.3219   11.2405   90.7881
 388.6475  7707.4523  246.4024 -999.9000   31.1911    0.3308   11.3675   90.8405
 380.2876  7864.3317  245.3727 -999.9000   34.8433    0.3433   11.5856   90.9010
 372.0784  8021.2111  244.5384 -999.9000   39.1157    0.3645   11.7203   90.8924
 363.9826  8178.0905  243.7252 -999.9000   45.2445    0.3994   11.6175   90.7526
 356.0087  8334.9698  242.8494 -999.9000   54.4883    0.4529   11.5880   90.7678
 348.2042  8491.8492  241.9300 -999.9000   60.6167    0.5188   12.1788   91.3797
 340.5609  8648.7286  241.0500 -999.9000   65.0115    0.5272   12.4027   91.7004
 333.0575  8805.6080  240.1593 -999.9000   65.6219    0.4852   12.3377   91.6152
 325.6771  8962.4874  239.1578 -999.9000   65.0501    0.4338   12.6296   91.4555
 318.4095  9119.3668  237.9295 -999.9000   65.8430    0.3977   13.5473   91.4682
 311.2701  9276.2462  236.2648 -999.9000   60.7395    0.3338   13.7050   91.4746
 304.2599  9433.1256  234.6657 -999.9000   55.5582    0.2938   13.9300   91.4194
 297.3812  9590.0050  233.5541 -999.9000   50.7150    0.2688   14.4138   91.3896
 290.6045  9746.8844  232.2810 -999.9000   45.5071    0.2331   14.7454   91.3805
 283.9369  9903.7638  230.8588 -999.9000   45.8080    0.2031   15.1271   91.3479
 277.3870 10060.6432  229.3334 -999.9000   45.6612    0.1789   15.5215   91.3074
 270.9631 10217.5226  227.7448 -999.9000   45.6010    0.1538   15.7961   91.2950
 264.6694 10374.4020  226.1675 -999.9000   45.7135    0.1244   15.8607   91.3378
 258.4744 10531.2814  224.9085 -999.9000   45.2243    0.1097   16.0162   91.3756
 252.3757 10688.1608  223.8501 -999.9000   45.5433    0.1034   16.2914   91.3933
 246.3812 10845.0402  222.7636 -999.9000   40.2628    0.0916   16.6044   91.3978
 240.4896 11001.9196  221.5419 -999.9000   35.7050    0.0742   16.9022   91.3965
 234.6950 11158.7990  220.1802 -999.9000   35.9608    0.0604   17.1550   91.3968
 229.0082 11315.6784  218.7751 -999.9000   35.5059    0.0528   17.3571   91.3986
 223.4492 11472.5578  217.4746 -999.9000   34.9798    0.0500   17.5149   91.3982
 218.0236 11629.4372  216.2549 -999.9000   30.1339    0.0480   17.3464   91.4126
 212.6609 11786.3166  214.5671 -999.9000   25.6151    0.0350   15.7014   91.5070
 207.3913 11943.1960  213.7225 -999.9000   23.7817    0.0295   14.5595   91.4951
 202.2510 12100.0754  214.4159 -999.9000   18.0149    0.0410   14.2923   91.5711
 197.2536 12256.9548  215.8056 -999.9000    9.1033    0.0304   12.3302   92.1270
 192.4469 12413.8342  218.1901 -999.9000    2.6471    0.0062   12.8179   91.9985
 187.8076 12570.7136  217.9987 -999.9000    0.2372    0.0003   13.0968   91.9213
 183.2603 12727.5930  216.7558 -999.9000    0.2958    0.0003   12.8393   91.8946
 178.8033 12884.4724  216.3360 -999.9000    0.0000    0.0000   12.6389   91.8603
 174.4458 13041.3518  216.7332 -999.9000    0.0133    0.0000   12.8023   91.7991
 170.1876 13198.2312  216.9533 -999.9000    0.0000    0.0000   13.3554   91.6668
 166.0391 13355.1106  217.1168 -999.9000    0.0000    0.0000   14.0004   91.5392
 162.0101 13511.9899  216.7365 -999.9000    0.0002    0.0000   14.3217   91.4198
 158.0706 13668.8693  215.7486 -999.9000    0.0000    0.0000   13.9579   91.3880
 154.1974 13825.7487  214.8725 -999.9000    0.0000    0.0000   12.8125   91.4693
 150.4126 13982.6281  214.8037 -999.9000    0.0000    0.0000   10.9110   91.5650
 146.7292 14139.5075  215.7315 -999.9000    0.0000    0.0000   10.8414   91.5673
 143.1108 14296.3869  213.9546 -999.9000    0.0000    0.0000   10.7644   91.5696
 139.5597 14453.2663  216.3750 -999.9000    0.0000    0.0000   10.7317   91.5684
 136.1266 14610.1457  214.0441 -999.9000    0.0000    0.0000   10.7182   91.5540
 132.7619 14767.0251  213.1823 -999.9000    0.0000    0.0000   10.7058   91.5347
 129.4754 14923.9045  214.1926 -999.9000    0.0000    0.0000   10.6887   91.5197
 126.2897 15080.7839  215.3169 -999.9000    0.0000    0.0000   10.6584   91.5108
 123.1790 15237.6633  216.5674 -999.9000    0.0000    0.0000   10.6533   91.4644
 120.1481 15394.5427  217.0670 -999.9000    0.0000    0.0000   10.4873   91.3748
 117.2138 15551.4221  216.4525 -999.9000    0.0000    0.0000   10.1010   91.2661
 114.3435 15708.3015  216.3903 -999.9000    0.0000    0.0000    9.7520   91.1464
 111.5416 15865.1809  216.1810 -999.9000    0.0000    0.0000    9.1430   91.1933
 108.8149 16022.0603  217.5295 -999.9000    0.0000    0.0000    8.3000   91.4869
 106.1648 16178.9397  217.6193 -999.9000    0.0000    0.0000    7.8097   91.3484
 103.5767 16335.8191  217.2880 -999.9000    0.0000    0.0000    6.3504   91.9971
 101.0524 16492.6985  219.3674 -999.9000    0.0000    0.0000    1.8444   90.4089
  98.6148 16649.5779  218.0082 -999.9000    0.0000    0.0000    1.0412   90.4014
  96.2203 16806.4573  217.2987 -999.9000    0.0000    0.0000    0.1873   90.4014
  93.8688 16963.3367  216.6109 -999.9000    0.0000    0.0000    1.2430   90.4014
  91.5836 17120.2161  216.5158 -999.9000    0.0000    0.0000    2.0851   90.4014
  89.3567 17277.0955  216.5163 -999.9000    0.0000    0.0000    2.6946   90.4014
  87.1784 17433.9749  216.0641 -999.9000    0.0000    0.0000    3.3685   90.3927
  85.0453 17590.8543  215.2710 -999.9000    0.0000    0.0000    4.2737   90.0754
  82.9608 17747.7337  214.9602 -999.9000    0.0000    0.0000    5.4370   90.9865
  80.9282 17904.6131  215.6148 -999.9000    0.0000    0.0000    6.5752   90.6807
  78.9484 18061.4925  216.2653 -999.9000    0.0000    0.0000    6.4599   90.4907
  77.0217 18218.3719  216.9420 -999.9000    0.0000    0.0000    5.4944   90.6714
  75.1483 18375.2513  218.0024 -999.9000    0.0000    0.0000    4.5333   90.9237
  73.3271 18532.1307  219.1050 -999.9000    0.0000    0.0000    3.9070   91.0464
  71.5556 18689.0101  219.2301 -999.9000    0.0000    0.0000    3.4374   90.9336
  69.8260 18845.8894  218.1132 -999.9000    0.0000    0.0000    2.8183   91.0562
  68.1227 19002.7688  217.8207 -999.9000    0.0000    0.0000    1.6828   91.7656
  66.4601 19159.6482  218.1681 -999.9000    0.0000    0.0000    0.6616   89.5288
  64.8418 19316.5276  218.6489 -999.9000    0.0000    0.0000    0.3647   87.4851
  63.2670 19473.4070  219.0498 -999.9000    0.0000    0.0000    0.9222   87.9468
  61.7318 19630.2864  219.6087 -999.9000    0.0000    0.0000    1.5257   88.3028
  60.2355 19787.1658  219.8198 -999.9000    0.0000    0.0000    2.2881   88.5476
  58.7762 19944.0452  219.5230 -999.9000    0.0000    0.0000    3.1496   88.9105
  57.3501 20100.9246  219.1445 -999.9000    0.0000    0.0000    3.6059   89.0671
  55.9562 20257.8040  218.8787 -999.9000    0.0000    0.0000    3.5595   88.9446
  54.5968 20414.6834  218.6462 -999.9000    0.0000    0.0000    3.3757   88.7725
  53.2731 20571.5628  218.5991 -999.9000    0.0000    0.0000    3.2174   88.6461
  51.9860 20728.4422  219.0482 -999.9000    0.0000    0.0000    3.1017   88.5640
  50.7361 20885.3216  220.3073 -999.9000    0.0000    0.0000    3.0427   88.5228
  49.5229 21042.2010  222.0879 -999.9000    0.0000    0.0000    3.0240   88.5126
  48.3394 21199.0804  221.4802 -999.9000    0.0000    0.0000    3.3948   88.5757
  47.1874 21355.9598  221.5603 -999.9000    0.0000    0.0000    4.5539   88.7747
  46.0647 21512.8392  221.9663 -999.9000    0.0000    0.0000    5.6162   88.9472
  44.9691 21669.7186  222.2189 -999.9000    0.0000    0.0000    5.8492   88.9570
  43.8989 21826.5980  222.2550 -999.9000    0.0000    0.0000    5.4852   88.8369
  42.8525 21983.4774  222.1350 -999.9000    0.0000    0.0000    5.0403   88.6697
  41.8295 22140.3568  221.9069 -999.9000    0.0000    0.0000    4.8036   88.5214
  40.8309 22297.2362  221.5987 -999.9000    0.0000    0.0000    4.7125   88.4316
  39.8584 22454.1156  221.2398 -999.9000    0.0000    0.0000    4.6750   88.4374
  38.9104 22610.9950  221.6563 -999.9000    0.0000    0.0000    4.8389   88.5046
  37.9838 22767.8744  222.9417 -999.9000    0.0000    0.0000    5.2603   88.5579
  37.0791 22924.7538  223.6594 -999.9000    0.0000    0.0000    5.6078   88.6106
  36.1962 23081.6332  223.7783 -999.9000    0.0000    0.0000    5.8651   88.6649
  35.3349 23238.5126  223.5160 -999.9000    0.0000    0.0000    6.0715   88.7211
  34.4951 23395.3920  223.0898 -999.9000    0.0000    0.0000    6.2669   88.7793
  33.6765 23552.2714  222.7175 -999.9000    0.0000    0.0000    6.4905   88.8396
  32.8792 23709.1508  222.6164 -999.9000    0.0000    0.0000    6.7823   88.9021
  32.1025 23866.0302  222.9285 -999.9000    0.0000    0.0000    7.1543   88.9664
  31.3447 24022.9095  223.5159 -999.9000    0.0000    0.0000    7.5184   89.0294
  30.6036 24179.7889  224.1766 -999.9000    0.0000    0.0000    7.7631   89.0878
  29.8779 24336.6683  224.6829 -999.9000    0.0000    0.0000    7.7966   89.1301
  29.1715 24493.5477  224.7453 -999.9000    0.0000    0.0000    7.7233   89.0898
  28.4842 24650.4271  224.6115 -999.9000    0.0000    0.0000    7.5959   88.9796
  27.8138 24807.3065  224.6503 -999.9000    0.0000    0.0000    7.4283   88.8366
  27.1583 24964.1859  225.2283 -999.9000    0.0000    0.0000    7.2343   88.6979
  26.5173 25121.0653  226.4068 -999.9000    0.0000    0.0000    7.0347   88.5852
  25.8939 25277.9447  227.5978 -999.9000    0.0000    0.0000    6.8642   88.4883
  25.2914 25434.8241  228.1306 -999.9000    0.0000    0.0000    6.7596   88.3927
  24.7096 25591.7035  227.6390 -999.9000    0.0000    0.0000    6.8022   88.3136
  24.1354 25748.5829  227.1085 -999.9000    0.0000    0.0000    7.1531   88.3442
  23.5706 25905.4623  226.8719 -999.9000    0.0000    0.0000    7.7146   88.4419
  23.0189 26062.3417  227.1386 -999.9000    0.0000    0.0000    8.3618   88.5480
  22.4826 26219.2211  227.9739 -999.9000    0.0000    0.0000    8.9941   88.6216
  21.9608 26376.1005  229.0719 -999.9000    0.0000    0.0000    9.5731   88.6692
  21.4521 26532.9799  230.0680 -999.9000    0.0000    0.0000   10.0707   88.7041
  20.9548 26689.8593  230.5971 -999.9000    0.0000    0.0000   10.4583   88.7401
  20.4676 26846.7387  230.2945 -999.9000    0.0000    0.0000   10.7076   88.7908
  19.9891 27003.6181  228.8307 -999.9000    0.0000    0.0000   10.7836   88.8671
  19.5243 27160.4975  227.9271 -999.9000    0.0000    0.0000   10.3242   88.8331
  19.0752 27317.3769  228.3712 -999.9000    0.0000    0.0000    9.4017   88.6652
  18.6391 27474.2563  229.5825 -999.9000    0.0000    0.0000    8.4105   88.4541
  18.2135 27631.1357  230.9809 -999.9000    0.0000    0.0000    7.7452   88.2905
  17.7959 27788.0151  231.9952 -999.9000    0.0000    0.0000    7.7774   88.2601
  17.3864 27944.8945  232.2783 -999.9000    0.0000    0.0000    8.3282   88.3267
  16.9866 28101.7739  231.8565 -999.9000    0.0000    0.0000    8.9165   88.3867
  16.5963 28258.6533  231.0264 -999.9000    0.0000    0.0000    9.5076   88.4341
  16.2153 28415.5327  230.1122 -999.9000    0.0000    0.0000   10.1160   88.4734
  15.8432 28572.4121  229.4374 -999.9000    0.0000    0.0000   10.7563   88.5095
  15.4798 28729.2915  229.3201 -999.9000    0.0000    0.0000   11.4412   88.5468
  15.1246 28886.1709  229.7215 -999.9000    0.0000    0.0000   12.0681   88.5881
  14.7769 29043.0503  230.0849 -999.9000    0.0000    0.0000   12.3737   88.6333
  14.4368 29199.9296  230.2463 -999.9000    0.0000    0.0000   12.2929   88.6841
  14.1043 29356.8090  230.3433 -999.9000    0.0000    0.0000   11.9072   88.7433
  13.7798 29513.6884  230.5194 -999.9000    0.0000    0.0000   11.3012   88.8140
  13.4633 29670.5678  230.9181 -999.9000    0.0000    0.0000   10.5593   88.8992
  13.1552 29827.4472  231.6828 -999.9000    0.0000    0.0000    9.7659   89.0018
  12.8555 29984.3266  232.9002 -999.9000    0.0000    0.0000    9.0034   89.1215
  12.5638 30141.2060  234.2578 -999.9000    0.0000    0.0000    8.3399   89.2343
  12.2794 30298.0854  235.2738 -999.9000    0.0000    0.0000    7.8376   89.3059
  12.0018 30454.9648  235.4658 -999.9000    0.0000    0.0000    7.5584   89.3022
  11.7304 30611.8442  234.6058 -999.9000    0.0000    0.0000    7.5235   89.2026
  11.4650 30768.7236  233.5055 -999.9000    0.0000    0.0000    7.5876   89.0420
  11.2056 30925.6030  233.2415 -999.9000    0.0000    0.0000    7.5631   88.8691
  10.9522 31082.4824  234.4657 -999.9000    0.0000    0.0000    7.3299   88.7216
  10.7056 31239.3618  236.0181 -999.9000    0.0000    0.0000    7.0573   88.5894
  10.4661 31396.2412  236.5804 -999.9000    0.0000    0.0000    6.9422   88.4534
  10.2318 31553.1206  236.2328 -999.9000    0.0000    0.0000    6.9703   88.3118
  10.0000 31710.0000  235.4302 -999.9000    0.0000    0.0000    7.0706   88.1674
