# 06610 LSMP Payerne Observations at 12Z 30 Jul 2008
# Radiosonde file generated by raso.rb
#
  P [hPa],     Z [m],    T [K],   Td [K],   RH [%], r [g/kg], WS [m/s], WD [deg]
 962.0000   491.0000  297.8060 -999.9000   66.2500   13.6900    2.2896   93.0543
 944.6891   647.8794  295.7957 -999.9000   67.8179   12.6302    4.7312   92.6754
 927.6873   804.7588  294.4536 -999.9000   79.5750   13.9071    2.3472   92.9144
 911.0964   961.6382  293.2086 -999.9000   80.0398   14.4362    0.5602   92.0428
 894.7070  1118.5176  292.3165 -999.9000   80.0435   14.3064    1.5004   90.9797
 878.5406  1275.3970  292.0619 -999.9000   80.1113   13.3485    2.4716   90.6229
 862.6769  1432.2764  290.7204 -999.9000   81.0249   13.5129    2.6941   90.4248
 846.9845  1589.1558  289.5112 -999.9000   80.3425   13.9027    4.2956   90.3491
 831.5533  1746.0352  289.1925 -999.9000   80.8166   13.2228    5.1788   90.3950
 816.3570  1902.9146  287.9031 -999.9000   80.6993   11.9693    6.2870   90.4496
 801.3249  2059.7940  286.3343 -999.9000   80.4122   11.5640    6.9157   90.4939
 786.5365  2216.6734  284.9986 -999.9000   80.2491   10.4184    7.6711   90.5367
 771.9169  2373.5528  283.7832 -999.9000   80.6268    8.7627    8.8715   90.5644
 757.5041  2530.4322  282.7413 -999.9000   80.4825    8.5006    9.4130   90.6155
 743.3854  2687.3116  282.1826 -999.9000   77.8259    7.5803    8.3141   90.6080
 729.2940  2844.1910  281.1246 -999.9000   60.4171    5.5688    8.0805   90.6173
 715.5826  3001.0704  280.0935 -999.9000   50.1446    4.3807    9.6700   90.6971
 702.0616  3157.9497  278.9263 -999.9000   51.6189    4.2344   10.9605   90.7782
 688.7126  3314.8291  277.4652 -999.9000   58.9312    4.4448   11.0578   90.8007
 675.5482  3471.7085  275.8548 -999.9000   68.2161    4.6752   11.3144   90.8205
 662.5494  3628.5879  274.3949 -999.9000   74.1467    4.6607   11.9269   90.8487
 649.7305  3785.4673  273.4018 -999.9000   67.2641    4.0055   12.2274   90.8627
 637.1240  3942.3467  272.5646 -999.9000   55.1284    3.1437   11.5530   90.9118
 624.7467  4099.2261  271.5653 -999.9000   50.1483    2.7055   10.0112   91.0167
 612.5275  4256.1055  270.5201 -999.9000   50.0749    2.5464    9.5845   91.0465
 600.5160  4412.9849  269.9267 -999.9000   38.1903    1.8919    9.8707   91.0390
 588.7253  4569.8643  269.3454 -999.9000   22.7488    1.0986   10.0608   91.0433
 577.1128  4726.7437  268.0659 -999.9000   18.1548    0.8108   10.1175   91.0483
 565.6299  4883.6231  267.2436 -999.9000   17.0225    0.7276   10.0862   91.0538
 554.4053  5040.5025  266.6955 -999.9000   13.4888    0.5634    9.4035   91.1400
 543.3471  5197.3819  266.0340 -999.9000   12.8292    0.5190    8.6311   91.2153
 532.4739  5354.2613  265.0224 -999.9000   22.1845    0.8459    9.0426   91.2112
 521.8251  5511.1407  263.9885 -999.9000   24.0292    0.8613    9.8036   91.1806
 511.3144  5668.0201  263.2111 -999.9000   14.0886    0.4842   10.4891   91.1583
 500.9731  5824.8995  261.8824 -999.9000   12.9740    0.4090   11.1948   91.1344
 490.8286  5981.7789  260.2824 -999.9000   18.4024    0.5200   11.3527   91.1143
 480.7236  6138.6583  259.1790 -999.9000   29.2337    0.7703   11.6885   91.0832
 470.8214  6295.5377  257.8997 -999.9000   31.4993    0.7621   11.7865   91.0728
 461.0900  6452.4171  256.4792 -999.9000   30.8351    0.6762   11.5069   90.9894
 451.4963  6609.2965  255.1828 -999.9000   32.0111    0.6422   10.4956   90.8335
 442.0676  6766.1759  254.1091 -999.9000   32.5882    0.6091    9.5999   90.7116
 432.8253  6923.0553  253.1427 -999.9000   32.3077    0.5674   10.5026   90.6964
 423.7241  7079.9347  251.7283 -999.9000   36.0151    0.5712   11.3744   90.7318
 414.7432  7236.8141  250.0120 -999.9000   41.2424    0.5742   11.1607   90.7585
 405.9174  7393.6935  249.0019 -999.9000   31.8338    0.4138   11.3744   90.7794
 397.1974  7550.5729  247.6962 -999.9000   27.2520    0.3219   11.6237   90.7881
 388.6475  7707.4523  246.2808 -999.9000   31.1790    0.3308   11.7465   90.8405
 380.2876  7864.3317  245.2393 -999.9000   34.8337    0.3433   11.9566   90.9010
 372.0784  8021.2111  244.3938 -999.9000   39.1096    0.3645   12.0796   90.8924
 363.9826  8178.0905  243.5701 -999.9000   45.2432    0.3994   11.9619   90.7526
 356.0087  8334.9698  242.6845 -999.9000   54.4941    0.4529   11.9143   90.7678
 348.2042  8491.8492  241.7563 -999.9000   60.6315    0.5188   12.4843   91.3797
 340.5609  8648.7286  240.8686 -999.9000   65.0365    0.5272   12.6851   91.7004
 333.0575  8805.6080  239.9713 -999.9000   65.6563    0.4852   12.5946   91.6152
 325.6771  8962.4874  238.9645 -999.9000   65.0935    0.4338   12.8592   91.4555
 318.4095  9119.3668  237.7322 -999.9000   65.8961    0.3977   13.7480   91.4682
 311.2701  9276.2462  236.0651 -999.9000   60.7968    0.3338   13.8754   91.4746
 304.2599  9433.1256  234.4652 -999.9000   55.6179    0.2938   14.0691   91.4194
 297.3812  9590.0050  233.3545 -999.9000   50.7758    0.2688   14.5209   91.3896
 290.6045  9746.8844  232.0842 -999.9000   45.5670    0.2331   14.8200   91.3805
 283.9369  9903.7638  230.6667 -999.9000   45.8732    0.2031   15.1690   91.3479
 277.3870 10060.6432  229.1481 -999.9000   45.7306    0.1789   15.5308   91.3074
 270.9631 10217.5226  227.5684 -999.9000   45.6742    0.1538   15.7731   91.2950
 264.6694 10374.4020  226.0023 -999.9000   45.7901    0.1244   15.8062   91.3378
 258.4744 10531.2814  224.7569 -999.9000   45.3025    0.1097   15.9310   91.3756
 252.3757 10688.1608  223.7147 -999.9000   45.6238    0.1034   16.1768   91.3933
 246.3812 10845.0402  222.6470 -999.9000   40.3348    0.0916   16.4620   91.3978
 240.4896 11001.9196  221.4467 -999.9000   35.7689    0.0742   16.7336   91.3965
 234.6950 11158.7990  220.1091 -999.9000   36.0244    0.0604   16.9622   91.3968
 229.0082 11315.6784  218.7302 -999.9000   35.5673    0.0528   17.1419   91.3986
 223.4492 11472.5578  217.4577 -999.9000   35.0385    0.0500   17.2788   91.3982
 218.0236 11629.4372  216.2673 -999.9000   30.1823    0.0480   17.0912   91.4126
 212.6609 11786.3166  214.6100 -999.9000   25.6540    0.0350   15.4285   91.5070
 207.3913 11943.1960  213.7966 -999.9000   23.8154    0.0295   14.2706   91.4951
 202.2510 12100.0754  214.5214 -999.9000   18.0384    0.0410   13.9887   91.5711
 197.2536 12256.9548  215.9424 -999.9000    9.1141    0.0304   12.0131   92.1270
 192.4469 12413.8342  218.3578 -999.9000    2.6499    0.0062   12.4887   91.9985
 187.8076 12570.7136  218.1965 -999.9000    0.2374    0.0003   12.7567   91.9213
 183.2603 12727.5930  216.9824 -999.9000    0.2960    0.0003   12.4893   91.8946
 178.8033 12884.4724  216.5900 -999.9000    0.0000    0.0000   12.2800   91.8603
 174.4458 13041.3518  217.0126 -999.9000    0.0133    0.0000   12.4356   91.7991
 170.1876 13198.2312  217.2557 -999.9000    0.0000    0.0000   12.9818   91.6668
 166.0391 13355.1106  217.4396 -999.9000    0.0000    0.0000   13.6206   91.5392
 162.0101 13511.9899  217.0767 -999.9000    0.0002    0.0000   13.9365   91.4198
 158.0706 13668.8693  216.1027 -999.9000    0.0000    0.0000   13.5679   91.3880
 154.1974 13825.7487  215.2367 -999.9000    0.0000    0.0000   12.4184   91.4693
 150.4126 13982.6281  215.1739 -999.9000    0.0000    0.0000   10.5133   91.5650
 146.7292 14139.5075  216.1031 -999.9000    0.0000    0.0000   10.4404   91.5673
 143.1108 14296.3869  214.3227 -999.9000    0.0000    0.0000   10.3607   91.5696
 139.5597 14453.2663  216.7343 -999.9000    0.0000    0.0000   10.3254   91.5684
 136.1266 14610.1457  214.3895 -999.9000    0.0000    0.0000   10.3098   91.5540
 132.7619 14767.0251  213.5090 -999.9000    0.0000    0.0000   10.2955   91.5347
 129.4754 14923.9045  214.4962 -999.9000    0.0000    0.0000   10.2770   91.5197
 126.2897 15080.7839  215.5937 -999.9000    0.0000    0.0000   10.2459   91.5108
 123.1790 15237.6633  216.8139 -999.9000    0.0000    0.0000   10.2405   91.4644
 120.1481 15394.5427  217.2804 -999.9000    0.0000    0.0000   10.0749   91.3748
 117.2138 15551.4221  216.6302 -999.9000    0.0000    0.0000    9.6896   91.2661
 114.3435 15708.3015  216.5303 -999.9000    0.0000    0.0000    9.3426   91.1464
 111.5416 15865.1809  216.2818 -999.9000    0.0000    0.0000    8.7363   91.1933
 108.8149 16022.0603  217.5899 -999.9000    0.0000    0.0000    7.8971   91.4869
 106.1648 16178.9397  217.6386 -999.9000    0.0000    0.0000    7.4115   91.3484
 103.5767 16335.8191  217.2660 -999.9000    0.0000    0.0000    5.9581   91.9971
 101.0524 16492.6985  219.3044 -999.9000    0.0000    0.0000    1.4590   90.4089
  98.6148 16649.5779  217.9048 -999.9000    0.0000    0.0000    0.6640   90.4014
  96.2203 16806.4573  217.1560 -999.9000    0.0000    0.0000    0.1804   87.2598
  93.8688 16963.3367  216.4306 -999.9000    0.0000    0.0000    0.8862   90.4014
  91.5836 17120.2161  216.2999 -999.9000    0.0000    0.0000    1.7407   90.4014
  89.3567 17277.0955  216.2673 -999.9000    0.0000    0.0000    2.3640   90.4014
  87.1784 17433.9749  215.7849 -999.9000    0.0000    0.0000    3.0533   90.3927
  85.0453 17590.8543  214.9651 -999.9000    0.0000    0.0000    3.9755   90.0754
  82.9608 17747.7337  214.6314 -999.9000    0.0000    0.0000    5.1576   90.9865
  80.9282 17904.6131  215.2675 -999.9000    0.0000    0.0000    6.3164   90.6807
  78.9484 18061.4925  215.9037 -999.9000    0.0000    0.0000    6.2234   90.4907
  77.0217 18218.3719  216.5705 -999.9000    0.0000    0.0000    5.2816   90.6714
  75.1483 18375.2513  217.6248 -999.9000    0.0000    0.0000    4.3455   90.9237
  73.3271 18532.1307  218.7249 -999.9000    0.0000    0.0000    3.7452   91.0464
  71.5556 18689.0101  218.8510 -999.9000    0.0000    0.0000    3.3024   90.9336
  69.8260 18845.8894  217.7381 -999.9000    0.0000    0.0000    2.7106   91.0562
  68.1227 19002.7688  217.4525 -999.9000    0.0000    0.0000    1.6025   91.7656
  66.4601 19159.6482  217.8093 -999.9000    0.0000    0.0000    0.6089   89.5288
  64.8418 19316.5276  218.3019 -999.9000    0.0000    0.0000    0.3393   87.4851
  63.2670 19473.4070  218.7164 -999.9000    0.0000    0.0000    0.9237   87.9468
  61.7318 19630.2864  219.2909 -999.9000    0.0000    0.0000    1.5532   88.3028
  60.2355 19787.1658  219.5191 -999.9000    0.0000    0.0000    2.3407   88.5476
  58.7762 19944.0452  219.2404 -999.9000    0.0000    0.0000    3.2262   88.9105
  57.3501 20100.9246  218.8811 -999.9000    0.0000    0.0000    3.7050   89.0671
  55.9562 20257.8040  218.6353 -999.9000    0.0000    0.0000    3.6794   88.9446
  54.5968 20414.6834  218.4231 -999.9000    0.0000    0.0000    3.5144   88.7725
  53.2731 20571.5628  218.3964 -999.9000    0.0000    0.0000    3.3729   88.6461
  51.9860 20728.4422  218.8659 -999.9000    0.0000    0.0000    3.2714   88.5640
  50.7361 20885.3216  220.1450 -999.9000    0.0000    0.0000    3.2240   88.5228
  49.5229 21042.2010  221.9449 -999.9000    0.0000    0.0000    3.2139   88.5126
  48.3394 21199.0804  221.3557 -999.9000    0.0000    0.0000    3.5902   88.5757
  47.1874 21355.9598  221.4531 -999.9000    0.0000    0.0000    4.7514   88.7747
  46.0647 21512.8392  221.8749 -999.9000    0.0000    0.0000    5.8125   88.9472
  44.9691 21669.7186  222.1420 -999.9000    0.0000    0.0000    6.0409   88.9570
  43.8989 21826.5980  222.1911 -999.9000    0.0000    0.0000    5.6696   88.8369
  42.8525 21983.4774  222.0828 -999.9000    0.0000    0.0000    5.2149   88.6697
  41.8295 22140.3568  221.8647 -999.9000    0.0000    0.0000    4.9662   88.5214
  40.8309 22297.2362  221.5652 -999.9000    0.0000    0.0000    4.8611   88.4316
  39.8584 22454.1156  221.2133 -999.9000    0.0000    0.0000    4.8082   88.4374
  38.9104 22610.9950  221.6354 -999.9000    0.0000    0.0000    4.9553   88.5046
  37.9838 22767.8744  222.9247 -999.9000    0.0000    0.0000    5.3590   88.5579
  37.0791 22924.7538  223.6447 -999.9000    0.0000    0.0000    5.6881   88.6106
  36.1962 23081.6332  223.7642 -999.9000    0.0000    0.0000    5.9267   88.6649
  35.3349 23238.5126  223.5009 -999.9000    0.0000    0.0000    6.1144   88.7211
  34.4951 23395.3920  223.0720 -999.9000    0.0000    0.0000    6.2914   88.7793
  33.6765 23552.2714  222.6952 -999.9000    0.0000    0.0000    6.4973   88.8396
  32.8792 23709.1508  222.5878 -999.9000    0.0000    0.0000    6.7722   88.9021
  32.1025 23866.0302  222.8919 -999.9000    0.0000    0.0000    7.1286   88.9664
  31.3447 24022.9095  223.4695 -999.9000    0.0000    0.0000    7.4786   89.0294
  30.6036 24179.7889  224.1184 -999.9000    0.0000    0.0000    7.7112   89.0878
  29.8779 24336.6683  224.6112 -999.9000    0.0000    0.0000    7.7348   89.1301
  29.1715 24493.5477  224.6581 -999.9000    0.0000    0.0000    7.6540   89.0898
  28.4842 24650.4271  224.5070 -999.9000    0.0000    0.0000    7.5219   88.9796
  27.8138 24807.3065  224.5263 -999.9000    0.0000    0.0000    7.3527   88.8366
  27.1583 24964.1859  225.0831 -999.9000    0.0000    0.0000    7.1605   88.6979
  26.5173 25121.0653  226.2385 -999.9000    0.0000    0.0000    6.9657   88.5852
  25.8939 25277.9447  227.4049 -999.9000    0.0000    0.0000    6.8028   88.4883
  25.2914 25434.8241  227.9118 -999.9000    0.0000    0.0000    6.7085   88.3927
  24.7096 25591.7035  227.3931 -999.9000    0.0000    0.0000    6.7639   88.3136
  24.1354 25748.5829  226.8343 -999.9000    0.0000    0.0000    7.1296   88.3442
  23.5706 25905.4623  226.5688 -999.9000    0.0000    0.0000    7.7077   88.4419
  23.0189 26062.3417  226.8058 -999.9000    0.0000    0.0000    8.3733   88.5480
  22.4826 26219.2211  227.6111 -999.9000    0.0000    0.0000    9.0254   88.6216
  21.9608 26376.1005  228.6788 -999.9000    0.0000    0.0000    9.6255   88.6692
  21.4521 26532.9799  229.6445 -999.9000    0.0000    0.0000   10.1450   88.7041
  20.9548 26689.8593  230.1434 -999.9000    0.0000    0.0000   10.5554   88.7401
  20.4676 26846.7387  229.8109 -999.9000    0.0000    0.0000   10.8280   88.7908
  19.9891 27003.6181  228.3176 -999.9000    0.0000    0.0000   10.9274   88.8671
  19.5243 27160.4975  227.3852 -999.9000    0.0000    0.0000   10.4915   88.8331
  19.0752 27317.3769  227.8014 -999.9000    0.0000    0.0000    9.5923   88.6652
  18.6391 27474.2563  228.9859 -999.9000    0.0000    0.0000    8.6240   88.4541
  18.2135 27631.1357  230.3587 -999.9000    0.0000    0.0000    7.9809   88.2905
  17.7959 27788.0151  231.3488 -999.9000    0.0000    0.0000    8.0343   88.2601
  17.3864 27944.8945  231.6094 -999.9000    0.0000    0.0000    8.6053   88.3267
  16.9866 28101.7739  231.1669 -999.9000    0.0000    0.0000    9.2124   88.3867
  16.5963 28258.6533  230.3180 -999.9000    0.0000    0.0000    9.8206   88.4341
  16.2153 28415.5327  229.3872 -999.9000    0.0000    0.0000   10.4442   88.4734
  15.8432 28572.4121  228.6982 -999.9000    0.0000    0.0000   11.0978   88.5095
  15.4798 28729.2915  228.5693 -999.9000    0.0000    0.0000   11.7935   88.5468
  15.1246 28886.1709  228.9618 -999.9000    0.0000    0.0000   12.4288   88.5881
  14.7769 29043.0503  229.3192 -999.9000    0.0000    0.0000   12.7398   88.6333
  14.4368 29199.9296  229.4777 -999.9000    0.0000    0.0000   12.6615   88.6841
  14.1043 29356.8090  229.5752 -999.9000    0.0000    0.0000   12.2750   88.7433
  13.7798 29513.6884  229.7553 -999.9000    0.0000    0.0000   11.6648   88.8140
  13.4633 29670.5678  230.1615 -999.9000    0.0000    0.0000   10.9149   88.8992
  13.1552 29827.4472  230.9377 -999.9000    0.0000    0.0000   10.1095   89.0018
  12.8555 29984.3266  232.1706 -999.9000    0.0000    0.0000    9.3308   89.1215
  12.5638 30141.2060  233.5480 -999.9000    0.0000    0.0000    8.6467   89.2343
  12.2794 30298.0854  234.5882 -999.9000    0.0000    0.0000    8.1190   89.3059
  12.0018 30454.9648  234.8090 -999.9000    0.0000    0.0000    7.8097   89.3022
  11.7304 30611.8442  233.9826 -999.9000    0.0000    0.0000    7.7394   89.2026
  11.4650 30768.7236  232.9209 -999.9000    0.0000    0.0000    7.7628   89.0420
  11.2056 30925.6030  232.7007 -999.9000    0.0000    0.0000    7.6919   88.8691
  10.9522 31082.4824  233.9741 -999.9000    0.0000    0.0000    7.4066   88.7216
  10.7056 31239.3618  235.5811 -999.9000    0.0000    0.0000    7.0757   88.5894
  10.4661 31396.2412  236.2038 -999.9000    0.0000    0.0000    6.8960   88.4534
  10.2318 31553.1206  235.9226 -999.9000    0.0000    0.0000    6.8529   88.3118
  10.0000 31710.0000  235.1924 -999.9000    0.0000    0.0000    6.8753   88.1674
