# 06610 LSMP Payerne Observations at 12Z 30 Jul 2008
# Radiosonde file generated by raso.rb
#
  P [hPa],     Z [m],    T [K],   Td [K],   RH [%], r [g/kg], WS [m/s], WD [deg]
 962.0000   491.0000  298.3109 -999.9000   66.3040   13.6900    1.7879   93.0543
 944.6891   647.8794  296.2647 -999.9000   67.8618   12.6302    4.2701   92.6754
 927.6873   804.7588  294.8876 -999.9000   79.6153   13.9071    1.9224   92.9144
 911.0964   961.6382  293.6085 -999.9000   80.0712   14.4362    0.1680   92.0428
 894.7070  1118.5176  292.6833 -999.9000   80.0678   14.3064    1.1368   90.9797
 878.5406  1275.3970  292.3964 -999.9000   80.1304   13.3485    2.1331   90.6229
 862.6769  1432.2764  291.0236 -999.9000   81.0407   13.5129    2.3774   90.4248
 846.9845  1589.1558  289.7840 -999.9000   80.3564   13.9027    3.9973   90.3491
 831.5533  1746.0352  289.4359 -999.9000   80.8304   13.2228    4.8959   90.3950
 816.3570  1902.9146  288.1179 -999.9000   80.7143   11.9693    6.0166   90.4496
 801.3249  2059.7940  286.5214 -999.9000   80.4299   11.5640    6.6550   90.4939
 786.5365  2216.6734  285.1588 -999.9000   80.2707   10.4184    7.4177   90.5367
 771.9169  2373.5528  283.9175 -999.9000   80.6536    8.7627    8.6229   90.5644
 757.5041  2530.4322  282.8506 -999.9000   80.5155    8.5006    9.1670   90.6155
 743.3854  2687.3116  282.2677 -999.9000   77.8647    7.5803    8.0687   90.6080
 729.2940  2844.1910  281.1865 -999.9000   60.4531    5.5688    7.8338   90.6173
 715.5826  3001.0704  280.1330 -999.9000   50.1799    4.3807    9.4203   90.6971
 702.0616  3157.9497  278.9442 -999.9000   51.6613    4.2344   10.7063   90.7782
 688.7126  3314.8291  277.4624 -999.9000   58.9869    4.4448   10.7977   90.8007
 675.5482  3471.7085  275.8321 -999.9000   68.2892    4.6752   11.0473   90.8205
 662.5494  3628.5879  274.3532 -999.9000   74.2360    4.6607   11.6518   90.8487
 649.7305  3785.4673  273.3420 -999.9000   67.3541    4.0055   11.9434   90.8627
 637.1240  3942.3467  272.4875 -999.9000   55.2098    3.1437   11.2594   90.9118
 624.7467  4099.2261  271.4718 -999.9000   50.2291    2.7055    9.7076   91.0167
 612.5275  4256.1055  270.4109 -999.9000   50.1623    2.5464    9.2705   91.0465
 600.5160  4412.9849  269.8027 -999.9000   38.2621    1.8919    9.5462   91.0390
 588.7253  4569.8643  269.2074 -999.9000   22.7944    1.0986    9.7259   91.0433
 577.1128  4726.7437  267.9148 -999.9000   18.1934    0.8108    9.7722   91.0483
 565.6299  4883.6231  267.0801 -999.9000   17.0607    0.7276    9.7310   91.0538
 554.4053  5040.5025  266.5205 -999.9000   13.5206    0.5634    9.0390   91.1400
 543.3471  5197.3819  265.8483 -999.9000   12.8607    0.5190    8.2580   91.2153
 532.4739  5354.2613  264.8267 -999.9000   22.2409    0.8459    8.6617   91.2112
 521.8251  5511.1407  263.7836 -999.9000   24.0922    0.8613    9.4159   91.1806
 511.3144  5668.0201  262.9979 -999.9000   14.1264    0.4842   10.0959   91.1583
 500.9731  5824.8995  261.6617 -999.9000   13.0095    0.4090   10.7976   91.1344
 490.8286  5981.7789  260.0549 -999.9000   18.4533    0.5200   10.9529   91.1143
 480.7236  6138.6583  258.9454 -999.9000   29.3151    0.7703   11.2880   91.0832
 470.8214  6295.5377  257.6610 -999.9000   31.5870    0.7621   11.3871   91.0728
 461.0900  6452.4171  256.2360 -999.9000   30.9202    0.6762   11.1108   90.9894
 451.4963  6609.2965  254.9359 -999.9000   32.0981    0.6422   10.1050   90.8335
 442.0676  6766.1759  253.8593 -999.9000   32.6746    0.6091    9.2172   90.7116
 432.8253  6923.0553  252.8906 -999.9000   32.3905    0.5674   10.1304   90.6964
 423.7241  7079.9347  251.4748 -999.9000   36.1033    0.5712   11.0156   90.7318
 414.7432  7236.8141  249.7579 -999.9000   41.3376    0.5742   10.8182   90.7585
 405.9174  7393.6935  248.7478 -999.9000   31.9020    0.4138   11.0513   90.7794
 397.1974  7550.5729  247.4429 -999.9000   27.3050    0.3219   11.3232   90.7881
 388.6475  7707.4523  246.0289 -999.9000   31.2327    0.3308   11.4717   90.8405
 380.2876  7864.3317  244.9894 -999.9000   34.8851    0.3433   11.7101   90.9010
 372.0784  8021.2111  244.1462 -999.9000   39.1568    0.3645   11.8640   90.8924
 363.9826  8178.0905  243.3252 -999.9000   45.2850    0.3994   11.7791   90.7526
 356.0087  8334.9698  242.4426 -999.9000   54.5281    0.4529   11.7660   90.7678
 348.2042  8491.8492  241.5173 -999.9000   60.6505    0.5188   12.3719   91.3797
 340.5609  8648.7286  240.6325 -999.9000   65.0362    0.5272   12.6094   91.7004
 333.0575  8805.6080  239.7380 -999.9000   65.6349    0.4852   12.5564   91.6152
 325.6771  8962.4874  238.7338 -999.9000   65.0511    0.4338   12.8587   91.4555
 318.4095  9119.3668  237.5037 -999.9000   65.8318    0.3977   13.7853   91.4682
 311.2701  9276.2462  235.8382 -999.9000   60.7181    0.3338   13.9500   91.4746
 304.2599  9433.1256  234.2394 -999.9000   55.5286    0.2938   14.1802   91.4194
 297.3812  9590.0050  233.1291 -999.9000   50.6791    0.2688   14.6675   91.3896
 290.6045  9746.8844  231.8583 -999.9000   45.4671    0.2331   15.0005   91.3805
 283.9369  9903.7638  230.4394 -999.9000   45.7603    0.2031   15.3818   91.3479
 277.3870 10060.6432  228.9184 -999.9000   45.6067    0.1789   15.7737   91.3074
 270.9631 10217.5226  227.3351 -999.9000   45.5401    0.1538   16.0437   91.2950
 264.6694 10374.4020  225.7641 -999.9000   45.6465    0.1244   16.1016   91.3378
 258.4744 10531.2814  224.5125 -999.9000   45.1527    0.1097   16.2481   91.3756
 252.3757 10688.1608  223.4625 -999.9000   45.4666    0.1034   16.5120   91.3933
 246.3812 10845.0402  222.3855 -999.9000   40.1917    0.0916   16.8115   91.3978
 240.4896 11001.9196  221.1741 -999.9000   35.6396    0.0742   17.0932   91.3965
 234.6950 11158.7990  219.8237 -999.9000   35.8933    0.0604   17.3278   91.3968
 229.0082 11315.6784  218.4307 -999.9000   35.4382    0.0528   17.5097   91.3986
 223.4492 11472.5578  217.1426 -999.9000   34.9128    0.0500   17.6455   91.3982
 218.0236 11629.4372  215.9356 -999.9000   30.0762    0.0480   17.4537   91.4126
 212.6609 11786.3166  214.2607 -999.9000   25.5664    0.0350   15.7842   91.5070
 207.3913 11943.1960  213.4290 -999.9000   23.7371    0.0295   14.6169   91.4951
 202.2510 12100.0754  214.1348 -999.9000   17.9818    0.0410   14.3236   91.5711
 197.2536 12256.9548  215.5364 -999.9000    9.0870    0.0304   12.3350   92.1270
 192.4469 12413.8342  217.9322 -999.9000    2.6425    0.0062   12.7963   91.9985
 187.8076 12570.7136  217.7512 -999.9000    0.2368    0.0003   13.0488   91.9213
 183.2603 12727.5930  216.5175 -999.9000    0.2953    0.0003   12.7654   91.8946
 178.8033 12884.4724  216.1057 -999.9000    0.0000    0.0000   12.5398   91.8603
 174.4458 13041.3518  216.5094 -999.9000    0.0133    0.0000   12.6790   91.7991
 170.1876 13198.2312  216.7343 -999.9000    0.0000    0.0000   13.2091   91.6668
 166.0391 13355.1106  216.9007 -999.9000    0.0000    0.0000   13.8326   91.5392
 162.0101 13511.9899  216.5213 -999.9000    0.0002    0.0000   14.1343   91.4198
 158.0706 13668.8693  215.5319 -999.9000    0.0000    0.0000   13.7528   91.3880
 154.1974 13825.7487  214.6519 -999.9000    0.0000    0.0000   12.5922   91.4693
 150.4126 13982.6281  214.5765 -999.9000    0.0000    0.0000   10.6780   91.5650
 146.7292 14139.5075  215.4948 -999.9000    0.0000    0.0000   10.5985   91.5673
 143.1108 14296.3869  213.7053 -999.9000    0.0000    0.0000   10.5148   91.5696
 139.5597 14453.2663  216.1099 -999.9000    0.0000    0.0000   10.4787   91.5684
 136.1266 14610.1457  213.7601 -999.9000    0.0000    0.0000   10.4653   91.5540
 132.7619 14767.0251  212.8765 -999.9000    0.0000    0.0000   10.4560   91.5347
 129.4754 14923.9045  213.8626 -999.9000    0.0000    0.0000   10.4450   91.5197
 126.2897 15080.7839  214.9608 -999.9000    0.0000    0.0000   10.4232   91.5108
 123.1790 15237.6633  216.1834 -999.9000    0.0000    0.0000   10.4290   91.4644
 120.1481 15394.5427  216.6539 -999.9000    0.0000    0.0000   10.2760   91.3748
 117.2138 15551.4221  216.0093 -999.9000    0.0000    0.0000    9.9045   91.2661
 114.3435 15708.3015  215.9164 -999.9000    0.0000    0.0000    9.5719   91.1464
 111.5416 15865.1809  215.6764 -999.9000    0.0000    0.0000    8.9805   91.1933
 108.8149 16022.0603  216.9943 -999.9000    0.0000    0.0000    8.1562   91.4869
 106.1648 16178.9397  217.0540 -999.9000    0.0000    0.0000    7.6853   91.3484
 103.5767 16335.8191  216.6936 -999.9000    0.0000    0.0000    6.2460   91.9971
 101.0524 16492.6985  218.7452 -999.9000    0.0000    0.0000    1.7601   90.4089
  98.6148 16649.5779  217.3598 -999.9000    0.0000    0.0000    0.9771   90.4014
  96.2203 16806.4573  216.6262 -999.9000    0.0000    0.0000    0.1431   90.4014
  93.8688 16963.3367  215.9168 -999.9000    0.0000    0.0000    1.2182   90.4014
  91.5836 17120.2161  215.8028 -999.9000    0.0000    0.0000    2.0789   90.4014
  89.3567 17277.0955  215.7876 -999.9000    0.0000    0.0000    2.7059   90.4014
  87.1784 17433.9749  215.3232 -999.9000    0.0000    0.0000    3.3960   90.3927
  85.0453 17590.8543  214.5218 -999.9000    0.0000    0.0000    4.3159   90.0754
  82.9608 17747.7337  214.2070 -999.9000    0.0000    0.0000    5.4920   90.9865
  80.9282 17904.6131  214.8624 -999.9000    0.0000    0.0000    6.6409   90.6807
  78.9484 18061.4925  215.5181 -999.9000    0.0000    0.0000    6.5341   90.4907
  77.0217 18218.3719  216.2046 -999.9000    0.0000    0.0000    5.5752   90.6714
  75.1483 18375.2513  217.2787 -999.9000    0.0000    0.0000    4.6186   90.9237
  73.3271 18532.1307  218.3987 -999.9000    0.0000    0.0000    3.9953   91.0464
  71.5556 18689.0101  218.5446 -999.9000    0.0000    0.0000    3.5270   90.9336
  69.8260 18845.8894  217.4515 -999.9000    0.0000    0.0000    2.9078   91.0562
  68.1227 19002.7688  217.1856 -999.9000    0.0000    0.0000    1.7708   91.7656
  66.4601 19159.6482  217.5618 -999.9000    0.0000    0.0000    0.7470   89.5288
  64.8418 19316.5276  218.0735 -999.9000    0.0000    0.0000    0.4465   87.4851
  63.2670 19473.4070  218.5068 -999.9000    0.0000    0.0000    0.9996   87.9468
  61.7318 19630.2864  219.0996 -999.9000    0.0000    0.0000    1.5978   88.3028
  60.2355 19787.1658  219.3455 -999.9000    0.0000    0.0000    2.3544   88.5476
  58.7762 19944.0452  219.0841 -999.9000    0.0000    0.0000    3.2099   88.9105
  57.3501 20100.9246  218.7415 -999.9000    0.0000    0.0000    3.6597   89.0671
  55.9562 20257.8040  218.5115 -999.9000    0.0000    0.0000    3.6067   88.9446
  54.5968 20414.6834  218.3144 -999.9000    0.0000    0.0000    3.4163   88.7725
  53.2731 20571.5628  218.3019 -999.9000    0.0000    0.0000    3.2516   88.6461
  51.9860 20728.4422  218.7847 -999.9000    0.0000    0.0000    3.1298   88.5640
  50.7361 20885.3216  220.0761 -999.9000    0.0000    0.0000    3.0651   88.5228
  49.5229 21042.2010  221.8872 -999.9000    0.0000    0.0000    3.0413   88.5126
  48.3394 21199.0804  221.3081 -999.9000    0.0000    0.0000    3.4078   88.5757
  47.1874 21355.9598  221.4144 -999.9000    0.0000    0.0000    4.5634   88.7747
  46.0647 21512.8392  221.8439 -999.9000    0.0000    0.0000    5.6233   88.9472
  44.9691 21669.7186  222.1176 -999.9000    0.0000    0.0000    5.8547   88.9570
  43.8989 21826.5980  222.1725 -999.9000    0.0000    0.0000    5.4900   88.8369
  42.8525 21983.4774  222.0691 -999.9000    0.0000    0.0000    5.0454   88.6697
  41.8295 22140.3568  221.8555 -999.9000    0.0000    0.0000    4.8096   88.5214
  40.8309 22297.2362  221.5599 -999.9000    0.0000    0.0000    4.7201   88.4316
  39.8584 22454.1156  221.2116 -999.9000    0.0000    0.0000    4.6850   88.4374
  38.9104 22610.9950  221.6371 -999.9000    0.0000    0.0000    4.8519   88.5046
  37.9838 22767.8744  222.9297 -999.9000    0.0000    0.0000    5.2769   88.5579
  37.0791 22924.7538  223.6533 -999.9000    0.0000    0.0000    5.6285   88.6106
  36.1962 23081.6332  223.7766 -999.9000    0.0000    0.0000    5.8904   88.6649
  35.3349 23238.5126  223.5175 -999.9000    0.0000    0.0000    6.1019   88.7211
  34.4951 23395.3920  223.0934 -999.9000    0.0000    0.0000    6.3028   88.7793
  33.6765 23552.2714  222.7221 -999.9000    0.0000    0.0000    6.5322   88.8396
  32.8792 23709.1508  222.6212 -999.9000    0.0000    0.0000    6.8301   88.9021
  32.1025 23866.0302  222.9326 -999.9000    0.0000    0.0000    7.2086   88.9664
  31.3447 24022.9095  223.5188 -999.9000    0.0000    0.0000    7.5792   89.0294
  30.6036 24179.7889  224.1776 -999.9000    0.0000    0.0000    7.8307   89.0878
  29.8779 24336.6683  224.6817 -999.9000    0.0000    0.0000    7.8712   89.1301
  29.1715 24493.5477  224.7416 -999.9000    0.0000    0.0000    7.8048   89.0898
  28.4842 24650.4271  224.6051 -999.9000    0.0000    0.0000    7.6844   88.9796
  27.8138 24807.3065  224.6411 -999.9000    0.0000    0.0000    7.5237   88.8366
  27.1583 24964.1859  225.2164 -999.9000    0.0000    0.0000    7.3367   88.6979
  26.5173 25121.0653  226.3922 -999.9000    0.0000    0.0000    7.1439   88.5852
  25.8939 25277.9447  227.5806 -999.9000    0.0000    0.0000    6.9801   88.4883
  25.2914 25434.8241  228.1108 -999.9000    0.0000    0.0000    6.8821   88.3927
  24.7096 25591.7035  227.6166 -999.9000    0.0000    0.0000    6.9312   88.3136
  24.1354 25748.5829  227.0834 -999.9000    0.0000    0.0000    7.2884   88.3442
  23.5706 25905.4623  226.8442 -999.9000    0.0000    0.0000    7.8560   88.4419
  23.0189 26062.3417  227.1082 -999.9000    0.0000    0.0000    8.5092   88.5480
  22.4826 26219.2211  227.9408 -999.9000    0.0000    0.0000    9.1472   88.6216
  21.9608 26376.1005  229.0362 -999.9000    0.0000    0.0000    9.7318   88.6692
  21.4521 26532.9799  230.0295 -999.9000    0.0000    0.0000   10.2346   88.7041
  20.9548 26689.8593  230.5559 -999.9000    0.0000    0.0000   10.6273   88.7401
  20.4676 26846.7387  230.2505 -999.9000    0.0000    0.0000   10.8814   88.7908
  19.9891 27003.6181  228.7839 -999.9000    0.0000    0.0000   10.9618   88.8671
  19.5243 27160.4975  227.8774 -999.9000    0.0000    0.0000   10.5065   88.8331
  19.0752 27317.3769  228.3185 -999.9000    0.0000    0.0000    9.5878   88.6652
  18.6391 27474.2563  229.5268 -999.9000    0.0000    0.0000    8.6001   88.4541
  18.2135 27631.1357  230.9221 -999.9000    0.0000    0.0000    7.9379   88.2905
  17.7959 27788.0151  231.9332 -999.9000    0.0000    0.0000    7.9729   88.2601
  17.3864 27944.8945  232.2130 -999.9000    0.0000    0.0000    8.5260   88.3267
  16.9866 28101.7739  231.7878 -999.9000    0.0000    0.0000    9.1162   88.3867
  16.5963 28258.6533  230.9542 -999.9000    0.0000    0.0000    9.7088   88.4341
  16.2153 28415.5327  230.0363 -999.9000    0.0000    0.0000   10.3182   88.4734
  15.8432 28572.4121  229.3578 -999.9000    0.0000    0.0000   10.9591   88.5095
  15.4798 28729.2915  229.2367 -999.9000    0.0000    0.0000   11.6440   88.5468
  15.1246 28886.1709  229.6341 -999.9000    0.0000    0.0000   12.2706   88.5881
  14.7769 29043.0503  229.9934 -999.9000    0.0000    0.0000   12.5751   88.6333
  14.4368 29199.9296  230.1505 -999.9000    0.0000    0.0000   12.4928   88.6841
  14.1043 29356.8090  230.2431 -999.9000    0.0000    0.0000   12.1051   88.7433
  13.7798 29513.6884  230.4146 -999.9000    0.0000    0.0000   11.4965   88.8140
  13.4633 29670.5678  230.8085 -999.9000    0.0000    0.0000   10.7514   88.8992
  13.1552 29827.4472  231.5683 -999.9000    0.0000    0.0000    9.9542   89.0018
  12.8555 29984.3266  232.7806 -999.9000    0.0000    0.0000    9.1872   89.1215
  12.5638 30141.2060  234.1329 -999.9000    0.0000    0.0000    8.5186   89.2343
  12.2794 30298.0854  235.1434 -999.9000    0.0000    0.0000    8.0105   89.3059
  12.0018 30454.9648  235.3297 -999.9000    0.0000    0.0000    7.7249   89.3022
  11.7304 30611.8442  234.4638 -999.9000    0.0000    0.0000    7.6828   89.2026
  11.4650 30768.7236  233.3574 -999.9000    0.0000    0.0000    7.7390   89.0420
  11.2056 30925.6030  233.0871 -999.9000    0.0000    0.0000    7.7060   88.8691
  10.9522 31082.4824  234.3047 -999.9000    0.0000    0.0000    7.4635   88.7216
  10.7056 31239.3618  235.8503 -999.9000    0.0000    0.0000    7.1807   88.5894
  10.4661 31396.2412  236.4055 -999.9000    0.0000    0.0000    7.0548   88.4534
  10.2318 31553.1206  236.0506 -999.9000    0.0000    0.0000    7.0711   88.3118
  10.0000 31710.0000  235.2405 -999.9000    0.0000    0.0000    7.1589   88.1674
