# 06610 LSMP Payerne Observations at 12Z 30 Jul 2008
# Radiosonde file generated by raso.rb
#
  P [hPa],     Z [m],    T [K],   Td [K],   RH [%], r [g/kg], WS [m/s], WD [deg]
 962.0000   491.0000  297.9206 -999.9000   66.0116   13.6900    2.2441   93.0543
 944.6891   647.8794  295.9162 -999.9000   67.5735   12.6302    4.6271   92.6754
 927.6873   804.7588  294.5779 -999.9000   79.2896   13.9071    2.1882   92.9144
 911.0964   961.6382  293.3348 -999.9000   79.7557   14.4362    0.3501   92.0428
 894.7070  1118.5176  292.4428 -999.9000   79.7638   14.3064    1.2428   90.9797
 878.5406  1275.3970  292.1865 -999.9000   79.8372   13.3485    2.1700   90.6229
 862.6769  1432.2764  290.8416 -999.9000   80.7548   13.5129    2.3521   90.4248
 846.9845  1589.1558  289.6275 -999.9000   80.0831   13.9027    3.9165   90.3491
 831.5533  1746.0352  289.3025 -999.9000   80.5652   13.2228    4.7658   90.3950
 816.3570  1902.9146  288.0054 -999.9000   80.4589   11.9693    5.8435   90.4496
 801.3249  2059.7940  286.4275 -999.9000   80.1841   11.5640    6.4446   90.4939
 786.5365  2216.6734  285.0815 -999.9000   80.0339   10.4184    7.1755   90.5367
 771.9169  2373.5528  283.8548 -999.9000   80.4238    8.7627    8.3543   90.5644
 757.5041  2530.4322  282.8006 -999.9000   80.2938    8.5006    8.8770   90.6155
 743.3854  2687.3116  282.2286 -999.9000   77.6574    7.5803    7.7621   90.6080
 729.2940  2844.1910  281.1564 -999.9000   60.2975    5.5688    7.5151   90.6173
 715.5826  3001.0704  280.1105 -999.9000   50.0549    4.3807    9.0937   90.6971
 702.0616  3157.9497  278.9277 -999.9000   51.5367    4.2344   10.3758   90.7782
 688.7126  3314.8291  277.4506 -999.9000   58.8491    4.4448   10.4671   90.8007
 675.5482  3471.7085  275.8235 -999.9000   68.1347    4.6752   10.7200   90.8205
 662.5494  3628.5879  274.3466 -999.9000   74.0732    4.6607   11.3310   90.8487
 649.7305  3785.4673  273.3363 -999.9000   67.2110    4.0055   11.6321   90.8627
 637.1240  3942.3467  272.4816 -999.9000   55.0960    3.1437   10.9602   90.9118
 624.7467  4099.2261  271.4648 -999.9000   50.1287    2.7055    9.4229   91.0167
 612.5275  4256.1055  270.4019 -999.9000   50.0650    2.5464    9.0026   91.0465
 600.5160  4412.9849  269.7909 -999.9000   38.1900    1.8919    9.2968   91.0390
 588.7253  4569.8643  269.1923 -999.9000   22.7528    1.0986    9.4966   91.0433
 577.1128  4726.7437  267.8957 -999.9000   18.1611    0.8108    9.5646   91.0483
 565.6299  4883.6231  267.0565 -999.9000   17.0313    0.7276    9.5460   91.0538
 554.4053  5040.5025  266.4921 -999.9000   13.4979    0.5634    8.8775   91.1400
 543.3471  5197.3819  265.8148 -999.9000   12.8399    0.5190    8.1205   91.2153
 532.4739  5354.2613  264.7879 -999.9000   22.2059    0.8459    8.5486   91.2112
 521.8251  5511.1407  263.7394 -999.9000   24.0554    0.8613    9.3272   91.1806
 511.3144  5668.0201  262.9483 -999.9000   14.1055    0.4842   10.0315   91.1583
 500.9731  5824.8995  261.6068 -999.9000   12.9908    0.4090   10.7569   91.1344
 490.8286  5981.7789  259.9948 -999.9000   18.4277    0.5200   10.9352   91.1143
 480.7236  6138.6583  258.8806 -999.9000   29.2759    0.7703   11.2923   91.0832
 470.8214  6295.5377  257.5917 -999.9000   31.5462    0.7621   11.4122   91.0728
 461.0900  6452.4171  256.1627 -999.9000   30.8817    0.6762   11.1550   90.9894
 451.4963  6609.2965  254.8592 -999.9000   32.0598    0.6422   10.1666   90.8335
 442.0676  6766.1759  253.7798 -999.9000   32.6372    0.6091    9.2943   90.7116
 432.8253  6923.0553  252.8092 -999.9000   32.3550    0.5674   10.2205   90.6964
 423.7241  7079.9347  251.3923 -999.9000   36.0657    0.5712   11.1161   90.7318
 414.7432  7236.8141  249.6751 -999.9000   41.2967    0.5742   10.9263   90.7585
 405.9174  7393.6935  248.6659 -999.9000   31.8722    0.4138   11.1640   90.7794
 397.1974  7550.5729  247.3630 -999.9000   27.2811    0.3219   11.4371   90.7881
 388.6475  7707.4523  245.9521 -999.9000   31.2072    0.3308   11.5836   90.8405
 380.2876  7864.3317  244.9170 -999.9000   34.8587    0.3433   11.8171   90.9010
 372.0784  8021.2111  244.0793 -999.9000   39.1296    0.3645   11.9633   90.8924
 363.9826  8178.0905  243.2649 -999.9000   45.2564    0.3994   11.8682   90.7526
 356.0087  8334.9698  242.3901 -999.9000   54.4972    0.4529   11.8429   90.7678
 348.2042  8491.8492  241.4738 -999.9000   60.6203    0.5188   12.4346   91.3797
 340.5609  8648.7286  240.5991 -999.9000   65.0082    0.5272   12.6563   91.7004
 333.0575  8805.6080  239.7159 -999.9000   65.6112    0.4852   12.5860   91.6152
 325.6771  8962.4874  238.7241 -999.9000   65.0323    0.4338   12.8700   91.4555
 318.4095  9119.3668  237.5076 -999.9000   65.8176    0.3977   13.7773   91.4682
 311.2701  9276.2462  235.8569 -999.9000   60.7094    0.3338   13.9222   91.4746
 304.2599  9433.1256  234.2740 -999.9000   55.5249    0.2938   14.1322   91.4194
 297.3812  9590.0050  233.1808 -999.9000   50.6794    0.2688   14.5993   91.3896
 290.6045  9746.8844  231.9283 -999.9000   45.4710    0.2331   14.9123   91.3805
 283.9369  9903.7638  230.5288 -999.9000   45.7677    0.2031   15.2739   91.3479
 277.3870 10060.6432  229.0283 -999.9000   45.6176    0.1789   15.6469   91.3074
 270.9631 10217.5226  227.4668 -999.9000   45.5546    0.1538   15.8989   91.2950
 264.6694 10374.4020  225.9187 -999.9000   45.6646    0.1244   15.9400   91.3378
 258.4744 10531.2814  224.6911 -999.9000   45.1743    0.1097   16.0713   91.3756
 252.3757 10688.1608  223.6664 -999.9000   45.4920    0.1034   16.3217   91.3933
 246.3812 10845.0402  222.6156 -999.9000   40.2173    0.0916   16.6097   91.3978
 240.4896 11001.9196  221.4318 -999.9000   35.6653    0.0742   16.8822   91.3965
 234.6950 11158.7990  220.1100 -999.9000   35.9220    0.0604   17.1098   91.3968
 229.0082 11315.6784  218.7465 -999.9000   35.4694    0.0528   17.2869   91.3986
 223.4492 11472.5578  217.4889 -999.9000   34.9462    0.0500   17.4199   91.3982
 218.0236 11629.4372  216.3130 -999.9000   30.1073    0.0480   17.2272   91.4126
 212.6609 11786.3166  214.6697 -999.9000   25.5948    0.0350   15.5585   91.5070
 207.3913 11943.1960  213.8701 -999.9000   23.7652    0.0295   14.3937   91.4951
 202.2510 12100.0754  214.6084 -999.9000   18.0043    0.0410   14.1045   91.5711
 197.2536 12256.9548  216.0427 -999.9000    9.0989    0.0304   12.1214   92.1270
 192.4469 12413.8342  218.4712 -999.9000    2.6461    0.0062   12.5893   91.9985
 187.8076 12570.7136  218.3229 -999.9000    0.2371    0.0003   12.8497   91.9213
 183.2603 12727.5930  217.1218 -999.9000    0.2957    0.0003   12.5752   91.8946
 178.8033 12884.4724  216.7423 -999.9000    0.0000    0.0000   12.3594   91.8603
 174.4458 13041.3518  217.1779 -999.9000    0.0133    0.0000   12.5092   91.7991
 170.1876 13198.2312  217.4341 -999.9000    0.0000    0.0000   13.0505   91.6668
 166.0391 13355.1106  217.6312 -999.9000    0.0000    0.0000   13.6858   91.5392
 162.0101 13511.9899  217.2817 -999.9000    0.0002    0.0000   13.9996   91.4198
 158.0706 13668.8693  216.3213 -999.9000    0.0000    0.0000   13.6305   91.3880
 154.1974 13825.7487  215.4692 -999.9000    0.0000    0.0000   12.4824   91.4693
 150.4126 13982.6281  215.4206 -999.9000    0.0000    0.0000   10.5808   91.5650
 146.7292 14139.5075  216.3646 -999.9000    0.0000    0.0000   10.5138   91.5673
 143.1108 14296.3869  214.5992 -999.9000    0.0000    0.0000   10.4423   91.5696
 139.5597 14453.2663  217.0264 -999.9000    0.0000    0.0000   10.4182   91.5684
 136.1266 14610.1457  214.6976 -999.9000    0.0000    0.0000   10.4162   91.5540
 132.7619 14767.0251  213.8333 -999.9000    0.0000    0.0000   10.4180   91.5347
 129.4754 14923.9045  214.8367 -999.9000    0.0000    0.0000   10.4174   91.5197
 126.2897 15080.7839  215.9503 -999.9000    0.0000    0.0000   10.4057   91.5108
 123.1790 15237.6633  217.1861 -999.9000    0.0000    0.0000   10.4209   91.4644
 120.1481 15394.5427  217.6676 -999.9000    0.0000    0.0000   10.2768   91.3748
 117.2138 15551.4221  217.0317 -999.9000    0.0000    0.0000    9.9134   91.2661
 114.3435 15708.3015  216.9451 -999.9000    0.0000    0.0000    9.5883   91.1464
 111.5416 15865.1809  216.7087 -999.9000    0.0000    0.0000    9.0037   91.1933
 108.8149 16022.0603  218.0275 -999.9000    0.0000    0.0000    8.1855   91.4869
 106.1648 16178.9397  218.0854 -999.9000    0.0000    0.0000    7.7200   91.3484
 103.5767 16335.8191  217.7202 -999.9000    0.0000    0.0000    6.2852   91.9971
 101.0524 16492.6985  219.7640 -999.9000    0.0000    0.0000    1.8030   90.4089
  98.6148 16649.5779  218.3677 -999.9000    0.0000    0.0000    1.0228   90.4014
  96.2203 16806.4573  217.6197 -999.9000    0.0000    0.0000    0.1907   90.4014
  93.8688 16963.3367  216.8926 -999.9000    0.0000    0.0000    1.2667   90.4014
  91.5836 17120.2161  216.7575 -999.9000    0.0000    0.0000    2.1274   90.4014
  89.3567 17277.0955  216.7175 -999.9000    0.0000    0.0000    2.7534   90.4014
  87.1784 17433.9749  216.2245 -999.9000    0.0000    0.0000    3.4414   90.3927
  85.0453 17590.8543  215.3908 -999.9000    0.0000    0.0000    4.3580   90.0754
  82.9608 17747.7337  215.0396 -999.9000    0.0000    0.0000    5.5299   90.9865
  80.9282 17904.6131  215.6544 -999.9000    0.0000    0.0000    6.6734   90.6807
  78.9484 18061.4925  216.2657 -999.9000    0.0000    0.0000    6.5601   90.4907
  77.0217 18218.3719  216.9042 -999.9000    0.0000    0.0000    5.5935   90.6714
  75.1483 18375.2513  217.9272 -999.9000    0.0000    0.0000    4.6286   90.9237
  73.3271 18532.1307  218.9934 -999.9000    0.0000    0.0000    3.9960   91.0464
  71.5556 18689.0101  219.0832 -999.9000    0.0000    0.0000    3.5178   90.9336
  69.8260 18845.8894  217.9322 -999.9000    0.0000    0.0000    2.8881   91.0562
  68.1227 19002.7688  217.6068 -999.9000    0.0000    0.0000    1.7402   91.7656
  66.4601 19159.6482  217.9226 -999.9000    0.0000    0.0000    0.7051   89.5288
  64.8418 19316.5276  218.3733 -999.9000    0.0000    0.0000    0.3931   87.4851
  63.2670 19473.4070  218.7455 -999.9000    0.0000    0.0000    0.9345   87.9468
  61.7318 19630.2864  219.2774 -999.9000    0.0000    0.0000    1.5211   88.3028
  60.2355 19787.1658  219.4632 -999.9000    0.0000    0.0000    2.2662   88.5476
  58.7762 19944.0452  219.1428 -999.9000    0.0000    0.0000    3.1102   88.9105
  57.3501 20100.9246  218.7426 -999.9000    0.0000    0.0000    3.5490   89.0671
  55.9562 20257.8040  218.4570 -999.9000    0.0000    0.0000    3.4854   88.9446
  54.5968 20414.6834  218.2067 -999.9000    0.0000    0.0000    3.2849   88.7725
  53.2731 20571.5628  218.1439 -999.9000    0.0000    0.0000    3.1109   88.6461
  51.9860 20728.4422  218.5796 -999.9000    0.0000    0.0000    2.9804   88.5640
  50.7361 20885.3216  219.8275 -999.9000    0.0000    0.0000    2.9080   88.5228
  49.5229 21042.2010  221.5992 -999.9000    0.0000    0.0000    2.8773   88.5126
  48.3394 21199.0804  220.9852 -999.9000    0.0000    0.0000    3.2381   88.5757
  47.1874 21355.9598  221.0615 -999.9000    0.0000    0.0000    4.3892   88.7747
  46.0647 21512.8392  221.4662 -999.9000    0.0000    0.0000    5.4459   88.9472
  44.9691 21669.7186  221.7199 -999.9000    0.0000    0.0000    5.6752   88.9570
  43.8989 21826.5980  221.7593 -999.9000    0.0000    0.0000    5.3095   88.8369
  42.8525 21983.4774  221.6448 -999.9000    0.0000    0.0000    4.8648   88.6697
  41.8295 22140.3568  221.4241 -999.9000    0.0000    0.0000    4.6300   88.5214
  40.8309 22297.2362  221.1252 -999.9000    0.0000    0.0000    4.5424   88.4316
  39.8584 22454.1156  220.7771 -999.9000    0.0000    0.0000    4.5100   88.4374
  38.9104 22610.9950  221.2060 -999.9000    0.0000    0.0000    4.6802   88.5046
  37.9838 22767.8744  222.5051 -999.9000    0.0000    0.0000    5.1093   88.5579
  37.0791 22924.7538  223.2378 -999.9000    0.0000    0.0000    5.4655   88.6106
  36.1962 23081.6332  223.3726 -999.9000    0.0000    0.0000    5.7324   88.6649
  35.3349 23238.5126  223.1272 -999.9000    0.0000    0.0000    5.9494   88.7211
  34.4951 23395.3920  222.7188 -999.9000    0.0000    0.0000    6.1561   88.7793
  33.6765 23552.2714  222.3647 -999.9000    0.0000    0.0000    6.3917   88.8396
  32.8792 23709.1508  222.2824 -999.9000    0.0000    0.0000    6.6959   88.9021
  32.1025 23866.0302  222.6135 -999.9000    0.0000    0.0000    7.0807   88.9664
  31.3447 24022.9095  223.2201 -999.9000    0.0000    0.0000    7.4578   89.0294
  30.6036 24179.7889  223.9001 -999.9000    0.0000    0.0000    7.7158   89.0878
  29.8779 24336.6683  224.4255 -999.9000    0.0000    0.0000    7.7625   89.1301
  29.1715 24493.5477  224.5067 -999.9000    0.0000    0.0000    7.7023   89.0898
  28.4842 24650.4271  224.3913 -999.9000    0.0000    0.0000    7.5877   88.9796
  27.8138 24807.3065  224.4478 -999.9000    0.0000    0.0000    7.4326   88.8366
  27.1583 24964.1859  225.0430 -999.9000    0.0000    0.0000    7.2507   88.6979
  26.5173 25121.0653  226.2379 -999.9000    0.0000    0.0000    7.0626   88.5852
  25.8939 25277.9447  227.4446 -999.9000    0.0000    0.0000    6.9033   88.4883
  25.2914 25434.8241  227.9924 -999.9000    0.0000    0.0000    6.8094   88.3927
  24.7096 25591.7035  227.5151 -999.9000    0.0000    0.0000    6.8624   88.3136
  24.1354 25748.5829  226.9980 -999.9000    0.0000    0.0000    7.2232   88.3442
  23.5706 25905.4623  226.7741 -999.9000    0.0000    0.0000    7.7943   88.4419
  23.0189 26062.3417  227.0527 -999.9000    0.0000    0.0000    8.4506   88.5480
  22.4826 26219.2211  227.8992 -999.9000    0.0000    0.0000    9.0918   88.6216
  21.9608 26376.1005  229.0075 -999.9000    0.0000    0.0000    9.6793   88.6692
  21.4521 26532.9799  230.0131 -999.9000    0.0000    0.0000   10.1850   88.7041
  20.9548 26689.8593  230.5510 -999.9000    0.0000    0.0000   10.5804   88.7401
  20.4676 26846.7387  230.2563 -999.9000    0.0000    0.0000   10.8373   88.7908
  19.9891 27003.6181  228.7996 -999.9000    0.0000    0.0000   10.9204   88.8671
  19.5243 27160.4975  227.9022 -999.9000    0.0000    0.0000   10.4680   88.8331
  19.0752 27317.3769  228.3517 -999.9000    0.0000    0.0000    9.5521   88.6652
  18.6391 27474.2563  229.5675 -999.9000    0.0000    0.0000    8.5673   88.4541
  18.2135 27631.1357  230.9696 -999.9000    0.0000    0.0000    7.9082   88.2905
  17.7959 27788.0151  231.9866 -999.9000    0.0000    0.0000    7.9463   88.2601
  17.3864 27944.8945  232.2715 -999.9000    0.0000    0.0000    8.5028   88.3267
  16.9866 28101.7739  231.8506 -999.9000    0.0000    0.0000    9.0966   88.3867
  16.5963 28258.6533  231.0205 -999.9000    0.0000    0.0000    9.6930   88.4341
  16.2153 28415.5327  230.1053 -999.9000    0.0000    0.0000   10.3065   88.4734
  15.8432 28572.4121  229.4287 -999.9000    0.0000    0.0000   10.9517   88.5095
  15.4798 28729.2915  229.3086 -999.9000    0.0000    0.0000   11.6413   88.5468
  15.1246 28886.1709  229.7062 -999.9000    0.0000    0.0000   12.2729   88.5881
  14.7769 29043.0503  230.0648 -999.9000    0.0000    0.0000   12.5829   88.6333
  14.4368 29199.9296  230.2204 -999.9000    0.0000    0.0000   12.5064   88.6841
  14.1043 29356.8090  230.3107 -999.9000    0.0000    0.0000   12.1249   88.7433
  13.7798 29513.6884  230.4791 -999.9000    0.0000    0.0000   11.5231   88.8140
  13.4633 29670.5678  230.8689 -999.9000    0.0000    0.0000   10.7852   88.8992
  13.1552 29827.4472  231.6239 -999.9000    0.0000    0.0000    9.9958   89.0018
  12.8555 29984.3266  232.8304 -999.9000    0.0000    0.0000    9.2372   89.1215
  12.5638 30141.2060  234.1761 -999.9000    0.0000    0.0000    8.5775   89.2343
  12.2794 30298.0854  235.1792 -999.9000    0.0000    0.0000    8.0789   89.3059
  12.0018 30454.9648  235.3571 -999.9000    0.0000    0.0000    7.8035   89.3022
  11.7304 30611.8442  234.4820 -999.9000    0.0000    0.0000    7.7724   89.2026
  11.4650 30768.7236  233.3655 -999.9000    0.0000    0.0000    7.8402   89.0420
  11.2056 30925.6030  233.0842 -999.9000    0.0000    0.0000    7.8195   88.8691
  10.9522 31082.4824  234.2900 -999.9000    0.0000    0.0000    7.5901   88.7216
  10.7056 31239.3618  235.8228 -999.9000    0.0000    0.0000    7.3213   88.5894
  10.4661 31396.2412  236.3644 -999.9000    0.0000    0.0000    7.2100   88.4534
  10.2318 31553.1206  235.9950 -999.9000    0.0000    0.0000    7.2420   88.3118
  10.0000 31710.0000  235.1694 -999.9000    0.0000    0.0000    7.3463   88.1674
