# 06610 LSMP Payerne Observations at 12Z 30 Jul 2008
# Radiosonde file generated by raso.rb
#
  P [hPa],     Z [m],    T [K],   Td [K],   RH [%], r [g/kg], WS [m/s], WD [deg]
 962.0000   491.0000  297.8751 -999.9000   66.2571   13.6900    2.1922   93.0543
 944.6891   647.8794  295.9075 -999.9000   67.8143   12.6302    4.6673   92.6754
 927.6873   804.7588  294.6017 -999.9000   79.5591   13.9071    2.3123   92.9144
 911.0964   961.6382  293.3869 -999.9000   80.0131   14.4362    0.5502   92.0428
 894.7070  1118.5176  292.5193 -999.9000   80.0071   14.3064    1.5111   90.9797
 878.5406  1275.3970  292.2836 -999.9000   80.0661   13.3485    2.4992   90.6229
 862.6769  1432.2764  290.9559 -999.9000   80.9712   13.5129    2.7349   90.4248
 846.9845  1589.1558  289.7554 -999.9000   80.2822   13.9027    4.3461   90.3491
 831.5533  1746.0352  289.4408 -999.9000   80.7497   13.2228    5.2356   90.3950
 816.3570  1902.9146  288.1509 -999.9000   80.6270   11.9693    6.3470   90.4496
 801.3249  2059.7940  286.5776 -999.9000   80.3355   11.5640    6.9760   90.4939
 786.5365  2216.6734  285.2333 -999.9000   80.1687   10.4184    7.7289   90.5367
 771.9169  2373.5528  284.0058 -999.9000   80.5426    8.7627    8.9241   90.5644
 757.5041  2530.4322  282.9485 -999.9000   80.3958    8.5006    9.4581   90.6155
 743.3854  2687.3116  282.3712 -999.9000   77.7400    7.5803    8.3495   90.6080
 729.2940  2844.1910  281.2918 -999.9000   60.3492    5.5688    8.1041   90.6173
 715.5826  3001.0704  280.2367 -999.9000   50.0875    4.3807    9.6799   90.6971
 702.0616  3157.9497  279.0432 -999.9000   51.5598    4.2344   10.9551   90.7782
 688.7126  3314.8291  277.5538 -999.9000   58.8636    4.4448   11.0355   90.8007
 675.5482  3471.7085  275.9133 -999.9000   68.1379    4.6752   11.2740   90.8205
 662.5494  3628.5879  274.4219 -999.9000   74.0621    4.6607   11.8673   90.8487
 649.7305  3785.4673  273.3961 -999.9000   67.1880    4.0055   12.1476   90.8627
 637.1240  3942.3467  272.5252 -999.9000   55.0668    3.1437   11.4521   90.9118
 624.7467  4099.2261  271.4915 -999.9000   50.0930    2.7055    9.8887   91.0167
 612.5275  4256.1055  270.4114 -999.9000   50.0205    2.5464    9.4401   91.0465
 600.5160  4412.9849  269.7831 -999.9000   38.1495    1.8919    9.7040   91.0390
 588.7253  4569.8643  269.1670 -999.9000   22.7249    1.0986    9.8720   91.0433
 577.1128  4726.7437  267.8531 -999.9000   18.1361    0.8108    9.9065   91.0483
 565.6299  4883.6231  266.9970 -999.9000   17.0053    0.7276    9.8535   91.0538
 554.4053  5040.5025  266.4161 -999.9000   13.4754    0.5634    9.1496   91.1400
 543.3471  5197.3819  265.7230 -999.9000   12.8168    0.5190    8.3567   91.2153
 532.4739  5354.2613  264.6813 -999.9000   22.1633    0.8459    8.7485   91.2112
 521.8251  5511.1407  263.6188 -999.9000   24.0066    0.8613    9.4908   91.1806
 511.3144  5668.0201  262.8151 -999.9000   14.0755    0.4842   10.1590   91.1583
 500.9731  5824.8995  261.4622 -999.9000   12.9621    0.4090   10.8488   91.1344
 490.8286  5981.7789  259.8406 -999.9000   18.3855    0.5200   10.9924   91.1143
 480.7236  6138.6583  258.7184 -999.9000   29.2070    0.7703   11.3157   91.0832
 470.8214  6295.5377  257.4234 -999.9000   31.4704    0.7621   11.4031   91.0728
 461.0900  6452.4171  255.9905 -999.9000   30.8065    0.6762   11.1151   90.9894
 451.4963  6609.2965  254.6854 -999.9000   31.9810    0.6422   10.0978   90.8335
 442.0676  6766.1759  253.6068 -999.9000   32.5568    0.6091    9.1986   90.7116
 432.8253  6923.0553  252.6396 -999.9000   32.2756    0.5674   10.1004   90.6964
 423.7241  7079.9347  251.2289 -999.9000   35.9781    0.5712   10.9743   90.7318
 414.7432  7236.8141  249.5211 -999.9000   41.1982    0.5742   10.7658   90.7585
 405.9174  7393.6935  248.5243 -999.9000   31.7981    0.4138   10.9879   90.7794
 397.1974  7550.5729  247.2371 -999.9000   27.2198    0.3219   11.2490   90.7881
 388.6475  7707.4523  245.8450 -999.9000   31.1401    0.3308   11.3868   90.8405
 380.2876  7864.3317  244.8313 -999.9000   34.7876    0.3433   11.6147   90.9010
 372.0784  8021.2111  244.0172 -999.9000   39.0546    0.3645   11.7583   90.8924
 363.9826  8178.0905  243.2283 -999.9000   45.1759    0.3994   11.6632   90.7526
 356.0087  8334.9698  242.3803 -999.9000   54.4082    0.4529   11.6403   90.7678
 348.2042  8491.8492  241.4917 -999.9000   60.5307    0.5188   12.2365   91.3797
 340.5609  8648.7286  240.6453 -999.9000   64.9227    0.5272   12.4647   91.7004
 333.0575  8805.6080  239.7905 -999.9000   65.5358    0.4852   12.4026   91.6152
 325.6771  8962.4874  238.8267 -999.9000   64.9687    0.4338   12.6963   91.4555
 318.4095  9119.3668  237.6374 -999.9000   65.7645    0.3977   13.6143   91.4682
 311.2701  9276.2462  236.0128 -999.9000   60.6710    0.3338   13.7710   91.4746
 304.2599  9433.1256  234.4545 -999.9000   55.4992    0.2938   13.9935   91.4194
 297.3812  9590.0050  233.3837 -999.9000   50.6645    0.2688   14.4734   91.3896
 290.6045  9746.8844  232.1512 -999.9000   45.4650    0.2331   14.7995   91.3805
 283.9369  9903.7638  230.7689 -999.9000   45.7689    0.2031   15.1742   91.3479
 277.3870 10060.6432  229.2823 -999.9000   45.6256    0.1789   15.5600   91.3074
 270.9631 10217.5226  227.7309 -999.9000   45.5688    0.1538   15.8243   91.2950
 264.6694 10374.4020  226.1888 -999.9000   45.6847    0.1244   15.8770   91.3378
 258.4744 10531.2814  224.9627 -999.9000   45.1992    0.1097   16.0188   91.3756
 252.3757 10688.1608  223.9344 -999.9000   45.5216    0.1034   16.2785   91.3933
 246.3812 10845.0402  222.8747 -999.9000   40.2468    0.0916   16.5743   91.3978
 240.4896 11001.9196  221.6762 -999.9000   35.6937    0.0742   16.8529   91.3965
 234.6950 11158.7990  220.3340 -999.9000   35.9523    0.0604   17.0849   91.3968
 229.0082 11315.6784  218.9450 -999.9000   35.5004    0.0528   17.2647   91.3986
 223.4492 11472.5578  217.6573 -999.9000   34.9772    0.0500   17.3990   91.3982
 218.0236 11629.4372  216.4472 -999.9000   30.1341    0.0480   17.2061   91.4126
 212.6609 11786.3166  214.7663 -999.9000   25.6172    0.0350   15.5360   91.5070
 207.3913 11943.1960  213.9259 -999.9000   23.7855    0.0295   14.3687   91.4951
 202.2510 12100.0754  214.6210 -999.9000   18.0192    0.0410   14.0759   91.5711
 197.2536 12256.9548  216.0101 -999.9000    9.1061    0.0304   12.0883   92.1270
 192.4469 12413.8342  218.3920 -999.9000    2.6481    0.0062   12.5510   91.9985
 187.8076 12570.7136  218.1960 -999.9000    0.2373    0.0003   12.8054   91.9213
 183.2603 12727.5930  216.9468 -999.9000    0.2959    0.0003   12.5243   91.8946
 178.8033 12884.4724  216.5193 -999.9000    0.0000    0.0000   12.3015   91.8603
 174.4458 13041.3518  216.9075 -999.9000    0.0133    0.0000   12.4440   91.7991
 170.1876 13198.2312  217.1175 -999.9000    0.0000    0.0000   12.9778   91.6668
 166.0391 13355.1106  217.2700 -999.9000    0.0000    0.0000   13.6055   91.5392
 162.0101 13511.9899  216.8781 -999.9000    0.0002    0.0000   13.9117   91.4198
 158.0706 13668.8693  215.8780 -999.9000    0.0000    0.0000   13.5351   91.3880
 154.1974 13825.7487  214.9894 -999.9000    0.0000    0.0000   12.3799   91.4693
 150.4126 13982.6281  214.9080 -999.9000    0.0000    0.0000   10.4714   91.5650
 146.7292 14139.5075  215.8234 -999.9000    0.0000    0.0000   10.3981   91.5673
 143.1108 14296.3869  214.0343 -999.9000    0.0000    0.0000   10.3210   91.5696
 139.5597 14453.2663  216.4430 -999.9000    0.0000    0.0000   10.2918   91.5684
 136.1266 14610.1457  214.1010 -999.9000    0.0000    0.0000   10.2857   91.5540
 132.7619 14767.0251  213.2286 -999.9000    0.0000    0.0000   10.2840   91.5347
 129.4754 14923.9045  214.2287 -999.9000    0.0000    0.0000   10.2809   91.5197
 126.2897 15080.7839  215.3434 -999.9000    0.0000    0.0000   10.2675   91.5108
 123.1790 15237.6633  216.5846 -999.9000    0.0000    0.0000   10.2820   91.4644
 120.1481 15394.5427  217.0753 -999.9000    0.0000    0.0000   10.1380   91.3748
 117.2138 15551.4221  216.4522 -999.9000    0.0000    0.0000    9.7758   91.2661
 114.3435 15708.3015  216.3816 -999.9000    0.0000    0.0000    9.4528   91.1464
 111.5416 15865.1809  216.1643 -999.9000    0.0000    0.0000    8.8713   91.1933
 108.8149 16022.0603  217.5049 -999.9000    0.0000    0.0000    8.0573   91.4869
 106.1648 16178.9397  217.5870 -999.9000    0.0000    0.0000    7.5969   91.3484
 103.5767 16335.8191  217.2481 -999.9000    0.0000    0.0000    6.1683   91.9971
 101.0524 16492.6985  219.3199 -999.9000    0.0000    0.0000    1.6936   90.4089
  98.6148 16649.5779  217.9532 -999.9000    0.0000    0.0000    0.9219   90.4014
  96.2203 16806.4573  217.2361 -999.9000    0.0000    0.0000    0.0994   90.4014
  93.8688 16963.3367  216.5408 -999.9000    0.0000    0.0000    1.1863   90.4014
  91.5836 17120.2161  216.4381 -999.9000    0.0000    0.0000    2.0591   90.4014
  89.3567 17277.0955  216.4308 -999.9000    0.0000    0.0000    2.6984   90.4014
  87.1784 17433.9749  215.9706 -999.9000    0.0000    0.0000    3.4010   90.3927
  85.0453 17590.8543  215.1694 -999.9000    0.0000    0.0000    4.3335   90.0754
  82.9608 17747.7337  214.8502 -999.9000    0.0000    0.0000    5.5226   90.9865
  80.9282 17904.6131  215.4961 -999.9000    0.0000    0.0000    6.6846   90.6807
  78.9484 18061.4925  216.1376 -999.9000    0.0000    0.0000    6.5911   90.4907
  77.0217 18218.3719  216.8051 -999.9000    0.0000    0.0000    5.6455   90.6714
  75.1483 18375.2513  217.8561 -999.9000    0.0000    0.0000    4.7022   90.9237
  73.3271 18532.1307  218.9491 -999.9000    0.0000    0.0000    4.0920   91.0464
  71.5556 18689.0101  219.0646 -999.9000    0.0000    0.0000    3.6367   90.9336
  69.8260 18845.8894  217.9379 -999.9000    0.0000    0.0000    3.0299   91.0562
  68.1227 19002.7688  217.6358 -999.9000    0.0000    0.0000    1.9051   91.7656
  66.4601 19159.6482  217.9735 -999.9000    0.0000    0.0000    0.8928   89.5288
  64.8418 19316.5276  218.4448 -999.9000    0.0000    0.0000    0.6033   87.4851
  63.2670 19473.4070  218.8361 -999.9000    0.0000    0.0000    1.1666   87.9468
  61.7318 19630.2864  219.3859 -999.9000    0.0000    0.0000    1.7742   88.3028
  60.2355 19787.1658  219.5880 -999.9000    0.0000    0.0000    2.5393   88.5476
  58.7762 19944.0452  219.2824 -999.9000    0.0000    0.0000    3.4022   88.9105
  57.3501 20100.9246  218.8956 -999.9000    0.0000    0.0000    3.8583   89.0671
  55.9562 20257.8040  218.6218 -999.9000    0.0000    0.0000    3.8105   88.9446
  54.5968 20414.6834  218.3818 -999.9000    0.0000    0.0000    3.6238   88.7725
  53.2731 20571.5628  218.3276 -999.9000    0.0000    0.0000    3.4616   88.6461
  51.9860 20728.4422  218.7702 -999.9000    0.0000    0.0000    3.3406   88.5640
  50.7361 20885.3216  220.0233 -999.9000    0.0000    0.0000    3.2752   88.5228
  49.5229 21042.2010  221.7985 -999.9000    0.0000    0.0000    3.2489   88.5126
  48.3394 21199.0804  221.1862 -999.9000    0.0000    0.0000    3.6111   88.5757
  47.1874 21355.9598  221.2624 -999.9000    0.0000    0.0000    4.7606   88.7747
  46.0647 21512.8392  221.6651 -999.9000    0.0000    0.0000    5.8124   88.9472
  44.9691 21669.7186  221.9152 -999.9000    0.0000    0.0000    6.0341   88.9570
  43.8989 21826.5980  221.9494 -999.9000    0.0000    0.0000    5.6580   88.8369
  42.8525 21983.4774  221.8281 -999.9000    0.0000    0.0000    5.2007   88.6697
  41.8295 22140.3568  221.5991 -999.9000    0.0000    0.0000    4.9510   88.5214
  40.8309 22297.2362  221.2906 -999.9000    0.0000    0.0000    4.8467   88.4316
  39.8584 22454.1156  220.9317 -999.9000    0.0000    0.0000    4.7959   88.4374
  38.9104 22610.9950  221.3486 -999.9000    0.0000    0.0000    4.9464   88.5046
  37.9838 22767.8744  222.6346 -999.9000    0.0000    0.0000    5.3546   88.5579
  37.0791 22924.7538  223.3533 -999.9000    0.0000    0.0000    5.6891   88.6106
  36.1962 23081.6332  223.4732 -999.9000    0.0000    0.0000    5.9338   88.6649
  35.3349 23238.5126  223.2121 -999.9000    0.0000    0.0000    6.1282   88.7211
  34.4951 23395.3920  222.7872 -999.9000    0.0000    0.0000    6.3122   88.7793
  33.6765 23552.2714  222.4162 -999.9000    0.0000    0.0000    6.5253   88.8396
  32.8792 23709.1508  222.3163 -999.9000    0.0000    0.0000    6.8074   88.9021
  32.1025 23866.0302  222.6294 -999.9000    0.0000    0.0000    7.1708   88.9664
  31.3447 24022.9095  223.2178 -999.9000    0.0000    0.0000    7.5275   89.0294
  30.6036 24179.7889  223.8793 -999.9000    0.0000    0.0000    7.7661   89.0878
  29.8779 24336.6683  224.3860 -999.9000    0.0000    0.0000    7.7951   89.1301
  29.1715 24493.5477  224.4485 -999.9000    0.0000    0.0000    7.7188   89.0898
  28.4842 24650.4271  224.3146 -999.9000    0.0000    0.0000    7.5900   88.9796
  27.8138 24807.3065  224.3526 -999.9000    0.0000    0.0000    7.4231   88.8366
  27.1583 24964.1859  224.9295 -999.9000    0.0000    0.0000    7.2316   88.6979
  26.5173 25121.0653  226.1064 -999.9000    0.0000    0.0000    7.0363   88.5852
  25.8939 25277.9447  227.2954 -999.9000    0.0000    0.0000    6.8717   88.4883
  25.2914 25434.8241  227.8258 -999.9000    0.0000    0.0000    6.7746   88.3927
  24.7096 25591.7035  227.3315 -999.9000    0.0000    0.0000    6.8262   88.3136
  24.1354 25748.5829  226.7979 -999.9000    0.0000    0.0000    7.1872   88.3442
  23.5706 25905.4623  226.5580 -999.9000    0.0000    0.0000    7.7600   88.4419
  23.0189 26062.3417  226.8211 -999.9000    0.0000    0.0000    8.4194   88.5480
  22.4826 26219.2211  227.6526 -999.9000    0.0000    0.0000    9.0648   88.6216
  21.9608 26376.1005  228.7467 -999.9000    0.0000    0.0000    9.6577   88.6692
  21.4521 26532.9799  229.7387 -999.9000    0.0000    0.0000   10.1697   88.7041
  20.9548 26689.8593  230.2636 -999.9000    0.0000    0.0000   10.5722   88.7401
  20.4676 26846.7387  229.9567 -999.9000    0.0000    0.0000   10.8367   88.7908
  19.9891 27003.6181  228.4885 -999.9000    0.0000    0.0000   10.9280   88.8671
  19.5243 27160.4975  227.5806 -999.9000    0.0000    0.0000   10.4840   88.8331
  19.0752 27317.3769  228.0203 -999.9000    0.0000    0.0000    9.5768   88.6652
  18.6391 27474.2563  229.2273 -999.9000    0.0000    0.0000    8.6006   88.4541
  18.2135 27631.1357  230.6215 -999.9000    0.0000    0.0000    7.9500   88.2905
  17.7959 27788.0151  231.6317 -999.9000    0.0000    0.0000    7.9964   88.2601
  17.3864 27944.8945  231.9108 -999.9000    0.0000    0.0000    8.5608   88.3267
  16.9866 28101.7739  231.4853 -999.9000    0.0000    0.0000    9.1619   88.3867
  16.5963 28258.6533  230.6516 -999.9000    0.0000    0.0000    9.7649   88.4341
  16.2153 28415.5327  229.7340 -999.9000    0.0000    0.0000   10.3841   88.4734
  15.8432 28572.4121  229.0562 -999.9000    0.0000    0.0000   11.0341   88.5095
  15.4798 28729.2915  228.9362 -999.9000    0.0000    0.0000   11.7273   88.5468
  15.1246 28886.1709  229.3353 -999.9000    0.0000    0.0000   12.3612   88.5881
  14.7769 29043.0503  229.6967 -999.9000    0.0000    0.0000   12.6720   88.6333
  14.4368 29199.9296  229.8565 -999.9000    0.0000    0.0000   12.5948   88.6841
  14.1043 29356.8090  229.9524 -999.9000    0.0000    0.0000   12.2108   88.7433
  13.7798 29513.6884  230.1278 -999.9000    0.0000    0.0000   11.6047   88.8140
  13.4633 29670.5678  230.5263 -999.9000    0.0000    0.0000   10.8603   88.8992
  13.1552 29827.4472  231.2914 -999.9000    0.0000    0.0000   10.0623   89.0018
  12.8555 29984.3266  232.5097 -999.9000    0.0000    0.0000    9.2928   89.1215
  12.5638 30141.2060  233.8689 -999.9000    0.0000    0.0000    8.6197   89.2343
  12.2794 30298.0854  234.8872 -999.9000    0.0000    0.0000    8.1051   89.3059
  12.0018 30454.9648  235.0820 -999.9000    0.0000    0.0000    7.8109   89.3022
  11.7304 30611.8442  234.2256 -999.9000    0.0000    0.0000    7.7580   89.2026
  11.4650 30768.7236  233.1296 -999.9000    0.0000    0.0000    7.8010   89.0420
  11.2056 30925.6030  232.8708 -999.9000    0.0000    0.0000    7.7523   88.8691
  10.9522 31082.4824  234.1009 -999.9000    0.0000    0.0000    7.4915   88.7216
  10.7056 31239.3618  235.6600 -999.9000    0.0000    0.0000    7.1878   88.5894
  10.4661 31396.2412  236.2299 -999.9000    0.0000    0.0000    7.0380   88.4534
  10.2318 31553.1206  235.8908 -999.9000    0.0000    0.0000    7.0276   88.3118
  10.0000 31710.0000  235.0977 -999.9000    0.0000    0.0000    7.0855   88.1674
