# 06610 LSMP Payerne Observations at 12Z 30 Jul 2008
# Radiosonde file generated by raso.rb
#
  P [hPa],     Z [m],    T [K],   Td [K],   RH [%], r [g/kg], WS [m/s], WD [deg]
 962.0000   491.0000  298.2661 -999.9000   66.1633   13.6900    1.7266   93.0543
 944.6891   647.8794  296.1865 -999.9000   67.7306   12.6302    4.1959   92.6754
 927.6873   804.7588  294.7790 -999.9000   79.4748   13.9071    1.8378   92.9144
 911.0964   961.6382  293.4723 -999.9000   79.9419   14.4362    0.0751   92.0428
 894.7070  1118.5176  292.5223 -999.9000   79.9490   14.3064    1.0379   90.9797
 878.5406  1275.3970  292.2133 -999.9000   80.0207   13.3485    2.0302   90.6229
 862.6769  1432.2764  290.8210 -999.9000   80.9376   13.5129    2.2725   90.4248
 846.9845  1589.1558  289.5645 -999.9000   80.2607   13.9027    3.8922   90.3491
 831.5533  1746.0352  289.2019 -999.9000   80.7395   13.2228    4.7923   90.3950
 816.3570  1902.9146  287.8719 -999.9000   80.6278   11.9693    5.9163   90.4496
 801.3249  2059.7940  286.2657 -999.9000   80.3468   11.5640    6.5594   90.4939
 786.5365  2216.6734  284.8957 -999.9000   80.1900   10.4184    7.3282   90.5367
 771.9169  2373.5528  283.6491 -999.9000   80.5737    8.7627    8.5408   90.5644
 757.5041  2530.4322  282.5791 -999.9000   80.4361    8.5006    9.0936   90.6155
 743.3854  2687.3116  281.9951 -999.9000   77.7875    7.5803    8.0051   90.6080
 729.2940  2844.1910  280.9146 -999.9000   60.3924    5.5688    7.7810   90.6173
 715.5826  3001.0704  279.8639 -999.9000   50.1284    4.3807    9.3791   90.6971
 702.0616  3157.9497  278.6796 -999.9000   51.6067    4.2344   10.6776   90.7782
 688.7126  3314.8291  277.2041 -999.9000   58.9225    4.4448   10.7821   90.8007
 675.5482  3471.7085  275.5817 -999.9000   68.2119    4.6752   11.0454   90.8205
 662.5494  3628.5879  274.1123 -999.9000   74.1485    4.6607   11.6641   90.8487
 649.7305  3785.4673  273.1121 -999.9000   67.2715    4.0055   11.9702   90.8627
 637.1240  3942.3467  272.2700 -999.9000   55.1391    3.1437   11.3010   90.9118
 624.7467  4099.2261  271.2681 -999.9000   50.1621    2.7055    9.7641   91.0167
 612.5275  4256.1055  270.2222 -999.9000   50.0926    2.5464    9.3421   91.0465
 600.5160  4412.9849  269.6303 -999.9000   38.2068    1.8919    9.6327   91.0390
 588.7253  4569.8643  269.0524 -999.9000   22.7602    1.0986    9.8271   91.0433
 577.1128  4726.7437  267.7782 -999.9000   18.1651    0.8108    9.8880   91.0483
 565.6299  4883.6231  266.9630 -999.9000   17.0333    0.7276    9.8609   91.0538
 554.4053  5040.5025  266.4237 -999.9000   13.4982    0.5634    9.1825   91.1400
 543.3471  5197.3819  265.7727 -999.9000   12.8389    0.5190    8.4145   91.2153
 532.4739  5354.2613  264.7731 -999.9000   22.2022    0.8459    8.8305   91.2112
 521.8251  5511.1407  263.7526 -999.9000   24.0494    0.8613    9.5963   91.1806
 511.3144  5668.0201  262.9901 -999.9000   14.1009    0.4842   10.2870   91.1583
 500.9731  5824.8995  261.6777 -999.9000   12.9857    0.4090   10.9982   91.1344
 490.8286  5981.7789  260.0951 -999.9000   18.4194    0.5200   11.1621   91.1143
 480.7236  6138.6583  259.0102 -999.9000   29.2612    0.7703   11.5044   91.0832
 470.8214  6295.5377  257.7507 -999.9000   31.5290    0.7621   11.6094   91.0728
 461.0900  6452.4171  256.3508 -999.9000   30.8640    0.6762   11.3376   90.9894
 451.4963  6609.2965  255.0760 -999.9000   32.0408    0.6422   10.3348   90.8335
 442.0676  6766.1759  254.0247 -999.9000   32.6176    0.6091    9.4483   90.7116
 432.8253  6923.0553  253.0815 -999.9000   32.3357    0.5674   10.3610   90.6964
 423.7241  7079.9347  251.6910 -999.9000   36.0447    0.5712   11.2439   90.7318
 414.7432  7236.8141  249.9993 -999.9000   41.2740    0.5742   11.0422   90.7585
 405.9174  7393.6935  249.0141 -999.9000   31.8561    0.4138   11.2689   90.7794
 397.1974  7550.5729  247.7338 -999.9000   27.2689    0.3219   11.5323   90.7881
 388.6475  7707.4523  246.3442 -999.9000   31.1955    0.3308   11.6702   90.8405
 380.2876  7864.3317  245.3287 -999.9000   34.8486    0.3433   11.8960   90.9010
 372.0784  8021.2111  244.5090 -999.9000   39.1221    0.3645   12.0354   90.8924
 363.9826  8178.0905  243.7111 -999.9000   45.2524    0.3994   11.9342   90.7526
 356.0087  8334.9698  242.8511 -999.9000   54.4986    0.4529   11.9034   90.7678
 348.2042  8491.8492  241.9479 -999.9000   60.6290    0.5188   12.4899   91.3797
 340.5609  8648.7286  241.0846 -999.9000   65.0256    0.5272   12.7067   91.7004
 333.0575  8805.6080  240.2110 -999.9000   65.6369    0.4852   12.6317   91.6152
 325.6771  8962.4874  239.2270 -999.9000   65.0660    0.4338   12.9110   91.4555
 318.4095  9119.3668  238.0165 -999.9000   65.8600    0.3977   13.8134   91.4682
 311.2701  9276.2462  236.3700 -999.9000   60.7561    0.3338   13.9532   91.4746
 304.2599  9433.1256  234.7893 -999.9000   55.5742    0.2938   14.1577   91.4194
 297.3812  9590.0050  233.6963 -999.9000   50.7304    0.2688   14.6186   91.3896
 290.6045  9746.8844  232.4421 -999.9000   45.5216    0.2331   14.9248   91.3805
 283.9369  9903.7638  231.0388 -999.9000   45.8233    0.2031   15.2788   91.3479
 277.3870 10060.6432  229.5325 -999.9000   45.6771    0.1789   15.6432   91.3074
 270.9631 10217.5226  227.9631 -999.9000   45.6176    0.1538   15.8855   91.2950
 264.6694 10374.4020  226.4049 -999.9000   45.7308    0.1244   15.9157   91.3378
 258.4744 10531.2814  225.1651 -999.9000   45.2420    0.1097   16.0347   91.3756
 252.3757 10688.1608  224.1259 -999.9000   45.5618    0.1034   16.2713   91.3933
 246.3812 10845.0402  223.0585 -999.9000   40.2797    0.0916   16.5437   91.3978
 240.4896 11001.9196  221.8557 -999.9000   35.7206    0.0742   16.7989   91.3965
 234.6950 11158.7990  220.5127 -999.9000   35.9769    0.0604   17.0076   91.3968
 229.0082 11315.6784  219.1258 -999.9000   35.5223    0.0528   17.1642   91.3986
 223.4492 11472.5578  217.8428 -999.9000   34.9964    0.0500   17.2754   91.3982
 218.0236 11629.4372  216.6395 -999.9000   30.1484    0.0480   17.0598   91.4126
 212.6609 11786.3166  214.9670 -999.9000   25.6276    0.0350   15.3674   91.5070
 207.3913 11943.1960  214.1364 -999.9000   23.7934    0.0295   14.1782   91.4951
 202.2510 12100.0754  214.8420 -999.9000   18.0238    0.0410   13.8641   91.5711
 197.2536 12256.9548  216.2420 -999.9000    9.1078    0.0304   11.8558   92.1270
 192.4469 12413.8342  218.6348 -999.9000    2.6484    0.0062   12.2985   91.9985
 187.8076 12570.7136  218.4493 -999.9000    0.2373    0.0003   12.5339   91.9213
 183.2603 12727.5930  217.2098 -999.9000    0.2959    0.0003   12.2347   91.8946
 178.8033 12884.4724  216.7906 -999.9000    0.0000    0.0000   11.9947   91.8603
 174.4458 13041.3518  217.1854 -999.9000    0.0133    0.0000   12.1212   91.7991
 170.1876 13198.2312  217.3997 -999.9000    0.0000    0.0000   12.6402   91.6668
 166.0391 13355.1106  217.5541 -999.9000    0.0000    0.0000   13.2543   91.5392
 162.0101 13511.9899  217.1610 -999.9000    0.0002    0.0000   13.5483   91.4198
 158.0706 13668.8693  216.1563 -999.9000    0.0000    0.0000   13.1610   91.3880
 154.1974 13825.7487  215.2592 -999.9000    0.0000    0.0000   11.9966   91.4693
 150.4126 13982.6281  215.1650 -999.9000    0.0000    0.0000   10.0806   91.5650
 146.7292 14139.5075  216.0630 -999.9000    0.0000    0.0000   10.0015   91.5673
 143.1108 14296.3869  214.2512 -999.9000    0.0000    0.0000    9.9204   91.5696
 139.5597 14453.2663  216.6317 -999.9000    0.0000    0.0000    9.8892   91.5684
 136.1266 14610.1457  214.2562 -999.9000    0.0000    0.0000    9.8828   91.5540
 132.7619 14767.0251  213.3457 -999.9000    0.0000    0.0000    9.8827   91.5347
 129.4754 14923.9045  214.3038 -999.9000    0.0000    0.0000    9.8829   91.5197
 126.2897 15080.7839  215.3733 -999.9000    0.0000    0.0000    9.8743   91.5108
 123.1790 15237.6633  216.5668 -999.9000    0.0000    0.0000    9.8950   91.4644
 120.1481 15394.5427  217.0082 -999.9000    0.0000    0.0000    9.7586   91.3748
 117.2138 15551.4221  216.3349 -999.9000    0.0000    0.0000    9.4051   91.2661
 114.3435 15708.3015  216.2138 -999.9000    0.0000    0.0000    9.0919   91.1464
 111.5416 15865.1809  215.9464 -999.9000    0.0000    0.0000    8.5212   91.1933
 108.8149 16022.0603  217.2382 -999.9000    0.0000    0.0000    7.7189   91.4869
 106.1648 16178.9397  217.2734 -999.9000    0.0000    0.0000    7.2709   91.3484
 103.5767 16335.8191  216.8903 -999.9000    0.0000    0.0000    5.8554   91.9971
 101.0524 16492.6985  218.9214 -999.9000    0.0000    0.0000    1.3942   90.4089
  98.6148 16649.5779  217.5181 -999.9000    0.0000    0.0000    0.6365   90.4014
  96.2203 16806.4573  216.7692 -999.9000    0.0000    0.0000    0.1716   87.2598
  93.8688 16963.3367  216.0478 -999.9000    0.0000    0.0000    0.9298   90.4014
  91.5836 17120.2161  215.9252 -999.9000    0.0000    0.0000    1.8171   90.4014
  89.3567 17277.0955  215.9052 -999.9000    0.0000    0.0000    2.4708   90.4014
  87.1784 17433.9749  215.4401 -999.9000    0.0000    0.0000    3.1878   90.3927
  85.0453 17590.8543  214.6425 -999.9000    0.0000    0.0000    4.1344   90.0754
  82.9608 17747.7337  214.3362 -999.9000    0.0000    0.0000    5.3371   90.9865
  80.9282 17904.6131  215.0050 -999.9000    0.0000    0.0000    6.5123   90.6807
  78.9484 18061.4925  215.6791 -999.9000    0.0000    0.0000    6.4314   90.4907
  77.0217 18218.3719  216.3884 -999.9000    0.0000    0.0000    5.4978   90.6714
  75.1483 18375.2513  217.4891 -999.9000    0.0000    0.0000    4.5658   90.9237
  73.3271 18532.1307  218.6389 -999.9000    0.0000    0.0000    3.9662   91.0464
  71.5556 18689.0101  218.8172 -999.9000    0.0000    0.0000    3.5208   90.9336
  69.8260 18845.8894  217.7585 -999.9000    0.0000    0.0000    2.9231   91.0562
  68.1227 19002.7688  217.5283 -999.9000    0.0000    0.0000    1.8066   91.7656
  66.4601 19159.6482  217.9411 -999.9000    0.0000    0.0000    0.8018   89.5288
  64.8418 19316.5276  218.4897 -999.9000    0.0000    0.0000    0.5188   87.4851
  63.2670 19473.4070  218.9595 -999.9000    0.0000    0.0000    1.0877   87.9468
  61.7318 19630.2864  219.5878 -999.9000    0.0000    0.0000    1.6999   88.3028
  60.2355 19787.1658  219.8678 -999.9000    0.0000    0.0000    2.4687   88.5476
  58.7762 19944.0452  219.6383 -999.9000    0.0000    0.0000    3.3341   88.9105
  57.3501 20100.9246  219.3248 -999.9000    0.0000    0.0000    3.7917   89.0671
  55.9562 20257.8040  219.1207 -999.9000    0.0000    0.0000    3.7442   88.9446
  54.5968 20414.6834  218.9455 -999.9000    0.0000    0.0000    3.5567   88.7725
  53.2731 20571.5628  218.9505 -999.9000    0.0000    0.0000    3.3925   88.6461
  51.9860 20728.4422  219.4457 -999.9000    0.0000    0.0000    3.2682   88.5640
  50.7361 20885.3216  220.7438 -999.9000    0.0000    0.0000    3.1983   88.5228
  49.5229 21042.2010  222.5553 -999.9000    0.0000    0.0000    3.1662   88.5126
  48.3394 21199.0804  221.9698 -999.9000    0.0000    0.0000    3.5212   88.5757
  47.1874 21355.9598  222.0622 -999.9000    0.0000    0.0000    4.6620   88.7747
  46.0647 21512.8392  222.4702 -999.9000    0.0000    0.0000    5.7039   88.9472
  44.9691 21669.7186  222.7155 -999.9000    0.0000    0.0000    5.9143   88.9570
  43.8989 21826.5980  222.7355 -999.9000    0.0000    0.0000    5.5259   88.8369
  42.8525 21983.4774  222.5914 -999.9000    0.0000    0.0000    5.0553   88.6697
  41.8295 22140.3568  222.3318 -999.9000    0.0000    0.0000    4.7916   88.5214
  40.8309 22297.2362  221.9857 -999.9000    0.0000    0.0000    4.6726   88.4316
  39.8584 22454.1156  221.5828 -999.9000    0.0000    0.0000    4.6067   88.4374
  38.9104 22610.9950  221.9505 -999.9000    0.0000    0.0000    4.7416   88.5046
  37.9838 22767.8744  223.1825 -999.9000    0.0000    0.0000    5.1342   88.5579
  37.0791 22924.7538  223.8433 -999.9000    0.0000    0.0000    5.4529   88.6106
  36.1962 23081.6332  223.9022 -999.9000    0.0000    0.0000    5.6819   88.6649
  35.3349 23238.5126  223.5779 -999.9000    0.0000    0.0000    5.8609   88.7211
  34.4951 23395.3920  223.0882 -999.9000    0.0000    0.0000    6.0298   88.7793
  33.6765 23552.2714  222.6516 -999.9000    0.0000    0.0000    6.2283   88.8396
  32.8792 23709.1508  222.4862 -999.9000    0.0000    0.0000    6.4966   88.9021
  32.1025 23866.0302  222.7348 -999.9000    0.0000    0.0000    6.8470   88.9664
  31.3447 24022.9095  223.2602 -999.9000    0.0000    0.0000    7.1917   89.0294
  30.6036 24179.7889  223.8610 -999.9000    0.0000    0.0000    7.4194   89.0878
  29.8779 24336.6683  224.3103 -999.9000    0.0000    0.0000    7.4387   89.1301
  29.1715 24493.5477  224.3194 -999.9000    0.0000    0.0000    7.3542   89.0898
  28.4842 24650.4271  224.1367 -999.9000    0.0000    0.0000    7.2188   88.9796
  27.8138 24807.3065  224.1316 -999.9000    0.0000    0.0000    7.0468   88.8366
  27.1583 24964.1859  224.6714 -999.9000    0.0000    0.0000    6.8522   88.6979
  26.5173 25121.0653  225.8170 -999.9000    0.0000    0.0000    6.6554   88.5852
  25.8939 25277.9447  226.9803 -999.9000    0.0000    0.0000    6.4909   88.4883
  25.2914 25434.8241  227.4904 -999.9000    0.0000    0.0000    6.3954   88.3927
  24.7096 25591.7035  226.9808 -999.9000    0.0000    0.0000    6.4500   88.3136
  24.1354 25748.5829  226.4367 -999.9000    0.0000    0.0000    6.8153   88.3442
  23.5706 25905.4623  226.1908 -999.9000    0.0000    0.0000    7.3935   88.4419
  23.0189 26062.3417  226.4522 -999.9000    0.0000    0.0000    8.0595   88.5480
  22.4826 26219.2211  227.2860 -999.9000    0.0000    0.0000    8.7124   88.6216
  21.9608 26376.1005  228.3861 -999.9000    0.0000    0.0000    9.3136   88.6692
  21.4521 26532.9799  229.3877 -999.9000    0.0000    0.0000    9.8347   88.7041
  20.9548 26689.8593  229.9254 -999.9000    0.0000    0.0000   10.2470   88.7401
  20.4676 26846.7387  229.6342 -999.9000    0.0000    0.0000   10.5219   88.7908
  19.9891 27003.6181  228.1845 -999.9000    0.0000    0.0000   10.6240   88.8671
  19.5243 27160.4975  227.2975 -999.9000    0.0000    0.0000   10.1912   88.8331
  19.0752 27317.3769  227.7603 -999.9000    0.0000    0.0000    9.2954   88.6652
  18.6391 27474.2563  228.9923 -999.9000    0.0000    0.0000    8.3308   88.4541
  18.2135 27631.1357  230.4132 -999.9000    0.0000    0.0000    7.6918   88.2905
  17.7959 27788.0151  231.4515 -999.9000    0.0000    0.0000    7.7497   88.2601
  17.3864 27944.8945  231.7598 -999.9000    0.0000    0.0000    8.3255   88.3267
  16.9866 28101.7739  231.3644 -999.9000    0.0000    0.0000    8.9376   88.3867
  16.5963 28258.6533  230.5615 -999.9000    0.0000    0.0000    9.5513   88.4341
  16.2153 28415.5327  229.6750 -999.9000    0.0000    0.0000   10.1808   88.4734
  15.8432 28572.4121  229.0283 -999.9000    0.0000    0.0000   10.8405   88.5095
  15.4798 28729.2915  228.9394 -999.9000    0.0000    0.0000   11.5426   88.5468
  15.1246 28886.1709  229.3690 -999.9000    0.0000    0.0000   12.1847   88.5881
  14.7769 29043.0503  229.7603 -999.9000    0.0000    0.0000   12.5028   88.6333
  14.4368 29199.9296  229.9490 -999.9000    0.0000    0.0000   12.4319   88.6841
  14.1043 29356.8090  230.0726 -999.9000    0.0000    0.0000   12.0531   88.7433
  13.7798 29513.6884  230.2743 -999.9000    0.0000    0.0000   11.4509   88.8140
  13.4633 29670.5678  230.6974 -999.9000    0.0000    0.0000   10.7093   88.8992
  13.1552 29827.4472  231.4850 -999.9000    0.0000    0.0000    9.9126   89.0018
  12.8555 29984.3266  232.7236 -999.9000    0.0000    0.0000    9.1428   89.1215
  12.5638 30141.2060  234.1006 -999.9000    0.0000    0.0000    8.4679   89.2343
  12.2794 30298.0854  235.1338 -999.9000    0.0000    0.0000    7.9497   89.3059
  12.0018 30454.9648  235.3406 -999.9000    0.0000    0.0000    7.6501   89.3022
  11.7304 30611.8442  234.4929 -999.9000    0.0000    0.0000    7.5899   89.2026
  11.4650 30768.7236  233.4020 -999.9000    0.0000    0.0000    7.6236   89.0420
  11.2056 30925.6030  233.1444 -999.9000    0.0000    0.0000    7.5633   88.8691
  10.9522 31082.4824  234.3717 -999.9000    0.0000    0.0000    7.2888   88.7216
  10.7056 31239.3618  235.9236 -999.9000    0.0000    0.0000    6.9690   88.5894
  10.4661 31396.2412  236.4818 -999.9000    0.0000    0.0000    6.8007   88.4534
  10.2318 31553.1206  236.1261 -999.9000    0.0000    0.0000    6.7693   88.3118
  10.0000 31710.0000  235.3112 -999.9000    0.0000    0.0000    6.8035   88.1674
