# 06610 LSMP Payerne Observations at 12Z 30 Jul 2008
# Radiosonde file generated by raso.rb
#
  P [hPa],     Z [m],    T [K],   Td [K],   RH [%], r [g/kg], WS [m/s], WD [deg]
 962.0000   491.0000  298.0468 -999.9000   66.1423   13.6900    2.2873   93.0543
 944.6891   647.8794  296.0713 -999.9000   67.7010   12.6302    4.7051   92.6754
 927.6873   804.7588  294.7578 -999.9000   79.4321   13.9071    2.2979   92.9144
 911.0964   961.6382  293.5354 -999.9000   79.8922   14.4362    0.4883   92.0428
 894.7070  1118.5176  292.6601 -999.9000   79.8938   14.3064    1.4065   90.9797
 878.5406  1275.3970  292.4167 -999.9000   79.9612   13.3485    2.3565   90.6229
 862.6769  1432.2764  291.0813 -999.9000   80.8743   13.5129    2.5584   90.4248
 846.9845  1589.1558  289.8732 -999.9000   80.1959   13.9027    4.1399   90.3491
 831.5533  1746.0352  289.5510 -999.9000   80.6734   13.2228    5.0038   90.3950
 816.3570  1902.9146  288.2536 -999.9000   80.5618   11.9693    6.0934   90.4496
 801.3249  2059.7940  286.6726 -999.9000   80.2820   11.5640    6.7041   90.4939
 786.5365  2216.6734  285.3209 -999.9000   80.1271   10.4184    7.4422   90.5367
 771.9169  2373.5528  284.0859 -999.9000   80.5132    8.7627    8.6259   90.5644
 757.5041  2530.4322  283.0211 -999.9000   80.3790    8.5006    9.1515   90.6155
 743.3854  2687.3116  282.4363 -999.9000   77.7363    7.5803    8.0374   90.6080
 729.2940  2844.1910  281.3495 -999.9000   60.3561    5.5688    7.7893   90.6173
 715.5826  3001.0704  280.2870 -999.9000   50.1015    4.3807    9.3649   90.6971
 702.0616  3157.9497  279.0862 -999.9000   51.5827    4.2344   10.6423   90.7782
 688.7126  3314.8291  277.5895 -999.9000   58.8996    4.4448   10.7271   90.8007
 675.5482  3471.7085  275.9416 -999.9000   68.1910    4.6752   10.9721   90.8205
 662.5494  3628.5879  274.4429 -999.9000   74.1321    4.6607   11.5736   90.8487
 649.7305  3785.4673  273.4099 -999.9000   67.2625    4.0055   11.8639   90.8627
 637.1240  3942.3467  272.5318 -999.9000   55.1368    3.1437   11.1799   90.9118
 624.7467  4099.2261  271.4909 -999.9000   50.1647    2.7055    9.6293   91.0167
 612.5275  4256.1055  270.4037 -999.9000   50.0999    2.5464    9.1945   91.0465
 600.5160  4412.9849  269.7682 -999.9000   38.2159    1.8919    9.4734   91.0390
 588.7253  4569.8643  269.1450 -999.9000   22.7678    1.0986    9.6570   91.0433
 577.1128  4726.7437  267.8241 -999.9000   18.1728    0.8108    9.7078   91.0483
 565.6299  4883.6231  266.9610 -999.9000   17.0420    0.7276    9.6715   91.0538
 554.4053  5040.5025  266.3731 -999.9000   13.5063    0.5634    8.9845   91.1400
 543.3471  5197.3819  265.6730 -999.9000   12.8477    0.5190    8.2086   91.2153
 532.4739  5354.2613  264.6244 -999.9000   22.2192    0.8459    8.6173   91.2112
 521.8251  5511.1407  263.5551 -999.9000   24.0696    0.8613    9.3763   91.1806
 511.3144  5668.0201  262.7445 -999.9000   14.1137    0.4842   10.0606   91.1583
 500.9731  5824.8995  261.3848 -999.9000   12.9983    0.4090   10.7659   91.1344
 490.8286  5981.7789  259.7564 -999.9000   18.4383    0.5200   10.9242   91.1143
 480.7236  6138.6583  258.6274 -999.9000   29.2926    0.7703   11.2612   91.0832
 470.8214  6295.5377  257.3258 -999.9000   31.5641    0.7621   11.3611   91.0728
 461.0900  6452.4171  255.8862 -999.9000   30.8992    0.6762   11.0844   90.9894
 451.4963  6609.2965  254.5745 -999.9000   32.0779    0.6422   10.0766   90.8335
 442.0676  6766.1759  253.4893 -999.9000   32.6556    0.6091    9.1854   90.7116
 432.8253  6923.0553  252.5156 -999.9000   32.3733    0.5674   10.0932   90.6964
 423.7241  7079.9347  251.0985 -999.9000   36.0860    0.5712   10.9711   90.7318
 414.7432  7236.8141  249.3842 -999.9000   41.3200    0.5742   10.7643   90.7585
 405.9174  7393.6935  248.3810 -999.9000   31.8902    0.4138   10.9858   90.7794
 397.1974  7550.5729  247.0874 -999.9000   27.2965    0.3219   11.2436   90.7881
 388.6475  7707.4523  245.6890 -999.9000   31.2248    0.3308   11.3757   90.8405
 380.2876  7864.3317  244.6691 -999.9000   34.8784    0.3433   11.5958   90.9010
 372.0784  8021.2111  243.8490 -999.9000   39.1517    0.3645   11.7296   90.8924
 363.9826  8178.0905  243.0542 -999.9000   45.2819    0.3994   11.6231   90.7526
 356.0087  8334.9698  242.2005 -999.9000   54.5277    0.4529   11.5874   90.7678
 348.2042  8491.8492  241.3065 -999.9000   60.6539    0.5188   12.1696   91.3797
 340.5609  8648.7286  240.4549 -999.9000   65.0438    0.5272   12.3828   91.7004
 333.0575  8805.6080  239.5952 -999.9000   65.6464    0.4852   12.3052   91.6152
 325.6771  8962.4874  238.6269 -999.9000   65.0663    0.4338   12.5829   91.4555
 318.4095  9119.3668  237.4335 -999.9000   65.8509    0.3977   13.4849   91.4682
 311.2701  9276.2462  235.8052 -999.9000   60.7390    0.3338   13.6255   91.4746
 304.2599  9433.1256  234.2435 -999.9000   55.5506    0.2938   13.8325   91.4194
 297.3812  9590.0050  233.1699 -999.9000   50.7015    0.2688   14.2975   91.3896
 290.6045  9746.8844  231.9352 -999.9000   45.4893    0.2331   14.6096   91.3805
 283.9369  9903.7638  230.5511 -999.9000   45.7844    0.2031   14.9715   91.3479
 277.3870 10060.6432  229.0633 -999.9000   45.6323    0.1789   15.3458   91.3074
 270.9631 10217.5226  227.5113 -999.9000   45.5670    0.1538   15.6003   91.2950
 264.6694 10374.4020  225.9693 -999.9000   45.6747    0.1244   15.6451   91.3378
 258.4744 10531.2814  224.7439 -999.9000   45.1814    0.1097   15.7813   91.3756
 252.3757 10688.1608  223.7171 -999.9000   45.4961    0.1034   16.0378   91.3933
 246.3812 10845.0402  222.6596 -999.9000   40.2180    0.0916   16.3330   91.3978
 240.4896 11001.9196  221.4640 -999.9000   35.6630    0.0742   16.6140   91.3965
 234.6950 11158.7990  220.1255 -999.9000   35.9165    0.0604   16.8512   91.3968
 229.0082 11315.6784  218.7408 -999.9000   35.4607    0.0528   17.0389   91.3986
 223.4492 11472.5578  217.4576 -999.9000   34.9343    0.0500   17.1834   91.3982
 218.0236 11629.4372  216.2524 -999.9000   30.0941    0.0480   17.0029   91.4126
 212.6609 11786.3166  214.5764 -999.9000   25.5811    0.0350   15.3469   91.5070
 207.3913 11943.1960  213.7409 -999.9000   23.7501    0.0295   14.1954   91.4951
 202.2510 12100.0754  214.4407 -999.9000   17.9912    0.0410   13.9197   91.5711
 197.2536 12256.9548  215.8340 -999.9000    9.0915    0.0304   11.9502   92.1270
 192.4469 12413.8342  218.2197 -999.9000    2.6438    0.0062   12.4319   91.9985
 187.8076 12570.7136  218.0268 -999.9000    0.2369    0.0003   12.7059   91.9213
 183.2603 12727.5930  216.7800 -999.9000    0.2954    0.0003   12.4447   91.8946
 178.8033 12884.4724  216.3538 -999.9000    0.0000    0.0000   12.2418   91.8603
 174.4458 13041.3518  216.7422 -999.9000    0.0133    0.0000   12.4040   91.7991
 170.1876 13198.2312  216.9512 -999.9000    0.0000    0.0000   12.9571   91.6668
 166.0391 13355.1106  217.1012 -999.9000    0.0000    0.0000   13.6033   91.5392
 162.0101 13511.9899  216.7052 -999.9000    0.0002    0.0000   13.9271   91.4198
 158.0706 13668.8693  215.6994 -999.9000    0.0000    0.0000   13.5669   91.3880
 154.1974 13825.7487  214.8031 -999.9000    0.0000    0.0000   12.4266   91.4693
 150.4126 13982.6281  214.7121 -999.9000    0.0000    0.0000   10.5313   91.5650
 146.7292 14139.5075  215.6157 -999.9000    0.0000    0.0000   10.4691   91.5673
 143.1108 14296.3869  213.8124 -999.9000    0.0000    0.0000   10.4009   91.5696
 139.5597 14453.2663  216.2045 -999.9000    0.0000    0.0000   10.3782   91.5684
 136.1266 14610.1457  213.8435 -999.9000    0.0000    0.0000   10.3759   91.5540
 132.7619 14767.0251  212.9501 -999.9000    0.0000    0.0000   10.3758   91.5347
 129.4754 14923.9045  213.9275 -999.9000    0.0000    0.0000   10.3719   91.5197
 126.2897 15080.7839  215.0182 -999.9000    0.0000    0.0000   10.3555   91.5108
 123.1790 15237.6633  216.2342 -999.9000    0.0000    0.0000   10.3649   91.4644
 120.1481 15394.5427  216.6990 -999.9000    0.0000    0.0000   10.2140   91.3748
 117.2138 15551.4221  216.0497 -999.9000    0.0000    0.0000    9.8430   91.2661
 114.3435 15708.3015  215.9528 -999.9000    0.0000    0.0000    9.5095   91.1464
 111.5416 15865.1809  215.7095 -999.9000    0.0000    0.0000    8.9161   91.1933
 108.8149 16022.0603  217.0246 -999.9000    0.0000    0.0000    8.0886   91.4869
 106.1648 16178.9397  217.0822 -999.9000    0.0000    0.0000    7.6135   91.3484
 103.5767 16335.8191  216.7200 -999.9000    0.0000    0.0000    6.1691   91.9971
 101.0524 16492.6985  218.7701 -999.9000    0.0000    0.0000    1.6773   90.4089
  98.6148 16649.5779  217.3836 -999.9000    0.0000    0.0000    0.8878   90.4014
  96.2203 16806.4573  216.6489 -999.9000    0.0000    0.0000    0.0466   90.4014
  93.8688 16963.3367  215.9386 -999.9000    0.0000    0.0000    1.1142   90.4014
  91.5836 17120.2161  215.8237 -999.9000    0.0000    0.0000    1.9670   90.4014
  89.3567 17277.0955  215.8075 -999.9000    0.0000    0.0000    2.5860   90.4014
  87.1784 17433.9749  215.3419 -999.9000    0.0000    0.0000    3.2679   90.3927
  85.0453 17590.8543  214.5392 -999.9000    0.0000    0.0000    4.1796   90.0754
  82.9608 17747.7337  214.2227 -999.9000    0.0000    0.0000    5.3478   90.9865
  80.9282 17904.6131  214.8758 -999.9000    0.0000    0.0000    6.4890   90.6807
  78.9484 18061.4925  215.5290 -999.9000    0.0000    0.0000    6.3748   90.4907
  77.0217 18218.3719  216.2123 -999.9000    0.0000    0.0000    5.4088   90.6714
  75.1483 18375.2513  217.2829 -999.9000    0.0000    0.0000    4.4457   90.9237
  73.3271 18532.1307  218.3989 -999.9000    0.0000    0.0000    3.8161   91.0464
  71.5556 18689.0101  218.5402 -999.9000    0.0000    0.0000    3.3422   90.9336
  69.8260 18845.8894  217.4419 -999.9000    0.0000    0.0000    2.7176   91.0562
  68.1227 19002.7688  217.1704 -999.9000    0.0000    0.0000    1.5759   91.7656
  66.4601 19159.6482  217.5404 -999.9000    0.0000    0.0000    0.5479   89.5288
  64.8418 19316.5276  218.0454 -999.9000    0.0000    0.0000    0.2437   87.4851
  63.2670 19473.4070  218.4714 -999.9000    0.0000    0.0000    0.7938   87.9468
  61.7318 19630.2864  219.0563 -999.9000    0.0000    0.0000    1.3896   88.3028
  60.2355 19787.1658  219.2939 -999.9000    0.0000    0.0000    2.1444   88.5476
  58.7762 19944.0452  219.0234 -999.9000    0.0000    0.0000    2.9987   88.9105
  57.3501 20100.9246  218.6711 -999.9000    0.0000    0.0000    3.4481   89.0671
  55.9562 20257.8040  218.4309 -999.9000    0.0000    0.0000    3.3955   88.9446
  54.5968 20414.6834  218.2230 -999.9000    0.0000    0.0000    3.2061   88.7725
  53.2731 20571.5628  218.1990 -999.9000    0.0000    0.0000    3.0434   88.6461
  51.9860 20728.4422  218.6697 -999.9000    0.0000    0.0000    2.9243   88.5640
  50.7361 20885.3216  219.9483 -999.9000    0.0000    0.0000    2.8632   88.5228
  49.5229 21042.2010  221.7460 -999.9000    0.0000    0.0000    2.8438   88.5126
  48.3394 21199.0804  221.1528 -999.9000    0.0000    0.0000    3.2156   88.5757
  47.1874 21355.9598  221.2442 -999.9000    0.0000    0.0000    4.3775   88.7747
  46.0647 21512.8392  221.6583 -999.9000    0.0000    0.0000    5.4446   88.9472
  44.9691 21669.7186  221.9161 -999.9000    0.0000    0.0000    5.6840   88.9570
  43.8989 21826.5980  221.9545 -999.9000    0.0000    0.0000    5.3279   88.8369
  42.8525 21983.4774  221.8343 -999.9000    0.0000    0.0000    4.8925   88.6697
  41.8295 22140.3568  221.6035 -999.9000    0.0000    0.0000    4.6663   88.5214
  40.8309 22297.2362  221.2906 -999.9000    0.0000    0.0000    4.5868   88.4316
  39.8584 22454.1156  220.9249 -999.9000    0.0000    0.0000    4.5619   88.4374
  38.9104 22610.9950  221.3331 -999.9000    0.0000    0.0000    4.7390   88.5046
  37.9838 22767.8744  222.6084 -999.9000    0.0000    0.0000    5.1743   88.5579
  37.0791 22924.7538  223.3150 -999.9000    0.0000    0.0000    5.5360   88.6106
  36.1962 23081.6332  223.4215 -999.9000    0.0000    0.0000    5.8077   88.6649
  35.3349 23238.5126  223.1461 -999.9000    0.0000    0.0000    6.0287   88.7211
  34.4951 23395.3920  222.7061 -999.9000    0.0000    0.0000    6.2385   88.7793
  33.6765 23552.2714  222.3196 -999.9000    0.0000    0.0000    6.4763   88.8396
  32.8792 23709.1508  222.2040 -999.9000    0.0000    0.0000    6.7817   88.9021
  32.1025 23866.0302  222.5017 -999.9000    0.0000    0.0000    7.1669   88.9664
  31.3447 24022.9095  223.0749 -999.9000    0.0000    0.0000    7.5433   89.0294
  30.6036 24179.7889  223.7218 -999.9000    0.0000    0.0000    7.7995   89.0878
  29.8779 24336.6683  224.2150 -999.9000    0.0000    0.0000    7.8434   89.1301
  29.1715 24493.5477  224.2651 -999.9000    0.0000    0.0000    7.7793   89.0898
  28.4842 24650.4271  224.1202 -999.9000    0.0000    0.0000    7.6595   88.9796
  27.8138 24807.3065  224.1491 -999.9000    0.0000    0.0000    7.4980   88.8366
  27.1583 24964.1859  224.7187 -999.9000    0.0000    0.0000    7.3085   88.6979
  26.5173 25121.0653  225.8901 -999.9000    0.0000    0.0000    7.1118   88.5852
  25.8939 25277.9447  227.0754 -999.9000    0.0000    0.0000    6.9428   88.4883
  25.2914 25434.8241  227.6037 -999.9000    0.0000    0.0000    6.8385   88.3927
  24.7096 25591.7035  227.1088 -999.9000    0.0000    0.0000    6.8803   88.3136
  24.1354 25748.5829  226.5761 -999.9000    0.0000    0.0000    7.2293   88.3442
  23.5706 25905.4623  226.3383 -999.9000    0.0000    0.0000    7.7881   88.4419
  23.0189 26062.3417  226.6048 -999.9000    0.0000    0.0000    8.4320   88.5480
  22.4826 26219.2211  227.4408 -999.9000    0.0000    0.0000    9.0604   88.6216
  21.9608 26376.1005  228.5403 -999.9000    0.0000    0.0000    9.6351   88.6692
  21.4521 26532.9799  229.5387 -999.9000    0.0000    0.0000   10.1280   88.7041
  20.9548 26689.8593  230.0708 -999.9000    0.0000    0.0000   10.5109   88.7401
  20.4676 26846.7387  229.7718 -999.9000    0.0000    0.0000   10.7556   88.7908
  19.9891 27003.6181  228.3122 -999.9000    0.0000    0.0000   10.8269   88.8671
  19.5243 27160.4975  227.4132 -999.9000    0.0000    0.0000   10.3633   88.8331
  19.0752 27317.3769  227.8624 -999.9000    0.0000    0.0000    9.4370   88.6652
  18.6391 27474.2563  229.0791 -999.9000    0.0000    0.0000    8.4425   88.4541
  18.2135 27631.1357  230.4832 -999.9000    0.0000    0.0000    7.7747   88.2905
  17.7959 27788.0151  231.5034 -999.9000    0.0000    0.0000    7.8052   88.2601
  17.3864 27944.8945  231.7926 -999.9000    0.0000    0.0000    8.3554   88.3267
  16.9866 28101.7739  231.3769 -999.9000    0.0000    0.0000    8.9441   88.3867
  16.5963 28258.6533  230.5529 -999.9000    0.0000    0.0000    9.5370   88.4341
  16.2153 28415.5327  229.6447 -999.9000    0.0000    0.0000   10.1485   88.4734
  15.8432 28572.4121  228.9759 -999.9000    0.0000    0.0000   10.7936   88.5095
  15.4798 28729.2915  228.8643 -999.9000    0.0000    0.0000   11.4849   88.5468
  15.1246 28886.1709  229.2711 -999.9000    0.0000    0.0000   12.1201   88.5881
  14.7769 29043.0503  229.6396 -999.9000    0.0000    0.0000   12.4359   88.6333
  14.4368 29199.9296  229.8057 -999.9000    0.0000    0.0000   12.3675   88.6841
  14.1043 29356.8090  229.9069 -999.9000    0.0000    0.0000   11.9965   88.7433
  13.7798 29513.6884  230.0867 -999.9000    0.0000    0.0000   11.4076   88.8140
  13.4633 29670.5678  230.4883 -999.9000    0.0000    0.0000   10.6853   88.8992
  13.1552 29827.4472  231.2554 -999.9000    0.0000    0.0000    9.9143   89.0018
  12.8555 29984.3266  232.4743 -999.9000    0.0000    0.0000    9.1769   89.1215
  12.5638 30141.2060  233.8327 -999.9000    0.0000    0.0000    8.5416   89.2343
  12.2794 30298.0854  234.8486 -999.9000    0.0000    0.0000    8.0704   89.3059
  12.0018 30454.9648  235.0395 -999.9000    0.0000    0.0000    7.8258   89.3022
  11.7304 30611.8442  234.1773 -999.9000    0.0000    0.0000    7.8287   89.2026
  11.4650 30768.7236  233.0738 -999.9000    0.0000    0.0000    7.9343   89.0420
  11.2056 30925.6030  232.8054 -999.9000    0.0000    0.0000    7.9549   88.8691
  10.9522 31082.4824  234.0239 -999.9000    0.0000    0.0000    7.7707   88.7216
  10.7056 31239.3618  235.5693 -999.9000    0.0000    0.0000    7.5509   88.5894
  10.4661 31396.2412  236.1233 -999.9000    0.0000    0.0000    7.4929   88.4534
  10.2318 31553.1206  235.7659 -999.9000    0.0000    0.0000    7.5822   88.3118
  10.0000 31710.0000  234.9520 -999.9000    0.0000    0.0000    7.7481   88.1674
