# 06610 LSMP Payerne Observations at 12Z 30 Jul 2008
# Radiosonde file generated by raso.rb
#
  P [hPa],     Z [m],    T [K],   Td [K],   RH [%], r [g/kg], WS [m/s], WD [deg]
 962.0000   491.0000  297.9648 -999.9000   66.3885   13.6900    1.7200   93.0543
 944.6891   647.8794  295.9799 -999.9000   67.9298   12.6302    4.1996   92.6754
 927.6873   804.7588  294.6583 -999.9000   79.6746   13.9071    1.8510   92.9144
 911.0964   961.6382  293.4291 -999.9000   80.1114   14.4362    0.0972   92.0428
 894.7070  1118.5176  292.5483 -999.9000   80.0896   14.3064    1.0681   90.9797
 878.5406  1275.3970  292.3006 -999.9000   80.1348   13.3485    2.0678   90.6229
 862.6769  1432.2764  290.9621 -999.9000   81.0287   13.5129    2.3167   90.4248
 846.9845  1589.1558  289.7520 -999.9000   80.3291   13.9027    3.9425   90.3491
 831.5533  1746.0352  289.4290 -999.9000   80.7886   13.2228    4.8478   90.3950
 816.3570  1902.9146  288.1317 -999.9000   80.6591   11.9693    5.9764   90.4496
 801.3249  2059.7940  286.5520 -999.9000   80.3625   11.5640    6.6234   90.4939
 786.5365  2216.6734  285.2024 -999.9000   80.1921   10.4184    7.3955   90.5367
 771.9169  2373.5528  283.9705 -999.9000   80.5641    8.7627    8.6107   90.5644
 757.5041  2530.4322  282.9098 -999.9000   80.4165    8.5006    9.1655   90.6155
 743.3854  2687.3116  282.3299 -999.9000   77.7606    7.5803    8.0783   90.6080
 729.2940  2844.1910  281.2488 -999.9000   60.3665    5.5688    7.8549   90.6173
 715.5826  3001.0704  280.1928 -999.9000   50.1037    4.3807    9.4530   90.6971
 702.0616  3157.9497  278.9992 -999.9000   51.5788    4.2344   10.7509   90.7782
 688.7126  3314.8291  277.5104 -999.9000   58.8889    4.4448   10.8543   90.8007
 675.5482  3471.7085  275.8711 -999.9000   68.1720    4.6752   11.1158   90.8205
 662.5494  3628.5879  274.3816 -999.9000   74.1051    4.6607   11.7321   90.8487
 649.7305  3785.4673  273.3583 -999.9000   67.2330    4.0055   12.0353   90.8627
 637.1240  3942.3467  272.4905 -999.9000   55.1090    3.1437   11.3625   90.9118
 624.7467  4099.2261  271.4604 -999.9000   50.1365    2.7055    9.8215   91.0167
 612.5275  4256.1055  270.3844 -999.9000   50.0694    2.5464    9.3948   91.0465
 600.5160  4412.9849  269.7606 -999.9000   38.1911    1.8919    9.6802   91.0390
 588.7253  4569.8643  269.1494 -999.9000   22.7524    1.0986    9.8688   91.0433
 577.1128  4726.7437  267.8409 -999.9000   18.1601    0.8108    9.9233   91.0483
 565.6299  4883.6231  266.9904 -999.9000   17.0299    0.7276    9.8894   91.0538
 554.4053  5040.5025  266.4154 -999.9000   13.4966    0.5634    9.2036   91.1400
 543.3471  5197.3819  265.7284 -999.9000   12.8384    0.5190    8.4277   91.2153
 532.4739  5354.2613  264.6930 -999.9000   22.2033    0.8459    8.8354   91.2112
 521.8251  5511.1407  263.6372 -999.9000   24.0527    0.8613    9.5922   91.1806
 511.3144  5668.0201  262.8400 -999.9000   14.1041    0.4842   10.2735   91.1583
 500.9731  5824.8995  261.4939 -999.9000   12.9898    0.4090   10.9749   91.1344
 490.8286  5981.7789  259.8791 -999.9000   18.4267    0.5200   11.1283   91.1143
 480.7236  6138.6583  258.7636 -999.9000   29.2751    0.7703   11.4598   91.0832
 470.8214  6295.5377  257.4754 -999.9000   31.5465    0.7621   11.5536   91.0728
 461.0900  6452.4171  256.0492 -999.9000   30.8833    0.6762   11.2700   90.9894
 451.4963  6609.2965  254.7506 -999.9000   32.0629    0.6422   10.2550   90.8335
 442.0676  6766.1759  253.6784 -999.9000   32.6420    0.6091    9.3559   90.7116
 432.8253  6923.0553  252.7174 -999.9000   32.3615    0.5674   10.2555   90.6964
 423.7241  7079.9347  251.3127 -999.9000   36.0749    0.5712   11.1249   90.7318
 414.7432  7236.8141  249.6105 -999.9000   41.3097    0.5742   10.9093   90.7585
 405.9174  7393.6935  248.6191 -999.9000   31.8842    0.4138   11.1217   90.7794
 397.1974  7550.5729  247.3369 -999.9000   27.2931    0.3219   11.3705   90.7881
 388.6475  7707.4523  245.9496 -999.9000   31.2229    0.3308   11.4934   90.8405
 380.2876  7864.3317  244.9402 -999.9000   34.8785    0.3433   11.7044   90.9010
 372.0784  8021.2111  244.1302 -999.9000   39.1544    0.3645   11.8292   90.8924
 363.9826  8178.0905  243.3450 -999.9000   45.2879    0.3994   11.7139   90.7526
 356.0087  8334.9698  242.5005 -999.9000   54.5384    0.4529   11.6696   90.7678
 348.2042  8491.8492  241.6152 -999.9000   60.6694    0.5188   12.2436   91.3797
 340.5609  8648.7286  240.7718 -999.9000   65.0642    0.5272   12.4492   91.7004
 333.0575  8805.6080  239.9198 -999.9000   65.6707    0.4852   12.3644   91.6152
 325.6771  8962.4874  238.9586 -999.9000   65.0937    0.4338   12.6356   91.4555
 318.4095  9119.3668  237.7719 -999.9000   65.8817    0.3977   13.5317   91.4682
 311.2701  9276.2462  236.1497 -999.9000   60.7699    0.3338   13.6673   91.4746
 304.2599  9433.1256  234.5936 -999.9000   55.5809    0.2938   13.8701   91.4194
 297.3812  9590.0050  233.5250 -999.9000   50.7307    0.2688   14.3319   91.3896
 290.6045  9746.8844  232.2946 -999.9000   45.5165    0.2331   14.6417   91.3805
 283.9369  9903.7638  230.9144 -999.9000   45.8125    0.2031   15.0025   91.3479
 277.3870 10060.6432  229.4297 -999.9000   45.6606    0.1789   15.3770   91.3074
 270.9631 10217.5226  227.8804 -999.9000   45.5952    0.1538   15.6329   91.2950
 264.6694 10374.4020  226.3403 -999.9000   45.7023    0.1244   15.6805   91.3378
 258.4744 10531.2814  225.1163 -999.9000   45.2078    0.1097   15.8208   91.3756
 252.3757 10688.1608  224.0901 -999.9000   45.5212    0.1034   16.0830   91.3933
 246.3812 10845.0402  223.0326 -999.9000   40.2384    0.0916   16.3856   91.3978
 240.4896 11001.9196  221.8364 -999.9000   35.6791    0.0742   16.6756   91.3965
 234.6950 11158.7990  220.4965 -999.9000   35.9303    0.0604   16.9235   91.3968
 229.0082 11315.6784  219.1098 -999.9000   35.4715    0.0528   17.1235   91.3986
 223.4492 11472.5578  217.8240 -999.9000   34.9419    0.0500   17.2817   91.3982
 218.0236 11629.4372  216.6157 -999.9000   30.0977    0.0480   17.1162   91.4126
 212.6609 11786.3166  214.9360 -999.9000   25.5815    0.0350   15.4766   91.5070
 207.3913 11943.1960  214.0963 -999.9000   23.7479    0.0295   14.3425   91.4951
 202.2510 12100.0754  214.7914 -999.9000   17.9875    0.0410   14.0854   91.5711
 197.2536 12256.9548  216.1796 -999.9000    9.0885    0.0304   12.1355   92.1270
 192.4469 12413.8342  218.5598 -999.9000    2.6426    0.0062   12.6375   91.9985
 187.8076 12570.7136  218.3610 -999.9000    0.2367    0.0003   12.9327   91.9213
 183.2603 12727.5930  217.1078 -999.9000    0.2952    0.0003   12.6933   91.8946
 178.8033 12884.4724  216.6751 -999.9000    0.0000    0.0000   12.5129   91.8603
 174.4458 13041.3518  217.0566 -999.9000    0.0133    0.0000   12.6980   91.7991
 170.1876 13198.2312  217.2584 -999.9000    0.0000    0.0000   13.2744   91.6668
 166.0391 13355.1106  217.4011 -999.9000    0.0000    0.0000   13.9441   91.5392
 162.0101 13511.9899  216.9976 -999.9000    0.0002    0.0000   14.2917   91.4198
 158.0706 13668.8693  215.9840 -999.9000    0.0000    0.0000   13.9553   91.3880
 154.1974 13825.7487  215.0799 -999.9000    0.0000    0.0000   12.8388   91.4693
 150.4126 13982.6281  214.9810 -999.9000    0.0000    0.0000   10.9672   91.5650
 146.7292 14139.5075  215.8765 -999.9000    0.0000    0.0000   10.9286   91.5673
 143.1108 14296.3869  214.0652 -999.9000    0.0000    0.0000   10.8835   91.5696
 139.5597 14453.2663  216.4492 -999.9000    0.0000    0.0000   10.8836   91.5684
 136.1266 14610.1457  214.0802 -999.9000    0.0000    0.0000   10.9037   91.5540
 132.7619 14767.0251  213.1788 -999.9000    0.0000    0.0000   10.9253   91.5347
 129.4754 14923.9045  214.1484 -999.9000    0.0000    0.0000   10.9426   91.5197
 126.2897 15080.7839  215.2313 -999.9000    0.0000    0.0000   10.9469   91.5108
 123.1790 15237.6633  216.4398 -999.9000    0.0000    0.0000   10.9763   91.4644
 120.1481 15394.5427  216.8973 -999.9000    0.0000    0.0000   10.8446   91.3748
 117.2138 15551.4221  216.2410 -999.9000    0.0000    0.0000   10.4922   91.2661
 114.3435 15708.3015  216.1373 -999.9000    0.0000    0.0000   10.1765   91.1464
 111.5416 15865.1809  215.8875 -999.9000    0.0000    0.0000    9.6000   91.1933
 108.8149 16022.0603  217.1967 -999.9000    0.0000    0.0000    8.7886   91.4869
 106.1648 16178.9397  217.2486 -999.9000    0.0000    0.0000    8.3287   91.3484
 103.5767 16335.8191  216.8812 -999.9000    0.0000    0.0000    6.8985   91.9971
 101.0524 16492.6985  218.9266 -999.9000    0.0000    0.0000    2.4200   90.4089
  98.6148 16649.5779  217.5360 -999.9000    0.0000    0.0000    1.6426   90.4014
  96.2203 16806.4573  216.7977 -999.9000    0.0000    0.0000    0.8126   90.4014
  93.8688 16963.3367  216.0844 -999.9000    0.0000    0.0000    1.8901   90.4014
  91.5836 17120.2161  215.9672 -999.9000    0.0000    0.0000    2.7517   90.4014
  89.3567 17277.0955  215.9493 -999.9000    0.0000    0.0000    3.3783   90.4014
  87.1784 17433.9749  215.4829 -999.9000    0.0000    0.0000    4.0666   90.3927
  85.0453 17590.8543  214.6800 -999.9000    0.0000    0.0000    4.9833   90.0754
  82.9608 17747.7337  214.3641 -999.9000    0.0000    0.0000    6.1551   90.9865
  80.9282 17904.6131  215.0187 -999.9000    0.0000    0.0000    7.2986   90.6807
  78.9484 18061.4925  215.6741 -999.9000    0.0000    0.0000    7.1853   90.4907
  77.0217 18218.3719  216.3606 -999.9000    0.0000    0.0000    6.2185   90.6714
  75.1483 18375.2513  217.4349 -999.9000    0.0000    0.0000    5.2530   90.9237
  73.3271 18532.1307  218.5552 -999.9000    0.0000    0.0000    4.6191   91.0464
  71.5556 18689.0101  218.7014 -999.9000    0.0000    0.0000    4.1389   90.9336
  69.8260 18845.8894  217.6086 -999.9000    0.0000    0.0000    3.5062   91.0562
  68.1227 19002.7688  217.3428 -999.9000    0.0000    0.0000    2.3540   91.7656
  66.4601 19159.6482  217.7190 -999.9000    0.0000    0.0000    1.3133   89.5288
  64.8418 19316.5276  218.2304 -999.9000    0.0000    0.0000    0.9940   87.4851
  63.2670 19473.4070  218.6630 -999.9000    0.0000    0.0000    1.5264   87.9468
  61.7318 19630.2864  219.2547 -999.9000    0.0000    0.0000    2.1020   88.3028
  60.2355 19787.1658  219.4991 -999.9000    0.0000    0.0000    2.8338   88.5476
  58.7762 19944.0452  219.2354 -999.9000    0.0000    0.0000    3.6623   88.9105
  57.3501 20100.9246  218.8899 -999.9000    0.0000    0.0000    4.0828   89.0671
  55.9562 20257.8040  218.6562 -999.9000    0.0000    0.0000    3.9982   88.9446
  54.5968 20414.6834  218.4546 -999.9000    0.0000    0.0000    3.7737   88.7725
  53.2731 20571.5628  218.4368 -999.9000    0.0000    0.0000    3.5724   88.6461
  51.9860 20728.4422  218.9132 -999.9000    0.0000    0.0000    3.4113   88.5640
  50.7361 20885.3216  220.1971 -999.9000    0.0000    0.0000    3.3047   88.5228
  49.5229 21042.2010  221.9996 -999.9000    0.0000    0.0000    3.2361   88.5126
  48.3394 21199.0804  221.4106 -999.9000    0.0000    0.0000    3.5549   88.5757
  47.1874 21355.9598  221.5057 -999.9000    0.0000    0.0000    4.6598   88.7747
  46.0647 21512.8392  221.9227 -999.9000    0.0000    0.0000    5.6662   88.9472
  44.9691 21669.7186  222.1828 -999.9000    0.0000    0.0000    5.8416   88.9570
  43.8989 21826.5980  222.2231 -999.9000    0.0000    0.0000    5.4189   88.8369
  42.8525 21983.4774  222.1044 -999.9000    0.0000    0.0000    4.9147   88.6697
  41.8295 22140.3568  221.8747 -999.9000    0.0000    0.0000    4.6182   88.5214
  40.8309 22297.2362  221.5626 -999.9000    0.0000    0.0000    4.4675   88.4316
  39.8584 22454.1156  221.1975 -999.9000    0.0000    0.0000    4.3710   88.4374
  38.9104 22610.9950  221.6062 -999.9000    0.0000    0.0000    4.4767   88.5046
  37.9838 22767.8744  222.8821 -999.9000    0.0000    0.0000    4.8412   88.5579
  37.0791 22924.7538  223.5891 -999.9000    0.0000    0.0000    5.1335   88.6106
  36.1962 23081.6332  223.6962 -999.9000    0.0000    0.0000    5.3377   88.6649
  35.3349 23238.5126  223.4215 -999.9000    0.0000    0.0000    5.4936   88.7211
  34.4951 23395.3920  222.9826 -999.9000    0.0000    0.0000    5.6414   88.7793
  33.6765 23552.2714  222.5975 -999.9000    0.0000    0.0000    5.8207   88.8396
  32.8792 23709.1508  222.4837 -999.9000    0.0000    0.0000    6.0719   88.9021
  32.1025 23866.0302  222.7836 -999.9000    0.0000    0.0000    6.4075   88.9664
  31.3447 24022.9095  223.3597 -999.9000    0.0000    0.0000    6.7397   89.0294
  30.6036 24179.7889  224.0101 -999.9000    0.0000    0.0000    6.9575   89.0878
  29.8779 24336.6683  224.5075 -999.9000    0.0000    0.0000    6.9694   89.1301
  29.1715 24493.5477  224.5626 -999.9000    0.0000    0.0000    6.8803   89.0898
  28.4842 24650.4271  224.4236 -999.9000    0.0000    0.0000    6.7431   88.9796
  27.8138 24807.3065  224.4593 -999.9000    0.0000    0.0000    6.5724   88.8366
  27.1583 24964.1859  225.0367 -999.9000    0.0000    0.0000    6.3821   88.6979
  26.5173 25121.0653  226.2168 -999.9000    0.0000    0.0000    6.1924   88.5852
  25.8939 25277.9447  227.4115 -999.9000    0.0000    0.0000    6.0378   88.4883
  25.2914 25434.8241  227.9499 -999.9000    0.0000    0.0000    5.9548   88.3927
  24.7096 25591.7035  227.4657 -999.9000    0.0000    0.0000    6.0241   88.3136
  24.1354 25748.5829  226.9441 -999.9000    0.0000    0.0000    6.4065   88.3442
  23.5706 25905.4623  226.7178 -999.9000    0.0000    0.0000    7.0038   88.4419
  23.0189 26062.3417  226.9960 -999.9000    0.0000    0.0000    7.6907   88.5480
  22.4826 26219.2211  227.8439 -999.9000    0.0000    0.0000    8.3664   88.6216
  21.9608 26376.1005  228.9554 -999.9000    0.0000    0.0000    8.9918   88.6692
  21.4521 26532.9799  229.9656 -999.9000    0.0000    0.0000    9.5386   88.7041
  20.9548 26689.8593  230.5094 -999.9000    0.0000    0.0000    9.9777   88.7401
  20.4676 26846.7387  230.2219 -999.9000    0.0000    0.0000   10.2806   88.7908
  19.9891 27003.6181  228.7732 -999.9000    0.0000    0.0000   10.4115   88.8671
  19.5243 27160.4975  227.8849 -999.9000    0.0000    0.0000   10.0082   88.8331
  19.0752 27317.3769  228.3440 -999.9000    0.0000    0.0000    9.1425   88.6652
  18.6391 27474.2563  229.5700 -999.9000    0.0000    0.0000    8.2084   88.4541
  18.2135 27631.1357  230.9826 -999.9000    0.0000    0.0000    7.6002   88.2905
  17.7959 27788.0151  232.0103 -999.9000    0.0000    0.0000    7.6889   88.2601
  17.3864 27944.8945  232.3061 -999.9000    0.0000    0.0000    8.2954   88.3267
  16.9866 28101.7739  231.8958 -999.9000    0.0000    0.0000    8.9380   88.3867
  16.5963 28258.6533  231.0761 -999.9000    0.0000    0.0000    9.5818   88.4341
  16.2153 28415.5327  230.1708 -999.9000    0.0000    0.0000   10.2406   88.4734
  15.8432 28572.4121  229.5035 -999.9000    0.0000    0.0000   10.9290   88.5095
  15.4798 28729.2915  229.3919 -999.9000    0.0000    0.0000   11.6589   88.5468
  15.1246 28886.1709  229.7971 -999.9000    0.0000    0.0000   12.3276   88.5881
  14.7769 29043.0503  230.1621 -999.9000    0.0000    0.0000   12.6711   88.6333
  14.4368 29199.9296  230.3229 -999.9000    0.0000    0.0000   12.6241   88.6841
  14.1043 29356.8090  230.4170 -999.9000    0.0000    0.0000   12.2678   88.7433
  13.7798 29513.6884  230.5875 -999.9000    0.0000    0.0000   11.6862   88.8140
  13.4633 29670.5678  230.9778 -999.9000    0.0000    0.0000   10.9633   88.8992
  13.1552 29827.4472  231.7311 -999.9000    0.0000    0.0000   10.1831   89.0018
  12.8555 29984.3266  232.9340 -999.9000    0.0000    0.0000    9.4277   89.1215
  12.5638 30141.2060  234.2739 -999.9000    0.0000    0.0000    8.7648   89.2343
  12.2794 30298.0854  235.2687 -999.9000    0.0000    0.0000    8.2559   89.3059
  12.0018 30454.9648  235.4358 -999.9000    0.0000    0.0000    7.9629   89.3022
  11.7304 30611.8442  234.5471 -999.9000    0.0000    0.0000    7.9064   89.2026
  11.4650 30768.7236  233.4141 -999.9000    0.0000    0.0000    7.9407   89.0420
  11.2056 30925.6030  233.1132 -999.9000    0.0000    0.0000    7.8778   88.8691
  10.9522 31082.4824  234.2962 -999.9000    0.0000    0.0000    7.5973   88.7216
  10.7056 31239.3618  235.8028 -999.9000    0.0000    0.0000    7.2678   88.5894
  10.4661 31396.2412  236.3148 -999.9000    0.0000    0.0000    7.0862   88.4534
  10.2318 31553.1206  235.9119 -999.9000    0.0000    0.0000    7.0374   88.3118
  10.0000 31710.0000  235.0490 -999.9000    0.0000    0.0000    7.0504   88.1674
