# 06610 LSMP Payerne Observations at 12Z 30 Jul 2008
# Radiosonde file generated by raso.rb
#
  P [hPa],     Z [m],    T [K],   Td [K],   RH [%], r [g/kg], WS [m/s], WD [deg]
 962.0000   491.0000  298.6128 -999.9000   66.2582   13.6900    2.1765   93.0543
 944.6891   647.8794  296.6065 -999.9000   67.8181   12.6302    4.6171   92.6754
 927.6873   804.7588  295.2634 -999.9000   79.5670   13.9071    2.2303   92.9144
 911.0964   961.6382  294.0125 -999.9000   80.0248   14.4362    0.4390   92.0428
 894.7070  1118.5176  293.1100 -999.9000   80.0228   14.3064    1.3732   90.9797
 878.5406  1275.3970  292.8406 -999.9000   80.0860   13.3485    2.3371   90.6229
 862.6769  1432.2764  291.4803 -999.9000   80.9958   13.5129    2.5510   90.4248
 846.9845  1589.1558  290.2484 -999.9000   80.3113   13.9027    4.1426   90.3491
 831.5533  1746.0352  289.9034 -999.9000   80.7838   13.2228    5.0148   90.3950
 816.3570  1902.9146  288.5842 -999.9000   80.6661   11.9693    6.1111   90.4496
 801.3249  2059.7940  286.9825 -999.9000   80.3796   11.5640    6.7270   90.4939
 786.5365  2216.6734  285.6109 -999.9000   80.2179   10.4184    7.4689   90.5367
 771.9169  2373.5528  284.3570 -999.9000   80.5974    8.7627    8.6550   90.5644
 757.5041  2530.4322  283.2742 -999.9000   80.4559    8.5006    9.1818   90.6155
 743.3854  2687.3116  282.6722 -999.9000   77.8034    7.5803    8.0678   90.6080
 729.2940  2844.1910  281.5690 -999.9000   60.4025    5.5688    7.8187   90.6173
 715.5826  3001.0704  280.4910 -999.9000   50.1352    4.3807    9.3925   90.6971
 702.0616  3157.9497  279.2753 -999.9000   51.6123    4.2344   10.6673   90.7782
 688.7126  3314.8291  277.7644 -999.9000   58.9276    4.4448   10.7488   90.8007
 675.5482  3471.7085  276.1031 -999.9000   68.2165    4.6752   10.9898   90.8205
 662.5494  3628.5879  274.5916 -999.9000   74.1525    4.6607   11.5869   90.8487
 649.7305  3785.4673  273.5463 -999.9000   67.2743    4.0055   11.8724   90.8627
 637.1240  3942.3467  272.6565 -999.9000   55.1411    3.1437   11.1834   90.9118
 624.7467  4099.2261  271.6046 -999.9000   50.1636    2.7055    9.6276   91.0167
 612.5275  4256.1055  270.5067 -999.9000   50.0940    2.5464    9.1876   91.0465
 600.5160  4412.9849  269.8611 -999.9000   38.2078    1.8919    9.4613   91.0390
 588.7253  4569.8643  269.2282 -999.9000   22.7609    1.0986    9.6398   91.0433
 577.1128  4726.7437  267.8979 -999.9000   18.1657    0.8108    9.6859   91.0483
 565.6299  4883.6231  267.0258 -999.9000   17.0339    0.7276    9.6451   91.0538
 554.4053  5040.5025  266.4293 -999.9000   13.4988    0.5634    8.9542   91.1400
 543.3471  5197.3819  265.7209 -999.9000   12.8395    0.5190    8.1750   91.2153
 532.4739  5354.2613  264.6642 -999.9000   22.2034    0.8459    8.5810   91.2112
 521.8251  5511.1407  263.5870 -999.9000   24.0509    0.8613    9.3381   91.1806
 511.3144  5668.0201  262.7688 -999.9000   14.1019    0.4842   10.0215   91.1583
 500.9731  5824.8995  261.4016 -999.9000   12.9867    0.4090   10.7269   91.1344
 490.8286  5981.7789  259.7658 -999.9000   18.4209    0.5200   10.8862   91.1143
 480.7236  6138.6583  258.6295 -999.9000   29.2637    0.7703   11.2256   91.0832
 470.8214  6295.5377  257.3206 -999.9000   31.5318    0.7621   11.3293   91.0728
 461.0900  6452.4171  255.8738 -999.9000   30.8667    0.6762   11.0576   90.9894
 451.4963  6609.2965  254.5548 -999.9000   32.0435    0.6422   10.0566   90.8335
 442.0676  6766.1759  253.4623 -999.9000   32.6203    0.6091    9.1736   90.7116
 432.8253  6923.0553  252.4812 -999.9000   32.3381    0.5674   10.0915   90.6964
 423.7241  7079.9347  251.0566 -999.9000   36.0471    0.5712   10.9813   90.7318
 414.7432  7236.8141  249.3346 -999.9000   41.2761    0.5742   10.7884   90.7585
 405.9174  7393.6935  248.3235 -999.9000   31.8571    0.4138   11.0258   90.7794
 397.1974  7550.5729  247.0219 -999.9000   27.2692    0.3219   11.3017   90.7881
 388.6475  7707.4523  245.6154 -999.9000   31.1951    0.3308   11.4539   90.8405
 380.2876  7864.3317  244.5873 -999.9000   34.8471    0.3433   11.6958   90.9010
 372.0784  8021.2111  243.7592 -999.9000   39.1191    0.3645   11.8527   90.8924
 363.9826  8178.0905  242.9568 -999.9000   45.2474    0.3994   11.7706   90.7526
 356.0087  8334.9698  242.0960 -999.9000   54.4904    0.4529   11.7600   90.7678
 348.2042  8491.8492  241.1955 -999.9000   60.6174    0.5188   12.3679   91.3797
 340.5609  8648.7286  240.3383 -999.9000   65.0104    0.5272   12.6072   91.7004
 333.0575  8805.6080  239.4739 -999.9000   65.6186    0.4852   12.5556   91.6152
 325.6771  8962.4874  238.5020 -999.9000   65.0448    0.4338   12.8591   91.4555
 318.4095  9119.3668  237.3063 -999.9000   65.8354    0.3977   13.7863   91.4682
 311.2701  9276.2462  235.6771 -999.9000   60.7304    0.3338   13.9514   91.4746
 304.2599  9433.1256  234.1161 -999.9000   55.5480    0.2938   14.1817   91.4194
 297.3812  9590.0050  233.0449 -999.9000   50.7039    0.2688   14.6686   91.3896
 290.6045  9746.8844  231.8144 -999.9000   45.4955    0.2331   15.0009   91.3805
 283.9369  9903.7638  230.4367 -999.9000   45.7948    0.2031   15.3811   91.3479
 277.3870 10060.6432  228.9573 -999.9000   45.6464    0.1789   15.7715   91.3074
 270.9631 10217.5226  227.4162 -999.9000   45.5847    0.1538   16.0396   91.2950
 264.6694 10374.4020  225.8875 -999.9000   45.6957    0.1244   16.0951   91.3378
 258.4744 10531.2814  224.6781 -999.9000   45.2052    0.1097   16.2389   91.3756
 252.3757 10688.1608  223.6700 -999.9000   45.5226    0.1034   16.4997   91.3933
 246.3812 10845.0402  222.6343 -999.9000   40.2434    0.0916   16.7956   91.3978
 240.4896 11001.9196  221.4635 -999.9000   35.6869    0.0742   17.0734   91.3965
 234.6950 11158.7990  220.1527 -999.9000   35.9416    0.0604   17.3036   91.3968
 229.0082 11315.6784  218.7983 -999.9000   35.4862    0.0528   17.4808   91.3986
 223.4492 11472.5578  217.5478 -999.9000   34.9597    0.0500   17.6116   91.3982
 218.0236 11629.4372  216.3772 -999.9000   30.1160    0.0480   17.4144   91.4126
 212.6609 11786.3166  214.7375 -999.9000   25.5995    0.0350   15.7391   91.5070
 207.3913 11943.1960  213.9396 -999.9000   23.7669    0.0295   14.5660   91.4951
 202.2510 12100.0754  214.6780 -999.9000   18.0035    0.0410   14.2666   91.5711
 197.2536 12256.9548  216.1107 -999.9000    9.0974    0.0304   12.2718   92.1270
 192.4469 12413.8342  218.5361 -999.9000    2.6454    0.0062   12.7266   91.9985
 187.8076 12570.7136  218.3829 -999.9000    0.2370    0.0003   12.9727   91.9213
 183.2603 12727.5930  217.1755 -999.9000    0.2956    0.0003   12.6827   91.8946
 178.8033 12884.4724  216.7883 -999.9000    0.0000    0.0000   12.4505   91.8603
 174.4458 13041.3518  217.2147 -999.9000    0.0133    0.0000   12.5831   91.7991
 170.1876 13198.2312  217.4603 -999.9000    0.0000    0.0000   13.1067   91.6668
 166.0391 13355.1106  217.6456 -999.9000    0.0000    0.0000   13.7237   91.5392
 162.0101 13511.9899  217.2829 -999.9000    0.0002    0.0000   14.0190   91.4198
 158.0706 13668.8693  216.3082 -999.9000    0.0000    0.0000   13.6312   91.3880
 154.1974 13825.7487  215.4405 -999.9000    0.0000    0.0000   12.4645   91.4693
 150.4126 13982.6281  215.3752 -999.9000    0.0000    0.0000   10.5444   91.5650
 146.7292 14139.5075  216.3014 -999.9000    0.0000    0.0000   10.4593   91.5673
 143.1108 14296.3869  214.5173 -999.9000    0.0000    0.0000   10.3702   91.5696
 139.5597 14453.2663  216.9247 -999.9000    0.0000    0.0000   10.3291   91.5684
 136.1266 14610.1457  214.5752 -999.9000    0.0000    0.0000   10.3109   91.5540
 132.7619 14767.0251  213.6895 -999.9000    0.0000    0.0000   10.2971   91.5347
 129.4754 14923.9045  214.6709 -999.9000    0.0000    0.0000   10.2818   91.5197
 126.2897 15080.7839  215.7620 -999.9000    0.0000    0.0000   10.2561   91.5108
 123.1790 15237.6633  216.9751 -999.9000    0.0000    0.0000   10.2581   91.4644
 120.1481 15394.5427  217.4337 -999.9000    0.0000    0.0000   10.1016   91.3748
 117.2138 15551.4221  216.7748 -999.9000    0.0000    0.0000    9.7266   91.2661
 114.3435 15708.3015  216.6654 -999.9000    0.0000    0.0000    9.3906   91.1464
 111.5416 15865.1809  216.4064 -999.9000    0.0000    0.0000    8.7960   91.1933
 108.8149 16022.0603  217.7031 -999.9000    0.0000    0.0000    7.9686   91.4869
 106.1648 16178.9397  217.7393 -999.9000    0.0000    0.0000    7.4947   91.3484
 103.5767 16335.8191  217.3532 -999.9000    0.0000    0.0000    6.0523   91.9971
 101.0524 16492.6985  219.3768 -999.9000    0.0000    0.0000    1.5635   90.4089
  98.6148 16649.5779  217.9614 -999.9000    0.0000    0.0000    0.7775   90.4014
  96.2203 16806.4573  217.1955 -999.9000    0.0000    0.0000    0.0596   87.2598
  93.8688 16963.3367  216.4517 -999.9000    0.0000    0.0000    1.0124   90.4014
  91.5836 17120.2161  216.3012 -999.9000    0.0000    0.0000    1.8699   90.4014
  89.3567 17277.0955  216.2474 -999.9000    0.0000    0.0000    2.4936   90.4014
  87.1784 17433.9749  215.7424 -999.9000    0.0000    0.0000    3.1802   90.3927
  85.0453 17590.8543  214.8984 -999.9000    0.0000    0.0000    4.0964   90.0754
  82.9608 17747.7337  214.5389 -999.9000    0.0000    0.0000    5.2687   90.9865
  80.9282 17904.6131  215.1476 -999.9000    0.0000    0.0000    6.4137   90.6807
  78.9484 18061.4925  215.7550 -999.9000    0.0000    0.0000    6.3027   90.4907
  77.0217 18218.3719  216.3916 -999.9000    0.0000    0.0000    5.3392   90.6714
  75.1483 18375.2513  217.4147 -999.9000    0.0000    0.0000    4.3780   90.9237
  73.3271 18532.1307  218.4829 -999.9000    0.0000    0.0000    3.7496   91.0464
  71.5556 18689.0101  218.5765 -999.9000    0.0000    0.0000    3.2761   90.9336
  69.8260 18845.8894  217.4310 -999.9000    0.0000    0.0000    2.6512   91.0562
  68.1227 19002.7688  217.1128 -999.9000    0.0000    0.0000    1.5083   91.7656
  66.4601 19159.6482  217.4374 -999.9000    0.0000    0.0000    0.4782   89.5288
  64.8418 19316.5276  217.8983 -999.9000    0.0000    0.0000    0.1711   87.4851
  63.2670 19473.4070  218.2821 -999.9000    0.0000    0.0000    0.7173   87.9468
  61.7318 19630.2864  218.8269 -999.9000    0.0000    0.0000    1.3081   88.3028
  60.2355 19787.1658  219.0268 -999.9000    0.0000    0.0000    2.0570   88.5476
  58.7762 19944.0452  218.7215 -999.9000    0.0000    0.0000    2.9043   88.9105
  57.3501 20100.9246  218.3376 -999.9000    0.0000    0.0000    3.3456   89.0671
  55.9562 20257.8040  218.0692 -999.9000    0.0000    0.0000    3.2836   88.9446
  54.5968 20414.6834  217.8369 -999.9000    0.0000    0.0000    3.0837   88.7725
  53.2731 20571.5628  217.7929 -999.9000    0.0000    0.0000    2.9091   88.6461
  51.9860 20728.4422  218.2481 -999.9000    0.0000    0.0000    2.7768   88.5640
  50.7361 20885.3216  219.5161 -999.9000    0.0000    0.0000    2.7013   88.5228
  49.5229 21042.2010  221.3084 -999.9000    0.0000    0.0000    2.6660   88.5126
  48.3394 21199.0804  220.7154 -999.9000    0.0000    0.0000    3.0206   88.5757
  47.1874 21355.9598  220.8131 -999.9000    0.0000    0.0000    4.1637   88.7747
  46.0647 21512.8392  221.2393 -999.9000    0.0000    0.0000    5.2106   88.9472
  44.9691 21669.7186  221.5147 -999.9000    0.0000    0.0000    5.4287   88.9570
  43.8989 21826.5980  221.5759 -999.9000    0.0000    0.0000    5.0505   88.8369
  42.8525 21983.4774  221.4831 -999.9000    0.0000    0.0000    4.5923   88.6697
  41.8295 22140.3568  221.2839 -999.9000    0.0000    0.0000    4.3431   88.5214
  40.8309 22297.2362  221.0062 -999.9000    0.0000    0.0000    4.2405   88.4316
  39.8584 22454.1156  220.6789 -999.9000    0.0000    0.0000    4.1927   88.4374
  38.9104 22610.9950  221.1282 -999.9000    0.0000    0.0000    4.3475   88.5046
  37.9838 22767.8744  222.4470 -999.9000    0.0000    0.0000    4.7613   88.5579
  37.0791 22924.7538  223.1988 -999.9000    0.0000    0.0000    5.1025   88.6106
  36.1962 23081.6332  223.3519 -999.9000    0.0000    0.0000    5.3551   88.6649
  35.3349 23238.5126  223.1239 -999.9000    0.0000    0.0000    5.5586   88.7211
  34.4951 23395.3920  222.7317 -999.9000    0.0000    0.0000    5.7528   88.7793
  33.6765 23552.2714  222.3930 -999.9000    0.0000    0.0000    5.9773   88.8396
  32.8792 23709.1508  222.3246 -999.9000    0.0000    0.0000    6.2718   88.9021
  32.1025 23866.0302  222.6685 -999.9000    0.0000    0.0000    6.6488   88.9664
  31.3447 24022.9095  223.2864 -999.9000    0.0000    0.0000    7.0200   89.0294
  30.6036 24179.7889  223.9761 -999.9000    0.0000    0.0000    7.2742   89.0878
  29.8779 24336.6683  224.5096 -999.9000    0.0000    0.0000    7.3198   89.1301
  29.1715 24493.5477  224.5972 -999.9000    0.0000    0.0000    7.2611   89.0898
  28.4842 24650.4271  224.4864 -999.9000    0.0000    0.0000    7.1509   88.9796
  27.8138 24807.3065  224.5456 -999.9000    0.0000    0.0000    7.0034   88.8366
  27.1583 24964.1859  225.1414 -999.9000    0.0000    0.0000    6.8323   88.6979
  26.5173 25121.0653  226.3350 -999.9000    0.0000    0.0000    6.6582   88.5852
  25.8939 25277.9447  227.5387 -999.9000    0.0000    0.0000    6.5155   88.4883
  25.2914 25434.8241  228.0817 -999.9000    0.0000    0.0000    6.4409   88.3927
  24.7096 25591.7035  227.5981 -999.9000    0.0000    0.0000    6.5156   88.3136
  24.1354 25748.5829  227.0732 -999.9000    0.0000    0.0000    6.9001   88.3442
  23.5706 25905.4623  226.8402 -999.9000    0.0000    0.0000    7.4966   88.4419
  23.0189 26062.3417  227.1083 -999.9000    0.0000    0.0000    8.1801   88.5480
  22.4826 26219.2211  227.9432 -999.9000    0.0000    0.0000    8.8497   88.6216
  21.9608 26376.1005  229.0389 -999.9000    0.0000    0.0000    9.4668   88.6692
  21.4521 26532.9799  230.0309 -999.9000    0.0000    0.0000   10.0030   88.7041
  20.9548 26689.8593  230.5544 -999.9000    0.0000    0.0000   10.4295   88.7401
  20.4676 26846.7387  230.2445 -999.9000    0.0000    0.0000   10.7178   88.7908
  19.9891 27003.6181  228.7719 -999.9000    0.0000    0.0000   10.8326   88.8671
  19.5243 27160.4975  227.8582 -999.9000    0.0000    0.0000   10.4116   88.8331
  19.0752 27317.3769  228.2908 -999.9000    0.0000    0.0000    9.5269   88.6652
  18.6391 27474.2563  229.4894 -999.9000    0.0000    0.0000    8.5727   88.4541
  18.2135 27631.1357  230.8741 -999.9000    0.0000    0.0000    7.9433   88.2905
  17.7959 27788.0151  231.8737 -999.9000    0.0000    0.0000    8.0100   88.2601
  17.3864 27944.8945  232.1411 -999.9000    0.0000    0.0000    8.5939   88.3267
  16.9866 28101.7739  231.7028 -999.9000    0.0000    0.0000    9.2134   88.3867
  16.5963 28258.6533  230.8555 -999.9000    0.0000    0.0000    9.8338   88.4341
  16.2153 28415.5327  229.9234 -999.9000    0.0000    0.0000   10.4692   88.4734
  15.8432 28572.4121  229.2302 -999.9000    0.0000    0.0000   11.1341   88.5095
  15.4798 28729.2915  229.0941 -999.9000    0.0000    0.0000   11.8408   88.5468
  15.1246 28886.1709  229.4763 -999.9000    0.0000    0.0000   12.4867   88.5881
  14.7769 29043.0503  229.8202 -999.9000    0.0000    0.0000   12.8080   88.6333
  14.4368 29199.9296  229.9620 -999.9000    0.0000    0.0000   12.7395   88.6841
  14.1043 29356.8090  230.0393 -999.9000    0.0000    0.0000   12.3626   88.7433
  13.7798 29513.6884  230.1958 -999.9000    0.0000    0.0000   11.7616   88.8140
  13.4633 29670.5678  230.5749 -999.9000    0.0000    0.0000   11.0205   88.8992
  13.1552 29827.4472  231.3202 -999.9000    0.0000    0.0000   10.2237   89.0018
  12.8555 29984.3266  232.5186 -999.9000    0.0000    0.0000    9.4532   89.1215
  12.5638 30141.2060  233.8575 -999.9000    0.0000    0.0000    8.7769   89.2343
  12.2794 30298.0854  234.8554 -999.9000    0.0000    0.0000    8.2567   89.3059
  12.0018 30454.9648  235.0298 -999.9000    0.0000    0.0000    7.9546   89.3022
  11.7304 30611.8442  234.1529 -999.9000    0.0000    0.0000    7.8912   89.2026
  11.4650 30768.7236  233.0365 -999.9000    0.0000    0.0000    7.9211   89.0420
  11.2056 30925.6030  232.7572 -999.9000    0.0000    0.0000    7.8565   88.8691
  10.9522 31082.4824  233.9672 -999.9000    0.0000    0.0000    7.5771   88.7216
  10.7056 31239.3618  235.5062 -999.9000    0.0000    0.0000    7.2519   88.5894
  10.4661 31396.2412  236.0565 -999.9000    0.0000    0.0000    7.0776   88.4534
  10.2318 31553.1206  235.6980 -999.9000    0.0000    0.0000    7.0395   88.3118
  10.0000 31710.0000  234.8859 -999.9000    0.0000    0.0000    7.0667   88.1674
