# 06610 LSMP Payerne Observations at 12Z 30 Jul 2008
# Radiosonde file generated by raso.rb
#
  P [hPa],     Z [m],    T [K],   Td [K],   RH [%], r [g/kg], WS [m/s], WD [deg]
 962.0000   491.0000  298.4958 -999.9000   66.1207   13.6900    2.4138   93.0543
 944.6891   647.8794  296.4253 -999.9000   67.6735   12.6302    4.9298   92.6754
 927.6873   804.7588  295.0264 -999.9000   79.3938   13.9071    2.6095   92.9144
 911.0964   961.6382  293.7279 -999.9000   79.8479   14.4362    0.8761   92.0428
 894.7070  1118.5176  292.7856 -999.9000   79.8440   14.3064    1.8601   90.9797
 878.5406  1275.3970  292.4838 -999.9000   79.9062   13.3485    2.8658   90.6229
 862.6769  1432.2764  291.0983 -999.9000   80.8138   13.5129    3.1140   90.4248
 846.9845  1589.1558  289.8479 -999.9000   80.1314   13.9027    4.7327   90.3491
 831.5533  1746.0352  289.4910 -999.9000   80.6043   13.2228    5.6249   90.3950
 816.3570  1902.9146  288.1660 -999.9000   80.4889   11.9693    6.7346   90.4496
 801.3249  2059.7940  286.5644 -999.9000   80.2057   11.5640    7.3576   90.4939
 786.5365  2216.6734  285.1983 -999.9000   80.0478   10.4184    8.1005   90.5367
 771.9169  2373.5528  283.9550 -999.9000   80.4305    8.7627    9.2820   90.5644
 757.5041  2530.4322  282.8876 -999.9000   80.2938    8.5006    9.7986   90.6155
 743.3854  2687.3116  282.3056 -999.9000   77.6516    7.5803    8.6695   90.6080
 729.2940  2844.1910  281.2265 -999.9000   60.2888    5.5688    8.4004   90.6173
 715.5826  3001.0704  280.1763 -999.9000   50.0446    4.3807    9.9498   90.6971
 702.0616  3157.9497  278.9920 -999.9000   51.5232    4.2344   11.1960   90.7782
 688.7126  3314.8291  277.5157 -999.9000   58.8309    4.4448   11.2451   90.8007
 675.5482  3471.7085  275.8917 -999.9000   68.1107    4.6752   11.4501   90.8205
 662.5494  3628.5879  274.4200 -999.9000   74.0444    4.6607   12.0081   90.8487
 649.7305  3785.4673  273.4166 -999.9000   67.1828    4.0055   12.2515   90.8627
 637.1240  3942.3467  272.5706 -999.9000   55.0715    3.1437   11.5178   90.9118
 624.7467  4099.2261  271.5639 -999.9000   50.1055    2.7055    9.9150   91.0167
 612.5275  4256.1055  270.5124 -999.9000   50.0413    2.5464    9.4260   91.0465
 600.5160  4412.9849  269.9140 -999.9000   38.1717    1.8919    9.6490   91.0390
 588.7253  4569.8643  269.3288 -999.9000   22.7418    1.0986    9.7756   91.0433
 577.1128  4726.7437  268.0463 -999.9000   18.1525    0.8108    9.7686   91.0483
 565.6299  4883.6231  267.2219 -999.9000   17.0234    0.7276    9.6741   91.0538
 554.4053  5040.5025  266.6725 -999.9000   13.4919    0.5634    8.9290   91.1400
 543.3471  5197.3819  266.0104 -999.9000   12.8343    0.5190    8.0955   91.2153
 532.4739  5354.2613  264.9987 -999.9000   22.1969    0.8459    8.4475   91.2112
 521.8251  5511.1407  263.9651 -999.9000   24.0464    0.8613    9.1510   91.1806
 511.3144  5668.0201  263.1886 -999.9000   14.1007    0.4842    9.7817   91.1583
 500.9731  5824.8995  261.8610 -999.9000   12.9869    0.4090   10.4355   91.1344
 490.8286  5981.7789  260.2622 -999.9000   18.4230    0.5200   10.5447   91.1143
 480.7236  6138.6583  259.1601 -999.9000   29.2699    0.7703   10.8357   91.0832
 470.8214  6295.5377  257.8822 -999.9000   31.5414    0.7621   10.8930   91.0728
 461.0900  6452.4171  256.4628 -999.9000   30.8788    0.6762   10.5774   90.9894
 451.4963  6609.2965  255.1674 -999.9000   32.0588    0.6422    9.5351   90.8335
 442.0676  6766.1759  254.0944 -999.9000   32.6384    0.6091    8.6139   90.7116
 432.8253  6923.0553  253.1282 -999.9000   32.3585    0.5674    9.4969   90.6964
 423.7241  7079.9347  251.7136 -999.9000   36.0722    0.5712   10.3554   90.7318
 414.7432  7236.8141  249.9965 -999.9000   41.3074    0.5742   10.1352   90.7585
 405.9174  7393.6935  248.9849 -999.9000   31.8830    0.4138   10.3495   90.7794
 397.1974  7550.5729  247.6768 -999.9000   27.2927    0.3219   10.6068   90.7881
 388.6475  7707.4523  246.2582 -999.9000   31.2232    0.3308   10.7449   90.8405
 380.2876  7864.3317  245.2129 -999.9000   34.8797    0.3433   10.9768   90.9010
 372.0784  8021.2111  244.3627 -999.9000   39.1568    0.3645   11.1277   90.8924
 363.9826  8178.0905  243.5336 -999.9000   45.2921    0.3994   11.0432   90.7526
 356.0087  8334.9698  242.6421 -999.9000   54.5451    0.4529   11.0337   90.7678
 348.2042  8491.8492  241.7072 -999.9000   60.6790    0.5188   11.6459   91.3797
 340.5609  8648.7286  240.8121 -999.9000   65.0770    0.5272   11.8924   91.7004
 333.0575  8805.6080  239.9070 -999.9000   65.6861    0.4852   11.8507   91.6152
 325.6771  8962.4874  238.8918 -999.9000   65.1118    0.4338   12.1665   91.4555
 318.4095  9119.3668  237.6506 -999.9000   65.9030    0.3977   13.1082   91.4682
 311.2701  9276.2462  235.9741 -999.9000   60.7924    0.3338   13.2897   91.4746
 304.2599  9433.1256  234.3643 -999.9000   55.6043    0.2938   13.5380   91.4194
 297.3812  9590.0050  233.2433 -999.9000   50.7547    0.2688   14.0445   91.3896
 290.6045  9746.8844  231.9624 -999.9000   45.5406    0.2331   14.3975   91.3805
 283.9369  9903.7638  230.5338 -999.9000   45.8396    0.2031   14.7992   91.3479
 277.3870 10060.6432  229.0039 -999.9000   45.6905    0.1789   15.2119   91.3074
 270.9631 10217.5226  227.4126 -999.9000   45.6281    0.1538   15.5026   91.2950
 264.6694 10374.4020  225.8345 -999.9000   45.7385    0.1244   15.5810   91.3378
 258.4744 10531.2814  224.5770 -999.9000   45.2470    0.1097   15.7476   91.3756
 252.3757 10688.1608  223.5225 -999.9000   45.5642    0.1034   16.0308   91.3933
 246.3812 10845.0402  222.4423 -999.9000   40.2797    0.0916   16.3485   91.3978
 240.4896 11001.9196  221.2294 -999.9000   35.7188    0.0742   16.6473   91.3965
 234.6950 11158.7990  219.8791 -999.9000   35.9735    0.0604   16.8976   91.3968
 229.0082 11315.6784  218.4877 -999.9000   35.5174    0.0528   17.0941   91.3986
 223.4492 11472.5578  217.2029 -999.9000   34.9904    0.0500   17.2433   91.3982
 218.0236 11629.4372  216.0008 -999.9000   30.1424    0.0480   17.0640   91.4126
 212.6609 11786.3166  214.3322 -999.9000   25.6218    0.0350   15.4060   91.5070
 207.3913 11943.1960  213.5084 -999.9000   23.7876    0.0295   14.2495   91.4951
 202.2510 12100.0754  214.2236 -999.9000   18.0192    0.0410   13.9663   91.5711
 197.2536 12256.9548  215.6361 -999.9000    9.1054    0.0304   11.9872   92.1270
 192.4469 12413.8342  218.0443 -999.9000    2.6477    0.0062   12.4574   91.9985
 187.8076 12570.7136  217.8770 -999.9000    0.2372    0.0003   12.7185   91.9213
 183.2603 12727.5930  216.6585 -999.9000    0.2959    0.0003   12.4433   91.8946
 178.8033 12884.4724  216.2634 -999.9000    0.0000    0.0000   12.2258   91.8603
 174.4458 13041.3518  216.6850 -999.9000    0.0133    0.0000   12.3730   91.7991
 170.1876 13198.2312  216.9293 -999.9000    0.0000    0.0000   12.9110   91.6668
 166.0391 13355.1106  217.1164 -999.9000    0.0000    0.0000   13.5426   91.5392
 162.0101 13511.9899  216.7590 -999.9000    0.0002    0.0000   13.8525   91.4198
 158.0706 13668.8693  215.7929 -999.9000    0.0000    0.0000   13.4795   91.3880
 154.1974 13825.7487  214.9374 -999.9000    0.0000    0.0000   12.3277   91.4693
 150.4126 13982.6281  214.8878 -999.9000    0.0000    0.0000   10.4229   91.5650
 146.7292 14139.5075  215.8333 -999.9000    0.0000    0.0000   10.3533   91.5673
 143.1108 14296.3869  214.0721 -999.9000    0.0000    0.0000   10.2803   91.5696
 139.5597 14453.2663  216.5061 -999.9000    0.0000    0.0000   10.2556   91.5684
 136.1266 14610.1457  214.1868 -999.9000    0.0000    0.0000   10.2544   91.5540
 132.7619 14767.0251  213.3345 -999.9000    0.0000    0.0000   10.2579   91.5347
 129.4754 14923.9045  214.3522 -999.9000    0.0000    0.0000   10.2604   91.5197
 126.2897 15080.7839  215.4821 -999.9000    0.0000    0.0000   10.2527   91.5108
 123.1790 15237.6633  216.7361 -999.9000    0.0000    0.0000   10.2729   91.4644
 120.1481 15394.5427  217.2376 -999.9000    0.0000    0.0000   10.1348   91.3748
 117.2138 15551.4221  216.6233 -999.9000    0.0000    0.0000    9.7785   91.2661
 114.3435 15708.3015  216.5595 -999.9000    0.0000    0.0000    9.4613   91.1464
 111.5416 15865.1809  216.3470 -999.9000    0.0000    0.0000    8.8854   91.1933
 108.8149 16022.0603  217.6909 -999.9000    0.0000    0.0000    8.0768   91.4869
 106.1648 16178.9397  217.7745 -999.9000    0.0000    0.0000    7.6215   91.3484
 103.5767 16335.8191  217.4356 -999.9000    0.0000    0.0000    6.1977   91.9971
 101.0524 16492.6985  219.5061 -999.9000    0.0000    0.0000    1.7272   90.4089
  98.6148 16649.5779  218.1368 -999.9000    0.0000    0.0000    0.9593   90.4014
  96.2203 16806.4573  217.4158 -999.9000    0.0000    0.0000    0.1401   90.4014
  93.8688 16963.3367  216.7156 -999.9000    0.0000    0.0000    1.2296   90.4014
  91.5836 17120.2161  216.6069 -999.9000    0.0000    0.0000    2.1042   90.4014
  89.3567 17277.0955  216.5928 -999.9000    0.0000    0.0000    2.7446   90.4014
  87.1784 17433.9749  216.1251 -999.9000    0.0000    0.0000    3.4474   90.3927
  85.0453 17590.8543  215.3157 -999.9000    0.0000    0.0000    4.3793   90.0754
  82.9608 17747.7337  214.9877 -999.9000    0.0000    0.0000    5.5666   90.9865
  80.9282 17904.6131  215.6244 -999.9000    0.0000    0.0000    6.7258   90.6807
  78.9484 18061.4925  216.2563 -999.9000    0.0000    0.0000    6.6285   90.4907
  77.0217 18218.3719  216.9138 -999.9000    0.0000    0.0000    5.6780   90.6714
  75.1483 18375.2513  217.9545 -999.9000    0.0000    0.0000    4.7290   90.9237
  73.3271 18532.1307  219.0369 -999.9000    0.0000    0.0000    4.1121   91.0464
  71.5556 18689.0101  219.1413 -999.9000    0.0000    0.0000    3.6494   90.9336
  69.8260 18845.8894  218.0033 -999.9000    0.0000    0.0000    3.0345   91.0562
  68.1227 19002.7688  217.6895 -999.9000    0.0000    0.0000    1.9009   91.7656
  66.4601 19159.6482  218.0152 -999.9000    0.0000    0.0000    0.8794   89.5288
  64.8418 19316.5276  218.4742 -999.9000    0.0000    0.0000    0.5801   87.4851
  63.2670 19473.4070  218.8531 -999.9000    0.0000    0.0000    1.1333   87.9468
  61.7318 19630.2864  219.3899 -999.9000    0.0000    0.0000    1.7304   88.3028
  60.2355 19787.1658  219.5790 -999.9000    0.0000    0.0000    2.4848   88.5476
  58.7762 19944.0452  219.2600 -999.9000    0.0000    0.0000    3.3367   88.9105
  57.3501 20100.9246  218.8595 -999.9000    0.0000    0.0000    3.7818   89.0671
  55.9562 20257.8040  218.5719 -999.9000    0.0000    0.0000    3.7229   88.9446
  54.5968 20414.6834  218.3177 -999.9000    0.0000    0.0000    3.5253   88.7725
  53.2731 20571.5628  218.2492 -999.9000    0.0000    0.0000    3.3522   88.6461
  51.9860 20728.4422  218.6772 -999.9000    0.0000    0.0000    3.2205   88.5640
  50.7361 20885.3216  219.9156 -999.9000    0.0000    0.0000    3.1447   88.5228
  49.5229 21042.2010  221.6759 -999.9000    0.0000    0.0000    3.1084   88.5126
  48.3394 21199.0804  221.0485 -999.9000    0.0000    0.0000    3.4610   88.5757
  47.1874 21355.9598  221.1093 -999.9000    0.0000    0.0000    4.6013   88.7747
  46.0647 21512.8392  221.4967 -999.9000    0.0000    0.0000    5.6446   88.9472
  44.9691 21669.7186  221.7314 -999.9000    0.0000    0.0000    5.8582   88.9570
  43.8989 21826.5980  221.7504 -999.9000    0.0000    0.0000    5.4746   88.8369
  42.8525 21983.4774  221.6143 -999.9000    0.0000    0.0000    5.0102   88.6697
  41.8295 22140.3568  221.3710 -999.9000    0.0000    0.0000    4.7540   88.5214
  40.8309 22297.2362  221.0489 -999.9000    0.0000    0.0000    4.6436   88.4316
  39.8584 22454.1156  220.6772 -999.9000    0.0000    0.0000    4.5872   88.4374
  38.9104 22610.9950  221.0824 -999.9000    0.0000    0.0000    4.7326   88.5046
  37.9838 22767.8744  222.3577 -999.9000    0.0000    0.0000    5.1362   88.5579
  37.0791 22924.7538  223.0671 -999.9000    0.0000    0.0000    5.4665   88.6106
  36.1962 23081.6332  223.1791 -999.9000    0.0000    0.0000    5.7074   88.6649
  35.3349 23238.5126  222.9118 -999.9000    0.0000    0.0000    5.8984   88.7211
  34.4951 23395.3920  222.4824 -999.9000    0.0000    0.0000    6.0794   88.7793
  33.6765 23552.2714  222.1088 -999.9000    0.0000    0.0000    6.2899   88.8396
  32.8792 23709.1508  222.0085 -999.9000    0.0000    0.0000    6.5698   88.9021
  32.1025 23866.0302  222.3235 -999.9000    0.0000    0.0000    6.9314   88.9664
  31.3447 24022.9095  222.9162 -999.9000    0.0000    0.0000    7.2866   89.0294
  30.6036 24179.7889  223.5844 -999.9000    0.0000    0.0000    7.5241   89.0878
  29.8779 24336.6683  224.1007 -999.9000    0.0000    0.0000    7.5523   89.1301
  29.1715 24493.5477  224.1757 -999.9000    0.0000    0.0000    7.4755   89.0898
  28.4842 24650.4271  224.0572 -999.9000    0.0000    0.0000    7.3466   88.9796
  27.8138 24807.3065  224.1139 -999.9000    0.0000    0.0000    7.1797   88.8366
  27.1583 24964.1859  224.7127 -999.9000    0.0000    0.0000    6.9887   88.6979
  26.5173 25121.0653  225.9145 -999.9000    0.0000    0.0000    6.7941   88.5852
  25.8939 25277.9447  227.1313 -999.9000    0.0000    0.0000    6.6304   88.4883
  25.2914 25434.8241  227.6919 -999.9000    0.0000    0.0000    6.5345   88.3927
  24.7096 25591.7035  227.2301 -999.9000    0.0000    0.0000    6.5875   88.3136
  24.1354 25748.5829  226.7310 -999.9000    0.0000    0.0000    6.9502   88.3442
  23.5706 25905.4623  226.5274 -999.9000    0.0000    0.0000    7.5248   88.4419
  23.0189 26062.3417  226.8283 -999.9000    0.0000    0.0000    8.1863   88.5480
  22.4826 26219.2211  227.6989 -999.9000    0.0000    0.0000    8.8340   88.6216
  21.9608 26376.1005  228.8330 -999.9000    0.0000    0.0000    9.4293   88.6692
  21.4521 26532.9799  229.8659 -999.9000    0.0000    0.0000    9.9438   88.7041
  20.9548 26689.8593  230.4321 -999.9000    0.0000    0.0000   10.3490   88.7401
  20.4676 26846.7387  230.1669 -999.9000    0.0000    0.0000   10.6164   88.7908
  19.9891 27003.6181  228.7403 -999.9000    0.0000    0.0000   10.7106   88.8671
  19.5243 27160.4975  227.8738 -999.9000    0.0000    0.0000   10.2697   88.8331
  19.0752 27317.3769  228.3544 -999.9000    0.0000    0.0000    9.3656   88.6652
  18.6391 27474.2563  229.6016 -999.9000    0.0000    0.0000    8.3927   88.4541
  18.2135 27631.1357  231.0350 -999.9000    0.0000    0.0000    7.7454   88.2905
  17.7959 27788.0151  232.0831 -999.9000    0.0000    0.0000    7.7952   88.2601
  17.3864 27944.8945  232.3986 -999.9000    0.0000    0.0000    8.3630   88.3267
  16.9866 28101.7739  232.0078 -999.9000    0.0000    0.0000    8.9675   88.3867
  16.5963 28258.6533  231.2068 -999.9000    0.0000    0.0000    9.5739   88.4341
  16.2153 28415.5327  230.3197 -999.9000    0.0000    0.0000   10.1965   88.4734
  15.8432 28572.4121  229.6699 -999.9000    0.0000    0.0000   10.8500   88.5095
  15.4798 28729.2915  229.5751 -999.9000    0.0000    0.0000   11.5465   88.5468
  15.1246 28886.1709  229.9964 -999.9000    0.0000    0.0000   12.1838   88.5881
  14.7769 29043.0503  230.3767 -999.9000    0.0000    0.0000   12.4980   88.6333
  14.4368 29199.9296  230.5520 -999.9000    0.0000    0.0000   12.4240   88.6841
  14.1043 29356.8090  230.6596 -999.9000    0.0000    0.0000   12.0432   88.7433
  13.7798 29513.6884  230.8428 -999.9000    0.0000    0.0000   11.4401   88.8140
  13.4633 29670.5678  231.2448 -999.9000    0.0000    0.0000   10.6988   88.8992
  13.1552 29827.4472  232.0089 -999.9000    0.0000    0.0000    9.9037   89.0018
  12.8555 29984.3266  233.2214 -999.9000    0.0000    0.0000    9.1369   89.1215
  12.5638 30141.2060  234.5698 -999.9000    0.0000    0.0000    8.4664   89.2343
  12.2794 30298.0854  235.5721 -999.9000    0.0000    0.0000    7.9543   89.3059
  12.0018 30454.9648  235.7454 -999.9000    0.0000    0.0000    7.6623   89.3022
  11.7304 30611.8442  234.8617 -999.9000    0.0000    0.0000    7.6115   89.2026
  11.4650 30768.7236  233.7324 -999.9000    0.0000    0.0000    7.6565   89.0420
  11.2056 30925.6030  233.4340 -999.9000    0.0000    0.0000    7.6095   88.8691
  10.9522 31082.4824  234.6181 -999.9000    0.0000    0.0000    7.3502   88.7216
  10.7056 31239.3618  236.1244 -999.9000    0.0000    0.0000    7.0477   88.5894
  10.4661 31396.2412  236.6345 -999.9000    0.0000    0.0000    6.8990   88.4534
  10.2318 31553.1206  236.2284 -999.9000    0.0000    0.0000    6.8893   88.3118
  10.0000 31710.0000  235.3607 -999.9000    0.0000    0.0000    6.9478   88.1674
