# 06610 LSMP Payerne Observations at 12Z 30 Jul 2008
# Radiosonde file generated by raso.rb
#
  P [hPa],     Z [m],    T [K],   Td [K],   RH [%], r [g/kg], WS [m/s], WD [deg]
 962.0000   491.0000  297.9828 -999.9000   66.3047   13.6900    2.5207   93.0543
 944.6891   647.8794  295.9579 -999.9000   67.8683   12.6302    4.8865   92.6754
 927.6873   804.7588  294.6009 -999.9000   79.6284   13.9071    2.4308   92.9144
 911.0964   961.6382  293.3407 -999.9000   80.0885   14.4362    0.5764   92.0428
 894.7070  1118.5176  292.4332 -999.9000   80.0879   14.3064    1.4530   90.9797
 878.5406  1275.3970  292.1629 -999.9000   80.1522   13.3485    2.3648   90.6229
 862.6769  1432.2764  290.8056 -999.9000   81.0633   13.5129    2.5317   90.4248
 846.9845  1589.1558  289.5804 -999.9000   80.3782   13.9027    4.0814   90.3491
 831.5533  1746.0352  289.2458 -999.9000   80.8507   13.2228    4.9165   90.3950
 816.3570  1902.9146  287.9405 -999.9000   80.7320   11.9693    5.9803   90.4496
 801.3249  2059.7940  286.3557 -999.9000   80.4440   11.5640    6.5681   90.4939
 786.5365  2216.6734  285.0041 -999.9000   80.2805   10.4184    7.2862   90.5367
 771.9169  2373.5528  283.7730 -999.9000   80.6583    8.7627    8.4525   90.5644
 757.5041  2530.4322  282.7157 -999.9000   80.5144    8.5006    8.9633   90.6155
 743.3854  2687.3116  282.1417 -999.9000   77.8574    7.5803    7.8371   90.6080
 729.2940  2844.1910  281.0687 -999.9000   60.4422    5.5688    7.5792   90.6173
 715.5826  3001.0704  280.0229 -999.9000   50.1661    4.3807    9.1475   90.6971
 702.0616  3157.9497  278.8414 -999.9000   51.6419    4.2344   10.4198   90.7782
 688.7126  3314.8291  277.3665 -999.9000   58.9586    4.4448   10.5018   90.8007
 675.5482  3471.7085  275.7426 -999.9000   68.2491    4.6752   10.7461   90.8205
 662.5494  3628.5879  274.2698 -999.9000   74.1840    4.6607   11.3489   90.8487
 649.7305  3785.4673  273.2645 -999.9000   67.2993    4.0055   11.6424   90.8627
 637.1240  3942.3467  272.4156 -999.9000   55.1583    3.1437   10.9636   90.9118
 624.7467  4099.2261  271.4053 -999.9000   50.1764    2.7055    9.4199   91.0167
 612.5275  4256.1055  270.3497 -999.9000   50.1038    2.5464    8.9938   91.0465
 600.5160  4412.9849  269.7467 -999.9000   38.2129    1.8919    9.2828   91.0390
 588.7253  4569.8643  269.1567 -999.9000   22.7625    1.0986    9.4781   91.0433
 577.1128  4726.7437  267.8693 -999.9000   18.1659    0.8108    9.5421   91.0483
 565.6299  4883.6231  267.0400 -999.9000   17.0330    0.7276    9.5203   91.0538
 554.4053  5040.5025  266.4859 -999.9000   13.4971    0.5634    8.8491   91.1400
 543.3471  5197.3819  265.8194 -999.9000   12.8371    0.5190    8.0902   91.2153
 532.4739  5354.2613  264.8038 -999.9000   22.1978    0.8459    8.5171   91.2112
 521.8251  5511.1407  263.7670 -999.9000   24.0433    0.8613    9.2951   91.1806
 511.3144  5668.0201  262.9879 -999.9000   14.0966    0.4842    9.9994   91.1583
 500.9731  5824.8995  261.6587 -999.9000   12.9810    0.4090   10.7256   91.1344
 490.8286  5981.7789  260.0593 -999.9000   18.4116    0.5200   10.9055   91.1143
 480.7236  6138.6583  258.9579 -999.9000   29.2471    0.7703   11.2647   91.0832
 470.8214  6295.5377  257.6820 -999.9000   31.5120    0.7621   11.3876   91.0728
 461.0900  6452.4171  256.2662 -999.9000   30.8456    0.6762   11.1341   90.9894
 451.4963  6609.2965  254.9759 -999.9000   32.0198    0.6422   10.1502   90.8335
 442.0676  6766.1759  253.9098 -999.9000   32.5943    0.6091    9.2830   90.7116
 432.8253  6923.0553  252.9525 -999.9000   32.3107    0.5674   10.2152   90.6964
 423.7241  7079.9347  251.5489 -999.9000   36.0148    0.5712   11.1176   90.7318
 414.7432  7236.8141  249.8450 -999.9000   41.2372    0.5742   10.9354   90.7585
 405.9174  7393.6935  248.8489 -999.9000   31.8258    0.4138   11.1814   90.7794
 397.1974  7550.5729  247.5589 -999.9000   27.2413    0.3219   11.4637   90.7881
 388.6475  7707.4523  246.1607 -999.9000   31.1620    0.3308   11.6200   90.8405
 380.2876  7864.3317  245.1377 -999.9000   34.8091    0.3433   11.8640   90.9010
 372.0784  8021.2111  244.3116 -999.9000   39.0754    0.3645   12.0212   90.8924
 363.9826  8178.0905  243.5079 -999.9000   45.1957    0.3994   11.9375   90.7526
 356.0087  8334.9698  242.6428 -999.9000   54.4271    0.4529   11.9237   90.7678
 348.2042  8491.8492  241.7350 -999.9000   60.5461    0.5188   12.5271   91.3797
 340.5609  8648.7286  240.8675 -999.9000   64.9332    0.5272   12.7605   91.7004
 333.0575  8805.6080  239.9899 -999.9000   65.5404    0.4852   12.7018   91.6152
 325.6771  8962.4874  239.0020 -999.9000   64.9673    0.4338   12.9972   91.4555
 318.4095  9119.3668  237.7876 -999.9000   65.7572    0.3977   13.9156   91.4682
 311.2701  9276.2462  236.1370 -999.9000   60.6589    0.3338   14.0711   91.4746
 304.2599  9433.1256  234.5519 -999.9000   55.4835    0.2938   14.2911   91.4194
 297.3812  9590.0050  233.4540 -999.9000   50.6461    0.2688   14.7675   91.3896
 290.6045  9746.8844  232.1944 -999.9000   45.4449    0.2331   15.0890   91.3805
 283.9369  9903.7638  230.7850 -999.9000   45.7454    0.2031   15.4583   91.3479
 277.3870 10060.6432  229.2716 -999.9000   45.5990    0.1789   15.8378   91.3074
 270.9631 10217.5226  227.6942 -999.9000   45.5395    0.1538   16.0952   91.2950
 264.6694 10374.4020  226.1268 -999.9000   45.6527    0.1244   16.1404   91.3378
 258.4744 10531.2814  224.8766 -999.9000   45.1654    0.1097   16.2744   91.3756
 252.3757 10688.1608  223.8255 -999.9000   45.4856    0.1034   16.5260   91.3933
 246.3812 10845.0402  222.7447 -999.9000   40.2137    0.0916   16.8135   91.3978
 240.4896 11001.9196  221.5269 -999.9000   35.6634    0.0742   17.0838   91.3965
 234.6950 11158.7990  220.1673 -999.9000   35.9212    0.0604   17.3075   91.3968
 229.0082 11315.6784  218.7628 -999.9000   35.4693    0.0528   17.4793   91.3986
 223.4492 11472.5578  217.4613 -999.9000   34.9465    0.0500   17.6056   91.3982
 218.0236 11629.4372  216.2392 -999.9000   30.1077    0.0480   17.4050   91.4126
 212.6609 11786.3166  214.5478 -999.9000   25.5951    0.0350   15.7275   91.5070
 207.3913 11943.1960  213.6986 -999.9000   23.7653    0.0295   14.5532   91.4951
 202.2510 12100.0754  214.3863 -999.9000   18.0042    0.0410   14.2537   91.5711
 197.2536 12256.9548  215.7695 -999.9000    9.0987    0.0304   12.2599   92.1270
 192.4469 12413.8342  218.1469 -999.9000    2.6460    0.0062   12.7169   91.9985
 187.8076 12570.7136  217.9477 -999.9000    0.2371    0.0003   12.9663   91.9213
 183.2603 12727.5930  216.6966 -999.9000    0.2957    0.0003   12.6808   91.8946
 178.8033 12884.4724  216.2683 -999.9000    0.0000    0.0000   12.4542   91.8603
 174.4458 13041.3518  216.6569 -999.9000    0.0133    0.0000   12.5937   91.7991
 170.1876 13198.2312  216.8683 -999.9000    0.0000    0.0000   13.1254   91.6668
 166.0391 13355.1106  217.0232 -999.9000    0.0000    0.0000   13.7518   91.5392
 162.0101 13511.9899  216.6347 -999.9000    0.0002    0.0000   14.0577   91.4198
 158.0706 13668.8693  215.6388 -999.9000    0.0000    0.0000   13.6818   91.3880
 154.1974 13825.7487  214.7552 -999.9000    0.0000    0.0000   12.5282   91.4693
 150.4126 13982.6281  214.6795 -999.9000    0.0000    0.0000   10.6226   91.5650
 146.7292 14139.5075  215.6013 -999.9000    0.0000    0.0000   10.5532   91.5673
 143.1108 14296.3869  213.8192 -999.9000    0.0000    0.0000   10.4813   91.5696
 139.5597 14453.2663  216.2354 -999.9000    0.0000    0.0000   10.4586   91.5684
 136.1266 14610.1457  213.9015 -999.9000    0.0000    0.0000   10.4601   91.5540
 132.7619 14767.0251  213.0377 -999.9000    0.0000    0.0000   10.4671   91.5347
 129.4754 14923.9045  214.0469 -999.9000    0.0000    0.0000   10.4733   91.5197
 126.2897 15080.7839  215.1713 -999.9000    0.0000    0.0000   10.4698   91.5108
 123.1790 15237.6633  216.4226 -999.9000    0.0000    0.0000   10.4943   91.4644
 120.1481 15394.5427  216.9241 -999.9000    0.0000    0.0000   10.3604   91.3748
 117.2138 15551.4221  216.3124 -999.9000    0.0000    0.0000   10.0081   91.2661
 114.3435 15708.3015  216.2538 -999.9000    0.0000    0.0000    9.6946   91.1464
 111.5416 15865.1809  216.0490 -999.9000    0.0000    0.0000    9.1219   91.1933
 108.8149 16022.0603  217.4028 -999.9000    0.0000    0.0000    8.3158   91.4869
 106.1648 16178.9397  217.4986 -999.9000    0.0000    0.0000    7.8623   91.3484
 103.5767 16335.8191  217.1741 -999.9000    0.0000    0.0000    6.4392   91.9971
 101.0524 16492.6985  219.2609 -999.9000    0.0000    0.0000    1.9683   90.4089
  98.6148 16649.5779  217.9099 -999.9000    0.0000    0.0000    1.1986   90.4014
  96.2203 16806.4573  217.2092 -999.9000    0.0000    0.0000    0.3762   90.4014
  93.8688 16963.3367  216.5308 -999.9000    0.0000    0.0000    1.4609   90.4014
  91.5836 17120.2161  216.4458 -999.9000    0.0000    0.0000    2.3289   90.4014
  89.3567 17277.0955  216.4569 -999.9000    0.0000    0.0000    2.9607   90.4014
  87.1784 17433.9749  216.0158 -999.9000    0.0000    0.0000    3.6529   90.3927
  85.0453 17590.8543  215.2343 -999.9000    0.0000    0.0000    4.5718   90.0754
  82.9608 17747.7337  214.9356 -999.9000    0.0000    0.0000    5.7438   90.9865
  80.9282 17904.6131  215.6028 -999.9000    0.0000    0.0000    6.8851   90.6807
  78.9484 18061.4925  216.2661 -999.9000    0.0000    0.0000    6.7673   90.4907
  77.0217 18218.3719  216.9559 -999.9000    0.0000    0.0000    5.7940   90.6714
  75.1483 18375.2513  218.0294 -999.9000    0.0000    0.0000    4.8201   90.9237
  73.3271 18532.1307  219.1450 -999.9000    0.0000    0.0000    4.1765   91.0464
  71.5556 18689.0101  219.2828 -999.9000    0.0000    0.0000    3.6855   90.9336
  69.8260 18845.8894  218.1782 -999.9000    0.0000    0.0000    3.0409   91.0562
  68.1227 19002.7688  217.8975 -999.9000    0.0000    0.0000    1.8765   91.7656
  66.4601 19159.6482  218.2558 -999.9000    0.0000    0.0000    0.8233   89.5288
  64.8418 19316.5276  218.7467 -999.9000    0.0000    0.0000    0.4916   87.4851
  63.2670 19473.4070  219.1565 -999.9000    0.0000    0.0000    1.0120   87.9468
  61.7318 19630.2864  219.7233 -999.9000    0.0000    0.0000    1.5762   88.3028
  60.2355 19787.1658  219.9408 -999.9000    0.0000    0.0000    2.2978   88.5476
  58.7762 19944.0452  219.6488 -999.9000    0.0000    0.0000    3.1172   88.9105
  57.3501 20100.9246  219.2735 -999.9000    0.0000    0.0000    3.5303   89.0671
  55.9562 20257.8040  219.0091 -999.9000    0.0000    0.0000    3.4402   88.9446
  54.5968 20414.6834  218.7759 -999.9000    0.0000    0.0000    3.2124   88.7725
  53.2731 20571.5628  218.7259 -999.9000    0.0000    0.0000    3.0104   88.6461
  51.9860 20728.4422  219.1699 -999.9000    0.0000    0.0000    2.8514   88.5640
  50.7361 20885.3216  220.4214 -999.9000    0.0000    0.0000    2.7500   88.5228
  49.5229 21042.2010  222.1918 -999.9000    0.0000    0.0000    2.6901   88.5126
  48.3394 21199.0804  221.5711 -999.9000    0.0000    0.0000    3.0213   88.5757
  47.1874 21355.9598  221.6352 -999.9000    0.0000    0.0000    4.1428   88.7747
  46.0647 21512.8392  222.0223 -999.9000    0.0000    0.0000    5.1697   88.9472
  44.9691 21669.7186  222.2535 -999.9000    0.0000    0.0000    5.3696   88.9570
  43.8989 21826.5980  222.2659 -999.9000    0.0000    0.0000    4.9747   88.8369
  42.8525 21983.4774  222.1205 -999.9000    0.0000    0.0000    4.5013   88.6697
  41.8295 22140.3568  221.8655 -999.9000    0.0000    0.0000    4.2385   88.5214
  40.8309 22297.2362  221.5294 -999.9000    0.0000    0.0000    4.1237   88.4316
  39.8584 22454.1156  221.1417 -999.9000    0.0000    0.0000    4.0651   88.4374
  38.9104 22610.9950  221.5292 -999.9000    0.0000    0.0000    4.2103   88.5046
  37.9838 22767.8744  222.7855 -999.9000    0.0000    0.0000    4.6156   88.5579
  37.0791 22924.7538  223.4746 -999.9000    0.0000    0.0000    4.9496   88.6106
  36.1962 23081.6332  223.5655 -999.9000    0.0000    0.0000    5.1960   88.6649
  35.3349 23238.5126  223.2765 -999.9000    0.0000    0.0000    5.3944   88.7211
  34.4951 23395.3920  222.8250 -999.9000    0.0000    0.0000    5.5843   88.7793
  33.6765 23552.2714  222.4293 -999.9000    0.0000    0.0000    5.8054   88.8396
  32.8792 23709.1508  222.3070 -999.9000    0.0000    0.0000    6.0973   88.9021
  32.1025 23866.0302  222.6004 -999.9000    0.0000    0.0000    6.4725   88.9664
  31.3447 24022.9095  223.1722 -999.9000    0.0000    0.0000    6.8425   89.0294
  30.6036 24179.7889  223.8205 -999.9000    0.0000    0.0000    7.0963   89.0878
  29.8779 24336.6683  224.3182 -999.9000    0.0000    0.0000    7.1418   89.1301
  29.1715 24493.5477  224.3760 -999.9000    0.0000    0.0000    7.0835   89.0898
  28.4842 24650.4271  224.2421 -999.9000    0.0000    0.0000    6.9742   88.9796
  27.8138 24807.3065  224.2855 -999.9000    0.0000    0.0000    6.8279   88.8366
  27.1583 24964.1859  224.8731 -999.9000    0.0000    0.0000    6.6583   88.6979
  26.5173 25121.0653  226.0659 -999.9000    0.0000    0.0000    6.4859   88.5852
  25.8939 25277.9447  227.2754 -999.9000    0.0000    0.0000    6.3453   88.4883
  25.2914 25434.8241  227.8308 -999.9000    0.0000    0.0000    6.2731   88.3927
  24.7096 25591.7035  227.3654 -999.9000    0.0000    0.0000    6.3503   88.3136
  24.1354 25748.5829  226.8642 -999.9000    0.0000    0.0000    6.7378   88.3442
  23.5706 25905.4623  226.6600 -999.9000    0.0000    0.0000    7.3377   88.4419
  23.0189 26062.3417  226.9615 -999.9000    0.0000    0.0000    8.0247   88.5480
  22.4826 26219.2211  227.8340 -999.9000    0.0000    0.0000    8.6983   88.6216
  21.9608 26376.1005  228.9710 -999.9000    0.0000    0.0000    9.3196   88.6692
  21.4521 26532.9799  230.0076 -999.9000    0.0000    0.0000    9.8604   88.7041
  20.9548 26689.8593  230.5784 -999.9000    0.0000    0.0000   10.2918   88.7401
  20.4676 26846.7387  230.3183 -999.9000    0.0000    0.0000   10.5854   88.7908
  19.9891 27003.6181  228.8975 -999.9000    0.0000    0.0000   10.7058   88.8671
  19.5243 27160.4975  228.0371 -999.9000    0.0000    0.0000   10.2909   88.8331
  19.0752 27317.3769  228.5240 -999.9000    0.0000    0.0000    9.4125   88.6652
  18.6391 27474.2563  229.7777 -999.9000    0.0000    0.0000    8.4650   88.4541
  18.2135 27631.1357  231.2176 -999.9000    0.0000    0.0000    7.8427   88.2905
  17.7959 27788.0151  232.2720 -999.9000    0.0000    0.0000    7.9169   88.2601
  17.3864 27944.8945  232.5937 -999.9000    0.0000    0.0000    8.5086   88.3267
  16.9866 28101.7739  232.2085 -999.9000    0.0000    0.0000    9.1364   88.3867
  16.5963 28258.6533  231.4127 -999.9000    0.0000    0.0000    9.7654   88.4341
  16.2153 28415.5327  230.5301 -999.9000    0.0000    0.0000   10.4099   88.4734
  15.8432 28572.4121  229.8839 -999.9000    0.0000    0.0000   11.0842   88.5095
  15.4798 28729.2915  229.7919 -999.9000    0.0000    0.0000   11.8008   88.5468
  15.1246 28886.1709  230.2149 -999.9000    0.0000    0.0000   12.4570   88.5881
  14.7769 29043.0503  230.5958 -999.9000    0.0000    0.0000   12.7890   88.6333
  14.4368 29199.9296  230.7703 -999.9000    0.0000    0.0000   12.7317   88.6841
  14.1043 29356.8090  230.8757 -999.9000    0.0000    0.0000   12.3664   88.7433
  13.7798 29513.6884  231.0551 -999.9000    0.0000    0.0000   11.7774   88.8140
  13.4633 29670.5678  231.4516 -999.9000    0.0000    0.0000   11.0487   88.8992
  13.1552 29827.4472  232.2084 -999.9000    0.0000    0.0000   10.2648   89.0018
  12.8555 29984.3266  233.4117 -999.9000    0.0000    0.0000    9.5076   89.1215
  12.5638 30141.2060  234.7487 -999.9000    0.0000    0.0000    8.8452   89.2343
  12.2794 30298.0854  235.7373 -999.9000    0.0000    0.0000    8.3394   89.3059
  12.0018 30454.9648  235.8947 -999.9000    0.0000    0.0000    8.0519   89.3022
  11.7304 30611.8442  234.9925 -999.9000    0.0000    0.0000    8.0038   89.2026
  11.4650 30768.7236  233.8422 -999.9000    0.0000    0.0000    8.0494   89.0420
  11.2056 30925.6030  233.5200 -999.9000    0.0000    0.0000    8.0011   88.8691
  10.9522 31082.4824  234.6774 -999.9000    0.0000    0.0000    7.7384   88.7216
  10.7056 31239.3618  236.1540 -999.9000    0.0000    0.0000    7.4304   88.5894
  10.4661 31396.2412  236.6313 -999.9000    0.0000    0.0000    7.2738   88.4534
  10.2318 31553.1206  236.1890 -999.9000    0.0000    0.0000    7.2540   88.3118
  10.0000 31710.0000  235.2818 -999.9000    0.0000    0.0000    7.2999   88.1674
