# 06610 LSMP Payerne Observations at 12Z 30 Jul 2008
# Radiosonde file generated by raso.rb
#
  P [hPa],     Z [m],    T [K],   Td [K],   RH [%], r [g/kg], WS [m/s], WD [deg]
 962.0000   491.0000  298.0586 -999.9000   66.1590   13.6900    2.1170   93.0543
 944.6891   647.8794  296.0771 -999.9000   67.7522   12.6302    4.6342   92.6754
 927.6873   804.7588  294.7594 -999.9000   79.5279   13.9071    2.3167   92.9144
 911.0964   961.6382  293.5345 -999.9000   80.0203   14.4362    0.5876   92.0428
 894.7070  1118.5176  292.6585 -999.9000   80.0497   14.3064    1.5772   90.9797
 878.5406  1275.3970  292.4160 -999.9000   80.1412   13.3485    2.5898   90.6229
 862.6769  1432.2764  291.0829 -999.9000   81.0769   13.5129    2.8462   90.4248
 846.9845  1589.1558  289.8785 -999.9000   80.4137   13.9027    4.4742   90.3491
 831.5533  1746.0352  289.5615 -999.9000   80.9061   13.2228    5.3769   90.3950
 816.3570  1902.9146  288.2704 -999.9000   80.8045   11.9693    6.4981   90.4496
 801.3249  2059.7940  286.6970 -999.9000   80.5311   11.5640    7.1336   90.4939
 786.5365  2216.6734  285.3539 -999.9000   80.3801   10.4184    7.8899   90.5367
 771.9169  2373.5528  284.1285 -999.9000   80.7690    8.7627    9.0856   90.5644
 757.5041  2530.4322  283.0743 -999.9000   80.6336    8.5006    9.6173   90.6155
 743.3854  2687.3116  282.5010 -999.9000   77.9792    7.5803    8.5038   90.6080
 729.2940  2844.1910  281.4263 -999.9000   60.5405    5.5688    8.2512   90.6173
 715.5826  3001.0704  280.3767 -999.9000   50.2498    4.3807    9.8174   90.6971
 702.0616  3157.9497  279.1893 -999.9000   51.7292    4.2344   11.0810   90.7782
 688.7126  3314.8291  277.7066 -999.9000   59.0585    4.4448   11.1480   90.8007
 675.5482  3471.7085  276.0731 -999.9000   68.3639    4.6752   11.3713   90.8205
 662.5494  3628.5879  274.5892 -999.9000   74.3067    4.6607   11.9477   90.8487
 649.7305  3785.4673  273.5711 -999.9000   67.4078    4.0055   12.2098   90.8627
 637.1240  3942.3467  272.7081 -999.9000   55.2442    3.1437   11.4950   90.9118
 624.7467  4099.2261  271.6825 -999.9000   50.2512    2.7055    9.9112   91.0167
 612.5275  4256.1055  270.6105 -999.9000   50.1746    2.5464    9.4413   91.0465
 600.5160  4412.9849  269.9902 -999.9000   38.2637    1.8919    9.6833   91.0390
 588.7253  4569.8643  269.3821 -999.9000   22.7906    1.0986    9.8287   91.0433
 577.1128  4726.7437  268.0759 -999.9000   18.1865    0.8108    9.8404   91.0483
 565.6299  4883.6231  267.2272 -999.9000   17.0505    0.7276    9.7643   91.0538
 554.4053  5040.5025  266.6534 -999.9000   13.5096    0.5634    9.0373   91.1400
 543.3471  5197.3819  265.9669 -999.9000   12.8475    0.5190    8.2215   91.2153
 532.4739  5354.2613  264.9312 -999.9000   22.2133    0.8459    8.5908   91.2112
 521.8251  5511.1407  263.8742 -999.9000   24.0574    0.8613    9.3110   91.1806
 511.3144  5668.0201  263.0751 -999.9000   14.1033    0.4842    9.9578   91.1583
 500.9731  5824.8995  261.7262 -999.9000   12.9857    0.4090   10.6271   91.1344
 490.8286  5981.7789  260.1076 -999.9000   18.4164    0.5200   10.7511   91.1143
 480.7236  6138.6583  258.9875 -999.9000   29.2519    0.7703   11.0560   91.0832
 470.8214  6295.5377  257.6936 -999.9000   31.5143    0.7621   11.1265   91.0728
 461.0900  6452.4171  256.2607 -999.9000   30.8452    0.6762   10.8231   90.9894
 451.4963  6609.2965  254.9542 -999.9000   32.0170    0.6422    9.7919   90.8335
 442.0676  6766.1759  253.8731 -999.9000   32.5894    0.6091    8.8808   90.7116
 432.8253  6923.0553  252.9020 -999.9000   32.3041    0.5674    9.7728   90.6964
 423.7241  7079.9347  251.4860 -999.9000   36.0060    0.5712   10.6391   90.7318
 414.7432  7236.8141  249.7712 -999.9000   41.2261    0.5742   10.4253   90.7585
 405.9174  7393.6935  248.7659 -999.9000   31.8169    0.4138   10.6447   90.7794
 397.1974  7550.5729  247.4684 -999.9000   27.2339    0.3219   10.9059   90.7881
 388.6475  7707.4523  246.0646 -999.9000   31.1543    0.3308   11.0463   90.8405
 380.2876  7864.3317  245.0375 -999.9000   34.8018    0.3433   11.2793   90.9010
 372.0784  8021.2111  244.2088 -999.9000   39.0691    0.3645   11.4303   90.8924
 363.9826  8178.0905  243.4040 -999.9000   45.1912    0.3994   11.3446   90.7526
 356.0087  8334.9698  242.5391 -999.9000   54.4256    0.4529   11.3330   90.7678
 348.2042  8491.8492  241.6327 -999.9000   60.5492    0.5188   11.9423   91.3797
 340.5609  8648.7286  240.7676 -999.9000   64.9420    0.5272   12.1850   91.7004
 333.0575  8805.6080  239.8935 -999.9000   65.5552    0.4852   12.1388   91.6152
 325.6771  8962.4874  238.9099 -999.9000   64.9880    0.4338   12.4494   91.4555
 318.4095  9119.3668  237.7005 -999.9000   65.7845    0.3977   13.3855   91.4682
 311.2701  9276.2462  236.0556 -999.9000   60.6898    0.3338   13.5608   91.4746
 304.2599  9433.1256  234.4767 -999.9000   55.5169    0.2938   13.8027   91.4194
 297.3812  9590.0050  233.3854 -999.9000   50.6811    0.2688   14.3024   91.3896
 290.6045  9746.8844  232.1327 -999.9000   45.4802    0.2331   14.6485   91.3805
 283.9369  9903.7638  230.7304 -999.9000   45.7844    0.2031   15.0433   91.3479
 277.3870 10060.6432  229.2242 -999.9000   45.6411    0.1789   15.4490   91.3074
 270.9631 10217.5226  227.6539 -999.9000   45.5843    0.1538   15.7329   91.2950
 264.6694 10374.4020  226.0936 -999.9000   45.6999    0.1244   15.8046   91.3378
 258.4744 10531.2814  224.8501 -999.9000   45.2136    0.1097   15.9648   91.3756
 252.3757 10688.1608  223.8054 -999.9000   45.5351    0.1034   16.2421   91.3933
 246.3812 10845.0402  222.7305 -999.9000   40.2576    0.0916   16.5543   91.3978
 240.4896 11001.9196  221.5180 -999.9000   35.7019    0.0742   16.8481   91.3965
 234.6950 11158.7990  220.1632 -999.9000   35.9588    0.0604   17.0940   91.3968
 229.0082 11315.6784  218.7628 -999.9000   35.5048    0.0528   17.2865   91.3986
 223.4492 11472.5578  217.4648 -999.9000   34.9794    0.0500   17.4322   91.3982
 218.0236 11629.4372  216.2455 -999.9000   30.1338    0.0480   17.2496   91.4126
 212.6609 11786.3166  214.5565 -999.9000   25.6151    0.0350   15.5886   91.5070
 207.3913 11943.1960  213.7090 -999.9000   23.7816    0.0295   14.4293   91.4951
 202.2510 12100.0754  214.3979 -999.9000   18.0147    0.0410   14.1433   91.5711
 197.2536 12256.9548  215.7816 -999.9000    9.1030    0.0304   12.1614   92.1270
 192.4469 12413.8342  218.1589 -999.9000    2.6470    0.0062   12.6288   91.9985
 187.8076 12570.7136  217.9592 -999.9000    0.2371    0.0003   12.8869   91.9213
 183.2603 12727.5930  216.7069 -999.9000    0.2958    0.0003   12.6084   91.8946
 178.8033 12884.4724  216.2770 -999.9000    0.0000    0.0000   12.3874   91.8603
 174.4458 13041.3518  216.6633 -999.9000    0.0133    0.0000   12.5306   91.7991
 170.1876 13198.2312  216.8719 -999.9000    0.0000    0.0000   13.0643   91.6668
 166.0391 13355.1106  217.0235 -999.9000    0.0000    0.0000   13.6910   91.5392
 162.0101 13511.9899  216.6311 -999.9000    0.0002    0.0000   13.9953   91.4198
 158.0706 13668.8693  215.6308 -999.9000    0.0000    0.0000   13.6161   91.3880
 154.1974 13825.7487  214.7424 -999.9000    0.0000    0.0000   12.4574   91.4693
 150.4126 13982.6281  214.6613 -999.9000    0.0000    0.0000   10.5447   91.5650
 146.7292 14139.5075  215.5772 -999.9000    0.0000    0.0000   10.4664   91.5673
 143.1108 14296.3869  213.7887 -999.9000    0.0000    0.0000   10.3837   91.5696
 139.5597 14453.2663  216.1981 -999.9000    0.0000    0.0000   10.3482   91.5684
 136.1266 14610.1457  213.8568 -999.9000    0.0000    0.0000   10.3351   91.5540
 132.7619 14767.0251  212.9852 -999.9000    0.0000    0.0000   10.3259   91.5347
 129.4754 14923.9045  213.9862 -999.9000    0.0000    0.0000   10.3147   91.5197
 126.2897 15080.7839  215.1019 -999.9000    0.0000    0.0000   10.2926   91.5108
 123.1790 15237.6633  216.3442 -999.9000    0.0000    0.0000   10.2980   91.4644
 120.1481 15394.5427  216.8364 -999.9000    0.0000    0.0000   10.1445   91.3748
 117.2138 15551.4221  216.2150 -999.9000    0.0000    0.0000    9.7723   91.2661
 114.3435 15708.3015  216.1464 -999.9000    0.0000    0.0000    9.4390   91.1464
 111.5416 15865.1809  215.9313 -999.9000    0.0000    0.0000    8.8468   91.1933
 108.8149 16022.0603  217.2745 -999.9000    0.0000    0.0000    8.0219   91.4869
 106.1648 16178.9397  217.3596 -999.9000    0.0000    0.0000    7.5503   91.3484
 103.5767 16335.8191  217.0240 -999.9000    0.0000    0.0000    6.1104   91.9971
 101.0524 16492.6985  219.0997 -999.9000    0.0000    0.0000    1.6241   90.4089
  98.6148 16649.5779  217.7374 -999.9000    0.0000    0.0000    0.8407   90.4014
  96.2203 16806.4573  217.0252 -999.9000    0.0000    0.0000    0.0065   90.4014
  93.8688 16963.3367  216.3353 -999.9000    0.0000    0.0000    1.0816   90.4014
  91.5836 17120.2161  216.2385 -999.9000    0.0000    0.0000    1.9426   90.4014
  89.3567 17277.0955  216.2379 -999.9000    0.0000    0.0000    2.5701   90.4014
  87.1784 17433.9749  215.7850 -999.9000    0.0000    0.0000    3.2610   90.3927
  85.0453 17590.8543  214.9917 -999.9000    0.0000    0.0000    4.1819   90.0754
  82.9608 17747.7337  214.6812 -999.9000    0.0000    0.0000    5.3595   90.9865
  80.9282 17904.6131  215.3367 -999.9000    0.0000    0.0000    6.5102   90.6807
  78.9484 18061.4925  215.9883 -999.9000    0.0000    0.0000    6.4057   90.4907
  77.0217 18218.3719  216.6667 -999.9000    0.0000    0.0000    5.4494   90.6714
  75.1483 18375.2513  217.7292 -999.9000    0.0000    0.0000    4.4958   90.9237
  73.3271 18532.1307  218.8342 -999.9000    0.0000    0.0000    3.8757   91.0464
  71.5556 18689.0101  218.9620 -999.9000    0.0000    0.0000    3.4111   90.9336
  69.8260 18845.8894  217.8481 -999.9000    0.0000    0.0000    2.7958   91.0562
  68.1227 19002.7688  217.5589 -999.9000    0.0000    0.0000    1.6629   91.7656
  66.4601 19159.6482  217.9098 -999.9000    0.0000    0.0000    0.6436   89.5288
  64.8418 19316.5276  218.3944 -999.9000    0.0000    0.0000    0.3477   87.4851
  63.2670 19473.4070  218.7991 -999.9000    0.0000    0.0000    0.9056   87.9468
  61.7318 19630.2864  219.3621 -999.9000    0.0000    0.0000    1.5089   88.3028
  60.2355 19787.1658  219.5774 -999.9000    0.0000    0.0000    2.2708   88.5476
  58.7762 19944.0452  219.2847 -999.9000    0.0000    0.0000    3.1315   88.9105
  57.3501 20100.9246  218.9105 -999.9000    0.0000    0.0000    3.5868   89.0671
  55.9562 20257.8040  218.6490 -999.9000    0.0000    0.0000    3.5394   88.9446
  54.5968 20414.6834  218.4207 -999.9000    0.0000    0.0000    3.3547   88.7725
  53.2731 20571.5628  218.3777 -999.9000    0.0000    0.0000    3.1958   88.6461
  51.9860 20728.4422  218.8310 -999.9000    0.0000    0.0000    3.0797   88.5640
  50.7361 20885.3216  220.0941 -999.9000    0.0000    0.0000    3.0208   88.5228
  49.5229 21042.2010  221.8784 -999.9000    0.0000    0.0000    3.0028   88.5126
  48.3394 21199.0804  221.2744 -999.9000    0.0000    0.0000    3.3751   88.5757
  47.1874 21355.9598  221.3580 -999.9000    0.0000    0.0000    4.5365   88.7747
  46.0647 21512.8392  221.7672 -999.9000    0.0000    0.0000    5.6021   88.9472
  44.9691 21669.7186  222.0228 -999.9000    0.0000    0.0000    5.8391   88.9570
  43.8989 21826.5980  222.0618 -999.9000    0.0000    0.0000    5.4799   88.8369
  42.8525 21983.4774  221.9446 -999.9000    0.0000    0.0000    5.0406   88.6697
  41.8295 22140.3568  221.7191 -999.9000    0.0000    0.0000    4.8100   88.5214
  40.8309 22297.2362  221.4136 -999.9000    0.0000    0.0000    4.7255   88.4316
  39.8584 22454.1156  221.0572 -999.9000    0.0000    0.0000    4.6952   88.4374
  38.9104 22610.9950  221.4764 -999.9000    0.0000    0.0000    4.8667   88.5046
  37.9838 22767.8744  222.7643 -999.9000    0.0000    0.0000    5.2960   88.5579
  37.0791 22924.7538  223.4848 -999.9000    0.0000    0.0000    5.6516   88.6106
  36.1962 23081.6332  223.6064 -999.9000    0.0000    0.0000    5.9172   88.6649
  35.3349 23238.5126  223.3471 -999.9000    0.0000    0.0000    6.1322   88.7211
  34.4951 23395.3920  222.9241 -999.9000    0.0000    0.0000    6.3360   88.7793
  33.6765 23552.2714  222.5551 -999.9000    0.0000    0.0000    6.5682   88.8396
  32.8792 23709.1508  222.4576 -999.9000    0.0000    0.0000    6.8683   88.9021
  32.1025 23866.0302  222.7735 -999.9000    0.0000    0.0000    7.2485   88.9664
  31.3447 24022.9095  223.3651 -999.9000    0.0000    0.0000    7.6205   89.0294
  30.6036 24179.7889  224.0302 -999.9000    0.0000    0.0000    7.8729   89.0878
  29.8779 24336.6683  224.5414 -999.9000    0.0000    0.0000    7.9137   89.1301
  29.1715 24493.5477  224.6090 -999.9000    0.0000    0.0000    7.8472   89.0898
  28.4842 24650.4271  224.4810 -999.9000    0.0000    0.0000    7.7260   88.9796
  27.8138 24807.3065  224.5259 -999.9000    0.0000    0.0000    7.5641   88.8366
  27.1583 24964.1859  225.1106 -999.9000    0.0000    0.0000    7.3751   88.6979
  26.5173 25121.0653  226.2961 -999.9000    0.0000    0.0000    7.1798   88.5852
  25.8939 25277.9447  227.4945 -999.9000    0.0000    0.0000    7.0131   88.4883
  25.2914 25434.8241  228.0349 -999.9000    0.0000    0.0000    6.9117   88.3927
  24.7096 25591.7035  227.5511 -999.9000    0.0000    0.0000    6.9569   88.3136
  24.1354 25748.5829  227.0283 -999.9000    0.0000    0.0000    7.3099   88.3442
  23.5706 25905.4623  226.7996 -999.9000    0.0000    0.0000    7.8730   88.4419
  23.0189 26062.3417  227.0740 -999.9000    0.0000    0.0000    8.5212   88.5480
  22.4826 26219.2211  227.9169 -999.9000    0.0000    0.0000    9.1542   88.6216
  21.9608 26376.1005  229.0222 -999.9000    0.0000    0.0000    9.7334   88.6692
  21.4521 26532.9799  230.0254 -999.9000    0.0000    0.0000   10.2307   88.7041
  20.9548 26689.8593  230.5611 -999.9000    0.0000    0.0000   10.6178   88.7401
  20.4676 26846.7387  230.2647 -999.9000    0.0000    0.0000   10.8661   88.7908
  19.9891 27003.6181  228.8065 -999.9000    0.0000    0.0000   10.9408   88.8671
  19.5243 27160.4975  227.9079 -999.9000    0.0000    0.0000   10.4798   88.8331
  19.0752 27317.3769  228.3562 -999.9000    0.0000    0.0000    9.5553   88.6652
  18.6391 27474.2563  229.5709 -999.9000    0.0000    0.0000    8.5619   88.4541
  18.2135 27631.1357  230.9720 -999.9000    0.0000    0.0000    7.8942   88.2905
  17.7959 27788.0151  231.9879 -999.9000    0.0000    0.0000    7.9238   88.2601
  17.3864 27944.8945  232.2715 -999.9000    0.0000    0.0000    8.4718   88.3267
  16.9866 28101.7739  231.8492 -999.9000    0.0000    0.0000    9.0571   88.3867
  16.5963 28258.6533  231.0174 -999.9000    0.0000    0.0000    9.6451   88.4341
  16.2153 28415.5327  230.1002 -999.9000    0.0000    0.0000   10.2502   88.4734
  15.8432 28572.4121  229.4210 -999.9000    0.0000    0.0000   10.8872   88.5095
  15.4798 28729.2915  229.2980 -999.9000    0.0000    0.0000   11.5686   88.5468
  15.1246 28886.1709  229.6921 -999.9000    0.0000    0.0000   12.1921   88.5881
  14.7769 29043.0503  230.0466 -999.9000    0.0000    0.0000   12.4942   88.6333
  14.4368 29199.9296  230.1974 -999.9000    0.0000    0.0000   12.4099   88.6841
  14.1043 29356.8090  230.2821 -999.9000    0.0000    0.0000   12.0207   88.7433
  13.7798 29513.6884  230.4441 -999.9000    0.0000    0.0000   11.4114   88.8140
  13.4633 29670.5678  230.8267 -999.9000    0.0000    0.0000   10.6662   88.8992
  13.1552 29827.4472  231.5734 -999.9000    0.0000    0.0000    9.8696   89.0018
  12.8555 29984.3266  232.7707 -999.9000    0.0000    0.0000    9.1040   89.1215
  12.5638 30141.2060  234.1060 -999.9000    0.0000    0.0000    8.4375   89.2343
  12.2794 30298.0854  235.0976 -999.9000    0.0000    0.0000    7.9324   89.3059
  12.0018 30454.9648  235.2627 -999.9000    0.0000    0.0000    7.6506   89.3022
  11.7304 30611.8442  234.3735 -999.9000    0.0000    0.0000    7.6134   89.2026
  11.4650 30768.7236  233.2416 -999.9000    0.0000    0.0000    7.6754   89.0420
  11.2056 30925.6030  232.9434 -999.9000    0.0000    0.0000    7.6491   88.8691
  10.9522 31082.4824  234.1308 -999.9000    0.0000    0.0000    7.4144   88.7216
  10.7056 31239.3618  235.6436 -999.9000    0.0000    0.0000    7.1406   88.5894
  10.4661 31396.2412  236.1636 -999.9000    0.0000    0.0000    7.0246   88.4534
  10.2318 31553.1206  235.7708 -999.9000    0.0000    0.0000    7.0522   88.3118
  10.0000 31710.0000  234.9201 -999.9000    0.0000    0.0000    7.1524   88.1674
