# 06610 LSMP Payerne Observations at 12Z 30 Jul 2008
# Radiosonde file generated by raso.rb
#
  P [hPa],     Z [m],    T [K],   Td [K],   RH [%], r [g/kg], WS [m/s], WD [deg]
 962.0000   491.0000  298.0558 -999.9000   66.2686   13.6900    2.0742   93.0543
 944.6891   647.8794  296.0752 -999.9000   67.8301   12.6302    4.5619   92.6754
 927.6873   804.7588  294.7557 -999.9000   79.5822   13.9071    2.2175   92.9144
 911.0964   961.6382  293.5268 -999.9000   80.0410   14.4362    0.4640   92.0428
 894.7070  1118.5176  292.6444 -999.9000   80.0396   14.3064    1.4318   90.9797
 878.5406  1275.3970  292.3935 -999.9000   80.1031   13.3485    2.4251   90.6229
 862.6769  1432.2764  291.0500 -999.9000   81.0131   13.5129    2.6644   90.4248
 846.9845  1589.1558  289.8336 -999.9000   80.3281   13.9027    4.2778   90.3491
 831.5533  1746.0352  289.5027 -999.9000   80.8003   13.2228    5.1680   90.3950
 816.3570  1902.9146  288.1963 -999.9000   80.6817   11.9693    6.2789   90.4496
 801.3249  2059.7940  286.6063 -999.9000   80.3942   11.5640    6.9061   90.4939
 786.5365  2216.6734  285.2453 -999.9000   80.2313   10.4184    7.6563   90.5367
 771.9169  2373.5528  284.0010 -999.9000   80.6095    8.7627    8.8477   90.5644
 757.5041  2530.4322  282.9269 -999.9000   80.4664    8.5006    9.3770   90.6155
 743.3854  2687.3116  282.3330 -999.9000   77.8120    7.5803    8.2629   90.6080
 729.2940  2844.1910  281.2370 -999.9000   60.4078    5.5688    8.0113   90.6173
 715.5826  3001.0704  280.1656 -999.9000   50.1384    4.3807    9.5804   90.6971
 702.0616  3157.9497  278.9561 -999.9000   51.6143    4.2344   10.8483   90.7782
 688.7126  3314.8291  277.4511 -999.9000   58.9283    4.4448   10.9211   90.8007
 675.5482  3471.7085  275.7953 -999.9000   68.2155    4.6752   11.1517   90.8205
 662.5494  3628.5879  274.2890 -999.9000   74.1493    4.6607   11.7368   90.8487
 649.7305  3785.4673  273.2489 -999.9000   67.2696    4.0055   12.0089   90.8627
 637.1240  3942.3467  272.3643 -999.9000   55.1356    3.1437   11.3052   90.9118
 624.7467  4099.2261  271.3175 -999.9000   50.1572    2.7055    9.7337   91.0167
 612.5275  4256.1055  270.2251 -999.9000   50.0862    2.5464    9.2772   91.0465
 600.5160  4412.9849  269.5852 -999.9000   38.2008    1.8919    9.5335   91.0390
 588.7253  4569.8643  268.9583 -999.9000   22.7561    1.0986    9.6942   91.0433
 577.1128  4726.7437  267.6346 -999.9000   18.1614    0.8108    9.7221   91.0483
 565.6299  4883.6231  266.7696 -999.9000   17.0294    0.7276    9.6630   91.0538
 554.4053  5040.5025  266.1809 -999.9000   13.4949    0.5634    8.9536   91.1400
 543.3471  5197.3819  265.4810 -999.9000   12.8355    0.5190    8.1561   91.2153
 532.4739  5354.2613  264.4336 -999.9000   22.1960    0.8459    8.5442   91.2112
 521.8251  5511.1407  263.3668 -999.9000   24.0424    0.8613    9.2839   91.1806
 511.3144  5668.0201  262.5598 -999.9000   14.0967    0.4842    9.9504   91.1583
 500.9731  5824.8995  261.2052 -999.9000   12.9817    0.4090   10.6399   91.1344
 490.8286  5981.7789  259.5831 -999.9000   18.4135    0.5200   10.7843   91.1143
 480.7236  6138.6583  258.4619 -999.9000   29.2516    0.7703   11.1098   91.0832
 470.8214  6295.5377  257.1695 -999.9000   31.5185    0.7621   11.2011   91.0728
 461.0900  6452.4171  255.7408 -999.9000   30.8535    0.6762   10.9185   90.9894
 451.4963  6609.2965  254.4414 -999.9000   32.0297    0.6422    9.9082   90.8335
 442.0676  6766.1759  253.3703 -999.9000   32.6062    0.6091    9.0178   90.7116
 432.8253  6923.0553  252.4124 -999.9000   32.3244    0.5674    9.9304   90.6964
 423.7241  7079.9347  251.0128 -999.9000   36.0320    0.5712   10.8170   90.7318
 414.7432  7236.8141  249.3179 -999.9000   41.2594    0.5742   10.6233   90.7585
 405.9174  7393.6935  248.3361 -999.9000   31.8448    0.4138   10.8625   90.7794
 397.1974  7550.5729  247.0658 -999.9000   27.2592    0.3219   11.1429   90.7881
 388.6475  7707.4523  245.6926 -999.9000   31.1844    0.3308   11.3021   90.8405
 380.2876  7864.3317  244.6993 -999.9000   34.8362    0.3433   11.5535   90.9010
 372.0784  8021.2111  243.9072 -999.9000   39.1082    0.3645   11.7223   90.8924
 363.9826  8178.0905  243.1415 -999.9000   45.2364    0.3994   11.6541   90.7526
 356.0087  8334.9698  242.3178 -999.9000   54.4794    0.4529   11.6595   90.7678
 348.2042  8491.8492  241.4544 -999.9000   60.6078    0.5188   12.2852   91.3797
 340.5609  8648.7286  240.6338 -999.9000   65.0030    0.5272   12.5440   91.7004
 333.0575  8805.6080  239.8053 -999.9000   65.6145    0.4852   12.5134   91.6152
 325.6771  8962.4874  238.8681 -999.9000   65.0441    0.4338   12.8391   91.4555
 318.4095  9119.3668  237.7055 -999.9000   65.8383    0.3977   13.7899   91.4682
 311.2701  9276.2462  236.1074 -999.9000   60.7365    0.3338   13.9795   91.4746
 304.2599  9433.1256  234.5752 -999.9000   55.5568    0.2938   14.2351   91.4194
 297.3812  9590.0050  233.5301 -999.9000   50.7150    0.2688   14.7481   91.3896
 290.6045  9746.8844  232.3225 -999.9000   45.5084    0.2331   15.1070   91.3805
 283.9369  9903.7638  230.9642 -999.9000   45.8106    0.2031   15.5142   91.3479
 277.3870 10060.6432  229.5004 -999.9000   45.6652    0.1789   15.9318   91.3074
 270.9631 10217.5226  227.9705 -999.9000   45.6065    0.1538   16.2271   91.2950
 264.6694 10374.4020  226.4483 -999.9000   45.7206    0.1244   16.3099   91.3378
 258.4744 10531.2814  225.2404 -999.9000   45.2328    0.1097   16.4806   91.3756
 252.3757 10688.1608  224.2283 -999.9000   45.5536    0.1034   16.7679   91.3933
 246.3812 10845.0402  223.1828 -999.9000   40.2735    0.0916   17.0897   91.3978
 240.4896 11001.9196  221.9960 -999.9000   35.7160    0.0742   17.3926   91.3965
 234.6950 11158.7990  220.6632 -999.9000   35.9734    0.0604   17.6471   91.3968
 229.0082 11315.6784  219.2814 -999.9000   35.5199    0.0528   17.8477   91.3986
 223.4492 11472.5578  217.9986 -999.9000   34.9952    0.0500   18.0008   91.3982
 218.0236 11629.4372  216.7914 -999.9000   30.1484    0.0480   17.8249   91.4126
 212.6609 11786.3166  215.1112 -999.9000   25.6285    0.0350   16.1698   91.5070
 207.3913 11943.1960  214.2697 -999.9000   23.7950    0.0295   15.0156   91.4951
 202.2510 12100.0754  214.9617 -999.9000   18.0256    0.0410   14.7339   91.5711
 197.2536 12256.9548  216.3459 -999.9000    9.1089    0.0304   12.7552   92.1270
 192.4469 12413.8342  218.7212 -999.9000    2.6488    0.0062   13.2248   91.9985
 187.8076 12570.7136  218.5170 -999.9000    0.2373    0.0003   13.4841   91.9213
 183.2603 12727.5930  217.2581 -999.9000    0.2960    0.0003   13.2057   91.8946
 178.8033 12884.4724  216.8193 -999.9000    0.0000    0.0000   12.9834   91.8603
 174.4458 13041.3518  217.1949 -999.9000    0.0133    0.0000   13.1242   91.7991
 170.1876 13198.2312  217.3908 -999.9000    0.0000    0.0000   13.6541   91.6668
 166.0391 13355.1106  217.5282 -999.9000    0.0000    0.0000   14.2755   91.5392
 162.0101 13511.9899  217.1198 -999.9000    0.0002    0.0000   14.5732   91.4198
 158.0706 13668.8693  216.1023 -999.9000    0.0000    0.0000   14.1857   91.3880
 154.1974 13825.7487  215.1952 -999.9000    0.0000    0.0000   13.0172   91.4693
 150.4126 13982.6281  215.0945 -999.9000    0.0000    0.0000   11.0931   91.5650
 146.7292 14139.5075  215.9896 -999.9000    0.0000    0.0000   11.0016   91.5673
 143.1108 14296.3869  214.1795 -999.9000    0.0000    0.0000   10.9038   91.5696
 139.5597 14453.2663  216.5666 -999.9000    0.0000    0.0000   10.8515   91.5684
 136.1266 14610.1457  214.2024 -999.9000    0.0000    0.0000   10.8198   91.5540
 132.7619 14767.0251  213.3075 -999.9000    0.0000    0.0000   10.7903   91.5347
 129.4754 14923.9045  214.2851 -999.9000    0.0000    0.0000   10.7574   91.5197
 126.2897 15080.7839  215.3773 -999.9000    0.0000    0.0000   10.7123   91.5108
 123.1790 15237.6633  216.5963 -999.9000    0.0000    0.0000   10.6935   91.4644
 120.1481 15394.5427  217.0654 -999.9000    0.0000    0.0000   10.5148   91.3748
 117.2138 15551.4221  216.4215 -999.9000    0.0000    0.0000   10.1166   91.2661
 114.3435 15708.3015  216.3310 -999.9000    0.0000    0.0000    9.7566   91.1464
 111.5416 15865.1809  216.0950 -999.9000    0.0000    0.0000    9.1373   91.1933
 108.8149 16022.0603  217.4183 -999.9000    0.0000    0.0000    8.2848   91.4869
 106.1648 16178.9397  217.4847 -999.9000    0.0000    0.0000    7.7856   91.3484
 103.5767 16335.8191  217.1319 -999.9000    0.0000    0.0000    6.3179   91.9971
 101.0524 16492.6985  219.1920 -999.9000    0.0000    0.0000    1.8040   90.4089
  98.6148 16649.5779  217.8157 -999.9000    0.0000    0.0000    0.9933   90.4014
  96.2203 16806.4573  217.0915 -999.9000    0.0000    0.0000    0.1323   90.4014
  93.8688 16963.3367  216.3918 -999.9000    0.0000    0.0000    1.1812   90.4014
  91.5836 17120.2161  216.2875 -999.9000    0.0000    0.0000    2.0167   90.4014
  89.3567 17277.0955  216.2818 -999.9000    0.0000    0.0000    2.6197   90.4014
  87.1784 17433.9749  215.8265 -999.9000    0.0000    0.0000    3.2872   90.3927
  85.0453 17590.8543  215.0337 -999.9000    0.0000    0.0000    4.1860   90.0754
  82.9608 17747.7337  214.7267 -999.9000    0.0000    0.0000    5.3428   90.9865
  80.9282 17904.6131  215.3888 -999.9000    0.0000    0.0000    6.4744   90.6807
  78.9484 18061.4925  216.0502 -999.9000    0.0000    0.0000    6.3524   90.4907
  77.0217 18218.3719  216.7413 -999.9000    0.0000    0.0000    5.3801   90.6714
  75.1483 18375.2513  217.8189 -999.9000    0.0000    0.0000    4.4121   90.9237
  73.3271 18532.1307  218.9412 -999.9000    0.0000    0.0000    3.7790   91.0464
  71.5556 18689.0101  219.0883 -999.9000    0.0000    0.0000    3.3027   90.9336
  69.8260 18845.8894  217.9953 -999.9000    0.0000    0.0000    2.6769   91.0562
  68.1227 19002.7688  217.7282 -999.9000    0.0000    0.0000    1.5349   91.7656
  66.4601 19159.6482  218.1021 -999.9000    0.0000    0.0000    0.5075   89.5288
  64.8418 19316.5276  218.6103 -999.9000    0.0000    0.0000    0.2046   87.4851
  63.2670 19473.4070  219.0389 -999.9000    0.0000    0.0000    0.7565   87.9468
  61.7318 19630.2864  219.6258 -999.9000    0.0000    0.0000    1.3547   88.3028
  60.2355 19787.1658  219.8646 -999.9000    0.0000    0.0000    2.1123   88.5476
  58.7762 19944.0452  219.5948 -999.9000    0.0000    0.0000    2.9695   88.9105
  57.3501 20100.9246  219.2426 -999.9000    0.0000    0.0000    3.4220   89.0671
  55.9562 20257.8040  219.0017 -999.9000    0.0000    0.0000    3.3724   88.9446
  54.5968 20414.6834  218.7924 -999.9000    0.0000    0.0000    3.1860   88.7725
  53.2731 20571.5628  218.7666 -999.9000    0.0000    0.0000    3.0260   88.6461
  51.9860 20728.4422  219.2346 -999.9000    0.0000    0.0000    2.9092   88.5640
  50.7361 20885.3216  220.5100 -999.9000    0.0000    0.0000    2.8499   88.5228
  49.5229 21042.2010  222.3038 -999.9000    0.0000    0.0000    2.8317   88.5126
  48.3394 21199.0804  221.7060 -999.9000    0.0000    0.0000    3.2041   88.5757
  47.1874 21355.9598  221.7923 -999.9000    0.0000    0.0000    4.3656   88.7747
  46.0647 21512.8392  222.2004 -999.9000    0.0000    0.0000    5.4314   88.9472
  44.9691 21669.7186  222.4516 -999.9000    0.0000    0.0000    5.6688   88.9570
  43.8989 21826.5980  222.4828 -999.9000    0.0000    0.0000    5.3102   88.8369
  42.8525 21983.4774  222.3545 -999.9000    0.0000    0.0000    4.8717   88.6697
  41.8295 22140.3568  222.1151 -999.9000    0.0000    0.0000    4.6423   88.5214
  40.8309 22297.2362  221.7927 -999.9000    0.0000    0.0000    4.5594   88.4316
  39.8584 22454.1156  221.4168 -999.9000    0.0000    0.0000    4.5310   88.4374
  38.9104 22610.9950  221.8139 -999.9000    0.0000    0.0000    4.7049   88.5046
  37.9838 22767.8744  223.0775 -999.9000    0.0000    0.0000    5.1372   88.5579
  37.0791 22924.7538  223.7714 -999.9000    0.0000    0.0000    5.4964   88.6106
  36.1962 23081.6332  223.8644 -999.9000    0.0000    0.0000    5.7662   88.6649
  35.3349 23238.5126  223.5746 -999.9000    0.0000    0.0000    5.9861   88.7211
  34.4951 23395.3920  223.1195 -999.9000    0.0000    0.0000    6.1956   88.7793
  33.6765 23552.2714  222.7169 -999.9000    0.0000    0.0000    6.4343   88.8396
  32.8792 23709.1508  222.5844 -999.9000    0.0000    0.0000    6.7418   88.9021
  32.1025 23866.0302  222.8641 -999.9000    0.0000    0.0000    7.1303   88.9664
  31.3447 24022.9095  223.4185 -999.9000    0.0000    0.0000    7.5116   89.0294
  30.6036 24179.7889  224.0457 -999.9000    0.0000    0.0000    7.7744   89.0878
  29.8779 24336.6683  224.5181 -999.9000    0.0000    0.0000    7.8266   89.1301
  29.1715 24493.5477  224.5465 -999.9000    0.0000    0.0000    7.7728   89.0898
  28.4842 24650.4271  224.3789 -999.9000    0.0000    0.0000    7.6654   88.9796
  27.8138 24807.3065  224.3840 -999.9000    0.0000    0.0000    7.5186   88.8366
  27.1583 24964.1859  224.9289 -999.9000    0.0000    0.0000    7.3460   88.6979
  26.5173 25121.0653  226.0748 -999.9000    0.0000    0.0000    7.1682   88.5852
  25.8939 25277.9447  227.2338 -999.9000    0.0000    0.0000    7.0200   88.4883
  25.2914 25434.8241  227.7355 -999.9000    0.0000    0.0000    6.9380   88.3927
  24.7096 25591.7035  227.2136 -999.9000    0.0000    0.0000    7.0034   88.3136
  24.1354 25748.5829  226.6537 -999.9000    0.0000    0.0000    7.3770   88.3442
  23.5706 25905.4623  226.3889 -999.9000    0.0000    0.0000    7.9612   88.4419
  23.0189 26062.3417  226.6285 -999.9000    0.0000    0.0000    8.6309   88.5480
  22.4826 26219.2211  227.4380 -999.9000    0.0000    0.0000    9.2854   88.6216
  21.9608 26376.1005  228.5116 -999.9000    0.0000    0.0000    9.8862   88.6692
  21.4521 26532.9799  229.4847 -999.9000    0.0000    0.0000   10.4050   88.7041
  20.9548 26689.8593  229.9925 -999.9000    0.0000    0.0000   10.8132   88.7401
  20.4676 26846.7387  229.6702 -999.9000    0.0000    0.0000   11.0824   88.7908
  19.9891 27003.6181  228.1885 -999.9000    0.0000    0.0000   11.1773   88.8671
  19.5243 27160.4975  227.2690 -999.9000    0.0000    0.0000   10.7358   88.8331
  19.0752 27317.3769  227.6991 -999.9000    0.0000    0.0000    9.8301   88.6652
  18.6391 27474.2563  228.8985 -999.9000    0.0000    0.0000    8.8545   88.4541
  18.2135 27631.1357  230.2872 -999.9000    0.0000    0.0000    8.2034   88.2905
  17.7959 27788.0151  231.2941 -999.9000    0.0000    0.0000    8.2484   88.2601
  17.3864 27944.8945  231.5722 -999.9000    0.0000    0.0000    8.8104   88.3267
  16.9866 28101.7739  231.1480 -999.9000    0.0000    0.0000    9.4081   88.3867
  16.5963 28258.6533  230.3180 -999.9000    0.0000    0.0000   10.0069   88.4341
  16.2153 28415.5327  229.4066 -999.9000    0.0000    0.0000   10.6209   88.4734
  15.8432 28572.4121  228.7375 -999.9000    0.0000    0.0000   11.2649   88.5095
  15.4798 28729.2915  228.6288 -999.9000    0.0000    0.0000   11.9512   88.5468
  15.1246 28886.1709  229.0418 -999.9000    0.0000    0.0000   12.5774   88.5881
  14.7769 29043.0503  229.4199 -999.9000    0.0000    0.0000   12.8797   88.6333
  14.4368 29199.9296  229.5992 -999.9000    0.0000    0.0000   12.7931   88.6841
  14.1043 29356.8090  229.7175 -999.9000    0.0000    0.0000   12.3990   88.7433
  13.7798 29513.6884  229.9183 -999.9000    0.0000    0.0000   11.7820   88.8140
  13.4633 29670.5678  230.3451 -999.9000    0.0000    0.0000   11.0260   88.8992
  13.1552 29827.4472  231.1417 -999.9000    0.0000    0.0000   10.2156   89.0018
  12.8555 29984.3266  232.3946 -999.9000    0.0000    0.0000    9.4330   89.1215
  12.5638 30141.2060  233.7917 -999.9000    0.0000    0.0000    8.7462   89.2343
  12.2794 30298.0854  234.8511 -999.9000    0.0000    0.0000    8.2172   89.3059
  12.0018 30454.9648  235.0904 -999.9000    0.0000    0.0000    7.9079   89.3022
  11.7304 30611.8442  234.2819 -999.9000    0.0000    0.0000    7.8392   89.2026
  11.4650 30768.7236  233.2374 -999.9000    0.0000    0.0000    7.8659   89.0420
  11.2056 30925.6030  233.0336 -999.9000    0.0000    0.0000    7.8003   88.8691
  10.9522 31082.4824  234.3224 -999.9000    0.0000    0.0000    7.5220   88.7216
  10.7056 31239.3618  235.9439 -999.9000    0.0000    0.0000    7.2002   88.5894
  10.4661 31396.2412  236.5800 -999.9000    0.0000    0.0000    7.0319   88.4534
  10.2318 31553.1206  236.3109 -999.9000    0.0000    0.0000    7.0023   88.3118
  10.0000 31710.0000  235.5917 -999.9000    0.0000    0.0000    7.0407   88.1674
