# 06610 LSMP Payerne Observations at 12Z 30 Jul 2008
# Radiosonde file generated by raso.rb
#
  P [hPa],     Z [m],    T [K],   Td [K],   RH [%], r [g/kg], WS [m/s], WD [deg]
 962.0000   491.0000  298.2135 -999.9000   66.2911   13.6900    2.1840   93.0543
 944.6891   647.8794  296.2239 -999.9000   67.8358   12.6302    4.5683   92.6754
 927.6873   804.7588  294.8988 -999.9000   79.5707   13.9071    2.1310   92.9144
 911.0964   961.6382  293.6670 -999.9000   80.0128   14.4362    0.2950   92.0428
 894.7070  1118.5176  292.7847 -999.9000   79.9967   14.3064    1.1899   90.9797
 878.5406  1275.3970  292.5365 -999.9000   80.0473   13.3485    2.1198   90.6229
 862.6769  1432.2764  291.1982 -999.9000   80.9452   13.5129    2.3047   90.4248
 846.9845  1589.1558  289.9891 -999.9000   80.2512   13.9027    3.8722   90.3491
 831.5533  1746.0352  289.6677 -999.9000   80.7147   13.2228    4.7249   90.3950
 816.3570  1902.9146  288.3728 -999.9000   80.5896   11.9693    5.8061   90.4496
 801.3249  2059.7940  286.7959 -999.9000   80.2971   11.5640    6.4110   90.4939
 786.5365  2216.6734  285.4495 -999.9000   80.1306   10.4184    7.1459   90.5367
 771.9169  2373.5528  284.2212 -999.9000   80.5057    8.7627    8.3287   90.5644
 757.5041  2530.4322  283.1643 -999.9000   80.3615    8.5006    8.8557   90.6155
 743.3854  2687.3116  282.5885 -999.9000   77.7104    7.5803    7.7452   90.6080
 729.2940  2844.1910  281.5115 -999.9000   60.3296    5.5688    7.5027   90.6173
 715.5826  3001.0704  280.4598 -999.9000   50.0747    4.3807    9.0859   90.6971
 702.0616  3157.9497  279.2703 -999.9000   51.5506    4.2344   10.3728   90.7782
 688.7126  3314.8291  277.7855 -999.9000   58.8583    4.4448   10.4688   90.8007
 675.5482  3471.7085  276.1501 -999.9000   68.1384    4.6752   10.7265   90.8205
 662.5494  3628.5879  274.6641 -999.9000   74.0705    4.6607   11.3423   90.8487
 649.7305  3785.4673  273.6440 -999.9000   67.2031    4.0055   11.6482   90.8627
 637.1240  3942.3467  272.7789 -999.9000   55.0857    3.1437   10.9812   90.9118
 624.7467  4099.2261  271.7510 -999.9000   50.1163    2.7055    9.4487   91.0167
 612.5275  4256.1055  270.6766 -999.9000   50.0502    2.5464    9.0331   91.0465
 600.5160  4412.9849  270.0537 -999.9000   38.1772    1.8919    9.3321   91.0390
 588.7253  4569.8643  269.4427 -999.9000   22.7444    1.0986    9.5366   91.0433
 577.1128  4726.7437  268.1334 -999.9000   18.1541    0.8108    9.6091   91.0483
 565.6299  4883.6231  267.2813 -999.9000   17.0245    0.7276    9.5950   91.0538
 554.4053  5040.5025  266.7037 -999.9000   13.4925    0.5634    8.9307   91.1400
 543.3471  5197.3819  266.0130 -999.9000   12.8347    0.5190    8.1779   91.2153
 532.4739  5354.2613  264.9728 -999.9000   22.1972    0.8459    8.6100   91.2112
 521.8251  5511.1407  263.9107 -999.9000   24.0465    0.8613    9.3925   91.1806
 511.3144  5668.0201  263.1062 -999.9000   14.1007    0.4842   10.1004   91.1583
 500.9731  5824.8995  261.7512 -999.9000   12.9868    0.4090   10.8292   91.1344
 490.8286  5981.7789  260.1260 -999.9000   18.4228    0.5200   11.0107   91.1143
 480.7236  6138.6583  258.9986 -999.9000   29.2694    0.7703   11.3707   91.0832
 470.8214  6295.5377  257.6968 -999.9000   31.5408    0.7621   11.4933   91.0728
 461.0900  6452.4171  256.2553 -999.9000   30.8783    0.6762   11.2386   90.9894
 451.4963  6609.2965  254.9396 -999.9000   32.0583    0.6422   10.2523   90.8335
 442.0676  6766.1759  253.8484 -999.9000   32.6380    0.6091    9.3817   90.7116
 432.8253  6923.0553  252.8665 -999.9000   32.3582    0.5674   10.3093   90.6964
 423.7241  7079.9347  251.4388 -999.9000   36.0720    0.5712   11.2060   90.7318
 414.7432  7236.8141  249.7115 -999.9000   41.3075    0.5742   11.0170   90.7585
 405.9174  7393.6935  248.6928 -999.9000   31.8833    0.4138   11.2550   90.7794
 397.1974  7550.5729  247.3810 -999.9000   27.2930    0.3219   11.5281   90.7881
 388.6475  7707.4523  245.9620 -999.9000   31.2238    0.3308   11.6741   90.8405
 380.2876  7864.3317  244.9193 -999.9000   34.8806    0.3433   11.9067   90.9010
 372.0784  8021.2111  244.0746 -999.9000   39.1580    0.3645   12.0517   90.8924
 363.9826  8178.0905  243.2537 -999.9000   45.2937    0.3994   11.9551   90.7526
 356.0087  8334.9698  242.3727 -999.9000   54.5475    0.4529   11.9278   90.7678
 348.2042  8491.8492  241.4506 -999.9000   60.6820    0.5188   12.5171   91.3797
 340.5609  8648.7286  240.5704 -999.9000   65.0805    0.5272   12.7362   91.7004
 333.0575  8805.6080  239.6819 -999.9000   65.6901    0.4852   12.6629   91.6152
 325.6771  8962.4874  238.6849 -999.9000   65.1161    0.4338   12.9436   91.4555
 318.4095  9119.3668  237.4633 -999.9000   65.9077    0.3977   13.8473   91.4682
 311.2701  9276.2462  235.8075 -999.9000   60.7971    0.3338   13.9883   91.4746
 304.2599  9433.1256  234.2195 -999.9000   55.6088    0.2938   14.1941   91.4194
 297.3812  9590.0050  233.1210 -999.9000   50.7591    0.2688   14.6567   91.3896
 290.6045  9746.8844  231.8631 -999.9000   45.5447    0.2331   14.9649   91.3805
 283.9369  9903.7638  230.4579 -999.9000   45.8439    0.2031   15.3216   91.3479
 277.3870 10060.6432  228.9514 -999.9000   45.6949    0.1789   15.6893   91.3074
 270.9631 10217.5226  227.3834 -999.9000   45.6326    0.1538   15.9358   91.2950
 264.6694 10374.4020  225.8285 -999.9000   45.7432    0.1244   15.9712   91.3378
 258.4744 10531.2814  224.5936 -999.9000   45.2517    0.1097   16.0965   91.3756
 252.3757 10688.1608  223.5608 -999.9000   45.5690    0.1034   16.3407   91.3933
 246.3812 10845.0402  222.5015 -999.9000   40.2839    0.0916   16.6223   91.3978
 240.4896 11001.9196  221.3084 -999.9000   35.7225    0.0742   16.8882   91.3965
 234.6950 11158.7990  219.9766 -999.9000   35.9772    0.0604   17.1092   91.3968
 229.0082 11315.6784  218.6025 -999.9000   35.5211    0.0528   17.2795   91.3986
 223.4492 11472.5578  217.3338 -999.9000   34.9939    0.0500   17.4058   91.3982
 218.0236 11629.4372  216.1463 -999.9000   30.1453    0.0480   17.2064   91.4126
 212.6609 11786.3166  214.4911 -999.9000   25.6243    0.0350   15.5313   91.5070
 207.3913 11943.1960  213.6792 -999.9000   23.7898    0.0295   14.3604   91.4951
 202.2510 12100.0754  214.4051 -999.9000   18.0208    0.0410   14.0654   91.5711
 197.2536 12256.9548  215.8267 -999.9000    9.1062    0.0304   12.0768   92.1270
 192.4469 12413.8342  218.2426 -999.9000    2.6479    0.0062   12.5399   91.9985
 187.8076 12570.7136  218.0816 -999.9000    0.2372    0.0003   12.7960   91.9213
 183.2603 12727.5930  216.8679 -999.9000    0.2959    0.0003   12.5178   91.8946
 178.8033 12884.4724  216.4760 -999.9000    0.0000    0.0000   12.2990   91.8603
 174.4458 13041.3518  216.8994 -999.9000    0.0133    0.0000   12.4467   91.7991
 170.1876 13198.2312  217.1438 -999.9000    0.0000    0.0000   12.9869   91.6668
 166.0391 13355.1106  217.3295 -999.9000    0.0000    0.0000   13.6220   91.5392
 162.0101 13511.9899  216.9690 -999.9000    0.0002    0.0000   13.9367   91.4198
 158.0706 13668.8693  215.9982 -999.9000    0.0000    0.0000   13.5696   91.3880
 154.1974 13825.7487  215.1363 -999.9000    0.0000    0.0000   12.4248   91.4693
 150.4126 13982.6281  215.0786 -999.9000    0.0000    0.0000   10.5277   91.5650
 146.7292 14139.5075  216.0142 -999.9000    0.0000    0.0000   10.4666   91.5673
 143.1108 14296.3869  214.2414 -999.9000    0.0000    0.0000   10.4026   91.5696
 139.5597 14453.2663  216.6621 -999.9000    0.0000    0.0000   10.3874   91.5684
 136.1266 14610.1457  214.3277 -999.9000    0.0000    0.0000   10.3959   91.5540
 132.7619 14767.0251  213.4588 -999.9000    0.0000    0.0000   10.4094   91.5347
 129.4754 14923.9045  214.4587 -999.9000    0.0000    0.0000   10.4220   91.5197
 126.2897 15080.7839  215.5696 -999.9000    0.0000    0.0000   10.4244   91.5108
 123.1790 15237.6633  216.8038 -999.9000    0.0000    0.0000   10.4548   91.4644
 120.1481 15394.5427  217.2847 -999.9000    0.0000    0.0000   10.3267   91.3748
 117.2138 15551.4221  216.6491 -999.9000    0.0000    0.0000    9.9802   91.2661
 114.3435 15708.3015  216.5638 -999.9000    0.0000    0.0000    9.6724   91.1464
 111.5416 15865.1809  216.3298 -999.9000    0.0000    0.0000    9.1057   91.1933
 108.8149 16022.0603  217.6520 -999.9000    0.0000    0.0000    8.3057   91.4869
 106.1648 16178.9397  217.7142 -999.9000    0.0000    0.0000    7.8586   91.3484
 103.5767 16335.8191  217.3544 -999.9000    0.0000    0.0000    6.4422   91.9971
 101.0524 16492.6985  219.4045 -999.9000    0.0000    0.0000    1.9785   90.4089
  98.6148 16649.5779  218.0155 -999.9000    0.0000    0.0000    1.2165   90.4014
  96.2203 16806.4573  217.2760 -999.9000    0.0000    0.0000    0.4024   90.4014
  93.8688 16963.3367  216.5583 -999.9000    0.0000    0.0000    1.4959   90.4014
  91.5836 17120.2161  216.4336 -999.9000    0.0000    0.0000    2.3736   90.4014
  89.3567 17277.0955  216.4051 -999.9000    0.0000    0.0000    3.0158   90.4014
  87.1784 17433.9749  215.9246 -999.9000    0.0000    0.0000    3.7193   90.3927
  85.0453 17590.8543  215.1044 -999.9000    0.0000    0.0000    4.6504   90.0754
  82.9608 17747.7337  214.7678 -999.9000    0.0000    0.0000    5.8356   90.9865
  80.9282 17904.6131  215.3982 -999.9000    0.0000    0.0000    6.9913   90.6807
  78.9484 18061.4925  216.0262 -999.9000    0.0000    0.0000    6.8889   90.4907
  77.0217 18218.3719  216.6821 -999.9000    0.0000    0.0000    5.9320   90.6714
  75.1483 18375.2513  217.7235 -999.9000    0.0000    0.0000    4.9753   90.9237
  73.3271 18532.1307  218.8087 -999.9000    0.0000    0.0000    4.3497   91.0464
  71.5556 18689.0101  218.9181 -999.9000    0.0000    0.0000    3.8773   90.9336
  69.8260 18845.8894  217.7872 -999.9000    0.0000    0.0000    3.2519   91.0562
  68.1227 19002.7688  217.4824 -999.9000    0.0000    0.0000    2.1071   91.7656
  66.4601 19159.6482  217.8190 -999.9000    0.0000    0.0000    1.0738   89.5288
  64.8418 19316.5276  218.2908 -999.9000    0.0000    0.0000    0.7623   87.4851
  63.2670 19473.4070  218.6842 -999.9000    0.0000    0.0000    1.3029   87.9468
  61.7318 19630.2864  219.2373 -999.9000    0.0000    0.0000    1.8873   88.3028
  60.2355 19787.1658  219.4442 -999.9000    0.0000    0.0000    2.6289   88.5476
  58.7762 19944.0452  219.1446 -999.9000    0.0000    0.0000    3.4681   88.9105
  57.3501 20100.9246  218.7651 -999.9000    0.0000    0.0000    3.9008   89.0671
  55.9562 20257.8040  218.4998 -999.9000    0.0000    0.0000    3.8297   88.9446
  54.5968 20414.6834  218.2693 -999.9000    0.0000    0.0000    3.6204   88.7725
  53.2731 20571.5628  218.2257 -999.9000    0.0000    0.0000    3.4362   88.6461
  51.9860 20728.4422  218.6800 -999.9000    0.0000    0.0000    3.2942   88.5640
  50.7361 20885.3216  219.9457 -999.9000    0.0000    0.0000    3.2089   88.5228
  49.5229 21042.2010  221.7343 -999.9000    0.0000    0.0000    3.1641   88.5126
  48.3394 21199.0804  221.1363 -999.9000    0.0000    0.0000    3.5094   88.5757
  47.1874 21355.9598  221.2275 -999.9000    0.0000    0.0000    4.6436   88.7747
  46.0647 21512.8392  221.6458 -999.9000    0.0000    0.0000    5.6820   88.9472
  44.9691 21669.7186  221.9121 -999.9000    0.0000    0.0000    5.8920   88.9570
  43.8989 21826.5980  221.9628 -999.9000    0.0000    0.0000    5.5061   88.8369
  42.8525 21983.4774  221.8582 -999.9000    0.0000    0.0000    5.0404   88.6697
  41.8295 22140.3568  221.6460 -999.9000    0.0000    0.0000    4.7840   88.5214
  40.8309 22297.2362  221.3541 -999.9000    0.0000    0.0000    4.6744   88.4316
  39.8584 22454.1156  221.0115 -999.9000    0.0000    0.0000    4.6197   88.4374
  38.9104 22610.9950  221.4445 -999.9000    0.0000    0.0000    4.7677   88.5046
  37.9838 22767.8744  222.7458 -999.9000    0.0000    0.0000    5.1746   88.5579
  37.0791 22924.7538  223.4791 -999.9000    0.0000    0.0000    5.5089   88.6106
  36.1962 23081.6332  223.6127 -999.9000    0.0000    0.0000    5.7546   88.6649
  35.3349 23238.5126  223.3643 -999.9000    0.0000    0.0000    5.9509   88.7211
  34.4951 23395.3920  222.9509 -999.9000    0.0000    0.0000    6.1378   88.7793
  33.6765 23552.2714  222.5899 -999.9000    0.0000    0.0000    6.3546   88.8396
  32.8792 23709.1508  222.4986 -999.9000    0.0000    0.0000    6.6412   88.9021
  32.1025 23866.0302  222.8188 -999.9000    0.0000    0.0000    7.0099   88.9664
  31.3447 24022.9095  223.4122 -999.9000    0.0000    0.0000    7.3724   89.0294
  30.6036 24179.7889  224.0768 -999.9000    0.0000    0.0000    7.6174   89.0878
  29.8779 24336.6683  224.5845 -999.9000    0.0000    0.0000    7.6532   89.1301
  29.1715 24493.5477  224.6458 -999.9000    0.0000    0.0000    7.5842   89.0898
  28.4842 24650.4271  224.5080 -999.9000    0.0000    0.0000    7.4630   88.9796
  27.8138 24807.3065  224.5397 -999.9000    0.0000    0.0000    7.3038   88.8366
  27.1583 24964.1859  225.1076 -999.9000    0.0000    0.0000    7.1203   88.6979
  26.5173 25121.0653  226.2730 -999.9000    0.0000    0.0000    6.9332   88.5852
  25.8939 25277.9447  227.4482 -999.9000    0.0000    0.0000    6.7769   88.4883
  25.2914 25434.8241  227.9628 -999.9000    0.0000    0.0000    6.6881   88.3927
  24.7096 25591.7035  227.4508 -999.9000    0.0000    0.0000    6.7482   88.3136
  24.1354 25748.5829  226.8978 -999.9000    0.0000    0.0000    7.1177   88.3442
  23.5706 25905.4623  226.6371 -999.9000    0.0000    0.0000    7.6990   88.4419
  23.0189 26062.3417  226.8780 -999.9000    0.0000    0.0000    8.3670   88.5480
  22.4826 26219.2211  227.6864 -999.9000    0.0000    0.0000    9.0210   88.6216
  21.9608 26376.1005  228.7564 -999.9000    0.0000    0.0000    9.6224   88.6692
  21.4521 26532.9799  229.7237 -999.9000    0.0000    0.0000   10.1428   88.7041
  20.9548 26689.8593  230.2234 -999.9000    0.0000    0.0000   10.5537   88.7401
  20.4676 26846.7387  229.8911 -999.9000    0.0000    0.0000   10.8266   88.7908
  19.9891 27003.6181  228.3974 -999.9000    0.0000    0.0000   10.9260   88.8671
  19.5243 27160.4975  227.4641 -999.9000    0.0000    0.0000   10.4901   88.8331
  19.0752 27317.3769  227.8788 -999.9000    0.0000    0.0000    9.5907   88.6652
  18.6391 27474.2563  229.0614 -999.9000    0.0000    0.0000    8.6223   88.4541
  18.2135 27631.1357  230.4319 -999.9000    0.0000    0.0000    7.9792   88.2905
  17.7959 27788.0151  231.4193 -999.9000    0.0000    0.0000    8.0328   88.2601
  17.3864 27944.8945  231.6769 -999.9000    0.0000    0.0000    8.6042   88.3267
  16.9866 28101.7739  231.2311 -999.9000    0.0000    0.0000    9.2120   88.3867
  16.5963 28258.6533  230.3788 -999.9000    0.0000    0.0000    9.8214   88.4341
  16.2153 28415.5327  229.4442 -999.9000    0.0000    0.0000   10.4467   88.4734
  15.8432 28572.4121  228.7515 -999.9000    0.0000    0.0000   11.1025   88.5095
  15.4798 28729.2915  228.6187 -999.9000    0.0000    0.0000   11.8010   88.5468
  15.1246 28886.1709  229.0072 -999.9000    0.0000    0.0000   12.4399   88.5881
  14.7769 29043.0503  229.3608 -999.9000    0.0000    0.0000   12.7553   88.6333
  14.4368 29199.9296  229.5154 -999.9000    0.0000    0.0000   12.6823   88.6841
  14.1043 29356.8090  229.6092 -999.9000    0.0000    0.0000   12.3020   88.7433
  13.7798 29513.6884  229.7856 -999.9000    0.0000    0.0000   11.6990   88.8140
  13.4633 29670.5678  230.1885 -999.9000    0.0000    0.0000   10.9574   88.8992
  13.1552 29827.4472  230.9616 -999.9000    0.0000    0.0000   10.1615   89.0018
  12.8555 29984.3266  232.1916 -999.9000    0.0000    0.0000    9.3936   89.1215
  12.5638 30141.2060  233.5665 -999.9000    0.0000    0.0000    8.7216   89.2343
  12.2794 30298.0854  234.6047 -999.9000    0.0000    0.0000    8.2074   89.3059
  12.0018 30454.9648  234.8238 -999.9000    0.0000    0.0000    7.9131   89.3022
  11.7304 30611.8442  233.9962 -999.9000    0.0000    0.0000    7.8594   89.2026
  11.4650 30768.7236  232.9339 -999.9000    0.0000    0.0000    7.9010   89.0420
  11.2056 30925.6030  232.7136 -999.9000    0.0000    0.0000    7.8501   88.8691
  10.9522 31082.4824  233.9876 -999.9000    0.0000    0.0000    7.5865   88.7216
  10.7056 31239.3618  235.5958 -999.9000    0.0000    0.0000    7.2791   88.5894
  10.4661 31396.2412  236.2205 -999.9000    0.0000    0.0000    7.1251   88.4534
  10.2318 31553.1206  235.9420 -999.9000    0.0000    0.0000    7.1096   88.3118
  10.0000 31710.0000  235.2155 -999.9000    0.0000    0.0000    7.1616   88.1674
