# 06610 LSMP Payerne Observations at 12Z 30 Jul 2008
# Radiosonde file generated by raso.rb
#
  P [hPa],     Z [m],    T [K],   Td [K],   RH [%], r [g/kg], WS [m/s], WD [deg]
 962.0000   491.0000  297.9960 -999.9000   66.2310   13.6900    1.9029   93.0543
 944.6891   647.8794  295.9935 -999.9000   67.7919   12.6302    4.3722   92.6754
 927.6873   804.7588  294.6577 -999.9000   79.5386   13.9071    2.0119   92.9144
 911.0964   961.6382  293.4175 -999.9000   79.9991   14.4362    0.2449   92.0428
 894.7070  1118.5176  292.5288 -999.9000   80.0004   14.3064    1.2015   90.9797
 878.5406  1275.3970  292.2762 -999.9000   80.0673   13.3485    2.1858   90.6229
 862.6769  1432.2764  290.9356 -999.9000   80.9810   13.5129    2.4182   90.4248
 846.9845  1589.1558  289.7259 -999.9000   80.3009   13.9027    4.0266   90.3491
 831.5533  1746.0352  289.4057 -999.9000   80.7781   13.2228    4.9137   90.3950
 816.3570  1902.9146  288.1136 -999.9000   80.6653   11.9693    6.0234   90.4496
 801.3249  2059.7940  286.5411 -999.9000   80.3839   11.5640    6.6509   90.4939
 786.5365  2216.6734  285.2006 -999.9000   80.2275   10.4184    7.4030   90.5367
 771.9169  2373.5528  283.9796 -999.9000   80.6126    8.7627    8.5979   90.5644
 757.5041  2530.4322  282.9312 -999.9000   80.4767    8.5006    9.1320   90.6155
 743.3854  2687.3116  282.3651 -999.9000   77.8291    7.5803    8.0240   90.6080
 729.2940  2844.1910  281.2990 -999.9000   60.4269    5.5688    7.7797   90.6173
 715.5826  3001.0704  280.2591 -999.9000   50.1591    4.3807    9.3571   90.6971
 702.0616  3157.9497  279.0825 -999.9000   51.6407    4.2344   10.6343   90.7782
 688.7126  3314.8291  277.6114 -999.9000   58.9643    4.4448   10.7173   90.8007
 675.5482  3471.7085  275.9903 -999.9000   68.2641    4.6752   10.9588   90.8205
 662.5494  3628.5879  274.5194 -999.9000   74.2095    4.6607   11.5555   90.8487
 649.7305  3785.4673  273.5148 -999.9000   67.3308    4.0055   11.8398   90.8627
 637.1240  3942.3467  272.6658 -999.9000   55.1911    3.1437   11.1488   90.9118
 624.7467  4099.2261  271.6544 -999.9000   50.2126    2.7055    9.5903   91.0167
 612.5275  4256.1055  270.5967 -999.9000   50.1461    2.5464    9.1470   91.0465
 600.5160  4412.9849  269.9908 -999.9000   38.2499    1.8919    9.4168   91.0390
 588.7253  4569.8643  269.3968 -999.9000   22.7873    1.0986    9.5911   91.0433
 577.1128  4726.7437  268.1046 -999.9000   18.1878    0.8108    9.6324   91.0483
 565.6299  4883.6231  267.2695 -999.9000   17.0555    0.7276    9.5866   91.0538
 554.4053  5040.5025  266.7087 -999.9000   13.5165    0.5634    8.8904   91.1400
 543.3471  5197.3819  266.0345 -999.9000   12.8569    0.5190    8.1057   91.2153
 532.4739  5354.2613  265.0105 -999.9000   22.2343    0.8459    8.5061   91.2112
 521.8251  5511.1407  263.9642 -999.9000   24.0851    0.8613    9.2576   91.1806
 511.3144  5668.0201  263.1749 -999.9000   14.1223    0.4842    9.9353   91.1583
 500.9731  5824.8995  261.8345 -999.9000   13.0058    0.4090   10.6351   91.1344
 490.8286  5981.7789  260.2232 -999.9000   18.4482    0.5200   10.7891   91.1143
 480.7236  6138.6583  259.1089 -999.9000   29.3072    0.7703   11.1233   91.0832
 470.8214  6295.5377  257.8193 -999.9000   31.5786    0.7621   11.2221   91.0728
 461.0900  6452.4171  256.3890 -999.9000   30.9122    0.6762   10.9459   90.9894
 451.4963  6609.2965  255.0835 -999.9000   32.0902    0.6422    9.9408   90.8335
 442.0676  6766.1759  254.0012 -999.9000   32.6669    0.6091    9.0543   90.7116
 432.8253  6923.0553  253.0270 -999.9000   32.3832    0.5674    9.9692   90.6964
 423.7241  7079.9347  251.6057 -999.9000   36.0957    0.5712   10.8567   90.7318
 414.7432  7236.8141  249.8833 -999.9000   41.3296    0.5742   10.6622   90.7585
 405.9174  7393.6935  248.8679 -999.9000   31.8964    0.4138   10.8988   90.7794
 397.1974  7550.5729  247.5579 -999.9000   27.3008    0.3219   11.1748   90.7881
 388.6475  7707.4523  246.1391 -999.9000   31.2286    0.3308   11.3278   90.8405
 380.2876  7864.3317  245.0950 -999.9000   34.8813    0.3433   11.5713   90.9010
 372.0784  8021.2111  244.2475 -999.9000   39.1536    0.3645   11.7305   90.8924
 363.9826  8178.0905  243.4223 -999.9000   45.2826    0.3994   11.6512   90.7526
 356.0087  8334.9698  242.5359 -999.9000   54.5269    0.4529   11.6440   90.7678
 348.2042  8491.8492  241.6071 -999.9000   60.6512    0.5188   12.2557   91.3797
 340.5609  8648.7286  240.7190 -999.9000   65.0392    0.5272   12.4992   91.7004
 333.0575  8805.6080  239.8215 -999.9000   65.6403    0.4852   12.4521   91.6152
 325.6771  8962.4874  238.8144 -999.9000   65.0589    0.4338   12.7602   91.4555
 318.4095  9119.3668  237.5819 -999.9000   65.8424    0.3977   13.6923   91.4682
 311.2701  9276.2462  235.9142 -999.9000   60.7304    0.3338   13.8622   91.4746
 304.2599  9433.1256  234.3135 -999.9000   55.5422    0.2938   14.0973   91.4194
 297.3812  9590.0050  233.2016 -999.9000   50.6937    0.2688   14.5889   91.3896
 290.6045  9746.8844  231.9296 -999.9000   45.4824    0.2331   14.9258   91.3805
 283.9369  9903.7638  230.5097 -999.9000   45.7778    0.2031   15.3103   91.3479
 277.3870 10060.6432  228.9880 -999.9000   45.6263    0.1789   15.7047   91.3074
 270.9631 10217.5226  227.4043 -999.9000   45.5619    0.1538   15.9763   91.2950
 264.6694 10374.4020  225.8333 -999.9000   45.6707    0.1244   16.0350   91.3378
 258.4744 10531.2814  224.5820 -999.9000   45.1790    0.1097   16.1813   91.3756
 252.3757 10688.1608  223.5326 -999.9000   45.4955    0.1034   16.4440   91.3933
 246.3812 10845.0402  222.4565 -999.9000   40.2193    0.0916   16.7411   91.3978
 240.4896 11001.9196  221.2464 -999.9000   35.6661    0.0742   17.0193   91.3965
 234.6950 11158.7990  219.8977 -999.9000   35.9219    0.0604   17.2492   91.3968
 229.0082 11315.6784  218.5067 -999.9000   35.4684    0.0528   17.4254   91.3986
 223.4492 11472.5578  217.2212 -999.9000   34.9444    0.0500   17.5545   91.3982
 218.0236 11629.4372  216.0172 -999.9000   30.1049    0.0480   17.3552   91.4126
 212.6609 11786.3166  214.3459 -999.9000   25.5921    0.0350   15.6774   91.5070
 207.3913 11943.1960  213.5183 -999.9000   23.7621    0.0295   14.5013   91.4951
 202.2510 12100.0754  214.2290 -999.9000   18.0015    0.0410   14.1988   91.5711
 197.2536 12256.9548  215.6360 -999.9000    9.0973    0.0304   12.2005   92.1270
 192.4469 12413.8342  218.0380 -999.9000    2.6456    0.0062   12.6519   91.9985
 187.8076 12570.7136  217.8639 -999.9000    0.2370    0.0003   12.8944   91.9213
 183.2603 12727.5930  216.6380 -999.9000    0.2957    0.0003   12.6009   91.8946
 178.8033 12884.4724  216.2349 -999.9000    0.0000    0.0000   12.3653   91.8603
 174.4458 13041.3518  216.6481 -999.9000    0.0133    0.0000   12.4948   91.7991
 170.1876 13198.2312  216.8834 -999.9000    0.0000    0.0000   13.0156   91.6668
 166.0391 13355.1106  217.0613 -999.9000    0.0000    0.0000   13.6301   91.5392
 162.0101 13511.9899  216.6943 -999.9000    0.0002    0.0000   13.9234   91.4198
 158.0706 13668.8693  215.7185 -999.9000    0.0000    0.0000   13.5341   91.3880
 154.1974 13825.7487  214.8531 -999.9000    0.0000    0.0000   12.3665   91.4693
 150.4126 13982.6281  214.7935 -999.9000    0.0000    0.0000   10.4462   91.5650
 146.7292 14139.5075  215.7289 -999.9000    0.0000    0.0000   10.3617   91.5673
 143.1108 14296.3869  213.9576 -999.9000    0.0000    0.0000   10.2741   91.5696
 139.5597 14453.2663  216.3817 -999.9000    0.0000    0.0000   10.2353   91.5684
 136.1266 14610.1457  214.0526 -999.9000    0.0000    0.0000   10.2204   91.5540
 132.7619 14767.0251  213.1908 -999.9000    0.0000    0.0000   10.2109   91.5347
 129.4754 14923.9045  214.1993 -999.9000    0.0000    0.0000   10.2007   91.5197
 126.2897 15080.7839  215.3203 -999.9000    0.0000    0.0000   10.1809   91.5108
 123.1790 15237.6633  216.5660 -999.9000    0.0000    0.0000   10.1897   91.4644
 120.1481 15394.5427  217.0597 -999.9000    0.0000    0.0000   10.0406   91.3748
 117.2138 15551.4221  216.4381 -999.9000    0.0000    0.0000    9.6738   91.2661
 114.3435 15708.3015  216.3677 -999.9000    0.0000    0.0000    9.3468   91.1464
 111.5416 15865.1809  216.1495 -999.9000    0.0000    0.0000    8.7618   91.1933
 108.8149 16022.0603  217.4884 -999.9000    0.0000    0.0000    7.9445   91.4869
 106.1648 16178.9397  217.5679 -999.9000    0.0000    0.0000    7.4813   91.3484
 103.5767 16335.8191  217.2260 -999.9000    0.0000    0.0000    6.0502   91.9971
 101.0524 16492.6985  219.2944 -999.9000    0.0000    0.0000    1.5732   90.4089
  98.6148 16649.5779  217.9241 -999.9000    0.0000    0.0000    0.7993   90.4014
  96.2203 16806.4573  217.2035 -999.9000    0.0000    0.0000    0.0251   87.2598
  93.8688 16963.3367  216.5048 -999.9000    0.0000    0.0000    1.0599   90.4014
  91.5836 17120.2161  216.3989 -999.9000    0.0000    0.0000    1.9308   90.4014
  89.3567 17277.0955  216.3892 -999.9000    0.0000    0.0000    2.5682   90.4014
  87.1784 17433.9749  215.9272 -999.9000    0.0000    0.0000    3.2688   90.3927
  85.0453 17590.8543  215.1251 -999.9000    0.0000    0.0000    4.1991   90.0754
  82.9608 17747.7337  214.8061 -999.9000    0.0000    0.0000    5.3858   90.9865
  80.9282 17904.6131  215.4536 -999.9000    0.0000    0.0000    6.5452   90.6807
  78.9484 18061.4925  216.0978 -999.9000    0.0000    0.0000    6.4489   90.4907
  77.0217 18218.3719  216.7694 -999.9000    0.0000    0.0000    5.5003   90.6714
  75.1483 18375.2513  217.8255 -999.9000    0.0000    0.0000    4.5542   90.9237
  73.3271 18532.1307  218.9247 -999.9000    0.0000    0.0000    3.9413   91.0464
  71.5556 18689.0101  219.0473 -999.9000    0.0000    0.0000    3.4836   90.9336
  69.8260 18845.8894  217.9286 -999.9000    0.0000    0.0000    2.8749   91.0562
  68.1227 19002.7688  217.6351 -999.9000    0.0000    0.0000    1.7487   91.7656
  66.4601 19159.6482  217.9821 -999.9000    0.0000    0.0000    0.7358   89.5288
  64.8418 19316.5276  218.4633 -999.9000    0.0000    0.0000    0.4464   87.4851
  63.2670 19473.4070  218.8650 -999.9000    0.0000    0.0000    1.0109   87.9468
  61.7318 19630.2864  219.4254 -999.9000    0.0000    0.0000    1.6208   88.3028
  60.2355 19787.1658  219.6384 -999.9000    0.0000    0.0000    2.3895   88.5476
  58.7762 19944.0452  219.3439 -999.9000    0.0000    0.0000    3.2572   88.9105
  57.3501 20100.9246  218.9681 -999.9000    0.0000    0.0000    3.7198   89.0671
  55.9562 20257.8040  218.7054 -999.9000    0.0000    0.0000    3.6800   88.9446
  54.5968 20414.6834  218.4763 -999.9000    0.0000    0.0000    3.5032   88.7725
  53.2731 20571.5628  218.4327 -999.9000    0.0000    0.0000    3.3528   88.6461
  51.9860 20728.4422  218.8857 -999.9000    0.0000    0.0000    3.2456   88.5640
  50.7361 20885.3216  220.1487 -999.9000    0.0000    0.0000    3.1962   88.5228
  49.5229 21042.2010  221.9333 -999.9000    0.0000    0.0000    3.1883   88.5126
  48.3394 21199.0804  221.3297 -999.9000    0.0000    0.0000    3.5713   88.5757
  47.1874 21355.9598  221.4139 -999.9000    0.0000    0.0000    4.7441   88.7747
  46.0647 21512.8392  221.8238 -999.9000    0.0000    0.0000    5.8219   88.9472
  44.9691 21669.7186  222.0803 -999.9000    0.0000    0.0000    6.0716   88.9570
  43.8989 21826.5980  222.1202 -999.9000    0.0000    0.0000    5.7255   88.8369
  42.8525 21983.4774  222.0040 -999.9000    0.0000    0.0000    5.2995   88.6697
  41.8295 22140.3568  221.7794 -999.9000    0.0000    0.0000    5.0824   88.5214
  40.8309 22297.2362  221.4746 -999.9000    0.0000    0.0000    5.0113   88.4316
  39.8584 22454.1156  221.1189 -999.9000    0.0000    0.0000    4.9942   88.4374
  38.9104 22610.9950  221.5384 -999.9000    0.0000    0.0000    5.1785   88.5046
  37.9838 22767.8744  222.8265 -999.9000    0.0000    0.0000    5.6202   88.5579
  37.0791 22924.7538  223.5466 -999.9000    0.0000    0.0000    5.9874   88.6106
  36.1962 23081.6332  223.6676 -999.9000    0.0000    0.0000    6.2638   88.6649
  35.3349 23238.5126  223.4072 -999.9000    0.0000    0.0000    6.4885   88.7211
  34.4951 23395.3920  222.9825 -999.9000    0.0000    0.0000    6.7011   88.7793
  33.6765 23552.2714  222.6113 -999.9000    0.0000    0.0000    6.9406   88.8396
  32.8792 23709.1508  222.5109 -999.9000    0.0000    0.0000    7.2467   88.9021
  32.1025 23866.0302  222.8233 -999.9000    0.0000    0.0000    7.6313   88.9664
  31.3447 24022.9095  223.4106 -999.9000    0.0000    0.0000    8.0060   89.0294
  30.6036 24179.7889  224.0707 -999.9000    0.0000    0.0000    8.2591   89.0878
  29.8779 24336.6683  224.5758 -999.9000    0.0000    0.0000    8.2985   89.1301
  29.1715 24493.5477  224.6366 -999.9000    0.0000    0.0000    8.2285   89.0898
  28.4842 24650.4271  224.5007 -999.9000    0.0000    0.0000    8.1014   88.9796
  27.8138 24807.3065  224.5367 -999.9000    0.0000    0.0000    7.9311   88.8366
  27.1583 24964.1859  225.1115 -999.9000    0.0000    0.0000    7.7312   88.6979
  26.5173 25121.0653  226.2861 -999.9000    0.0000    0.0000    7.5226   88.5852
  25.8939 25277.9447  227.4728 -999.9000    0.0000    0.0000    7.3403   88.4883
  25.2914 25434.8241  228.0009 -999.9000    0.0000    0.0000    7.2215   88.3927
  24.7096 25591.7035  227.5041 -999.9000    0.0000    0.0000    7.2475   88.3136
  24.1354 25748.5829  226.9681 -999.9000    0.0000    0.0000    7.5797   88.3442
  23.5706 25905.4623  226.7257 -999.9000    0.0000    0.0000    8.1206   88.4419
  23.0189 26062.3417  226.9862 -999.9000    0.0000    0.0000    8.7455   88.5480
  22.4826 26219.2211  227.8152 -999.9000    0.0000    0.0000    9.3542   88.6216
  21.9608 26376.1005  228.9067 -999.9000    0.0000    0.0000    9.9084   88.6692
  21.4521 26532.9799  229.8961 -999.9000    0.0000    0.0000   10.3802   88.7041
  20.9548 26689.8593  230.4185 -999.9000    0.0000    0.0000   10.7414   88.7401
  20.4676 26846.7387  230.1092 -999.9000    0.0000    0.0000   10.9638   88.7908
  19.9891 27003.6181  228.6385 -999.9000    0.0000    0.0000   11.0125   88.8671
  19.5243 27160.4975  227.7282 -999.9000    0.0000    0.0000   10.5258   88.8331
  19.0752 27317.3769  228.1656 -999.9000    0.0000    0.0000    9.5763   88.6652
  18.6391 27474.2563  229.3704 -999.9000    0.0000    0.0000    8.5584   88.4541
  18.2135 27631.1357  230.7625 -999.9000    0.0000    0.0000    7.8672   88.2905
  17.7959 27788.0151  231.7706 -999.9000    0.0000    0.0000    7.8743   88.2601
  17.3864 27944.8945  232.0478 -999.9000    0.0000    0.0000    8.4011   88.3267
  16.9866 28101.7739  231.6204 -999.9000    0.0000    0.0000    8.9668   88.3867
  16.5963 28258.6533  230.7851 -999.9000    0.0000    0.0000    9.5368   88.4341
  16.2153 28415.5327  229.8660 -999.9000    0.0000    0.0000   10.1259   88.4734
  15.8432 28572.4121  229.1868 -999.9000    0.0000    0.0000   10.7491   88.5095
  15.4798 28729.2915  229.0656 -999.9000    0.0000    0.0000   11.4189   88.5468
  15.1246 28886.1709  229.4636 -999.9000    0.0000    0.0000   12.0334   88.5881
  14.7769 29043.0503  229.8241 -999.9000    0.0000    0.0000   12.3292   88.6333
  14.4368 29199.9296  229.9832 -999.9000    0.0000    0.0000   12.2416   88.6841
  14.1043 29356.8090  230.0787 -999.9000    0.0000    0.0000   11.8522   88.7433
  13.7798 29513.6884  230.2539 -999.9000    0.0000    0.0000   11.2461   88.8140
  13.4633 29670.5678  230.6524 -999.9000    0.0000    0.0000   10.5076   88.8992
  13.1552 29827.4472  231.4178 -999.9000    0.0000    0.0000    9.7214   89.0018
  12.8555 29984.3266  232.6366 -999.9000    0.0000    0.0000    8.9703   89.1215
  12.5638 30141.2060  233.9965 -999.9000    0.0000    0.0000    8.3225   89.2343
  12.2794 30298.0854  235.0158 -999.9000    0.0000    0.0000    7.8404   89.3059
  12.0018 30454.9648  235.2120 -999.9000    0.0000    0.0000    7.5862   89.3022
  11.7304 30611.8442  234.3572 -999.9000    0.0000    0.0000    7.5814   89.2026
  11.4650 30768.7236  233.2632 -999.9000    0.0000    0.0000    7.6807   89.0420
  11.2056 30925.6030  233.0066 -999.9000    0.0000    0.0000    7.6970   88.8691
  10.9522 31082.4824  234.2393 -999.9000    0.0000    0.0000    7.5103   88.7216
  10.7056 31239.3618  235.8013 -999.9000    0.0000    0.0000    7.2900   88.5894
  10.4661 31396.2412  236.3746 -999.9000    0.0000    0.0000    7.2335   88.4534
  10.2318 31553.1206  236.0391 -999.9000    0.0000    0.0000    7.3265   88.3118
  10.0000 31710.0000  235.2500 -999.9000    0.0000    0.0000    7.4984   88.1674
