# 06610 LSMP Payerne Observations at 12Z 30 Jul 2008
# Radiosonde file generated by raso.rb
#
  P [hPa],     Z [m],    T [K],   Td [K],   RH [%], r [g/kg], WS [m/s], WD [deg]
 962.0000   491.0000  298.3739 -999.9000   66.1789   13.6900    2.3251   93.0543
 944.6891   647.8794  296.3856 -999.9000   67.7330   12.6302    4.7714   92.6754
 927.6873   804.7588  295.0601 -999.9000   79.4628   13.9071    2.3900   92.9144
 911.0964   961.6382  293.8265 -999.9000   79.9162   14.4362    0.6038   92.0428
 894.7070  1118.5176  292.9409 -999.9000   79.9107   14.3064    1.5430   90.9797
 878.5406  1275.3970  292.6880 -999.9000   79.9708   13.3485    2.5115   90.6229
 862.6769  1432.2764  291.3437 -999.9000   80.8766   13.5129    2.7297   90.4248
 846.9845  1589.1558  290.1275 -999.9000   80.1907   13.9027    4.3254   90.3491
 831.5533  1746.0352  289.7978 -999.9000   80.6605   13.2228    5.2013   90.3950
 816.3570  1902.9146  288.4937 -999.9000   80.5413   11.9693    6.3009   90.4496
 801.3249  2059.7940  286.9066 -999.9000   80.2539   11.5640    6.9197   90.4939
 786.5365  2216.6734  285.5493 -999.9000   80.0914   10.4184    7.6641   90.5367
 771.9169  2373.5528  284.3094 -999.9000   80.4696    8.7627    8.8522   90.5644
 757.5041  2530.4322  283.2403 -999.9000   80.3280    8.5006    9.3806   90.6155
 743.3854  2687.3116  282.6517 -999.9000   77.6796    7.5803    8.2676   90.6080
 729.2940  2844.1910  281.5616 -999.9000   60.3065    5.5688    8.0191   90.6173
 715.5826  3001.0704  280.4964 -999.9000   50.0558    4.3807    9.5929   90.6971
 702.0616  3157.9497  279.2932 -999.9000   51.5310    4.2344   10.8671   90.7782
 688.7126  3314.8291  277.7946 -999.9000   58.8354    4.4448   10.9475   90.8007
 675.5482  3471.7085  276.1454 -999.9000   68.1109    4.6752   11.1868   90.8205
 662.5494  3628.5879  274.6456 -999.9000   74.0389    4.6607   11.7815   90.8487
 649.7305  3785.4673  273.6118 -999.9000   67.1726    4.0055   12.0639   90.8627
 637.1240  3942.3467  272.7333 -999.9000   55.0589    3.1437   11.3712   90.9118
 624.7467  4099.2261  271.6925 -999.9000   50.0901    2.7055    9.8109   91.0167
 612.5275  4256.1055  270.6055 -999.9000   50.0219    2.5464    9.3657   91.0465
 600.5160  4412.9849  269.9705 -999.9000   38.1539    1.8919    9.6333   91.0390
 588.7253  4569.8643  269.3481 -999.9000   22.7295    1.0986    9.8051   91.0433
 577.1128  4726.7437  268.0281 -999.9000   18.1413    0.8108    9.8436   91.0483
 565.6299  4883.6231  267.1662 -999.9000   17.0116    0.7276    9.7945   91.0538
 554.4053  5040.5025  266.5796 -999.9000   13.4815    0.5634    9.0943   91.1400
 543.3471  5197.3819  265.8810 -999.9000   12.8236    0.5190    8.3049   91.2153
 532.4739  5354.2613  264.8339 -999.9000   22.1767    0.8459    8.6999   91.2112
 521.8251  5511.1407  263.7663 -999.9000   24.0229    0.8613    9.4449   91.1806
 511.3144  5668.0201  262.9575 -999.9000   14.0860    0.4842   10.1154   91.1583
 500.9731  5824.8995  261.5996 -999.9000   12.9726    0.4090   10.8068   91.1344
 490.8286  5981.7789  259.9730 -999.9000   18.4017    0.5200   10.9512   91.1143
 480.7236  6138.6583  258.8458 -999.9000   29.2343    0.7703   11.2746   91.0832
 470.8214  6295.5377  257.5459 -999.9000   31.5015    0.7621   11.3612   91.0728
 461.0900  6452.4171  256.1080 -999.9000   30.8383    0.6762   11.0714   90.9894
 451.4963  6609.2965  254.7979 -999.9000   32.0154    0.6422   10.0511   90.8335
 442.0676  6766.1759  253.7142 -999.9000   32.5930    0.6091    9.1478   90.7116
 432.8253  6923.0553  252.7419 -999.9000   32.3124    0.5674   10.0442   90.6964
 423.7241  7079.9347  251.3259 -999.9000   36.0199    0.5712   10.9113   90.7318
 414.7432  7236.8141  249.6126 -999.9000   41.2467    0.5742   10.6945   90.7585
 405.9174  7393.6935  248.6102 -999.9000   31.8357    0.4138   10.9067   90.7794
 397.1974  7550.5729  247.3172 -999.9000   27.2519    0.3219   11.1563   90.7881
 388.6475  7707.4523  245.9192 -999.9000   31.1765    0.3308   11.2810   90.8405
 380.2876  7864.3317  244.8995 -999.9000   34.8277    0.3433   11.4947   90.9010
 372.0784  8021.2111  244.0794 -999.9000   39.0986    0.3645   11.6230   90.8924
 363.9826  8178.0905  243.2846 -999.9000   45.2253    0.3994   11.5119   90.7526
 356.0087  8334.9698  242.4308 -999.9000   54.4655    0.4529   11.4724   90.7678
 348.2042  8491.8492  241.5368 -999.9000   60.5916    0.5188   12.0518   91.3797
 340.5609  8648.7286  240.6852 -999.9000   64.9845    0.5272   12.2631   91.7004
 333.0575  8805.6080  239.8255 -999.9000   65.5942    0.4852   12.1844   91.6152
 325.6771  8962.4874  238.8574 -999.9000   65.0222    0.4338   12.4619   91.4555
 318.4095  9119.3668  237.6644 -999.9000   65.8139    0.3977   13.3646   91.4682
 311.2701  9276.2462  236.0366 -999.9000   60.7117    0.3338   13.5068   91.4746
 304.2599  9433.1256  234.4757 -999.9000   55.5317    0.2938   13.7161   91.4194
 297.3812  9590.0050  233.4032 -999.9000   50.6896    0.2688   14.1843   91.3896
 290.6045  9746.8844  232.1699 -999.9000   45.4832    0.2331   14.5004   91.3805
 283.9369  9903.7638  230.7876 -999.9000   45.7825    0.2031   14.8671   91.3479
 277.3870 10060.6432  229.3020 -999.9000   45.6343    0.1789   15.2471   91.3074
 270.9631 10217.5226  227.7528 -999.9000   45.5725    0.1538   15.5081   91.2950
 264.6694 10374.4020  226.2139 -999.9000   45.6831    0.1244   15.5601   91.3378
 258.4744 10531.2814  224.9923 -999.9000   45.1923    0.1097   15.7043   91.3756
 252.3757 10688.1608  223.9697 -999.9000   45.5090    0.1034   15.9695   91.3933
 246.3812 10845.0402  222.9172 -999.9000   40.2305    0.0916   16.2743   91.3978
 240.4896 11001.9196  221.7272 -999.9000   35.6746    0.0742   16.5656   91.3965
 234.6950 11158.7990  220.3950 -999.9000   35.9281    0.0604   16.8139   91.3968
 229.0082 11315.6784  219.0171 -999.9000   35.4717    0.0528   17.0132   91.3986
 223.4492 11472.5578  217.7414 -999.9000   34.9441    0.0500   17.1697   91.3982
 218.0236 11629.4372  216.5442 -999.9000   30.1013    0.0480   17.0016   91.4126
 212.6609 11786.3166  214.8767 -999.9000   25.5858    0.0350   15.3584   91.5070
 207.3913 11943.1960  214.0502 -999.9000   23.7530    0.0295   14.2197   91.4951
 202.2510 12100.0754  214.7594 -999.9000   17.9920    0.0410   13.9569   91.5711
 197.2536 12256.9548  216.1625 -999.9000    9.0911    0.0304   12.0002   92.1270
 192.4469 12413.8342  218.5583 -999.9000    2.6434    0.0062   12.4945   91.9985
 187.8076 12570.7136  218.3759 -999.9000    0.2368    0.0003   12.7809   91.9213
 183.2603 12727.5930  217.1398 -999.9000    0.2953    0.0003   12.5317   91.8946
 178.8033 12884.4724  216.7247 -999.9000    0.0000    0.0000   12.3404   91.8603
 174.4458 13041.3518  217.1243 -999.9000    0.0133    0.0000   12.5135   91.7991
 170.1876 13198.2312  217.3446 -999.9000    0.0000    0.0000   13.0768   91.6668
 166.0391 13355.1106  217.5061 -999.9000    0.0000    0.0000   13.7325   91.5392
 162.0101 13511.9899  217.1218 -999.9000    0.0002    0.0000   14.0648   91.4198
 158.0706 13668.8693  216.1276 -999.9000    0.0000    0.0000   13.7121   91.3880
 154.1974 13825.7487  215.2430 -999.9000    0.0000    0.0000   12.5781   91.4693
 150.4126 13982.6281  215.1636 -999.9000    0.0000    0.0000   10.6879   91.5650
 146.7292 14139.5075  216.0788 -999.9000    0.0000    0.0000   10.6296   91.5673
 143.1108 14296.3869  214.2870 -999.9000    0.0000    0.0000   10.5637   91.5696
 139.5597 14453.2663  216.6905 -999.9000    0.0000    0.0000   10.5418   91.5684
 136.1266 14610.1457  214.3407 -999.9000    0.0000    0.0000   10.5388   91.5540
 132.7619 14767.0251  213.4582 -999.9000    0.0000    0.0000   10.5365   91.5347
 129.4754 14923.9045  214.4461 -999.9000    0.0000    0.0000   10.5292   91.5197
 126.2897 15080.7839  215.5468 -999.9000    0.0000    0.0000   10.5082   91.5108
 123.1790 15237.6633  216.7723 -999.9000    0.0000    0.0000   10.5121   91.4644
 120.1481 15394.5427  217.2461 -999.9000    0.0000    0.0000   10.3546   91.3748
 117.2138 15551.4221  216.6050 -999.9000    0.0000    0.0000    9.9764   91.2661
 114.3435 15708.3015  216.5155 -999.9000    0.0000    0.0000    9.6350   91.1464
 111.5416 15865.1809  216.2786 -999.9000    0.0000    0.0000    9.0331   91.1933
 108.8149 16022.0603  217.5994 -999.9000    0.0000    0.0000    8.1967   91.4869
 106.1648 16178.9397  217.6614 -999.9000    0.0000    0.0000    7.7125   91.3484
 103.5767 16335.8191  217.3025 -999.9000    0.0000    0.0000    6.2588   91.9971
 101.0524 16492.6985  219.3548 -999.9000    0.0000    0.0000    1.7577   90.4089
  98.6148 16649.5779  217.9691 -999.9000    0.0000    0.0000    0.9589   90.4014
  96.2203 16806.4573  217.2339 -999.9000    0.0000    0.0000    0.1088   90.4014
  93.8688 16963.3367  216.5215 -999.9000    0.0000    0.0000    1.1677   90.4014
  91.5836 17120.2161  216.4029 -999.9000    0.0000    0.0000    2.0124   90.4014
  89.3567 17277.0955  216.3815 -999.9000    0.0000    0.0000    2.6237   90.4014
  87.1784 17433.9749  215.9089 -999.9000    0.0000    0.0000    3.2988   90.3927
  85.0453 17590.8543  215.0973 -999.9000    0.0000    0.0000    4.2045   90.0754
  82.9608 17747.7337  214.7700 -999.9000    0.0000    0.0000    5.3676   90.9865
  80.9282 17904.6131  215.4104 -999.9000    0.0000    0.0000    6.5049   90.6807
  78.9484 18061.4925  216.0489 -999.9000    0.0000    0.0000    6.3880   90.4907
  77.0217 18218.3719  216.7159 -999.9000    0.0000    0.0000    5.4203   90.6714
  75.1483 18375.2513  217.7687 -999.9000    0.0000    0.0000    4.4564   90.9237
  73.3271 18532.1307  218.8656 -999.9000    0.0000    0.0000    3.8270   91.0464
  71.5556 18689.0101  218.9871 -999.9000    0.0000    0.0000    3.3541   90.9336
  69.8260 18845.8894  217.8683 -999.9000    0.0000    0.0000    2.7314   91.0562
  68.1227 19002.7688  217.5758 -999.9000    0.0000    0.0000    1.5922   91.7656
  66.4601 19159.6482  217.9247 -999.9000    0.0000    0.0000    0.5674   89.5288
  64.8418 19316.5276  218.4086 -999.9000    0.0000    0.0000    0.2670   87.4851
  63.2670 19473.4070  218.8140 -999.9000    0.0000    0.0000    0.8213   87.9468
  61.7318 19630.2864  219.3788 -999.9000    0.0000    0.0000    1.4219   88.3028
  60.2355 19787.1658  219.5971 -999.9000    0.0000    0.0000    2.1818   88.5476
  58.7762 19944.0452  219.3086 -999.9000    0.0000    0.0000    3.0414   88.9105
  57.3501 20100.9246  218.9395 -999.9000    0.0000    0.0000    3.4965   89.0671
  55.9562 20257.8040  218.6841 -999.9000    0.0000    0.0000    3.4496   88.9446
  54.5968 20414.6834  218.4629 -999.9000    0.0000    0.0000    3.2660   88.7725
  53.2731 20571.5628  218.4278 -999.9000    0.0000    0.0000    3.1091   88.6461
  51.9860 20728.4422  218.8896 -999.9000    0.0000    0.0000    2.9958   88.5640
  50.7361 20885.3216  220.1621 -999.9000    0.0000    0.0000    2.9403   88.5228
  49.5229 21042.2010  221.9565 -999.9000    0.0000    0.0000    2.9264   88.5126
  48.3394 21199.0804  221.3631 -999.9000    0.0000    0.0000    3.3034   88.5757
  47.1874 21355.9598  221.4578 -999.9000    0.0000    0.0000    4.4701   88.7747
  46.0647 21512.8392  221.8785 -999.9000    0.0000    0.0000    5.5416   88.9472
  44.9691 21669.7186  222.1459 -999.9000    0.0000    0.0000    5.7851   88.9570
  43.8989 21826.5980  222.1967 -999.9000    0.0000    0.0000    5.4326   88.8369
  42.8525 21983.4774  222.0913 -999.9000    0.0000    0.0000    5.0003   88.6697
  41.8295 22140.3568  221.8773 -999.9000    0.0000    0.0000    4.7769   88.5214
  40.8309 22297.2362  221.5828 -999.9000    0.0000    0.0000    4.6997   88.4316
  39.8584 22454.1156  221.2368 -999.9000    0.0000    0.0000    4.6766   88.4374
  38.9104 22610.9950  221.6657 -999.9000    0.0000    0.0000    4.8550   88.5046
  37.9838 22767.8744  222.9623 -999.9000    0.0000    0.0000    5.2911   88.5579
  37.0791 22924.7538  223.6902 -999.9000    0.0000    0.0000    5.6531   88.6106
  36.1962 23081.6332  223.8181 -999.9000    0.0000    0.0000    5.9246   88.6649
  35.3349 23238.5126  223.5635 -999.9000    0.0000    0.0000    6.1448   88.7211
  34.4951 23395.3920  223.1435 -999.9000    0.0000    0.0000    6.3533   88.7793
  33.6765 23552.2714  222.7757 -999.9000    0.0000    0.0000    6.5892   88.8396
  32.8792 23709.1508  222.6773 -999.9000    0.0000    0.0000    6.8923   88.9021
  32.1025 23866.0302  222.9903 -999.9000    0.0000    0.0000    7.2744   88.9664
  31.3447 24022.9095  223.5765 -999.9000    0.0000    0.0000    7.6472   89.0294
  30.6036 24179.7889  224.2337 -999.9000    0.0000    0.0000    7.8991   89.0878
  29.8779 24336.6683  224.7343 -999.9000    0.0000    0.0000    7.9381   89.1301
  29.1715 24493.5477  224.7884 -999.9000    0.0000    0.0000    7.8684   89.0898
  28.4842 24650.4271  224.6438 -999.9000    0.0000    0.0000    7.7424   88.9796
  27.8138 24807.3065  224.6689 -999.9000    0.0000    0.0000    7.5740   88.8366
  27.1583 24964.1859  225.2305 -999.9000    0.0000    0.0000    7.3769   88.6979
  26.5173 25121.0653  226.3900 -999.9000    0.0000    0.0000    7.1720   88.5852
  25.8939 25277.9447  227.5596 -999.9000    0.0000    0.0000    6.9942   88.4883
  25.2914 25434.8241  228.0689 -999.9000    0.0000    0.0000    6.8805   88.3927
  24.7096 25591.7035  227.5518 -999.9000    0.0000    0.0000    6.9123   88.3136
  24.1354 25748.5829  226.9941 -999.9000    0.0000    0.0000    7.2509   88.3442
  23.5706 25905.4623  226.7288 -999.9000    0.0000    0.0000    7.7987   88.4419
  23.0189 26062.3417  226.9655 -999.9000    0.0000    0.0000    8.4311   88.5480
  22.4826 26219.2211  227.7699 -999.9000    0.0000    0.0000    9.0476   88.6216
  21.9608 26376.1005  228.8361 -999.9000    0.0000    0.0000    9.6100   88.6692
  21.4521 26532.9799  229.7998 -999.9000    0.0000    0.0000   10.0903   88.7041
  20.9548 26689.8593  230.2963 -999.9000    0.0000    0.0000   10.4602   88.7401
  20.4676 26846.7387  229.9608 -999.9000    0.0000    0.0000   10.6915   88.7908
  19.9891 27003.6181  228.4642 -999.9000    0.0000    0.0000   10.7493   88.8671
  19.5243 27160.4975  227.5282 -999.9000    0.0000    0.0000   10.2718   88.8331
  19.0752 27317.3769  227.9403 -999.9000    0.0000    0.0000    9.3313   88.6652
  18.6391 27474.2563  229.1205 -999.9000    0.0000    0.0000    8.3226   88.4541
  18.2135 27631.1357  230.4887 -999.9000    0.0000    0.0000    7.6403   88.2905
  17.7959 27788.0151  231.4740 -999.9000    0.0000    0.0000    7.6563   88.2601
  17.3864 27944.8945  231.7296 -999.9000    0.0000    0.0000    8.1917   88.3267
  16.9866 28101.7739  231.2819 -999.9000    0.0000    0.0000    8.7657   88.3867
  16.5963 28258.6533  230.4278 -999.9000    0.0000    0.0000    9.3437   88.4341
  16.2153 28415.5327  229.4916 -999.9000    0.0000    0.0000    9.9404   88.4734
  15.8432 28572.4121  228.7973 -999.9000    0.0000    0.0000   10.5707   88.5095
  15.4798 28729.2915  228.6630 -999.9000    0.0000    0.0000   11.2472   88.5468
  15.1246 28886.1709  229.0501 -999.9000    0.0000    0.0000   11.8678   88.5881
  14.7769 29043.0503  229.4023 -999.9000    0.0000    0.0000   12.1690   88.6333
  14.4368 29199.9296  229.5556 -999.9000    0.0000    0.0000   12.0861   88.6841
  14.1043 29356.8090  229.6480 -999.9000    0.0000    0.0000   11.7008   88.7433
  13.7798 29513.6884  229.8232 -999.9000    0.0000    0.0000   11.0978   88.8140
  13.4633 29670.5678  230.2248 -999.9000    0.0000    0.0000   10.3616   88.8992
  13.1552 29827.4472  230.9966 -999.9000    0.0000    0.0000    9.5769   89.0018
  12.8555 29984.3266  232.2254 -999.9000    0.0000    0.0000    8.8262   89.1215
  12.5638 30141.2060  233.5990 -999.9000    0.0000    0.0000    8.1779   89.2343
  12.2794 30298.0854  234.6359 -999.9000    0.0000    0.0000    7.6940   89.3059
  12.0018 30454.9648  234.8536 -999.9000    0.0000    0.0000    7.4370   89.3022
  11.7304 30611.8442  234.0247 -999.9000    0.0000    0.0000    7.4281   89.2026
  11.4650 30768.7236  232.9609 -999.9000    0.0000    0.0000    7.5222   89.0420
  11.2056 30925.6030  232.7391 -999.9000    0.0000    0.0000    7.5318   88.8691
  10.9522 31082.4824  234.0114 -999.9000    0.0000    0.0000    7.3371   88.7216
  10.7056 31239.3618  235.6179 -999.9000    0.0000    0.0000    7.1073   88.5894
  10.4661 31396.2412  236.2408 -999.9000    0.0000    0.0000    7.0398   88.4534
  10.2318 31553.1206  235.9604 -999.9000    0.0000    0.0000    7.1203   88.3118
  10.0000 31710.0000  235.2318 -999.9000    0.0000    0.0000    7.2780   88.1674
