# 06610 LSMP Payerne Observations at 12Z 30 Jul 2008
# Radiosonde file generated by raso.rb
#
  P [hPa],     Z [m],    T [K],   Td [K],   RH [%], r [g/kg], WS [m/s], WD [deg]
 962.0000   491.0000  298.3003 -999.9000   66.1749   13.6900    2.1342   93.0543
 944.6891   647.8794  296.2472 -999.9000   67.7508   12.6302    4.6115   92.6754
 927.6873   804.7588  294.8624 -999.9000   79.5077   13.9071    2.2585   92.9144
 911.0964   961.6382  293.5750 -999.9000   79.9836   14.4362    0.4983   92.0428
 894.7070  1118.5176  292.6407 -999.9000   79.9987   14.3064    1.4610   90.9797
 878.5406  1275.3970  292.3443 -999.9000   80.0777   13.3485    2.4508   90.6229
 862.6769  1432.2764  290.9615 -999.9000   81.0022   13.5129    2.6881   90.4248
 846.9845  1589.1558  289.7115 -999.9000   80.3311   13.9027    4.3007   90.3491
 831.5533  1746.0352  289.3526 -999.9000   80.8161   13.2228    5.1916   90.3950
 816.3570  1902.9146  288.0235 -999.9000   80.7095   11.9693    6.3042   90.4496
 801.3249  2059.7940  286.4157 -999.9000   80.4329   11.5640    6.9342   90.4939
 786.5365  2216.6734  285.0418 -999.9000   80.2801   10.4184    7.6882   90.5367
 771.9169  2373.5528  283.7890 -999.9000   80.6680    8.7627    8.8843   90.5644
 757.5041  2530.4322  282.7107 -999.9000   80.5334    8.5006    9.4190   90.6155
 743.3854  2687.3116  282.1164 -999.9000   77.8843    7.5803    8.3110   90.6080
 729.2940  2844.1910  281.0238 -999.9000   60.4692    5.5688    8.0662   90.6173
 715.5826  3001.0704  279.9592 -999.9000   50.1933    4.3807    9.6424   90.6971
 702.0616  3157.9497  278.7597 -999.9000   51.6744    4.2344   10.9179   90.7782
 688.7126  3314.8291  277.2675 -999.9000   59.0005    4.4448   10.9986   90.8007
 675.5482  3471.7085  275.6271 -999.9000   68.3027    4.6752   11.2372   90.8205
 662.5494  3628.5879  274.1387 -999.9000   74.2474    4.6607   11.8304   90.8487
 649.7305  3785.4673  273.1185 -999.9000   67.3610    4.0055   12.1106   90.8627
 637.1240  3942.3467  272.2556 -999.9000   55.2121    3.1437   11.4150   90.9118
 624.7467  4099.2261  271.2321 -999.9000   50.2280    2.7055    9.8513   91.0167
 612.5275  4256.1055  270.1642 -999.9000   50.1576    2.5464    9.4022   91.0465
 600.5160  4412.9849  269.5499 -999.9000   38.2556    1.8919    9.6657   91.0390
 588.7253  4569.8643  268.9494 -999.9000   22.7888    1.0986    9.8330   91.0433
 577.1128  4726.7437  267.6524 -999.9000   18.1874    0.8108    9.8669   91.0483
 565.6299  4883.6231  266.8145 -999.9000   17.0537    0.7276    9.8131   91.0538
 554.4053  5040.5025  266.2528 -999.9000   13.5139    0.5634    9.1082   91.1400
 543.3471  5197.3819  265.5795 -999.9000   12.8533    0.5190    8.3144   91.2153
 532.4739  5354.2613  264.5583 -999.9000   22.2262    0.8459    8.7051   91.2112
 521.8251  5511.1407  263.5167 -999.9000   24.0744    0.8613    9.4463   91.1806
 511.3144  5668.0201  262.7339 -999.9000   14.1150    0.4842   10.1133   91.1583
 500.9731  5824.8995  261.4020 -999.9000   12.9980    0.4090   10.8017   91.1344
 490.8286  5981.7789  259.8011 -999.9000   18.4359    0.5200   10.9438   91.1143
 480.7236  6138.6583  258.6991 -999.9000   29.2858    0.7703   11.2656   91.0832
 470.8214  6295.5377  257.4237 -999.9000   31.5538    0.7621   11.3515   91.0728
 461.0900  6452.4171  256.0095 -999.9000   30.8865    0.6762   11.0619   90.9894
 451.4963  6609.2965  254.7220 -999.9000   32.0622    0.6422   10.0428   90.8335
 442.0676  6766.1759  253.6598 -999.9000   32.6374    0.6091    9.1417   90.7116
 432.8253  6923.0553  252.7076 -999.9000   32.3534    0.5674   10.0416   90.6964
 423.7241  7079.9347  251.3101 -999.9000   36.0621    0.5712   10.9135   90.7318
 414.7432  7236.8141  249.6136 -999.9000   41.2913    0.5742   10.7029   90.7585
 405.9174  7393.6935  248.6261 -999.9000   31.8673    0.4138   10.9229   90.7794
 397.1974  7550.5729  247.3458 -999.9000   27.2767    0.3219   11.1818   90.7881
 388.6475  7707.4523  245.9585 -999.9000   31.2024    0.3308   11.3173   90.8405
 380.2876  7864.3317  244.9474 -999.9000   34.8539    0.3433   11.5430   90.9010
 372.0784  8021.2111  244.1341 -999.9000   39.1254    0.3645   11.6843   90.8924
 363.9826  8178.0905  243.3441 -999.9000   45.2531    0.3994   11.5871   90.7526
 356.0087  8334.9698  242.4934 -999.9000   54.4956    0.4529   11.5621   90.7678
 348.2042  8491.8492  241.6006 -999.9000   60.6214    0.5188   12.1563   91.3797
 340.5609  8648.7286  240.7485 -999.9000   65.0128    0.5272   12.3827   91.7004
 333.0575  8805.6080  239.8868 -999.9000   65.6193    0.4852   12.3190   91.6152
 325.6771  8962.4874  238.9151 -999.9000   65.0438    0.4338   12.6113   91.4555
 318.4095  9119.3668  237.7170 -999.9000   65.8326    0.3977   13.5283   91.4682
 311.2701  9276.2462  236.0827 -999.9000   60.7263    0.3338   13.6842   91.4746
 304.2599  9433.1256  234.5140 -999.9000   55.5428    0.2938   13.9063   91.4194
 297.3812  9590.0050  233.4324 -999.9000   50.6978    0.2688   14.3862   91.3896
 290.6045  9746.8844  232.1887 -999.9000   45.4889    0.2331   14.7127   91.3805
 283.9369  9903.7638  230.7950 -999.9000   45.7868    0.2031   15.0883   91.3479
 277.3870 10060.6432  229.2968 -999.9000   45.6372    0.1789   15.4754   91.3074
 270.9631 10217.5226  227.7339 -999.9000   45.5741    0.1538   15.7416   91.2950
 264.6694 10374.4020  226.1806 -999.9000   45.6836    0.1244   15.7967   91.3378
 258.4744 10531.2814  224.9435 -999.9000   45.1916    0.1097   15.9416   91.3756
 252.3757 10688.1608  223.9048 -999.9000   45.5073    0.1034   16.2049   91.3933
 246.3812 10845.0402  222.8353 -999.9000   40.2283    0.0916   16.5051   91.3978
 240.4896 11001.9196  221.6277 -999.9000   35.6720    0.0742   16.7887   91.3965
 234.6950 11158.7990  220.2772 -999.9000   35.9250    0.0604   17.0264   91.3968
 229.0082 11315.6784  218.8808 -999.9000   35.4680    0.0528   17.2125   91.3986
 223.4492 11472.5578  217.5863 -999.9000   34.9400    0.0500   17.3536   91.3982
 218.0236 11629.4372  216.3702 -999.9000   30.0975    0.0480   17.1680   91.4126
 212.6609 11786.3166  214.6839 -999.9000   25.5823    0.0350   15.5055   91.5070
 207.3913 11943.1960  213.8388 -999.9000   23.7496    0.0295   14.3460   91.4951
 202.2510 12100.0754  214.5298 -999.9000   17.9893    0.0410   14.0612   91.5711
 197.2536 12256.9548  215.9154 -999.9000    9.0897    0.0304   12.0817   92.1270
 192.4469 12413.8342  218.2943 -999.9000    2.6430    0.0062   12.5525   91.9985
 187.8076 12570.7136  218.0959 -999.9000    0.2368    0.0003   12.8151   91.9213
 183.2603 12727.5930  216.8448 -999.9000    0.2953    0.0003   12.5419   91.8946
 178.8033 12884.4724  216.4159 -999.9000    0.0000    0.0000   12.3268   91.8603
 174.4458 13041.3518  216.8031 -999.9000    0.0133    0.0000   12.4767   91.7991
 170.1876 13198.2312  217.0125 -999.9000    0.0000    0.0000   13.0176   91.6668
 166.0391 13355.1106  217.1648 -999.9000    0.0000    0.0000   13.6518   91.5392
 162.0101 13511.9899  216.7730 -999.9000    0.0002    0.0000   13.9641   91.4198
 158.0706 13668.8693  215.7733 -999.9000    0.0000    0.0000   13.5930   91.3880
 154.1974 13825.7487  214.8855 -999.9000    0.0000    0.0000   12.4424   91.4693
 150.4126 13982.6281  214.8051 -999.9000    0.0000    0.0000   10.5379   91.5650
 146.7292 14139.5075  215.7217 -999.9000    0.0000    0.0000   10.4676   91.5673
 143.1108 14296.3869  213.9340 -999.9000    0.0000    0.0000   10.3926   91.5696
 139.5597 14453.2663  216.3443 -999.9000    0.0000    0.0000   10.3645   91.5684
 136.1266 14610.1457  214.0041 -999.9000    0.0000    0.0000   10.3584   91.5540
 132.7619 14767.0251  213.1337 -999.9000    0.0000    0.0000   10.3557   91.5347
 129.4754 14923.9045  214.1361 -999.9000    0.0000    0.0000   10.3504   91.5197
 126.2897 15080.7839  215.2533 -999.9000    0.0000    0.0000   10.3337   91.5108
 123.1790 15237.6633  216.4973 -999.9000    0.0000    0.0000   10.3438   91.4644
 120.1481 15394.5427  216.9913 -999.9000    0.0000    0.0000   10.1942   91.3748
 117.2138 15551.4221  216.3719 -999.9000    0.0000    0.0000    9.8252   91.2661
 114.3435 15708.3015  216.3055 -999.9000    0.0000    0.0000    9.4942   91.1464
 111.5416 15865.1809  216.0928 -999.9000    0.0000    0.0000    8.9036   91.1933
 108.8149 16022.0603  217.4387 -999.9000    0.0000    0.0000    8.0791   91.4869
 106.1648 16178.9397  217.5265 -999.9000    0.0000    0.0000    7.6071   91.3484
 103.5767 16335.8191  217.1940 -999.9000    0.0000    0.0000    6.1656   91.9971
 101.0524 16492.6985  219.2729 -999.9000    0.0000    0.0000    1.6766   90.4089
  98.6148 16649.5779  217.9139 -999.9000    0.0000    0.0000    0.8895   90.4014
  96.2203 16806.4573  217.2054 -999.9000    0.0000    0.0000    0.0502   90.4014
  93.8688 16963.3367  216.5193 -999.9000    0.0000    0.0000    1.1190   90.4014
  91.5836 17120.2161  216.4267 -999.9000    0.0000    0.0000    1.9723   90.4014
  89.3567 17277.0955  216.4304 -999.9000    0.0000    0.0000    2.5907   90.4014
  87.1784 17433.9749  215.9821 -999.9000    0.0000    0.0000    3.2711   90.3927
  85.0453 17590.8543  215.1937 -999.9000    0.0000    0.0000    4.1800   90.0754
  82.9608 17747.7337  214.8883 -999.9000    0.0000    0.0000    5.3440   90.9865
  80.9282 17904.6131  215.5491 -999.9000    0.0000    0.0000    6.4795   90.6807
  78.9484 18061.4925  216.2063 -999.9000    0.0000    0.0000    6.3583   90.4907
  77.0217 18218.3719  216.8903 -999.9000    0.0000    0.0000    5.3838   90.6714
  75.1483 18375.2513  217.9584 -999.9000    0.0000    0.0000    4.4111   90.9237
  73.3271 18532.1307  219.0688 -999.9000    0.0000    0.0000    3.7709   91.0464
  71.5556 18689.0101  219.2018 -999.9000    0.0000    0.0000    3.2855   90.9336
  69.8260 18845.8894  218.0926 -999.9000    0.0000    0.0000    2.6490   91.0562
  68.1227 19002.7688  217.8076 -999.9000    0.0000    0.0000    1.4947   91.7656
  66.4601 19159.6482  218.1620 -999.9000    0.0000    0.0000    0.4539   89.5288
  64.8418 19316.5276  218.6493 -999.9000    0.0000    0.0000    0.1368   87.4851
  63.2670 19473.4070  219.0558 -999.9000    0.0000    0.0000    0.6740   87.9468
  61.7318 19630.2864  219.6195 -999.9000    0.0000    0.0000    1.2572   88.3028
  60.2355 19787.1658  219.8343 -999.9000    0.0000    0.0000    1.9998   88.5476
  58.7762 19944.0452  219.5399 -999.9000    0.0000    0.0000    2.8424   88.9105
  57.3501 20100.9246  219.1625 -999.9000    0.0000    0.0000    3.2810   89.0671
  55.9562 20257.8040  218.8962 -999.9000    0.0000    0.0000    3.2183   88.9446
  54.5968 20414.6834  218.6615 -999.9000    0.0000    0.0000    3.0201   88.7725
  53.2731 20571.5628  218.6103 -999.9000    0.0000    0.0000    2.8498   88.6461
  51.9860 20728.4422  219.0534 -999.9000    0.0000    0.0000    2.7244   88.5640
  50.7361 20885.3216  220.3042 -999.9000    0.0000    0.0000    2.6588   88.5228
  49.5229 21042.2010  222.0742 -999.9000    0.0000    0.0000    2.6366   88.5126
  48.3394 21199.0804  221.4534 -999.9000    0.0000    0.0000    3.0076   88.5757
  47.1874 21355.9598  221.5178 -999.9000    0.0000    0.0000    4.1709   88.7747
  46.0647 21512.8392  221.9053 -999.9000    0.0000    0.0000    5.2414   88.9472
  44.9691 21669.7186  222.1372 -999.9000    0.0000    0.0000    5.4863   88.9570
  43.8989 21826.5980  222.1504 -999.9000    0.0000    0.0000    5.1376   88.8369
  42.8525 21983.4774  222.0059 -999.9000    0.0000    0.0000    4.7111   88.6697
  41.8295 22140.3568  221.7516 -999.9000    0.0000    0.0000    4.4953   88.5214
  40.8309 22297.2362  221.4162 -999.9000    0.0000    0.0000    4.4276   88.4316
  39.8584 22454.1156  221.0291 -999.9000    0.0000    0.0000    4.4155   88.4374
  38.9104 22610.9950  221.4169 -999.9000    0.0000    0.0000    4.6064   88.5046
  37.9838 22767.8744  222.6731 -999.9000    0.0000    0.0000    5.0561   88.5579
  37.0791 22924.7538  223.3618 -999.9000    0.0000    0.0000    5.4329   88.6106
  36.1962 23081.6332  223.4518 -999.9000    0.0000    0.0000    5.7200   88.6649
  35.3349 23238.5126  223.1613 -999.9000    0.0000    0.0000    5.9567   88.7211
  34.4951 23395.3920  222.7078 -999.9000    0.0000    0.0000    6.1821   88.7793
  33.6765 23552.2714  222.3093 -999.9000    0.0000    0.0000    6.4354   88.8396
  32.8792 23709.1508  222.1834 -999.9000    0.0000    0.0000    6.7561   88.9021
  32.1025 23866.0302  222.4725 -999.9000    0.0000    0.0000    7.1559   88.9664
  31.3447 24022.9095  223.0390 -999.9000    0.0000    0.0000    7.5463   89.0294
  30.6036 24179.7889  223.6811 -999.9000    0.0000    0.0000    7.8156   89.0878
  29.8779 24336.6683  224.1714 -999.9000    0.0000    0.0000    7.8715   89.1301
  29.1715 24493.5477  224.2208 -999.9000    0.0000    0.0000    7.8181   89.0898
  28.4842 24650.4271  224.0773 -999.9000    0.0000    0.0000    7.7077   88.9796
  27.8138 24807.3065  224.1097 -999.9000    0.0000    0.0000    7.5540   88.8366
  27.1583 24964.1859  224.6852 -999.9000    0.0000    0.0000    7.3705   88.6979
  26.5173 25121.0653  225.8646 -999.9000    0.0000    0.0000    7.1782   88.5852
  25.8939 25277.9447  227.0598 -999.9000    0.0000    0.0000    7.0119   88.4883
  25.2914 25434.8241  227.6001 -999.9000    0.0000    0.0000    6.9088   88.3927
  24.7096 25591.7035  227.1189 -999.9000    0.0000    0.0000    6.9503   88.3136
  24.1354 25748.5829  226.6015 -999.9000    0.0000    0.0000    7.2977   88.3442
  23.5706 25905.4623  226.3807 -999.9000    0.0000    0.0000    7.8533   88.4419
  23.0189 26062.3417  226.6656 -999.9000    0.0000    0.0000    8.4927   88.5480
  22.4826 26219.2211  227.5213 -999.9000    0.0000    0.0000    9.1154   88.6216
  21.9608 26376.1005  228.6418 -999.9000    0.0000    0.0000    9.6832   88.6692
  21.4521 26532.9799  229.6623 -999.9000    0.0000    0.0000   10.1681   88.7041
  20.9548 26689.8593  230.2175 -999.9000    0.0000    0.0000   10.5418   88.7401
  20.4676 26846.7387  229.9424 -999.9000    0.0000    0.0000   10.7762   88.7908
  19.9891 27003.6181  228.5075 -999.9000    0.0000    0.0000   10.8364   88.8671
  19.5243 27160.4975  227.6339 -999.9000    0.0000    0.0000   10.3607   88.8331
  19.0752 27317.3769  228.1090 -999.9000    0.0000    0.0000    9.4214   88.6652
  18.6391 27474.2563  229.3520 -999.9000    0.0000    0.0000    8.4131   88.4541
  18.2135 27631.1357  230.7827 -999.9000    0.0000    0.0000    7.7308   88.2905
  17.7959 27788.0151  231.8297 -999.9000    0.0000    0.0000    7.7461   88.2601
  17.3864 27944.8945  232.1457 -999.9000    0.0000    0.0000    8.2804   88.3267
  16.9866 28101.7739  231.7569 -999.9000    0.0000    0.0000    8.8527   88.3867
  16.5963 28258.6533  230.9596 -999.9000    0.0000    0.0000    9.4287   88.4341
  16.2153 28415.5327  230.0778 -999.9000    0.0000    0.0000   10.0228   88.4734
  15.8432 28572.4121  229.4350 -999.9000    0.0000    0.0000   10.6501   88.5095
  15.4798 28729.2915  229.3490 -999.9000    0.0000    0.0000   11.3232   88.5468
  15.1246 28886.1709  229.7807 -999.9000    0.0000    0.0000   11.9400   88.5881
  14.7769 29043.0503  230.1734 -999.9000    0.0000    0.0000   12.2371   88.6333
  14.4368 29199.9296  230.3628 -999.9000    0.0000    0.0000   12.1499   88.6841
  14.1043 29356.8090  230.4864 -999.9000    0.0000    0.0000   11.7599   88.7433
  13.7798 29513.6884  230.6875 -999.9000    0.0000    0.0000   11.1520   88.8140
  13.4633 29670.5678  231.1093 -999.9000    0.0000    0.0000   10.4107   88.8992
  13.1552 29827.4472  231.8952 -999.9000    0.0000    0.0000    9.6207   89.0018
  12.8555 29984.3266  233.1315 -999.9000    0.0000    0.0000    8.8645   89.1215
  12.5638 30141.2060  234.5058 -999.9000    0.0000    0.0000    8.2105   89.2343
  12.2794 30298.0854  235.5359 -999.9000    0.0000    0.0000    7.7209   89.3059
  12.0018 30454.9648  235.7392 -999.9000    0.0000    0.0000    7.4581   89.3022
  11.7304 30611.8442  234.8876 -999.9000    0.0000    0.0000    7.4432   89.2026
  11.4650 30768.7236  233.7927 -999.9000    0.0000    0.0000    7.5314   89.0420
  11.2056 30925.6030  233.5308 -999.9000    0.0000    0.0000    7.5351   88.8691
  10.9522 31082.4824  234.7536 -999.9000    0.0000    0.0000    7.3344   88.7216
  10.7056 31239.3618  236.3009 -999.9000    0.0000    0.0000    7.0988   88.5894
  10.4661 31396.2412  236.8544 -999.9000    0.0000    0.0000    7.0256   88.4534
  10.2318 31553.1206  236.4939 -999.9000    0.0000    0.0000    7.1003   88.3118
  10.0000 31710.0000  235.6742 -999.9000    0.0000    0.0000    7.2525   88.1674
