# 06610 LSMP Payerne Observations at 12Z 30 Jul 2008
# Radiosonde file generated by raso.rb
#
  P [hPa],     Z [m],    T [K],   Td [K],   RH [%], r [g/kg], WS [m/s], WD [deg]
 962.0000   491.0000  297.9097 -999.9000   66.3341   13.6900    2.4262   93.0543
 944.6891   647.8794  295.8807 -999.9000   67.8839   12.6302    4.8664   92.6754
 927.6873   804.7588  294.5206 -999.9000   79.6313   13.9071    2.4787   92.9144
 911.0964   961.6382  293.2584 -999.9000   80.0777   14.4362    0.6861   92.0428
 894.7070  1118.5176  292.3498 -999.9000   80.0649   14.3064    1.6187   90.9797
 878.5406  1275.3970  292.0794 -999.9000   80.1185   13.3485    2.5805   90.6229
 862.6769  1432.2764  290.7228 -999.9000   81.0199   13.5129    2.7920   90.4248
 846.9845  1589.1558  289.4993 -999.9000   80.3274   13.9027    4.3807   90.3491
 831.5533  1746.0352  289.1671 -999.9000   80.7932   13.2228    5.2497   90.3950
 816.3570  1902.9146  287.8648 -999.9000   80.6695   11.9693    6.3423   90.4496
 801.3249  2059.7940  286.2839 -999.9000   80.3779   11.5640    6.9541   90.4939
 786.5365  2216.6734  284.9367 -999.9000   80.2120   10.4184    7.6915   90.5367
 771.9169  2373.5528  283.7107 -999.9000   80.5880    8.7627    8.8727   90.5644
 757.5041  2530.4322  282.6589 -999.9000   80.4438    8.5006    9.3941   90.6155
 743.3854  2687.3116  282.0910 -999.9000   77.7898    7.5803    8.2744   90.6080
 729.2940  2844.1910  281.0245 -999.9000   60.3910    5.5688    8.0191   90.6173
 715.5826  3001.0704  279.9857 -999.9000   50.1252    4.3807    9.5863   90.6971
 702.0616  3157.9497  278.8114 -999.9000   51.6020    4.2344   10.8541   90.7782
 688.7126  3314.8291  277.3441 -999.9000   58.9161    4.4448   10.9281   90.8007
 675.5482  3471.7085  275.7281 -999.9000   68.2042    4.6752   11.1613   90.8205
 662.5494  3628.5879  274.2634 -999.9000   74.1404    4.6607   11.7502   90.8487
 649.7305  3785.4673  273.2662 -999.9000   67.2650    4.0055   12.0269   90.8627
 637.1240  3942.3467  272.4256 -999.9000   55.1350    3.1437   11.3287   90.9118
 624.7467  4099.2261  271.4237 -999.9000   50.1599    2.7055    9.7634   91.0167
 612.5275  4256.1055  270.3766 -999.9000   50.0922    2.5464    9.3134   91.0465
 600.5160  4412.9849  269.7820 -999.9000   38.2080    1.8919    9.5765   91.0390
 588.7253  4569.8643  269.2002 -999.9000   22.7621    1.0986    9.7442   91.0433
 577.1128  4726.7437  267.9210 -999.9000   18.1675    0.8108    9.7789   91.0483
 565.6299  4883.6231  267.0997 -999.9000   17.0365    0.7276    9.7264   91.0538
 554.4053  5040.5025  266.5534 -999.9000   13.5015    0.5634    9.0232   91.1400
 543.3471  5197.3819  265.8944 -999.9000   12.8428    0.5190    8.2314   91.2153
 532.4739  5354.2613  264.8860 -999.9000   22.2104    0.8459    8.6243   91.2112
 521.8251  5511.1407  263.8559 -999.9000   24.0598    0.8613    9.3678   91.1806
 511.3144  5668.0201  263.0832 -999.9000   14.1079    0.4842   10.0372   91.1583
 500.9731  5824.8995  261.7599 -999.9000   12.9929    0.4090   10.7281   91.1344
 490.8286  5981.7789  260.1660 -999.9000   18.4307    0.5200   10.8726   91.1143
 480.7236  6138.6583  259.0694 -999.9000   29.2808    0.7703   11.1966   91.0832
 470.8214  6295.5377  257.7977 -999.9000   31.5519    0.7621   11.2844   91.0728
 461.0900  6452.4171  256.3854 -999.9000   30.8879    0.6762   10.9965   90.9894
 451.4963  6609.2965  255.0981 -999.9000   32.0670    0.6422    9.9787   90.8335
 442.0676  6766.1759  254.0341 -999.9000   32.6455    0.6091    9.0785   90.7116
 432.8253  6923.0553  253.0781 -999.9000   32.3644    0.5674    9.9787   90.6964
 423.7241  7079.9347  251.6749 -999.9000   36.0776    0.5712   10.8504   90.7318
 414.7432  7236.8141  249.9706 -999.9000   41.3124    0.5742   10.6389   90.7585
 405.9174  7393.6935  248.9731 -999.9000   31.8860    0.4138   10.8572   90.7794
 397.1974  7550.5729  247.6807 -999.9000   27.2944    0.3219   11.1136   90.7881
 388.6475  7707.4523  246.2792 -999.9000   31.2244    0.3308   11.2458   90.8405
 380.2876  7864.3317  245.2521 -999.9000   34.8802    0.3433   11.4676   90.9010
 372.0784  8021.2111  244.4212 -999.9000   39.1564    0.3645   11.6043   90.8924
 363.9826  8178.0905  243.6121 -999.9000   45.2906    0.3994   11.5019   90.7526
 356.0087  8334.9698  242.7412 -999.9000   54.5421    0.4529   11.4713   90.7678
 348.2042  8491.8492  241.8273 -999.9000   60.6743    0.5188   12.0595   91.3797
 340.5609  8648.7286  240.9535 -999.9000   65.0705    0.5272   12.2795   91.7004
 333.0575  8805.6080  240.0695 -999.9000   65.6782    0.4852   12.2092   91.6152
 325.6771  8962.4874  239.0751 -999.9000   65.1025    0.4338   12.4947   91.4555
 318.4095  9119.3668  237.8544 -999.9000   65.8921    0.3977   13.4048   91.4682
 311.2701  9276.2462  236.1977 -999.9000   60.7810    0.3338   13.5537   91.4746
 304.2599  9433.1256  234.6069 -999.9000   55.5924    0.2938   13.7688   91.4194
 297.3812  9590.0050  233.5039 -999.9000   50.7427    0.2688   14.2420   91.3896
 290.6045  9746.8844  232.2396 -999.9000   45.5286    0.2331   14.5618   91.3805
 283.9369  9903.7638  230.8263 -999.9000   45.8262    0.2031   14.9311   91.3479
 277.3870 10060.6432  229.3099 -999.9000   45.6758    0.1789   15.3122   91.3074
 270.9631 10217.5226  227.7303 -999.9000   45.6119    0.1538   15.5728   91.2950
 264.6694 10374.4020  226.1619 -999.9000   45.7208    0.1244   15.6228   91.3378
 258.4744 10531.2814  224.9118 -999.9000   45.2278    0.1097   15.7631   91.3756
 252.3757 10688.1608  223.8621 -999.9000   45.5431    0.1034   16.0225   91.3933
 246.3812 10845.0402  222.7842 -999.9000   40.2593    0.0916   16.3194   91.3978
 240.4896 11001.9196  221.5707 -999.9000   35.6991    0.0742   16.6006   91.3965
 234.6950 11158.7990  220.2169 -999.9000   35.9519    0.0604   16.8367   91.3968
 229.0082 11315.6784  218.8195 -999.9000   35.4944    0.0528   17.0220   91.3986
 223.4492 11472.5578  217.5261 -999.9000   34.9658    0.0500   17.1629   91.3982
 218.0236 11629.4372  216.3131 -999.9000   30.1195    0.0480   16.9779   91.4126
 212.6609 11786.3166  214.6316 -999.9000   25.6010    0.0350   15.3166   91.5070
 207.3913 11943.1960  213.7928 -999.9000   23.7669    0.0295   14.1592   91.4951
 202.2510 12100.0754  214.4914 -999.9000   18.0024    0.0410   13.8770   91.5711
 197.2536 12256.9548  215.8856 -999.9000    9.0963    0.0304   11.9007   92.1270
 192.4469 12413.8342  218.2741 -999.9000    2.6449    0.0062   12.3754   91.9985
 187.8076 12570.7136  218.0859 -999.9000    0.2370    0.0003   12.6423   91.9213
 183.2603 12727.5930  216.8455 -999.9000    0.2955    0.0003   12.3741   91.8946
 178.8033 12884.4724  216.4275 -999.9000    0.0000    0.0000   12.1646   91.8603
 174.4458 13041.3518  216.8256 -999.9000    0.0133    0.0000   12.3205   91.7991
 170.1876 13198.2312  217.0458 -999.9000    0.0000    0.0000   12.8678   91.6668
 166.0391 13355.1106  217.2085 -999.9000    0.0000    0.0000   13.5090   91.5392
 162.0101 13511.9899  216.8265 -999.9000    0.0002    0.0000   13.8286   91.4198
 158.0706 13668.8693  215.8359 -999.9000    0.0000    0.0000   13.4653   91.3880
 154.1974 13825.7487  214.9560 -999.9000    0.0000    0.0000   12.3229   91.4693
 150.4126 13982.6281  214.8824 -999.9000    0.0000    0.0000   10.4269   91.5650
 146.7292 14139.5075  215.8044 -999.9000    0.0000    0.0000   10.3655   91.5673
 143.1108 14296.3869  214.0204 -999.9000    0.0000    0.0000   10.2996   91.5696
 139.5597 14453.2663  216.4325 -999.9000    0.0000    0.0000   10.2810   91.5684
 136.1266 14610.1457  214.0923 -999.9000    0.0000    0.0000   10.2846   91.5540
 132.7619 14767.0251  213.2202 -999.9000    0.0000    0.0000   10.2920   91.5347
 129.4754 14923.9045  214.2193 -999.9000    0.0000    0.0000   10.2971   91.5197
 126.2897 15080.7839  215.3319 -999.9000    0.0000    0.0000   10.2912   91.5108
 123.1790 15237.6633  216.5699 -999.9000    0.0000    0.0000   10.3124   91.4644
 120.1481 15394.5427  217.0568 -999.9000    0.0000    0.0000   10.1743   91.3748
 117.2138 15551.4221  216.4294 -999.9000    0.0000    0.0000    9.8173   91.2661
 114.3435 15708.3015  216.3541 -999.9000    0.0000    0.0000    9.4988   91.1464
 111.5416 15865.1809  216.1318 -999.9000    0.0000    0.0000    8.9210   91.1933
 108.8149 16022.0603  217.4675 -999.9000    0.0000    0.0000    8.1099   91.4869
 106.1648 16178.9397  217.5448 -999.9000    0.0000    0.0000    7.6518   91.3484
 103.5767 16335.8191  217.2015 -999.9000    0.0000    0.0000    6.2248   91.9971
 101.0524 16492.6985  219.2696 -999.9000    0.0000    0.0000    1.7508   90.4089
  98.6148 16649.5779  217.8998 -999.9000    0.0000    0.0000    0.9792   90.4014
  96.2203 16806.4573  217.1806 -999.9000    0.0000    0.0000    0.1561   90.4014
  93.8688 16963.3367  216.4843 -999.9000    0.0000    0.0000    1.2417   90.4014
  91.5836 17120.2161  216.3819 -999.9000    0.0000    0.0000    2.1125   90.4014
  89.3567 17277.0955  216.3765 -999.9000    0.0000    0.0000    2.7491   90.4014
  87.1784 17433.9749  215.9198 -999.9000    0.0000    0.0000    3.4483   90.3927
  85.0453 17590.8543  215.1240 -999.9000    0.0000    0.0000    4.3767   90.0754
  82.9608 17747.7337  214.8123 -999.9000    0.0000    0.0000    5.5610   90.9865
  80.9282 17904.6131  215.4680 -999.9000    0.0000    0.0000    6.7176   90.6807
  78.9484 18061.4925  216.1213 -999.9000    0.0000    0.0000    6.6181   90.4907
  77.0217 18218.3719  216.8027 -999.9000    0.0000    0.0000    5.6659   90.6714
  75.1483 18375.2513  217.8693 -999.9000    0.0000    0.0000    4.7156   90.9237
  73.3271 18532.1307  218.9793 -999.9000    0.0000    0.0000    4.0980   91.0464
  71.5556 18689.0101  219.1129 -999.9000    0.0000    0.0000    3.6350   90.9336
  69.8260 18845.8894  218.0052 -999.9000    0.0000    0.0000    3.0205   91.0562
  68.1227 19002.7688  217.7226 -999.9000    0.0000    0.0000    1.8878   91.7656
  66.4601 19159.6482  218.0801 -999.9000    0.0000    0.0000    0.8677   89.5288
  64.8418 19316.5276  218.5713 -999.9000    0.0000    0.0000    0.5704   87.4851
  63.2670 19473.4070  218.9823 -999.9000    0.0000    0.0000    1.1261   87.9468
  61.7318 19630.2864  219.5511 -999.9000    0.0000    0.0000    1.7265   88.3028
  60.2355 19787.1658  219.7716 -999.9000    0.0000    0.0000    2.4847   88.5476
  58.7762 19944.0452  219.4832 -999.9000    0.0000    0.0000    3.3412   88.9105
  57.3501 20100.9246  219.1123 -999.9000    0.0000    0.0000    3.7915   89.0671
  55.9562 20257.8040  218.8528 -999.9000    0.0000    0.0000    3.7384   88.9446
  54.5968 20414.6834  218.6251 -999.9000    0.0000    0.0000    3.5473   88.7725
  53.2731 20571.5628  218.5810 -999.9000    0.0000    0.0000    3.3815   88.6461
  51.9860 20728.4422  219.0313 -999.9000    0.0000    0.0000    3.2578   88.5640
  50.7361 20885.3216  220.2894 -999.9000    0.0000    0.0000    3.1908   88.5228
  49.5229 21042.2010  222.0666 -999.9000    0.0000    0.0000    3.1640   88.5126
  48.3394 21199.0804  221.4530 -999.9000    0.0000    0.0000    3.5269   88.5757
  47.1874 21355.9598  221.5243 -999.9000    0.0000    0.0000    4.6784   88.7747
  46.0647 21512.8392  221.9186 -999.9000    0.0000    0.0000    5.7335   88.9472
  44.9691 21669.7186  222.1570 -999.9000    0.0000    0.0000    5.9595   88.9570
  43.8989 21826.5980  222.1765 -999.9000    0.0000    0.0000    5.5888   88.8369
  42.8525 21983.4774  222.0380 -999.9000    0.0000    0.0000    5.1374   88.6697
  41.8295 22140.3568  221.7896 -999.9000    0.0000    0.0000    4.8942   88.5214
  40.8309 22297.2362  221.4598 -999.9000    0.0000    0.0000    4.7967   88.4316
  39.8584 22454.1156  221.0781 -999.9000    0.0000    0.0000    4.7529   88.4374
  38.9104 22610.9950  221.4711 -999.9000    0.0000    0.0000    4.9103   88.5046
  37.9838 22767.8744  222.7323 -999.9000    0.0000    0.0000    5.3252   88.5579
  37.0791 22924.7538  223.4257 -999.9000    0.0000    0.0000    5.6658   88.6106
  36.1962 23081.6332  223.5203 -999.9000    0.0000    0.0000    5.9161   88.6649
  35.3349 23238.5126  223.2341 -999.9000    0.0000    0.0000    6.1151   88.7211
  34.4951 23395.3920  222.7847 -999.9000    0.0000    0.0000    6.3028   88.7793
  33.6765 23552.2714  222.3901 -999.9000    0.0000    0.0000    6.5182   88.8396
  32.8792 23709.1508  222.2680 -999.9000    0.0000    0.0000    6.8013   88.9021
  32.1025 23866.0302  222.5606 -999.9000    0.0000    0.0000    7.1640   88.9664
  31.3447 24022.9095  223.1304 -999.9000    0.0000    0.0000    7.5182   89.0294
  30.6036 24179.7889  223.7756 -999.9000    0.0000    0.0000    7.7524   89.0878
  29.8779 24336.6683  224.2688 -999.9000    0.0000    0.0000    7.7746   89.1301
  29.1715 24493.5477  224.3209 -999.9000    0.0000    0.0000    7.6891   89.0898
  28.4842 24650.4271  224.1799 -999.9000    0.0000    0.0000    7.5486   88.9796
  27.8138 24807.3065  224.2146 -999.9000    0.0000    0.0000    7.3671   88.8366
  27.1583 24964.1859  224.7922 -999.9000    0.0000    0.0000    7.1582   88.6979
  26.5173 25121.0653  225.9734 -999.9000    0.0000    0.0000    6.9429   88.5852
  25.8939 25277.9447  227.1703 -999.9000    0.0000    0.0000    6.7560   88.4883
  25.2914 25434.8241  227.7118 -999.9000    0.0000    0.0000    6.6345   88.3927
  24.7096 25591.7035  227.2315 -999.9000    0.0000    0.0000    6.6600   88.3136
  24.1354 25748.5829  226.7146 -999.9000    0.0000    0.0000    6.9934   88.3442
  23.5706 25905.4623  226.4938 -999.9000    0.0000    0.0000    7.5373   88.4419
  23.0189 26062.3417  226.7782 -999.9000    0.0000    0.0000    8.1670   88.5480
  22.4826 26219.2211  227.6329 -999.9000    0.0000    0.0000    8.7820   88.6216
  21.9608 26376.1005  228.7518 -999.9000    0.0000    0.0000    9.3441   88.6692
  21.4521 26532.9799  229.7700 -999.9000    0.0000    0.0000    9.8252   88.7041
  20.9548 26689.8593  230.3223 -999.9000    0.0000    0.0000   10.1970   88.7401
  20.4676 26846.7387  230.0437 -999.9000    0.0000    0.0000   10.4314   88.7908
  19.9891 27003.6181  228.6044 -999.9000    0.0000    0.0000   10.4932   88.8671
  19.5243 27160.4975  227.7258 -999.9000    0.0000    0.0000   10.0209   88.8331
  19.0752 27317.3769  228.1948 -999.9000    0.0000    0.0000    9.0866   88.6652
  18.6391 27474.2563  229.4310 -999.9000    0.0000    0.0000    8.0850   88.4541
  18.2135 27631.1357  230.8541 -999.9000    0.0000    0.0000    7.4108   88.2905
  17.7959 27788.0151  231.8924 -999.9000    0.0000    0.0000    7.4358   88.2601
  17.3864 27944.8945  232.1987 -999.9000    0.0000    0.0000    7.9812   88.3267
  16.9866 28101.7739  231.7991 -999.9000    0.0000    0.0000    8.5661   88.3867
  16.5963 28258.6533  230.9901 -999.9000    0.0000    0.0000    9.1558   88.4341
  16.2153 28415.5327  230.0953 -999.9000    0.0000    0.0000    9.7650   88.4734
  15.8432 28572.4121  229.4384 -999.9000    0.0000    0.0000   10.4087   88.5095
  15.4798 28729.2915  229.3371 -999.9000    0.0000    0.0000   11.0993   88.5468
  15.1246 28886.1709  229.7523 -999.9000    0.0000    0.0000   11.7347   88.5881
  14.7769 29043.0503  230.1272 -999.9000    0.0000    0.0000   12.0515   88.6333
  14.4368 29199.9296  230.2974 -999.9000    0.0000    0.0000   11.9850   88.6841
  14.1043 29356.8090  230.4005 -999.9000    0.0000    0.0000   11.6167   88.7433
  13.7798 29513.6884  230.5797 -999.9000    0.0000    0.0000   11.0314   88.8140
  13.4633 29670.5678  230.9781 -999.9000    0.0000    0.0000   10.3135   88.8992
  13.1552 29827.4472  231.7391 -999.9000    0.0000    0.0000    9.5476   89.0018
  12.8555 29984.3266  232.9490 -999.9000    0.0000    0.0000    8.8164   89.1215
  12.5638 30141.2060  234.2952 -999.9000    0.0000    0.0000    8.1881   89.2343
  12.2794 30298.0854  235.2957 -999.9000    0.0000    0.0000    7.7248   89.3059
  12.0018 30454.9648  235.4677 -999.9000    0.0000    0.0000    7.4888   89.3022
  11.7304 30611.8442  234.5832 -999.9000    0.0000    0.0000    7.5014   89.2026
  11.4650 30768.7236  233.4535 -999.9000    0.0000    0.0000    7.6174   89.0420
  11.2056 30925.6030  233.1550 -999.9000    0.0000    0.0000    7.6494   88.8691
  10.9522 31082.4824  234.3395 -999.9000    0.0000    0.0000    7.4774   88.7216
  10.7056 31239.3618  235.8466 -999.9000    0.0000    0.0000    7.2708   88.5894
  10.4661 31396.2412  236.3579 -999.9000    0.0000    0.0000    7.2268   88.4534
  10.2318 31553.1206  235.9533 -999.9000    0.0000    0.0000    7.3310   88.3118
  10.0000 31710.0000  235.0875 -999.9000    0.0000    0.0000    7.5128   88.1674
