# 06610 LSMP Payerne Observations at 12Z 30 Jul 2008
# Radiosonde file generated by raso.rb
#
  P [hPa],     Z [m],    T [K],   Td [K],   RH [%], r [g/kg], WS [m/s], WD [deg]
 962.0000   491.0000  297.8882 -999.9000   66.2051   13.6900    1.4664   93.0543
 944.6891   647.8794  295.9736 -999.9000   67.7663   12.6302    3.9341   92.6754
 927.6873   804.7588  294.7160 -999.9000   79.5096   13.9071    1.5737   92.9144
 911.0964   961.6382  293.5448 -999.9000   79.9708   14.4362    0.1919   88.9012
 894.7070  1118.5176  292.7163 -999.9000   79.9730   14.3064    0.7673   90.9797
 878.5406  1275.3970  292.5154 -999.9000   80.0408   13.3485    1.7555   90.6229
 862.6769  1432.2764  291.2182 -999.9000   80.9550   13.5129    1.9930   90.4248
 846.9845  1589.1558  290.0443 -999.9000   80.2760   13.9027    3.6077   90.3491
 831.5533  1746.0352  289.7524 -999.9000   80.7539   13.2228    4.5023   90.3950
 816.3570  1902.9146  288.4816 -999.9000   80.6419   11.9693    5.6204   90.4496
 801.3249  2059.7940  286.9238 -999.9000   80.3614   11.5640    6.2575   90.4939
 786.5365  2216.6734  285.5917 -999.9000   80.2059   10.4184    7.0200   90.5367
 771.9169  2373.5528  284.3731 -999.9000   80.5917    8.7627    8.2262   90.5644
 757.5041  2530.4322  283.3217 -999.9000   80.4568    8.5006    8.7725   90.6155
 743.3854  2687.3116  282.7474 -999.9000   77.8106    7.5803    7.6775   90.6080
 729.2940  2844.1910  281.6683 -999.9000   60.4132    5.5688    7.4469   90.6173
 715.5826  3001.0704  280.6109 -999.9000   50.1483    4.3807    9.0386   90.6971
 702.0616  3157.9497  279.4127 -999.9000   51.6302    4.2344   10.3309   90.7782
 688.7126  3314.8291  277.9164 -999.9000   58.9530    4.4448   10.4294   90.8007
 675.5482  3471.7085  276.2668 -999.9000   68.2518    4.6752   10.6870   90.8205
 662.5494  3628.5879  274.7644 -999.9000   74.1971    4.6607   11.3003   90.8487
 649.7305  3785.4673  273.7259 -999.9000   67.3205    4.0055   11.6015   90.8627
 637.1240  3942.3467  272.8406 -999.9000   55.1834    3.1437   10.9278   90.9118
 624.7467  4099.2261  271.7912 -999.9000   50.2063    2.7055    9.3869   91.0167
 612.5275  4256.1055  270.6940 -999.9000   50.1406    2.5464    8.9614   91.0465
 600.5160  4412.9849  270.0474 -999.9000   38.2463    1.8919    9.2492   91.0390
 588.7253  4569.8643  269.4121 -999.9000   22.7856    1.0986    9.4416   91.0433
 577.1128  4726.7437  268.0782 -999.9000   18.1867    0.8108    9.5011   91.0483
 565.6299  4883.6231  267.2014 -999.9000   17.0548    0.7276    9.4735   91.0538
 554.4053  5040.5025  266.5994 -999.9000   13.5162    0.5634    8.7955   91.1400
 543.3471  5197.3819  265.8847 -999.9000   12.8569    0.5190    8.0288   91.2153
 532.4739  5354.2613  264.8213 -999.9000   22.2348    0.8459    8.4472   91.2112
 521.8251  5511.1407  263.7372 -999.9000   24.0862    0.8613    9.2164   91.1806
 511.3144  5668.0201  262.9119 -999.9000   14.1233    0.4842    9.9116   91.1583
 500.9731  5824.8995  261.5378 -999.9000   13.0070    0.4090   10.6286   91.1344
 490.8286  5981.7789  259.8954 -999.9000   18.4504    0.5200   10.7993   91.1143
 480.7236  6138.6583  258.7530 -999.9000   29.3115    0.7703   11.1499   91.0832
 470.8214  6295.5377  257.4387 -999.9000   31.5842    0.7621   11.2646   91.0728
 461.0900  6452.4171  255.9874 -999.9000   30.9187    0.6762   11.0038   90.9894
 451.4963  6609.2965  254.6649 -999.9000   32.0979    0.6422   10.0135   90.8335
 442.0676  6766.1759  253.5703 -999.9000   32.6759    0.6091    9.1411   90.7116
 432.8253  6923.0553  252.5885 -999.9000   32.3933    0.5674   10.0695   90.6964
 423.7241  7079.9347  251.1648 -999.9000   36.1083    0.5712   10.9697   90.7318
 414.7432  7236.8141  249.4456 -999.9000   41.3456    0.5742   10.7871   90.7585
 405.9174  7393.6935  248.4394 -999.9000   31.9100    0.4138   11.0347   90.7794
 397.1974  7550.5729  247.1448 -999.9000   27.3136    0.3219   11.3208   90.7881
 388.6475  7707.4523  245.7474 -999.9000   31.2447    0.3308   11.4830   90.8405
 380.2876  7864.3317  244.7302 -999.9000   34.9009    0.3433   11.7348   90.9010
 372.0784  8021.2111  243.9144 -999.9000   39.1773    0.3645   11.9016   90.8924
 363.9826  8178.0905  243.1252 -999.9000   45.3120    0.3994   11.8290   90.7526
 356.0087  8334.9698  242.2785 -999.9000   54.5647    0.4529   11.8278   90.7678
 348.2042  8491.8492  241.3925 -999.9000   60.6958    0.5188   12.4447   91.3797
 340.5609  8648.7286  240.5499 -999.9000   65.0896    0.5272   12.6928   91.7004
 333.0575  8805.6080  239.6999 -999.9000   65.6936    0.4852   12.6495   91.6152
 325.6771  8962.4874  238.7418 -999.9000   65.1139    0.4338   12.9609   91.4555
 318.4095  9119.3668  237.5592 -999.9000   65.9000    0.3977   13.8956   91.4682
 311.2701  9276.2462  235.9418 -999.9000   60.7850    0.3338   14.0677   91.4746
 304.2599  9433.1256  234.3911 -999.9000   55.5933    0.2938   14.3043   91.4194
 297.3812  9590.0050  233.3285 -999.9000   50.7410    0.2688   14.7971   91.3896
 290.6045  9746.8844  232.1045 -999.9000   45.5251    0.2331   15.1346   91.3805
 283.9369  9903.7638  230.7307 -999.9000   45.8209    0.2031   15.5193   91.3479
 277.3870 10060.6432  229.2525 -999.9000   45.6689    0.1789   15.9136   91.3074
 270.9631 10217.5226  227.7095 -999.9000   45.6037    0.1538   16.1847   91.2950
 264.6694 10374.4020  226.1755 -999.9000   45.7115    0.1244   16.2426   91.3378
 258.4744 10531.2814  224.9571 -999.9000   45.2178    0.1097   16.3879   91.3756
 252.3757 10688.1608  223.9359 -999.9000   45.5325    0.1034   16.6493   91.3933
 246.3812 10845.0402  222.8827 -999.9000   40.2499    0.0916   16.9449   91.3978
 240.4896 11001.9196  221.6898 -999.9000   35.6909    0.0742   17.2214   91.3965
 234.6950 11158.7990  220.3525 -999.9000   35.9441    0.0604   17.4494   91.3968
 229.0082 11315.6784  218.9677 -999.9000   35.4873    0.0528   17.6236   91.3986
 223.4492 11472.5578  217.6836 -999.9000   34.9597    0.0500   17.7507   91.3982
 218.0236 11629.4372  216.4767 -999.9000   30.1152    0.0480   17.5492   91.4126
 212.6609 11786.3166  214.7985 -999.9000   25.5982    0.0350   15.8693   91.5070
 207.3913 11943.1960  213.9606 -999.9000   23.7653    0.0295   14.6911   91.4951
 202.2510 12100.0754  214.6580 -999.9000   18.0020    0.0410   14.3864   91.5711
 197.2536 12256.9548  216.0494 -999.9000    9.0966    0.0304   12.3861   92.1270
 192.4469 12413.8342  218.4336 -999.9000    2.6451    0.0062   12.8354   91.9985
 187.8076 12570.7136  218.2400 -999.9000    0.2370    0.0003   13.0760   91.9213
 183.2603 12727.5930  216.9936 -999.9000    0.2956    0.0003   12.7807   91.8946
 178.8033 12884.4724  216.5691 -999.9000    0.0000    0.0000   12.5436   91.8603
 174.4458 13041.3518  216.9609 -999.9000    0.0133    0.0000   12.6716   91.7991
 170.1876 13198.2312  217.1749 -999.9000    0.0000    0.0000   13.1911   91.6668
 166.0391 13355.1106  217.3322 -999.9000    0.0000    0.0000   13.8046   91.5392
 162.0101 13511.9899  216.9457 -999.9000    0.0002    0.0000   14.0971   91.4198
 158.0706 13668.8693  215.9520 -999.9000    0.0000    0.0000   13.7074   91.3880
 154.1974 13825.7487  215.0708 -999.9000    0.0000    0.0000   12.5397   91.4693
 150.4126 13982.6281  214.9978 -999.9000    0.0000    0.0000   10.6197   91.5650
 146.7292 14139.5075  215.9228 -999.9000    0.0000    0.0000   10.5357   91.5673
 143.1108 14296.3869  214.1446 -999.9000    0.0000    0.0000   10.4491   91.5696
 139.5597 14453.2663  216.5656 -999.9000    0.0000    0.0000   10.4117   91.5684
 136.1266 14610.1457  214.2372 -999.9000    0.0000    0.0000   10.3986   91.5540
 132.7619 14767.0251  213.3795 -999.9000    0.0000    0.0000   10.3912   91.5347
 129.4754 14923.9045  214.3954 -999.9000    0.0000    0.0000   10.3833   91.5197
 126.2897 15080.7839  215.5266 -999.9000    0.0000    0.0000   10.3659   91.5108
 123.1790 15237.6633  216.7848 -999.9000    0.0000    0.0000   10.3770   91.4644
 120.1481 15394.5427  217.2931 -999.9000    0.0000    0.0000   10.2302   91.3748
 117.2138 15551.4221  216.6877 -999.9000    0.0000    0.0000    9.8655   91.2661
 114.3435 15708.3015  216.6350 -999.9000    0.0000    0.0000    9.5403   91.1464
 111.5416 15865.1809  216.4353 -999.9000    0.0000    0.0000    8.9567   91.1933
 108.8149 16022.0603  217.7932 -999.9000    0.0000    0.0000    8.1404   91.4869
 106.1648 16178.9397  217.8922 -999.9000    0.0000    0.0000    7.6776   91.3484
 103.5767 16335.8191  217.5694 -999.9000    0.0000    0.0000    6.2462   91.9971
 101.0524 16492.6985  219.6565 -999.9000    0.0000    0.0000    1.7680   90.4089
  98.6148 16649.5779  218.3041 -999.9000    0.0000    0.0000    0.9922   90.4014
  96.2203 16806.4573  217.6000 -999.9000    0.0000    0.0000    0.1649   90.4014
  93.8688 16963.3367  216.9162 -999.9000    0.0000    0.0000    1.2460   90.4014
  91.5836 17120.2161  216.8235 -999.9000    0.0000    0.0000    2.1117   90.4014
  89.3567 17277.0955  216.8244 -999.9000    0.0000    0.0000    2.7427   90.4014
  87.1784 17433.9749  216.3704 -999.9000    0.0000    0.0000    3.4356   90.3927
  85.0453 17590.8543  215.5733 -999.9000    0.0000    0.0000    4.3568   90.0754
  82.9608 17747.7337  215.2558 -999.9000    0.0000    0.0000    5.5328   90.9865
  80.9282 17904.6131  215.9010 -999.9000    0.0000    0.0000    6.6800   90.6807
  78.9484 18061.4925  216.5391 -999.9000    0.0000    0.0000    6.5697   90.4907
  77.0217 18218.3719  217.2009 -999.9000    0.0000    0.0000    5.6056   90.6714
  75.1483 18375.2513  218.2438 -999.9000    0.0000    0.0000    4.6426   90.9237
  73.3271 18532.1307  219.3266 -999.9000    0.0000    0.0000    4.0113   91.0464
  71.5556 18689.0101  219.4298 -999.9000    0.0000    0.0000    3.5341   90.9336
  69.8260 18845.8894  218.2890 -999.9000    0.0000    0.0000    2.9047   91.0562
  68.1227 19002.7688  217.9709 -999.9000    0.0000    0.0000    1.7567   91.7656
  66.4601 19159.6482  218.2911 -999.9000    0.0000    0.0000    0.7211   89.5288
  64.8418 19316.5276  218.7433 -999.9000    0.0000    0.0000    0.4081   87.4851
  63.2670 19473.4070  219.1143 -999.9000    0.0000    0.0000    0.9482   87.9468
  61.7318 19630.2864  219.6423 -999.9000    0.0000    0.0000    1.5331   88.3028
  60.2355 19787.1658  219.8217 -999.9000    0.0000    0.0000    2.2761   88.5476
  58.7762 19944.0452  219.4924 -999.9000    0.0000    0.0000    3.1178   88.9105
  57.3501 20100.9246  219.0810 -999.9000    0.0000    0.0000    3.5539   89.0671
  55.9562 20257.8040  218.7819 -999.9000    0.0000    0.0000    3.4873   88.9446
  54.5968 20414.6834  218.5160 -999.9000    0.0000    0.0000    3.2835   88.7725
  53.2731 20571.5628  218.4355 -999.9000    0.0000    0.0000    3.1060   88.6461
  51.9860 20728.4422  218.8514 -999.9000    0.0000    0.0000    2.9718   88.5640
  50.7361 20885.3216  220.0778 -999.9000    0.0000    0.0000    2.8954   88.5228
  49.5229 21042.2010  221.8262 -999.9000    0.0000    0.0000    2.8607   88.5126
  48.3394 21199.0804  221.1871 -999.9000    0.0000    0.0000    3.2173   88.5757
  47.1874 21355.9598  221.2367 -999.9000    0.0000    0.0000    4.3640   88.7747
  46.0647 21512.8392  221.6133 -999.9000    0.0000    0.0000    5.4162   88.9472
  44.9691 21669.7186  221.8377 -999.9000    0.0000    0.0000    5.6410   88.9570
  43.8989 21826.5980  221.8469 -999.9000    0.0000    0.0000    5.2708   88.8369
  42.8525 21983.4774  221.7014 -999.9000    0.0000    0.0000    4.8216   88.6697
  41.8295 22140.3568  221.4493 -999.9000    0.0000    0.0000    4.5824   88.5214
  40.8309 22297.2362  221.1187 -999.9000    0.0000    0.0000    4.4905   88.4316
  39.8584 22454.1156  220.7390 -999.9000    0.0000    0.0000    4.4539   88.4374
  38.9104 22610.9950  221.1366 -999.9000    0.0000    0.0000    4.6202   88.5046
  37.9838 22767.8744  222.4049 -999.9000    0.0000    0.0000    5.0456   88.5579
  37.0791 22924.7538  223.1076 -999.9000    0.0000    0.0000    5.3984   88.6106
  36.1962 23081.6332  223.2135 -999.9000    0.0000    0.0000    5.6623   88.6649
  35.3349 23238.5126  222.9404 -999.9000    0.0000    0.0000    5.8766   88.7211
  34.4951 23395.3920  222.5057 -999.9000    0.0000    0.0000    6.0810   88.7793
  33.6765 23552.2714  222.1273 -999.9000    0.0000    0.0000    6.3149   88.8396
  32.8792 23709.1508  222.0225 -999.9000    0.0000    0.0000    6.6178   88.9021
  32.1025 23866.0302  222.3336 -999.9000    0.0000    0.0000    7.0019   88.9664
  31.3447 24022.9095  222.9226 -999.9000    0.0000    0.0000    7.3789   89.0294
  30.6036 24179.7889  223.5877 -999.9000    0.0000    0.0000    7.6374   89.0878
  29.8779 24336.6683  224.1013 -999.9000    0.0000    0.0000    7.6853   89.1301
  29.1715 24493.5477  224.1740 -999.9000    0.0000    0.0000    7.6271   89.0898
  28.4842 24650.4271  224.0536 -999.9000    0.0000    0.0000    7.5152   88.9796
  27.8138 24807.3065  224.1088 -999.9000    0.0000    0.0000    7.3636   88.8366
  27.1583 24964.1859  224.7066 -999.9000    0.0000    0.0000    7.1860   88.6979
  26.5173 25121.0653  225.9077 -999.9000    0.0000    0.0000    7.0031   88.5852
  25.8939 25277.9447  227.1240 -999.9000    0.0000    0.0000    6.8495   88.4883
  25.2914 25434.8241  227.6845 -999.9000    0.0000    0.0000    6.7620   88.3927
  24.7096 25591.7035  227.2228 -999.9000    0.0000    0.0000    6.8218   88.3136
  24.1354 25748.5829  226.7240 -999.9000    0.0000    0.0000    7.1899   88.3442
  23.5706 25905.4623  226.5208 -999.9000    0.0000    0.0000    7.7684   88.4419
  23.0189 26062.3417  226.8221 -999.9000    0.0000    0.0000    8.4325   88.5480
  22.4826 26219.2211  227.6932 -999.9000    0.0000    0.0000    9.0814   88.6216
  21.9608 26376.1005  228.8278 -999.9000    0.0000    0.0000    9.6768   88.6692
  21.4521 26532.9799  229.8610 -999.9000    0.0000    0.0000   10.1903   88.7041
  20.9548 26689.8593  230.4277 -999.9000    0.0000    0.0000   10.5935   88.7401
  20.4676 26846.7387  230.1626 -999.9000    0.0000    0.0000   10.8578   88.7908
  19.9891 27003.6181  228.7360 -999.9000    0.0000    0.0000   10.9481   88.8671
  19.5243 27160.4975  227.8692 -999.9000    0.0000    0.0000   10.5024   88.8331
  19.0752 27317.3769  228.3493 -999.9000    0.0000    0.0000    9.5928   88.6652
  18.6391 27474.2563  229.5956 -999.9000    0.0000    0.0000    8.6136   88.4541
  18.2135 27631.1357  231.0278 -999.9000    0.0000    0.0000    7.9595   88.2905
  17.7959 27788.0151  232.0742 -999.9000    0.0000    0.0000    8.0018   88.2601
  17.3864 27944.8945  232.3877 -999.9000    0.0000    0.0000    8.5617   88.3267
  16.9866 28101.7739  231.9941 -999.9000    0.0000    0.0000    9.1579   88.3867
  16.5963 28258.6533  231.1900 -999.9000    0.0000    0.0000    9.7558   88.4341
  16.2153 28415.5327  230.2991 -999.9000    0.0000    0.0000   10.3695   88.4734
  15.8432 28572.4121  229.6448 -999.9000    0.0000    0.0000   11.0139   88.5095
  15.4798 28729.2915  229.5448 -999.9000    0.0000    0.0000   11.7013   88.5468
  15.1246 28886.1709  229.9602 -999.9000    0.0000    0.0000   12.3293   88.5881
  14.7769 29043.0503  230.3339 -999.9000    0.0000    0.0000   12.6342   88.6333
  14.4368 29199.9296  230.5016 -999.9000    0.0000    0.0000   12.5512   88.6841
  14.1043 29356.8090  230.6009 -999.9000    0.0000    0.0000   12.1615   88.7433
  13.7798 29513.6884  230.7747 -999.9000    0.0000    0.0000   11.5497   88.8140
  13.4633 29670.5678  231.1664 -999.9000    0.0000    0.0000   10.8000   88.8992
  13.1552 29827.4472  231.9191 -999.9000    0.0000    0.0000    9.9969   89.0018
  12.8555 29984.3266  233.1193 -999.9000    0.0000    0.0000    9.2226   89.1215
  12.5638 30141.2060  234.4542 -999.9000    0.0000    0.0000    8.5451   89.2343
  12.2794 30298.0854  235.4418 -999.9000    0.0000    0.0000    8.0266   89.3059
  12.0018 30454.9648  235.5993 -999.9000    0.0000    0.0000    7.7289   89.3022
  11.7304 30611.8442  234.6985 -999.9000    0.0000    0.0000    7.6732   89.2026
  11.4650 30768.7236  233.5509 -999.9000    0.0000    0.0000    7.7140   89.0420
  11.2056 30925.6030  233.2327 -999.9000    0.0000    0.0000    7.6637   88.8691
  10.9522 31082.4824  234.3957 -999.9000    0.0000    0.0000    7.4022   88.7216
  10.7056 31239.3618  235.8794 -999.9000    0.0000    0.0000    7.0984   88.5894
  10.4661 31396.2412  236.3655 -999.9000    0.0000    0.0000    6.9496   88.4534
  10.2318 31553.1206  235.9339 -999.9000    0.0000    0.0000    6.9410   88.3118
  10.0000 31710.0000  235.0390 -999.9000    0.0000    0.0000    7.0017   88.1674
