# 06610 LSMP Payerne Observations at 12Z 30 Jul 2008
# Radiosonde file generated by raso.rb
#
  P [hPa],     Z [m],    T [K],   Td [K],   RH [%], r [g/kg], WS [m/s], WD [deg]
 962.0000   491.0000  297.9531 -999.9000   66.2921   13.6900    1.8830   93.0543
 944.6891   647.8794  295.8661 -999.9000   67.8560   12.6302    4.3460   92.6754
 927.6873   804.7588  294.4505 -999.9000   79.6151   13.9071    1.9818   92.9144
 911.0964   961.6382  293.1351 -999.9000   80.0767   14.4362    0.2131   92.0428
 894.7070  1118.5176  292.1758 -999.9000   80.0781   14.3064    1.1700   90.9797
 878.5406  1275.3970  291.8570 -999.9000   80.1448   13.3485    2.1566   90.6229
 862.6769  1432.2764  290.4545 -999.9000   81.0586   13.5129    2.3932   90.4248
 846.9845  1589.1558  289.1873 -999.9000   80.3767   13.9027    4.0076   90.3491
 831.5533  1746.0352  288.8137 -999.9000   80.8527   13.2228    4.9023   90.3950
 816.3570  1902.9146  287.4724 -999.9000   80.7378   11.9693    6.0211   90.4496
 801.3249  2059.7940  285.8547 -999.9000   80.4539   11.5640    6.6592   90.4939
 786.5365  2216.6734  284.4730 -999.9000   80.2948   10.4184    7.4232   90.5367
 771.9169  2373.5528  283.2147 -999.9000   80.6773    8.7627    8.6311   90.5644
 757.5041  2530.4322  282.1329 -999.9000   80.5382    8.5006    9.1793   90.6155
 743.3854  2687.3116  281.5371 -999.9000   77.8854    7.5803    8.0864   90.6080
 729.2940  2844.1910  280.4450 -999.9000   60.4679    5.5688    7.8580   90.6173
 715.5826  3001.0704  279.3827 -999.9000   50.1908    4.3807    9.4520   90.6971
 702.0616  3157.9497  278.1871 -999.9000   51.6709    4.2344   10.7466   90.7782
 688.7126  3314.8291  276.7006 -999.9000   58.9959    4.4448   10.8473   90.8007
 675.5482  3471.7085  275.0675 -999.9000   68.2972    4.6752   11.1070   90.8205
 662.5494  3628.5879  273.5878 -999.9000   74.2418    4.6607   11.7222   90.8487
 649.7305  3785.4673  272.5777 -999.9000   67.3567    4.0055   12.0251   90.8627
 637.1240  3942.3467  271.7263 -999.9000   55.2095    3.1437   11.3527   90.9118
 624.7467  4099.2261  270.7156 -999.9000   50.2268    2.7055    9.8129   91.0167
 612.5275  4256.1055  269.6616 -999.9000   50.1578    2.5464    9.3880   91.0465
 600.5160  4412.9849  269.0622 -999.9000   38.2570    1.8919    9.6760   91.0390
 588.7253  4569.8643  268.4776 -999.9000   22.7905    1.0986    9.8680   91.0433
 577.1128  4726.7437  267.1976 -999.9000   18.1895    0.8108    9.9266   91.0483
 565.6299  4883.6231  266.3774 -999.9000   17.0564    0.7276    9.8974   91.0538
 554.4053  5040.5025  265.8341 -999.9000   13.5166    0.5634    9.2170   91.1400
 543.3471  5197.3819  265.1800 -999.9000   12.8566    0.5190    8.4473   91.2153
 532.4739  5354.2613  264.1784 -999.9000   22.2330    0.8459    8.8618   91.2112
 521.8251  5511.1407  263.1571 -999.9000   24.0830    0.8613    9.6261   91.1806
 511.3144  5668.0201  262.3949 -999.9000   14.1207    0.4842   10.3156   91.1583
 500.9731  5824.8995  261.0840 -999.9000   13.0040    0.4090   11.0258   91.1344
 490.8286  5981.7789  259.5043 -999.9000   18.4454    0.5200   11.1888   91.1143
 480.7236  6138.6583  258.4237 -999.9000   29.3023    0.7703   11.5305   91.0832
 470.8214  6295.5377  257.1698 -999.9000   31.5732    0.7621   11.6351   91.0728
 461.0900  6452.4171  255.7771 -999.9000   30.9070    0.6762   11.3630   90.9894
 451.4963  6609.2965  254.5110 -999.9000   32.0849    0.6422   10.3600   90.8335
 442.0676  6766.1759  253.4700 -999.9000   32.6619    0.6091    9.4737   90.7116
 432.8253  6923.0553  252.5387 -999.9000   32.3789    0.5674   10.3867   90.6964
 423.7241  7079.9347  251.1619 -999.9000   36.0919    0.5712   11.2700   90.7318
 414.7432  7236.8141  249.4856 -999.9000   41.3266    0.5742   11.0691   90.7585
 405.9174  7393.6935  248.5179 -999.9000   31.8955    0.4138   11.2967   90.7794
 397.1974  7550.5729  247.2568 -999.9000   27.3014    0.3219   11.5612   90.7881
 388.6475  7707.4523  245.8881 -999.9000   31.2311    0.3308   11.7004   90.8405
 380.2876  7864.3317  244.8950 -999.9000   34.8864    0.3433   11.9277   90.9010
 372.0784  8021.2111  244.0990 -999.9000   39.1621    0.3645   12.0688   90.8924
 363.9826  8178.0905  243.3257 -999.9000   45.2958    0.3994   11.9695   90.7526
 356.0087  8334.9698  242.4910 -999.9000   54.5471    0.4529   11.9407   90.7678
 348.2042  8491.8492  241.6137 -999.9000   60.6786    0.5188   12.5294   91.3797
 340.5609  8648.7286  240.7765 -999.9000   65.0740    0.5272   12.7487   91.7004
 333.0575  8805.6080  239.9289 -999.9000   65.6808    0.4852   12.6764   91.6152
 325.6771  8962.4874  238.9706 -999.9000   65.1045    0.4338   12.9585   91.4555
 318.4095  9119.3668  237.7853 -999.9000   65.8939    0.3977   13.8639   91.4682
 311.2701  9276.2462  236.1632 -999.9000   60.7827    0.3338   14.0068   91.4746
 304.2599  9433.1256  234.6059 -999.9000   55.5943    0.2938   14.2146   91.4194
 297.3812  9590.0050  233.5350 -999.9000   50.7448    0.2688   14.6791   91.3896
 290.6045  9746.8844  232.3013 -999.9000   45.5312    0.2331   14.9889   91.3805
 283.9369  9903.7638  230.9168 -999.9000   45.8297    0.2031   15.3468   91.3479
 277.3870 10060.6432  229.4272 -999.9000   45.6803    0.1789   15.7152   91.3074
 270.9631 10217.5226  227.8722 -999.9000   45.6178    0.1538   15.9617   91.2950
 264.6694 10374.4020  226.3260 -999.9000   45.7282    0.1244   15.9962   91.3378
 258.4744 10531.2814  225.0952 -999.9000   45.2369    0.1097   16.1196   91.3756
 252.3757 10688.1608  224.0621 -999.9000   45.5542    0.1034   16.3608   91.3933
 246.3812 10845.0402  222.9974 -999.9000   40.2712    0.0916   16.6380   91.3978
 240.4896 11001.9196  221.7938 -999.9000   35.7116    0.0742   16.8982   91.3965
 234.6950 11158.7990  220.4466 -999.9000   35.9666    0.0604   17.1119   91.3968
 229.0082 11315.6784  219.0527 -999.9000   35.5112    0.0528   17.2737   91.3986
 223.4492 11472.5578  217.7601 -999.9000   34.9847    0.0500   17.3903   91.3982
 218.0236 11629.4372  216.5451 -999.9000   30.1379    0.0480   17.1803   91.4126
 212.6609 11786.3166  214.8593 -999.9000   25.6184    0.0350   15.4935   91.5070
 207.3913 11943.1960  214.0140 -999.9000   23.7847    0.0295   14.3101   91.4951
 202.2510 12100.0754  214.7042 -999.9000   18.0172    0.0410   14.0020   91.5711
 197.2536 12256.9548  216.0883 -999.9000    9.1045    0.0304   11.9998   92.1270
 192.4469 12413.8342  218.4653 -999.9000    2.6474    0.0062   12.4488   91.9985
 187.8076 12570.7136  218.2643 -999.9000    0.2372    0.0003   12.6906   91.9213
 183.2603 12727.5930  217.0101 -999.9000    0.2958    0.0003   12.3979   91.8946
 178.8033 12884.4724  216.5776 -999.9000    0.0000    0.0000   12.1647   91.8603
 174.4458 13041.3518  216.9607 -999.9000    0.0133    0.0000   12.2980   91.7991
 170.1876 13198.2312  217.1655 -999.9000    0.0000    0.0000   12.8240   91.6668
 166.0391 13355.1106  217.3128 -999.9000    0.0000    0.0000   13.4452   91.5392
 162.0101 13511.9899  216.9156 -999.9000    0.0002    0.0000   13.7465   91.4198
 158.0706 13668.8693  215.9101 -999.9000    0.0000    0.0000   13.3667   91.3880
 154.1974 13825.7487  215.0160 -999.9000    0.0000    0.0000   12.2098   91.4693
 150.4126 13982.6281  214.9291 -999.9000    0.0000    0.0000   10.3015   91.5650
 146.7292 14139.5075  215.8388 -999.9000    0.0000    0.0000   10.2303   91.5673
 143.1108 14296.3869  214.0439 -999.9000    0.0000    0.0000   10.1572   91.5696
 139.5597 14453.2663  216.4468 -999.9000    0.0000    0.0000   10.1341   91.5684
 136.1266 14610.1457  214.0988 -999.9000    0.0000    0.0000   10.1361   91.5540
 132.7619 14767.0251  213.2203 -999.9000    0.0000    0.0000   10.1443   91.5347
 129.4754 14923.9045  214.2142 -999.9000    0.0000    0.0000   10.1529   91.5197
 126.2897 15080.7839  215.3227 -999.9000    0.0000    0.0000   10.1527   91.5108
 123.1790 15237.6633  216.5575 -999.9000    0.0000    0.0000   10.1818   91.4644
 120.1481 15394.5427  217.0419 -999.9000    0.0000    0.0000   10.0537   91.3748
 117.2138 15551.4221  216.4124 -999.9000    0.0000    0.0000    9.7084   91.2661
 114.3435 15708.3015  216.3355 -999.9000    0.0000    0.0000    9.4033   91.1464
 111.5416 15865.1809  216.1117 -999.9000    0.0000    0.0000    8.8406   91.1933
 108.8149 16022.0603  217.4459 -999.9000    0.0000    0.0000    8.0459   91.4869
 106.1648 16178.9397  217.5216 -999.9000    0.0000    0.0000    7.6053   91.3484
 103.5767 16335.8191  217.1764 -999.9000    0.0000    0.0000    6.1970   91.9971
 101.0524 16492.6985  219.2419 -999.9000    0.0000    0.0000    1.7425   90.4089
  98.6148 16649.5779  217.8690 -999.9000    0.0000    0.0000    0.9912   90.4014
  96.2203 16806.4573  217.1458 -999.9000    0.0000    0.0000    0.1891   90.4014
  93.8688 16963.3367  216.4444 -999.9000    0.0000    0.0000    1.2960   90.4014
  91.5836 17120.2161  216.3356 -999.9000    0.0000    0.0000    2.1884   90.4014
  89.3567 17277.0955  216.3225 -999.9000    0.0000    0.0000    2.8467   90.4014
  87.1784 17433.9749  215.8566 -999.9000    0.0000    0.0000    3.5676   90.3927
  85.0453 17590.8543  215.0498 -999.9000    0.0000    0.0000    4.5176   90.0754
  82.9608 17747.7337  214.7252 -999.9000    0.0000    0.0000    5.7230   90.9865
  80.9282 17904.6131  215.3659 -999.9000    0.0000    0.0000    6.9003   90.6807
  78.9484 18061.4925  216.0023 -999.9000    0.0000    0.0000    6.8207   90.4907
  77.0217 18218.3719  216.6649 -999.9000    0.0000    0.0000    5.8877   90.6714
  75.1483 18375.2513  217.7114 -999.9000    0.0000    0.0000    4.9557   90.9237
  73.3271 18532.1307  218.8001 -999.9000    0.0000    0.0000    4.3552   91.0464
  71.5556 18689.0101  218.9116 -999.9000    0.0000    0.0000    3.9082   90.9336
  69.8260 18845.8894  217.7813 -999.9000    0.0000    0.0000    3.3083   91.0562
  68.1227 19002.7688  217.4760 -999.9000    0.0000    0.0000    2.1886   91.7656
  66.4601 19159.6482  217.8109 -999.9000    0.0000    0.0000    1.1800   89.5288
  64.8418 19316.5276  218.2799 -999.9000    0.0000    0.0000    0.8924   87.4851
  63.2670 19473.4070  218.6695 -999.9000    0.0000    0.0000    1.4559   87.9468
  61.7318 19630.2864  219.2179 -999.9000    0.0000    0.0000    2.0619   88.3028
  60.2355 19787.1658  219.4194 -999.9000    0.0000    0.0000    2.8236   88.5476
  58.7762 19944.0452  219.1137 -999.9000    0.0000    0.0000    3.6812   88.9105
  57.3501 20100.9246  218.7274 -999.9000    0.0000    0.0000    4.1302   89.0671
  55.9562 20257.8040  218.4549 -999.9000    0.0000    0.0000    4.0732   88.9446
  54.5968 20414.6834  218.2168 -999.9000    0.0000    0.0000    3.8754   88.7725
  53.2731 20571.5628  218.1652 -999.9000    0.0000    0.0000    3.7000   88.6461
  51.9860 20728.4422  218.6112 -999.9000    0.0000    0.0000    3.5637   88.5640
  50.7361 20885.3216  219.8686 -999.9000    0.0000    0.0000    3.4809   88.5228
  49.5229 21042.2010  221.6489 -999.9000    0.0000    0.0000    3.4349   88.5126
  48.3394 21199.0804  221.0426 -999.9000    0.0000    0.0000    3.7753   88.5757
  47.1874 21355.9598  221.1257 -999.9000    0.0000    0.0000    4.9005   88.7747
  46.0647 21512.8392  221.5362 -999.9000    0.0000    0.0000    5.9260   88.9472
  44.9691 21669.7186  221.7949 -999.9000    0.0000    0.0000    6.1192   88.9570
  43.8989 21826.5980  221.8383 -999.9000    0.0000    0.0000    5.7130   88.8369
  42.8525 21983.4774  221.7268 -999.9000    0.0000    0.0000    5.2241   88.6697
  41.8295 22140.3568  221.5080 -999.9000    0.0000    0.0000    4.9416   88.5214
  40.8309 22297.2362  221.2101 -999.9000    0.0000    0.0000    4.8036   88.4316
  39.8584 22454.1156  220.8619 -999.9000    0.0000    0.0000    4.7184   88.4374
  38.9104 22610.9950  221.2898 -999.9000    0.0000    0.0000    4.8341   88.5046
  37.9838 22767.8744  222.5866 -999.9000    0.0000    0.0000    5.2074   88.5579
  37.0791 22924.7538  223.3160 -999.9000    0.0000    0.0000    5.5071   88.6106
  36.1962 23081.6332  223.4464 -999.9000    0.0000    0.0000    5.7173   88.6649
  35.3349 23238.5126  223.1955 -999.9000    0.0000    0.0000    5.8779   88.7211
  34.4951 23395.3920  222.7802 -999.9000    0.0000    0.0000    6.0290   88.7793
  33.6765 23552.2714  222.4183 -999.9000    0.0000    0.0000    6.2103   88.8396
  32.8792 23709.1508  222.3267 -999.9000    0.0000    0.0000    6.4621   88.9021
  32.1025 23866.0302  222.6475 -999.9000    0.0000    0.0000    6.7969   88.9664
  31.3447 24022.9095  223.2425 -999.9000    0.0000    0.0000    7.1268   89.0294
  30.6036 24179.7889  223.9095 -999.9000    0.0000    0.0000    7.3410   89.0878
  29.8779 24336.6683  224.4207 -999.9000    0.0000    0.0000    7.3480   89.1301
  29.1715 24493.5477  224.4864 -999.9000    0.0000    0.0000    7.2524   89.0898
  28.4842 24650.4271  224.3542 -999.9000    0.0000    0.0000    7.1074   88.9796
  27.8138 24807.3065  224.3925 -999.9000    0.0000    0.0000    6.9274   88.8366
  27.1583 24964.1859  224.9681 -999.9000    0.0000    0.0000    6.7263   88.6979
  26.5173 25121.0653  226.1423 -999.9000    0.0000    0.0000    6.5246   88.5852
  25.8939 25277.9447  227.3272 -999.9000    0.0000    0.0000    6.3568   88.4883
  25.2914 25434.8241  227.8524 -999.9000    0.0000    0.0000    6.2595   88.3927
  24.7096 25591.7035  227.3518 -999.9000    0.0000    0.0000    6.3137   88.3136
  24.1354 25748.5829  226.8109 -999.9000    0.0000    0.0000    6.6801   88.3442
  23.5706 25905.4623  226.5628 -999.9000    0.0000    0.0000    7.2607   88.4419
  23.0189 26062.3417  226.8170 -999.9000    0.0000    0.0000    7.9304   88.5480
  22.4826 26219.2211  227.6390 -999.9000    0.0000    0.0000    8.5884   88.6216
  21.9608 26376.1005  228.7230 -999.9000    0.0000    0.0000    9.1959   88.6692
  21.4521 26532.9799  229.7046 -999.9000    0.0000    0.0000    9.7244   88.7041
  20.9548 26689.8593  230.2189 -999.9000    0.0000    0.0000   10.1453   88.7401
  20.4676 26846.7387  229.9012 -999.9000    0.0000    0.0000   10.4299   88.7908
  19.9891 27003.6181  228.4222 -999.9000    0.0000    0.0000   10.5428   88.8671
  19.5243 27160.4975  227.5035 -999.9000    0.0000    0.0000   10.1218   88.8331
  19.0752 27317.3769  227.9327 -999.9000    0.0000    0.0000    9.2388   88.6652
  18.6391 27474.2563  229.1296 -999.9000    0.0000    0.0000    8.2879   88.4541
  18.2135 27631.1357  230.5141 -999.9000    0.0000    0.0000    7.6636   88.2905
  17.7959 27788.0151  231.5151 -999.9000    0.0000    0.0000    7.7370   88.2601
  17.3864 27944.8945  231.7857 -999.9000    0.0000    0.0000    8.3290   88.3267
  16.9866 28101.7739  231.3525 -999.9000    0.0000    0.0000    8.9582   88.3867
  16.5963 28258.6533  230.5121 -999.9000    0.0000    0.0000    9.5897   88.4341
  16.2153 28415.5327  229.5889 -999.9000    0.0000    0.0000   10.2376   88.4734
  15.8432 28572.4121  228.9065 -999.9000    0.0000    0.0000   10.9163   88.5095
  15.4798 28729.2915  228.7833 -999.9000    0.0000    0.0000   11.6381   88.5468
  15.1246 28886.1709  229.1804 -999.9000    0.0000    0.0000   12.3004   88.5881
  14.7769 29043.0503  229.5415 -999.9000    0.0000    0.0000   12.6393   88.6333
  14.4368 29199.9296  229.7025 -999.9000    0.0000    0.0000   12.5895   88.6841
  14.1043 29356.8090  229.8015 -999.9000    0.0000    0.0000   12.2324   88.7433
  13.7798 29513.6884  229.9818 -999.9000    0.0000    0.0000   11.6522   88.8140
  13.4633 29670.5678  230.3872 -999.9000    0.0000    0.0000   10.9329   88.8992
  13.1552 29827.4472  231.1614 -999.9000    0.0000    0.0000   10.1587   89.0018
  12.8555 29984.3266  232.3909 -999.9000    0.0000    0.0000    9.4118   89.1215
  12.5638 30141.2060  233.7637 -999.9000    0.0000    0.0000    8.7599   89.2343
  12.2794 30298.0854  234.7980 -999.9000    0.0000    0.0000    8.2649   89.3059
  12.0018 30454.9648  235.0114 -999.9000    0.0000    0.0000    7.9886   89.3022
  11.7304 30611.8442  234.1764 -999.9000    0.0000    0.0000    7.9518   89.2026
  11.4650 30768.7236  233.1045 -999.9000    0.0000    0.0000    8.0089   89.0420
  11.2056 30925.6030  232.8728 -999.9000    0.0000    0.0000    7.9721   88.8691
  10.9522 31082.4824  234.1330 -999.9000    0.0000    0.0000    7.7209   88.7216
  10.7056 31239.3618  235.7254 -999.9000    0.0000    0.0000    7.4244   88.5894
  10.4661 31396.2412  236.3320 -999.9000    0.0000    0.0000    7.2792   88.4534
  10.2318 31553.1206  236.0329 -999.9000    0.0000    0.0000    7.2706   88.3118
  10.0000 31710.0000  235.2833 -999.9000    0.0000    0.0000    7.3276   88.1674
