# 06610 LSMP Payerne Observations at 12Z 30 Jul 2008
# Radiosonde file generated by raso.rb
#
  P [hPa],     Z [m],    T [K],   Td [K],   RH [%], r [g/kg], WS [m/s], WD [deg]
 962.0000   491.0000  298.1359 -999.9000   66.3201   13.6900    2.0782   93.0543
 944.6891   647.8794  296.1041 -999.9000   67.8547   12.6302    4.4464   92.6754
 927.6873   804.7588  294.7411 -999.9000   79.5805   13.9071    1.9939   92.9144
 911.0964   961.6382  293.4758 -999.9000   80.0108   14.4362    0.1435   92.0428
 894.7070  1118.5176  292.5641 -999.9000   79.9832   14.3064    1.0250   90.9797
 878.5406  1275.3970  292.2904 -999.9000   80.0226   13.3485    1.9423   90.6229
 862.6769  1432.2764  290.9305 -999.9000   80.9095   13.5129    2.1156   90.4248
 846.9845  1589.1558  289.7035 -999.9000   80.2054   13.9027    3.6722   90.3491
 831.5533  1746.0352  289.3677 -999.9000   80.6588   13.2228    4.5149   90.3950
 816.3570  1902.9146  288.0618 -999.9000   80.5244   11.9693    5.5868   90.4496
 801.3249  2059.7940  286.4771 -999.9000   80.2232   11.5640    6.1832   90.4939
 786.5365  2216.6734  285.1262 -999.9000   80.0483   10.4184    6.9104   90.5367
 771.9169  2373.5528  283.8963 -999.9000   80.4151    8.7627    8.0862   90.5644
 757.5041  2530.4322  282.8407 -999.9000   80.2634    8.5006    8.6069   90.6155
 743.3854  2687.3116  282.2688 -999.9000   77.6086    7.5803    7.4908   90.6080
 729.2940  2844.1910  281.1984 -999.9000   60.2456    5.5688    7.2434   90.6173
 715.5826  3001.0704  280.1556 -999.9000   50.0011    4.3807    8.8223   90.6971
 702.0616  3157.9497  278.9773 -999.9000   51.4712    4.2344   10.1055   90.7782
 688.7126  3314.8291  277.5060 -999.9000   58.7638    4.4448   10.1985   90.8007
 675.5482  3471.7085  275.8859 -999.9000   68.0250    4.6752   10.4537   90.8205
 662.5494  3628.5879  274.4172 -999.9000   73.9432    4.6607   11.0676   90.8487
 649.7305  3785.4673  273.4161 -999.9000   67.0845    4.0055   11.3721   90.8627
 637.1240  3942.3467  272.5715 -999.9000   54.9862    3.1437   10.7042   90.9118
 624.7467  4099.2261  271.5657 -999.9000   50.0240    2.7055    9.1713   91.0167
 612.5275  4256.1055  270.5146 -999.9000   49.9566    2.5464    8.7558   91.0465
 600.5160  4412.9849  269.9161 -999.9000   38.1049    1.8919    9.0553   91.0390
 588.7253  4569.8643  269.3306 -999.9000   22.7010    1.0986    9.2608   91.0433
 577.1128  4726.7437  268.0477 -999.9000   18.1192    0.8108    9.3346   91.0483
 565.6299  4883.6231  267.2227 -999.9000   16.9917    0.7276    9.3223   91.0538
 554.4053  5040.5025  266.6728 -999.9000   13.4666    0.5634    8.6602   91.1400
 543.3471  5197.3819  266.0102 -999.9000   12.8102    0.5190    7.9099   91.2153
 532.4739  5354.2613  264.9984 -999.9000   22.1551    0.8459    8.3448   91.2112
 521.8251  5511.1407  263.9651 -999.9000   24.0014    0.8613    9.1303   91.1806
 511.3144  5668.0201  263.1892 -999.9000   14.0746    0.4842    9.8416   91.1583
 500.9731  5824.8995  261.8628 -999.9000   12.9633    0.4090   10.5740   91.1344
 490.8286  5981.7789  260.2659 -999.9000   18.3902    0.5200   10.7594   91.1143
 480.7236  6138.6583  259.1665 -999.9000   29.2190    0.7703   11.1235   91.0832
 470.8214  6295.5377  257.8921 -999.9000   31.4882    0.7621   11.2503   91.0728
 461.0900  6452.4171  256.4774 -999.9000   30.8287    0.6762   11.0000   90.9894
 451.4963  6609.2965  255.1876 -999.9000   32.0090    0.6422   10.0183   90.8335
 442.0676  6766.1759  254.1215 -999.9000   32.5902    0.6091    9.1525   90.7116
 432.8253  6923.0553  253.1635 -999.9000   32.3134    0.5674   10.0850   90.6964
 423.7241  7079.9347  251.7584 -999.9000   36.0253    0.5712   10.9866   90.7318
 414.7432  7236.8141  250.0525 -999.9000   41.2579    0.5742   10.8026   90.7585
 405.9174  7393.6935  249.0535 -999.9000   31.8483    0.4138   11.0456   90.7794
 397.1974  7550.5729  247.7599 -999.9000   27.2661    0.3219   11.3237   90.7881
 388.6475  7707.4523  246.3573 -999.9000   31.1965    0.3308   11.4748   90.8405
 380.2876  7864.3317  245.3292 -999.9000   34.8543    0.3433   11.7126   90.9010
 372.0784  8021.2111  244.4973 -999.9000   39.1334    0.3645   11.8628   90.8924
 363.9826  8178.0905  243.6872 -999.9000   45.2710    0.3994   11.7714   90.7526
 356.0087  8334.9698  242.8151 -999.9000   54.5272    0.4529   11.7495   90.7678
 348.2042  8491.8492  241.8998 -999.9000   60.6674    0.5188   12.3443   91.3797
 340.5609  8648.7286  241.0242 -999.9000   65.0733    0.5272   12.5690   91.7004
 333.0575  8805.6080  240.1381 -999.9000   65.6913    0.4852   12.5015   91.6152
 325.6771  8962.4874  239.1413 -999.9000   65.1255    0.4338   12.7882   91.4555
 318.4095  9119.3668  237.9176 -999.9000   65.9254    0.3977   13.6980   91.4682
 311.2701  9276.2462  236.2573 -999.9000   60.8207    0.3338   13.8452   91.4746
 304.2599  9433.1256  234.6623 -999.9000   55.6368    0.2938   14.0576   91.4194
 297.3812  9590.0050  233.5543 -999.9000   50.7902    0.2688   14.5269   91.3896
 290.6045  9746.8844  232.2843 -999.9000   45.5772    0.2331   14.8421   91.3805
 283.9369  9903.7638  230.8644 -999.9000   45.8808    0.2031   15.2060   91.3479
 277.3870 10060.6432  229.3404 -999.9000   45.7356    0.1789   15.5812   91.3074
 270.9631 10217.5226  227.7523 -999.9000   45.6766    0.1538   15.8356   91.2950
 264.6694 10374.4020  226.1743 -999.9000   45.7901    0.1244   15.8791   91.3378
 258.4744 10531.2814  224.9133 -999.9000   45.3003    0.1097   16.0128   91.3756
 252.3757 10688.1608  223.8516 -999.9000   45.6195    0.1034   16.2659   91.3933
 246.3812 10845.0402  222.7603 -999.9000   40.3295    0.0916   16.5566   91.3978
 240.4896 11001.9196  221.5321 -999.9000   35.7631    0.0742   16.8321   91.3965
 234.6950 11158.7990  220.1623 -999.9000   36.0178    0.0604   17.0628   91.3968
 229.0082 11315.6784  218.7480 -999.9000   35.5603    0.0528   17.2431   91.3986
 223.4492 11472.5578  217.4369 -999.9000   35.0312    0.0500   17.3792   91.3982
 218.0236 11629.4372  216.2058 -999.9000   30.1760    0.0480   17.1895   91.4126
 212.6609 11786.3166  214.5058 -999.9000   25.6488    0.0350   15.5236   91.5070
 207.3913 11943.1960  213.6487 -999.9000   23.8109    0.0295   14.3614   91.4951
 202.2510 12100.0754  214.3291 -999.9000   18.0353    0.0410   14.0743   91.5711
 197.2536 12256.9548  215.7057 -999.9000    9.1127    0.0304   12.0929   92.1270
 192.4469 12413.8342  218.0774 -999.9000    2.6495    0.0062   12.5620   91.9985
 187.8076 12570.7136  217.8733 -999.9000    0.2374    0.0003   12.8229   91.9213
 183.2603 12727.5930  216.6183 -999.9000    0.2960    0.0003   12.5481   91.8946
 178.8033 12884.4724  216.1873 -999.9000    0.0000    0.0000   12.3313   91.8603
 174.4458 13041.3518  216.5741 -999.9000    0.0133    0.0000   12.4792   91.7991
 170.1876 13198.2312  216.7850 -999.9000    0.0000    0.0000   13.0177   91.6668
 166.0391 13355.1106  216.9407 -999.9000    0.0000    0.0000   13.6490   91.5392
 162.0101 13511.9899  216.5542 -999.9000    0.0002    0.0000   13.9577   91.4198
 158.0706 13668.8693  215.5618 -999.9000    0.0000    0.0000   13.5823   91.3880
 154.1974 13825.7487  214.6833 -999.9000    0.0000    0.0000   12.4267   91.4693
 150.4126 13982.6281  214.6142 -999.9000    0.0000    0.0000   10.5160   91.5650
 146.7292 14139.5075  215.5442 -999.9000    0.0000    0.0000   10.4385   91.5673
 143.1108 14296.3869  213.7720 -999.9000    0.0000    0.0000   10.3551   91.5696
 139.5597 14453.2663  216.2001 -999.9000    0.0000    0.0000   10.3172   91.5684
 136.1266 14610.1457  213.8795 -999.9000    0.0000    0.0000   10.3000   91.5540
 132.7619 14767.0251  213.0307 -999.9000    0.0000    0.0000   10.2851   91.5347
 129.4754 14923.9045  214.0561 -999.9000    0.0000    0.0000   10.2668   91.5197
 126.2897 15080.7839  215.1976 -999.9000    0.0000    0.0000   10.2363   91.5108
 123.1790 15237.6633  216.4669 -999.9000    0.0000    0.0000   10.2321   91.4644
 120.1481 15394.5427  216.9870 -999.9000    0.0000    0.0000   10.0680   91.3748
 117.2138 15551.4221  216.3941 -999.9000    0.0000    0.0000    9.6844   91.2661
 114.3435 15708.3015  216.3545 -999.9000    0.0000    0.0000    9.3390   91.1464
 111.5416 15865.1809  216.1685 -999.9000    0.0000    0.0000    8.7342   91.1933
 108.8149 16022.0603  217.5407 -999.9000    0.0000    0.0000    7.8962   91.4869
 106.1648 16178.9397  217.6544 -999.9000    0.0000    0.0000    7.4113   91.3484
 103.5767 16335.8191  217.3470 -999.9000    0.0000    0.0000    5.9579   91.9971
 101.0524 16492.6985  219.4499 -999.9000    0.0000    0.0000    1.4582   90.4089
  98.6148 16649.5779  218.1136 -999.9000    0.0000    0.0000    0.6616   90.4014
  96.2203 16806.4573  217.4261 -999.9000    0.0000    0.0000    0.1855   87.2598
  93.8688 16963.3367  216.7593 -999.9000    0.0000    0.0000    0.8772   90.4014
  91.5836 17120.2161  216.6837 -999.9000    0.0000    0.0000    1.7264   90.4014
  89.3567 17277.0955  216.7022 -999.9000    0.0000    0.0000    2.3429   90.4014
  87.1784 17433.9749  216.2660 -999.9000    0.0000    0.0000    3.0237   90.3927
  85.0453 17590.8543  215.4868 -999.9000    0.0000    0.0000    3.9355   90.0754
  82.9608 17747.7337  215.1875 -999.9000    0.0000    0.0000    5.1053   90.9865
  80.9282 17904.6131  215.8510 -999.9000    0.0000    0.0000    6.2496   90.6807
  78.9484 18061.4925  216.5075 -999.9000    0.0000    0.0000    6.1400   90.4907
  77.0217 18218.3719  217.1878 -999.9000    0.0000    0.0000    5.1800   90.6714
  75.1483 18375.2513  218.2492 -999.9000    0.0000    0.0000    4.2241   90.9237
  73.3271 18532.1307  219.3506 -999.9000    0.0000    0.0000    3.6031   91.0464
  71.5556 18689.0101  219.4722 -999.9000    0.0000    0.0000    3.1388   90.9336
  69.8260 18845.8894  218.3499 -999.9000    0.0000    0.0000    2.5250   91.0562
  68.1227 19002.7688  218.0501 -999.9000    0.0000    0.0000    1.3950   91.7656
  66.4601 19159.6482  218.3885 -999.9000    0.0000    0.0000    0.3797   89.5288
  64.8418 19316.5276  218.8588 -999.9000    0.0000    0.0000    0.0890   87.4851
  63.2670 19473.4070  219.2476 -999.9000    0.0000    0.0000    0.6533   87.9468
  61.7318 19630.2864  219.7933 -999.9000    0.0000    0.0000    1.2640   88.3028
  60.2355 19787.1658  219.9901 -999.9000    0.0000    0.0000    2.0344   88.5476
  58.7762 19944.0452  219.6778 -999.9000    0.0000    0.0000    2.9048   88.9105
  57.3501 20100.9246  219.2832 -999.9000    0.0000    0.0000    3.3707   89.0671
  55.9562 20257.8040  219.0005 -999.9000    0.0000    0.0000    3.3348   88.9446
  54.5968 20414.6834  218.7506 -999.9000    0.0000    0.0000    3.1626   88.7725
  53.2731 20571.5628  218.6857 -999.9000    0.0000    0.0000    3.0172   88.6461
  51.9860 20728.4422  219.1168 -999.9000    0.0000    0.0000    2.9154   88.5640
  50.7361 20885.3216  220.3578 -999.9000    0.0000    0.0000    2.8718   88.5228
  49.5229 21042.2010  222.1202 -999.9000    0.0000    0.0000    2.8698   88.5126
  48.3394 21199.0804  221.4947 -999.9000    0.0000    0.0000    3.2589   88.5757
  47.1874 21355.9598  221.5573 -999.9000    0.0000    0.0000    4.4379   88.7747
  46.0647 21512.8392  221.9462 -999.9000    0.0000    0.0000    5.5217   88.9472
  44.9691 21669.7186  222.1821 -999.9000    0.0000    0.0000    5.7774   88.9570
  43.8989 21826.5980  222.2019 -999.9000    0.0000    0.0000    5.4372   88.8369
  42.8525 21983.4774  222.0660 -999.9000    0.0000    0.0000    5.0168   88.6697
  41.8295 22140.3568  221.8222 -999.9000    0.0000    0.0000    4.8050   88.5214
  40.8309 22297.2362  221.4988 -999.9000    0.0000    0.0000    4.7389   88.4316
  39.8584 22454.1156  221.1247 -999.9000    0.0000    0.0000    4.7263   88.4374
  38.9104 22610.9950  221.5265 -999.9000    0.0000    0.0000    4.9147   88.5046
  37.9838 22767.8744  222.7972 -999.9000    0.0000    0.0000    5.3599   88.5579
  37.0791 22924.7538  223.5005 -999.9000    0.0000    0.0000    5.7301   88.6106
  36.1962 23081.6332  223.6050 -999.9000    0.0000    0.0000    6.0088   88.6649
  35.3349 23238.5126  223.3286 -999.9000    0.0000    0.0000    6.2351   88.7211
  34.4951 23395.3920  222.8883 -999.9000    0.0000    0.0000    6.4484   88.7793
  33.6765 23552.2714  222.5020 -999.9000    0.0000    0.0000    6.6879   88.8396
  32.8792 23709.1508  222.3869 -999.9000    0.0000    0.0000    6.9930   88.9021
  32.1025 23866.0302  222.6849 -999.9000    0.0000    0.0000    7.3757   88.9664
  31.3447 24022.9095  223.2583 -999.9000    0.0000    0.0000    7.7474   89.0294
  30.6036 24179.7889  223.9049 -999.9000    0.0000    0.0000    7.9964   89.0878
  29.8779 24336.6683  224.3970 -999.9000    0.0000    0.0000    8.0307   89.1301
  29.1715 24493.5477  224.4451 -999.9000    0.0000    0.0000    7.9543   89.0898
  28.4842 24650.4271  224.2969 -999.9000    0.0000    0.0000    7.8194   88.9796
  27.8138 24807.3065  224.3210 -999.9000    0.0000    0.0000    7.6401   88.8366
  27.1583 24964.1859  224.8843 -999.9000    0.0000    0.0000    7.4297   88.6979
  26.5173 25121.0653  226.0479 -999.9000    0.0000    0.0000    7.2095   88.5852
  25.8939 25277.9447  227.2239 -999.9000    0.0000    0.0000    7.0143   88.4883
  25.2914 25434.8241  227.7419 -999.9000    0.0000    0.0000    6.8816   88.3927
  24.7096 25591.7035  227.2355 -999.9000    0.0000    0.0000    6.8928   88.3136
  24.1354 25748.5829  226.6904 -999.9000    0.0000    0.0000    7.2093   88.3442
  23.5706 25905.4623  226.4395 -999.9000    0.0000    0.0000    7.7338   88.4419
  23.0189 26062.3417  226.6922 -999.9000    0.0000    0.0000    8.3417   88.5480
  22.4826 26219.2211  227.5140 -999.9000    0.0000    0.0000    8.9328   88.6216
  21.9608 26376.1005  228.5989 -999.9000    0.0000    0.0000    9.4690   88.6692
  21.4521 26532.9799  229.5825 -999.9000    0.0000    0.0000    9.9225   88.7041
  20.9548 26689.8593  230.0998 -999.9000    0.0000    0.0000   10.2652   88.7401
  20.4676 26846.7387  229.7861 -999.9000    0.0000    0.0000   10.4690   88.7908
  19.9891 27003.6181  228.3120 -999.9000    0.0000    0.0000   10.4990   88.8671
  19.5243 27160.4975  227.3990 -999.9000    0.0000    0.0000    9.9939   88.8331
  19.0752 27317.3769  227.8346 -999.9000    0.0000    0.0000    9.0261   88.6652
  18.6391 27474.2563  229.0384 -999.9000    0.0000    0.0000    7.9902   88.4541
  18.2135 27631.1357  230.4305 -999.9000    0.0000    0.0000    7.2814   88.2905
  17.7959 27788.0151  231.4395 -999.9000    0.0000    0.0000    7.2715   88.2601
  17.3864 27944.8945  231.7187 -999.9000    0.0000    0.0000    7.7820   88.3267
  16.9866 28101.7739  231.2943 -999.9000    0.0000    0.0000    8.3320   88.3867
  16.5963 28258.6533  230.4630 -999.9000    0.0000    0.0000    8.8873   88.4341
  16.2153 28415.5327  229.5489 -999.9000    0.0000    0.0000    9.4625   88.4734
  15.8432 28572.4121  228.8759 -999.9000    0.0000    0.0000   10.0729   88.5095
  15.4798 28729.2915  228.7621 -999.9000    0.0000    0.0000   10.7311   88.5468
  15.1246 28886.1709  229.1686 -999.9000    0.0000    0.0000   11.3353   88.5881
  14.7769 29043.0503  229.5389 -999.9000    0.0000    0.0000   11.6221   88.6333
  14.4368 29199.9296  229.7090 -999.9000    0.0000    0.0000   11.5269   88.6841
  14.1043 29356.8090  229.8167 -999.9000    0.0000    0.0000   11.1317   88.7433
  13.7798 29513.6884  230.0055 -999.9000    0.0000    0.0000   10.5213   88.8140
  13.4633 29670.5678  230.4189 -999.9000    0.0000    0.0000    9.7804   88.8992
  13.1552 29827.4472  231.2005 -999.9000    0.0000    0.0000    8.9937   89.0018
  12.8555 29984.3266  232.4370 -999.9000    0.0000    0.0000    8.2441   89.1215
  12.5638 30141.2060  233.8160 -999.9000    0.0000    0.0000    7.5999   89.2343
  12.2794 30298.0854  234.8558 -999.9000    0.0000    0.0000    7.1235   89.3059
  12.0018 30454.9648  235.0740 -999.9000    0.0000    0.0000    6.8775   89.3022
  11.7304 30611.8442  234.2428 -999.9000    0.0000    0.0000    6.8832   89.2026
  11.4650 30768.7236  233.1739 -999.9000    0.0000    0.0000    6.9956   89.0420
  11.2056 30925.6030  232.9439 -999.9000    0.0000    0.0000    7.0276   88.8691
  10.9522 31082.4824  234.2050 -999.9000    0.0000    0.0000    6.8594   88.7216
  10.7056 31239.3618  235.7969 -999.9000    0.0000    0.0000    6.6604   88.5894
  10.4661 31396.2412  236.4018 -999.9000    0.0000    0.0000    6.6282   88.4534
  10.2318 31553.1206  236.0997 -999.9000    0.0000    0.0000    6.7485   88.3118
  10.0000 31710.0000  235.3457 -999.9000    0.0000    0.0000    6.9509   88.1674
