# 06610 LSMP Payerne Observations at 12Z 30 Jul 2008
# Radiosonde file generated by raso.rb
#
  P [hPa],     Z [m],    T [K],   Td [K],   RH [%], r [g/kg], WS [m/s], WD [deg]
 962.0000   491.0000  298.1319 -999.9000   66.3322   13.6900    1.8459   93.0543
 944.6891   647.8794  296.1088 -999.9000   67.8762   12.6302    4.2994   92.6754
 927.6873   804.7588  294.7527 -999.9000   79.6163   13.9071    1.9254   92.9144
 911.0964   961.6382  293.4927 -999.9000   80.0574   14.4362    0.1468   92.0428
 894.7070  1118.5176  292.5846 -999.9000   80.0403   14.3064    1.0938   90.9797
 878.5406  1275.3970  292.3129 -999.9000   80.0902   13.3485    2.0704   90.6229
 862.6769  1432.2764  290.9536 -999.9000   80.9883   13.5129    2.2969   90.4248
 846.9845  1589.1558  289.7257 -999.9000   80.2937   13.9027    3.9010   90.3491
 831.5533  1746.0352  289.3878 -999.9000   80.7576   13.2228    4.7856   90.3950
 816.3570  1902.9146  288.0784 -999.9000   80.6327   11.9693    5.8942   90.4496
 801.3249  2059.7940  286.4890 -999.9000   80.3406   11.5640    6.5221   90.4939
 786.5365  2216.6734  285.1322 -999.9000   80.1745   10.4184    7.2759   90.5367
 771.9169  2373.5528  283.8954 -999.9000   80.5505    8.7627    8.4736   90.5644
 757.5041  2530.4322  282.8318 -999.9000   80.4070    8.5006    9.0118   90.6155
 743.3854  2687.3116  282.2510 -999.9000   77.7551    7.5803    7.9089   90.6080
 729.2940  2844.1910  281.1707 -999.9000   60.3650    5.5688    7.6706   90.6173
 715.5826  3001.0704  280.1173 -999.9000   50.1046    4.3807    9.2549   90.6971
 702.0616  3157.9497  278.9276 -999.9000   51.5818    4.2344   10.5398   90.7782
 688.7126  3314.8291  277.4442 -999.9000   58.8945    4.4448   10.6311   90.8007
 675.5482  3471.7085  275.8114 -999.9000   68.1808    4.6752   10.8815   90.8205
 662.5494  3628.5879  274.3294 -999.9000   74.1169    4.6607   11.4876   90.8487
 649.7305  3785.4673  273.3144 -999.9000   67.2455    4.0055   11.7816   90.8627
 637.1240  3942.3467  272.4556 -999.9000   55.1205    3.1437   11.1007   90.9118
 624.7467  4099.2261  271.4352 -999.9000   50.1479    2.7055    9.5524   91.0167
 612.5275  4256.1055  270.3692 -999.9000   50.0815    2.5464    9.1195   91.0465
 600.5160  4412.9849  269.7556 -999.9000   38.2007    1.8919    9.3997   91.0390
 588.7253  4569.8643  269.1548 -999.9000   22.7582    1.0986    9.5842   91.0433
 577.1128  4726.7437  267.8564 -999.9000   18.1648    0.8108    9.6356   91.0483
 565.6299  4883.6231  267.0160 -999.9000   17.0341    0.7276    9.5996   91.0538
 554.4053  5040.5025  266.4507 -999.9000   13.4998    0.5634    8.9128   91.1400
 543.3471  5197.3819  265.7728 -999.9000   12.8413    0.5190    8.1371   91.2153
 532.4739  5354.2613  264.7458 -999.9000   22.2077    0.8459    8.5460   91.2112
 521.8251  5511.1407  263.6975 -999.9000   24.0568    0.8613    9.3051   91.1806
 511.3144  5668.0201  262.9070 -999.9000   14.1060    0.4842    9.9899   91.1583
 500.9731  5824.8995  261.5663 -999.9000   12.9910    0.4090   10.6959   91.1344
 490.8286  5981.7789  259.9555 -999.9000   18.4276    0.5200   10.8551   91.1143
 480.7236  6138.6583  258.8427 -999.9000   29.2749    0.7703   11.1935   91.0832
 470.8214  6295.5377  257.5555 -999.9000   31.5443    0.7621   11.2954   91.0728
 461.0900  6452.4171  256.1285 -999.9000   30.8790    0.6762   11.0211   90.9894
 451.4963  6609.2965  254.8273 -999.9000   32.0559    0.6422   10.0165   90.8335
 442.0676  6766.1759  253.7503 -999.9000   32.6321    0.6091    9.1291   90.7116
 432.8253  6923.0553  252.7823 -999.9000   32.3486    0.5674   10.0417   90.6964
 423.7241  7079.9347  251.3682 -999.9000   36.0569    0.5712   10.9252   90.7318
 414.7432  7236.8141  249.6541 -999.9000   41.2845    0.5742   10.7251   90.7585
 405.9174  7393.6935  248.6480 -999.9000   31.8609    0.4138   10.9542   90.7794
 397.1974  7550.5729  247.3483 -999.9000   27.2697    0.3219   11.2209   90.7881
 388.6475  7707.4523  245.9407 -999.9000   31.1919    0.3308   11.3629   90.8405
 380.2876  7864.3317  244.9087 -999.9000   34.8389    0.3433   11.5938   90.9010
 372.0784  8021.2111  244.0740 -999.9000   39.1042    0.3645   11.7392   90.8924
 363.9826  8178.0905  243.2621 -999.9000   45.2232    0.3994   11.6449   90.7526
 356.0087  8334.9698  242.3893 -999.9000   54.4524    0.4529   11.6218   90.7678
 348.2042  8491.8492  241.4743 -999.9000   60.5649    0.5188   12.2170   91.3797
 340.5609  8648.7286  240.6001 -999.9000   64.9429    0.5272   12.4435   91.7004
 333.0575  8805.6080  239.7165 -999.9000   65.5391    0.4852   12.3791   91.6152
 325.6771  8962.4874  238.7231 -999.9000   64.9549    0.4338   12.6700   91.4555
 318.4095  9119.3668  237.5039 -999.9000   65.7333    0.3977   13.5849   91.4682
 311.2701  9276.2462  235.8491 -999.9000   60.6263    0.3338   13.7380   91.4746
 304.2599  9433.1256  234.2605 -999.9000   55.4441    0.2938   13.9569   91.4194
 297.3812  9590.0050  233.1600 -999.9000   50.6016    0.2688   14.4333   91.3896
 290.6045  9746.8844  231.8985 -999.9000   45.3977    0.2331   14.7558   91.3805
 283.9369  9903.7638  230.4881 -999.9000   45.6908    0.2031   15.1271   91.3479
 277.3870 10060.6432  228.9746 -999.9000   45.5381    0.1789   15.5098   91.3074
 270.9631 10217.5226  227.3978 -999.9000   45.4726    0.1538   15.7714   91.2950
 264.6694 10374.4020  225.8322 -999.9000   45.5803    0.1244   15.8219   91.3378
 258.4744 10531.2814  224.5846 -999.9000   45.0892    0.1097   15.9622   91.3756
 252.3757 10688.1608  223.5372 -999.9000   45.4051    0.1034   16.2211   91.3933
 246.3812 10845.0402  222.4611 -999.9000   40.1399    0.0916   16.5169   91.3978
 240.4896 11001.9196  221.2490 -999.9000   35.5965    0.0742   16.7964   91.3965
 234.6950 11158.7990  219.8963 -999.9000   35.8530    0.0604   17.0303   91.3968
 229.0082 11315.6784  218.4996 -999.9000   35.4020    0.0528   17.2128   91.3986
 223.4492 11472.5578  217.2069 -999.9000   34.8809    0.0500   17.3505   91.3982
 218.0236 11629.4372  215.9945 -999.9000   30.0522    0.0480   17.1617   91.4126
 212.6609 11786.3166  214.3136 -999.9000   25.5492    0.0350   15.4961   91.5070
 207.3913 11943.1960  213.4757 -999.9000   23.7242    0.0295   14.3337   91.4951
 202.2510 12100.0754  214.1755 -999.9000   17.9744    0.0410   14.0460   91.5711
 197.2536 12256.9548  215.5713 -999.9000    9.0845    0.0304   12.0637   92.1270
 192.4469 12413.8342  217.9620 -999.9000    2.6421    0.0062   12.5318   91.9985
 187.8076 12570.7136  217.7767 -999.9000    0.2368    0.0003   12.7916   91.9213
 183.2603 12727.5930  216.5399 -999.9000    0.2953    0.0003   12.5157   91.8946
 178.8033 12884.4724  216.1264 -999.9000    0.0000    0.0000   12.2979   91.8603
 174.4458 13041.3518  216.5302 -999.9000    0.0133    0.0000   12.4449   91.7991
 170.1876 13198.2312  216.7571 -999.9000    0.0000    0.0000   12.9829   91.6668
 166.0391 13355.1106  216.9278 -999.9000    0.0000    0.0000   13.6140   91.5392
 162.0101 13511.9899  216.5552 -999.9000    0.0002    0.0000   13.9231   91.4198
 158.0706 13668.8693  215.5755 -999.9000    0.0000    0.0000   13.5486   91.3880
 154.1974 13825.7487  214.7082 -999.9000    0.0000    0.0000   12.3945   91.4693
 150.4126 13982.6281  214.6489 -999.9000    0.0000    0.0000   10.4862   91.5650
 146.7292 14139.5075  215.5870 -999.9000    0.0000    0.0000   10.4119   91.5673
 143.1108 14296.3869  213.8211 -999.9000    0.0000    0.0000   10.3325   91.5696
 139.5597 14453.2663  216.2535 -999.9000    0.0000    0.0000   10.2998   91.5684
 136.1266 14610.1457  213.9355 -999.9000    0.0000    0.0000   10.2888   91.5540
 132.7619 14767.0251  213.0873 -999.9000    0.0000    0.0000   10.2811   91.5347
 129.4754 14923.9045  214.1118 -999.9000    0.0000    0.0000   10.2708   91.5197
 126.2897 15080.7839  215.2508 -999.9000    0.0000    0.0000   10.2492   91.5108
 123.1790 15237.6633  216.5162 -999.9000    0.0000    0.0000   10.2546   91.4644
 120.1481 15394.5427  217.0310 -999.9000    0.0000    0.0000   10.1006   91.3748
 117.2138 15551.4221  216.4317 -999.9000    0.0000    0.0000    9.7277   91.2661
 114.3435 15708.3015  216.3846 -999.9000    0.0000    0.0000    9.3934   91.1464
 111.5416 15865.1809  216.1902 -999.9000    0.0000    0.0000    8.8002   91.1933
 108.8149 16022.0603  217.5532 -999.9000    0.0000    0.0000    7.9739   91.4869
 106.1648 16178.9397  217.6570 -999.9000    0.0000    0.0000    7.5010   91.3484
 103.5767 16335.8191  217.3390 -999.9000    0.0000    0.0000    6.0597   91.9971
 101.0524 16492.6985  219.4309 -999.9000    0.0000    0.0000    1.5721   90.4089
  98.6148 16649.5779  218.0833 -999.9000    0.0000    0.0000    0.7875   90.4014
  96.2203 16806.4573  217.3842 -999.9000    0.0000    0.0000    0.0477   87.2598
  93.8688 16963.3367  216.7058 -999.9000    0.0000    0.0000    1.0267   90.4014
  91.5836 17120.2161  216.6187 -999.9000    0.0000    0.0000    1.8871   90.4014
  89.3567 17277.0955  216.6257 -999.9000    0.0000    0.0000    2.5146   90.4014
  87.1784 17433.9749  216.1783 -999.9000    0.0000    0.0000    3.2058   90.3927
  85.0453 17590.8543  215.3883 -999.9000    0.0000    0.0000    4.1275   90.0754
  82.9608 17747.7337  215.0787 -999.9000    0.0000    0.0000    5.3065   90.9865
  80.9282 17904.6131  215.7325 -999.9000    0.0000    0.0000    6.4592   90.6807
  78.9484 18061.4925  216.3800 -999.9000    0.0000    0.0000    6.3573   90.4907
  77.0217 18218.3719  217.0520 -999.9000    0.0000    0.0000    5.4040   90.6714
  75.1483 18375.2513  218.1060 -999.9000    0.0000    0.0000    4.4539   90.9237
  73.3271 18532.1307  219.2006 -999.9000    0.0000    0.0000    3.8376   91.0464
  71.5556 18689.0101  219.3164 -999.9000    0.0000    0.0000    3.3770   90.9336
  69.8260 18845.8894  218.1889 -999.9000    0.0000    0.0000    2.7657   91.0562
  68.1227 19002.7688  217.8850 -999.9000    0.0000    0.0000    1.6370   91.7656
  66.4601 19159.6482  218.2200 -999.9000    0.0000    0.0000    0.6215   89.5288
  64.8418 19316.5276  218.6878 -999.9000    0.0000    0.0000    0.3294   87.4851
  63.2670 19473.4070  219.0751 -999.9000    0.0000    0.0000    0.8908   87.9468
  61.7318 19630.2864  219.6202 -999.9000    0.0000    0.0000    1.4972   88.3028
  60.2355 19787.1658  219.8174 -999.9000    0.0000    0.0000    2.2616   88.5476
  58.7762 19944.0452  219.5065 -999.9000    0.0000    0.0000    3.1243   88.9105
  57.3501 20100.9246  219.1142 -999.9000    0.0000    0.0000    3.5808   89.0671
  55.9562 20257.8040  218.8351 -999.9000    0.0000    0.0000    3.5338   88.9446
  54.5968 20414.6834  218.5897 -999.9000    0.0000    0.0000    3.3486   88.7725
  53.2731 20571.5628  218.5304 -999.9000    0.0000    0.0000    3.1882   88.6461
  51.9860 20728.4422  218.9682 -999.9000    0.0000    0.0000    3.0695   88.5640
  50.7361 20885.3216  220.2171 -999.9000    0.0000    0.0000    3.0069   88.5228
  49.5229 21042.2010  221.9886 -999.9000    0.0000    0.0000    2.9837   88.5126
  48.3394 21199.0804  221.3733 -999.9000    0.0000    0.0000    3.3495   88.5757
  47.1874 21355.9598  221.4474 -999.9000    0.0000    0.0000    4.5028   88.7747
  46.0647 21512.8392  221.8489 -999.9000    0.0000    0.0000    5.5588   88.9472
  44.9691 21669.7186  222.0987 -999.9000    0.0000    0.0000    5.7848   88.9570
  43.8989 21826.5980  222.1333 -999.9000    0.0000    0.0000    5.4134   88.8369
  42.8525 21983.4774  222.0133 -999.9000    0.0000    0.0000    4.9607   88.6697
  41.8295 22140.3568  221.7862 -999.9000    0.0000    0.0000    4.7157   88.5214
  40.8309 22297.2362  221.4803 -999.9000    0.0000    0.0000    4.6161   88.4316
  39.8584 22454.1156  221.1246 -999.9000    0.0000    0.0000    4.5699   88.4374
  38.9104 22610.9950  221.5454 -999.9000    0.0000    0.0000    4.7248   88.5046
  37.9838 22767.8744  222.8357 -999.9000    0.0000    0.0000    5.1372   88.5579
  37.0791 22924.7538  223.5591 -999.9000    0.0000    0.0000    5.4755   88.6106
  36.1962 23081.6332  223.6841 -999.9000    0.0000    0.0000    5.7237   88.6649
  35.3349 23238.5126  223.4286 -999.9000    0.0000    0.0000    5.9211   88.7211
  34.4951 23395.3920  223.0096 -999.9000    0.0000    0.0000    6.1076   88.7793
  33.6765 23552.2714  222.6446 -999.9000    0.0000    0.0000    6.3226   88.8396
  32.8792 23709.1508  222.5511 -999.9000    0.0000    0.0000    6.6059   88.9021
  32.1025 23866.0302  222.8707 -999.9000    0.0000    0.0000    6.9699   88.9664
  31.3447 24022.9095  223.4657 -999.9000    0.0000    0.0000    7.3263   89.0294
  30.6036 24179.7889  224.1338 -999.9000    0.0000    0.0000    7.5638   89.0878
  29.8779 24336.6683  224.6473 -999.9000    0.0000    0.0000    7.5906   89.1301
  29.1715 24493.5477  224.7165 -999.9000    0.0000    0.0000    7.5113   89.0898
  28.4842 24650.4271  224.5891 -999.9000    0.0000    0.0000    7.3783   88.9796
  27.8138 24807.3065  224.6335 -999.9000    0.0000    0.0000    7.2060   88.8366
  27.1583 24964.1859  225.2167 -999.9000    0.0000    0.0000    7.0081   88.6979
  26.5173 25121.0653  226.3996 -999.9000    0.0000    0.0000    6.8052   88.5852
  25.8939 25277.9447  227.5944 -999.9000    0.0000    0.0000    6.6323   88.4883
  25.2914 25434.8241  228.1303 -999.9000    0.0000    0.0000    6.5260   88.3927
  24.7096 25591.7035  227.6411 -999.9000    0.0000    0.0000    6.5679   88.3136
  24.1354 25748.5829  227.1122 -999.9000    0.0000    0.0000    6.9187   88.3442
  23.5706 25905.4623  226.8766 -999.9000    0.0000    0.0000    7.4809   88.4419
  23.0189 26062.3417  227.1435 -999.9000    0.0000    0.0000    8.1297   88.5480
  22.4826 26219.2211  227.9783 -999.9000    0.0000    0.0000    8.7644   88.6216
  21.9608 26376.1005  229.0751 -999.9000    0.0000    0.0000    9.3466   88.6692
  21.4521 26532.9799  230.0693 -999.9000    0.0000    0.0000    9.8482   88.7041
  20.9548 26689.8593  230.5957 -999.9000    0.0000    0.0000   10.2407   88.7401
  20.4676 26846.7387  230.2897 -999.9000    0.0000    0.0000   10.4958   88.7908
  19.9891 27003.6181  228.8216 -999.9000    0.0000    0.0000   10.5783   88.8671
  19.5243 27160.4975  227.9130 -999.9000    0.0000    0.0000   10.1263   88.8331
  19.0752 27317.3769  228.3513 -999.9000    0.0000    0.0000    9.2121   88.6652
  18.6391 27474.2563  229.5560 -999.9000    0.0000    0.0000    8.2300   88.4541
  18.2135 27631.1357  230.9471 -999.9000    0.0000    0.0000    7.5747   88.2905
  17.7959 27788.0151  231.9532 -999.9000    0.0000    0.0000    7.6179   88.2601
  17.3864 27944.8945  232.2273 -999.9000    0.0000    0.0000    8.1805   88.3267
  16.9866 28101.7739  231.7956 -999.9000    0.0000    0.0000    8.7814   88.3867
  16.5963 28258.6533  230.9549 -999.9000    0.0000    0.0000    9.3861   88.4341
  16.2153 28415.5327  230.0291 -999.9000    0.0000    0.0000   10.0090   88.4734
  15.8432 28572.4121  229.3419 -999.9000    0.0000    0.0000   10.6648   88.5095
  15.4798 28729.2915  229.2114 -999.9000    0.0000    0.0000   11.3659   88.5468
  15.1246 28886.1709  229.5987 -999.9000    0.0000    0.0000   12.0101   88.5881
  14.7769 29043.0503  229.9471 -999.9000    0.0000    0.0000   12.3338   88.6333
  14.4368 29199.9296  230.0926 -999.9000    0.0000    0.0000   12.2721   88.6841
  14.1043 29356.8090  230.1729 -999.9000    0.0000    0.0000   11.9065   88.7433
  13.7798 29513.6884  230.3313 -999.9000    0.0000    0.0000   11.3215   88.8140
  13.4633 29670.5678  230.7114 -999.9000    0.0000    0.0000   10.6015   88.8992
  13.1552 29827.4472  231.4566 -999.9000    0.0000    0.0000    9.8311   89.0018
  12.8555 29984.3266  232.6535 -999.9000    0.0000    0.0000    9.0925   89.1215
  12.5638 30141.2060  233.9897 -999.9000    0.0000    0.0000    8.4539   89.2343
  12.2794 30298.0854  234.9835 -999.9000    0.0000    0.0000    7.9773   89.3059
  12.0018 30454.9648  235.1521 -999.9000    0.0000    0.0000    7.7250   89.3022
  11.7304 30611.8442  234.2679 -999.9000    0.0000    0.0000    7.7179   89.2026
  11.4650 30768.7236  233.1424 -999.9000    0.0000    0.0000    7.8108   89.0420
  11.2056 30925.6030  232.8522 -999.9000    0.0000    0.0000    7.8161   88.8691
  10.9522 31082.4824  234.0493 -999.9000    0.0000    0.0000    7.6138   88.7216
  10.7056 31239.3618  235.5734 -999.9000    0.0000    0.0000    7.3730   88.5894
  10.4661 31396.2412  236.1065 -999.9000    0.0000    0.0000    7.2908   88.4534
  10.2318 31553.1206  235.7287 -999.9000    0.0000    0.0000    7.3528   88.3118
  10.0000 31710.0000  234.8949 -999.9000    0.0000    0.0000    7.4881   88.1674
