# 06610 LSMP Payerne Observations at 12Z 30 Jul 2008
# Radiosonde file generated by raso.rb
#
  P [hPa],     Z [m],    T [K],   Td [K],   RH [%], r [g/kg], WS [m/s], WD [deg]
 962.0000   491.0000  297.6298 -999.9000   66.1582   13.6900    2.0959   93.0543
 944.6891   647.8794  295.6046 -999.9000   67.7277   12.6302    4.4295   92.6754
 927.6873   804.7588  294.2480 -999.9000   79.4744   13.9071    1.9477   92.9144
 911.0964   961.6382  292.9889 -999.9000   79.9446   14.4362    0.0729   92.0428
 894.7070  1118.5176  292.0832 -999.9000   79.9549   14.3064    0.9348   90.9797
 878.5406  1275.3970  291.8154 -999.9000   80.0299   13.3485    1.8369   90.6229
 862.6769  1432.2764  290.4612 -999.9000   80.9504   13.5129    1.9993   90.4248
 846.9845  1589.1558  289.2397 -999.9000   80.2770   13.9027    3.5492   90.3491
 831.5533  1746.0352  288.9093 -999.9000   80.7595   13.2228    4.3890   90.3950
 816.3570  1902.9146  287.6087 -999.9000   80.6514   11.9693    5.4616   90.4496
 801.3249  2059.7940  286.0291 -999.9000   80.3740   11.5640    6.0623   90.4939
 786.5365  2216.6734  284.6832 -999.9000   80.2208   10.4184    6.7968   90.5367
 771.9169  2373.5528  283.4581 -999.9000   80.6084    8.7627    7.9831   90.5644
 757.5041  2530.4322  282.4072 -999.9000   80.4744    8.5006    8.5170   90.6155
 743.3854  2687.3116  281.8400 -999.9000   77.8281    7.5803    7.4167   90.6080
 729.2940  2844.1910  280.7740 -999.9000   60.4266    5.5688    7.1874   90.6173
 715.5826  3001.0704  279.7355 -999.9000   50.1590    4.3807    8.7866   90.6971
 702.0616  3157.9497  278.5615 -999.9000   51.6404    4.2344   10.0920   90.7782
 688.7126  3314.8291  277.0943 -999.9000   58.9634    4.4448   10.2088   90.8007
 675.5482  3471.7085  275.4783 -999.9000   68.2620    4.6752   10.4895   90.8205
 662.5494  3628.5879  274.0136 -999.9000   74.2059    4.6607   11.1301   90.8487
 649.7305  3785.4673  273.0163 -999.9000   67.3260    4.0055   11.4623   90.8627
 637.1240  3942.3467  272.1755 -999.9000   55.1858    3.1437   10.8230   90.9118
 624.7467  4099.2261  271.1734 -999.9000   50.2062    2.7055    9.3194   91.0167
 612.5275  4256.1055  270.1259 -999.9000   50.1382    2.5464    8.9336   91.0465
 600.5160  4412.9849  269.5310 -999.9000   38.2426    1.8919    9.2629   91.0390
 588.7253  4569.8643  268.9489 -999.9000   22.7821    1.0986    9.4982   91.0433
 577.1128  4726.7437  267.6694 -999.9000   18.1830    0.8108    9.6017   91.0483
 565.6299  4883.6231  266.8477 -999.9000   17.0504    0.7276    9.6185   91.0538
 554.4053  5040.5025  266.3011 -999.9000   13.5119    0.5634    8.9849   91.1400
 543.3471  5197.3819  265.6418 -999.9000   12.8521    0.5190    8.2622   91.2153
 532.4739  5354.2613  264.6332 -999.9000   22.2253    0.8459    8.7237   91.2112
 521.8251  5511.1407  263.6030 -999.9000   24.0745    0.8613    9.5344   91.1806
 511.3144  5668.0201  262.8302 -999.9000   14.1157    0.4842   10.2694   91.1583
 500.9731  5824.8995  261.5069 -999.9000   12.9993    0.4090   11.0238   91.1344
 490.8286  5981.7789  259.9131 -999.9000   18.4385    0.5200   11.2292   91.1143
 480.7236  6138.6583  258.8167 -999.9000   29.2911    0.7703   11.6111   91.0832
 470.8214  6295.5377  257.5454 -999.9000   31.5607    0.7621   11.7534   91.0728
 461.0900  6452.4171  256.1336 -999.9000   30.8943    0.6762   11.5160   90.9894
 451.4963  6609.2965  254.8469 -999.9000   32.0713    0.6422   10.5443   90.8335
 442.0676  6766.1759  253.7837 -999.9000   32.6476    0.6091    9.6855   90.7116
 432.8253  6923.0553  252.8287 -999.9000   32.3642    0.5674   10.6217   90.6964
 423.7241  7079.9347  251.4267 -999.9000   36.0749    0.5712   11.5236   90.7318
 414.7432  7236.8141  249.7237 -999.9000   41.3064    0.5742   11.3362   90.7585
 405.9174  7393.6935  248.7277 -999.9000   31.8793    0.4138   11.5719   90.7794
 397.1974  7550.5729  247.4371 -999.9000   27.2870    0.3219   11.8387   90.7881
 388.6475  7707.4523  246.0377 -999.9000   31.2141    0.3308   11.9745   90.8405
 380.2876  7864.3317  245.0128 -999.9000   34.8667    0.3433   12.1934   90.9010
 372.0784  8021.2111  244.1844 -999.9000   39.1393    0.3645   12.3213   90.8924
 363.9826  8178.0905  243.3780 -999.9000   45.2685    0.3994   12.2047   90.7526
 356.0087  8334.9698  242.5100 -999.9000   54.5132    0.4529   12.1549   90.7678
 348.2042  8491.8492  241.5993 -999.9000   60.6397    0.5188   12.7193   91.3797
 340.5609  8648.7286  240.7288 -999.9000   65.0311    0.5272   12.9115   91.7004
 333.0575  8805.6080  239.8484 -999.9000   65.6363    0.4852   12.8097   91.6152
 325.6771  8962.4874  238.8579 -999.9000   65.0591    0.4338   13.0606   91.4555
 318.4095  9119.3668  237.6412 -999.9000   65.8467    0.3977   13.9333   91.4682
 311.2701  9276.2462  235.9887 -999.9000   60.7380    0.3338   14.0427   91.4746
 304.2599  9433.1256  234.4024 -999.9000   55.5524    0.2938   14.2166   91.4194
 297.3812  9590.0050  233.3040 -999.9000   50.7056    0.2688   14.6471   91.3896
 290.6045  9746.8844  232.0446 -999.9000   45.4952    0.2331   14.9235   91.3805
 283.9369  9903.7638  230.6364 -999.9000   45.7926    0.2031   15.2489   91.3479
 277.3870 10060.6432  229.1253 -999.9000   45.6426    0.1789   15.5863   91.3074
 270.9631 10217.5226  227.5512 -999.9000   45.5793    0.1538   15.8037   91.2950
 264.6694 10374.4020  225.9886 -999.9000   45.6889    0.1244   15.8115   91.3378
 258.4744 10531.2814  224.7444 -999.9000   45.1972    0.1097   15.9110   91.3756
 252.3757 10688.1608  223.7009 -999.9000   45.5136    0.1034   16.1317   91.3933
 246.3812 10845.0402  222.6293 -999.9000   40.2346    0.0916   16.3922   91.3978
 240.4896 11001.9196  221.4224 -999.9000   35.6786    0.0742   16.6398   91.3965
 234.6950 11158.7990  220.0754 -999.9000   35.9329    0.0604   16.8452   91.3968
 229.0082 11315.6784  218.6849 -999.9000   35.4774    0.0528   17.0027   91.3986
 223.4492 11472.5578  217.3986 -999.9000   34.9510    0.0500   17.1187   91.3982
 218.0236 11629.4372  216.1927 -999.9000   30.1085    0.0480   16.9114   91.4126
 212.6609 11786.3166  214.5185 -999.9000   25.5932    0.0350   15.2305   91.5070
 207.3913 11943.1960  213.6870 -999.9000   23.7612    0.0295   14.0559   91.4951
 202.2510 12100.0754  214.3929 -999.9000   17.9993    0.0410   13.7591   91.5711
 197.2536 12256.9548  215.7945 -999.9000    9.0954    0.0304   11.7705   92.1270
 192.4469 12413.8342  218.1903 -999.9000    2.6448    0.0062   12.2352   91.9985
 187.8076 12570.7136  218.0093 -999.9000    0.2370    0.0003   12.4944   91.9213
 183.2603 12727.5930  216.7761 -999.9000    0.2955    0.0003   12.2205   91.8946
 178.8033 12884.4724  216.3651 -999.9000    0.0000    0.0000   12.0074   91.8603
 174.4458 13041.3518  216.7702 -999.9000    0.0133    0.0000   12.1617   91.7991
 170.1876 13198.2312  216.9971 -999.9000    0.0000    0.0000   12.7093   91.6668
 166.0391 13355.1106  217.1664 -999.9000    0.0000    0.0000   13.3526   91.5392
 162.0101 13511.9899  216.7908 -999.9000    0.0002    0.0000   13.6760   91.4198
 158.0706 13668.8693  215.8062 -999.9000    0.0000    0.0000   13.3181   91.3880
 154.1974 13825.7487  214.9322 -999.9000    0.0000    0.0000   12.1828   91.4693
 150.4126 13982.6281  214.8642 -999.9000    0.0000    0.0000   10.2952   91.5650
 146.7292 14139.5075  215.7914 -999.9000    0.0000    0.0000   10.2437   91.5673
 143.1108 14296.3869  214.0123 -999.9000    0.0000    0.0000   10.1891   91.5696
 139.5597 14453.2663  216.4289 -999.9000    0.0000    0.0000   10.1830   91.5684
 136.1266 14610.1457  214.0928 -999.9000    0.0000    0.0000   10.2001   91.5540
 132.7619 14767.0251  213.2244 -999.9000    0.0000    0.0000   10.2220   91.5347
 129.4754 14923.9045  214.2267 -999.9000    0.0000    0.0000   10.2425   91.5197
 126.2897 15080.7839  215.3419 -999.9000    0.0000    0.0000   10.2525   91.5108
 123.1790 15237.6633  216.5821 -999.9000    0.0000    0.0000   10.2901   91.4644
 120.1481 15394.5427  217.0706 -999.9000    0.0000    0.0000   10.1689   91.3748
 117.2138 15551.4221  216.4441 -999.9000    0.0000    0.0000    9.8289   91.2661
 114.3435 15708.3015  216.3691 -999.9000    0.0000    0.0000    9.5274   91.1464
 111.5416 15865.1809  216.1465 -999.9000    0.0000    0.0000    8.9665   91.1933
 108.8149 16022.0603  217.4812 -999.9000    0.0000    0.0000    8.1721   91.4869
 106.1648 16178.9397  217.5568 -999.9000    0.0000    0.0000    7.7302   91.3484
 103.5767 16335.8191  217.2110 -999.9000    0.0000    0.0000    6.3188   91.9971
 101.0524 16492.6985  219.2758 -999.9000    0.0000    0.0000    1.8597   90.4089
  98.6148 16649.5779  217.9019 -999.9000    0.0000    0.0000    1.1022   90.4014
  96.2203 16806.4573  217.1777 -999.9000    0.0000    0.0000    0.2921   90.4014
  93.8688 16963.3367  216.4756 -999.9000    0.0000    0.0000    1.3895   90.4014
  91.5836 17120.2161  216.3664 -999.9000    0.0000    0.0000    2.2707   90.4014
  89.3567 17277.0955  216.3532 -999.9000    0.0000    0.0000    2.9162   90.4014
  87.1784 17433.9749  215.8878 -999.9000    0.0000    0.0000    3.6227   90.3927
  85.0453 17590.8543  215.0823 -999.9000    0.0000    0.0000    4.5567   90.0754
  82.9608 17747.7337  214.7597 -999.9000    0.0000    0.0000    5.7445   90.9865
  80.9282 17904.6131  215.4035 -999.9000    0.0000    0.0000    6.9025   90.6807
  78.9484 18061.4925  216.0440 -999.9000    0.0000    0.0000    6.8023   90.4907
  77.0217 18218.3719  216.7117 -999.9000    0.0000    0.0000    5.8474   90.6714
  75.1483 18375.2513  217.7640 -999.9000    0.0000    0.0000    4.8926   90.9237
  73.3271 18532.1307  218.8592 -999.9000    0.0000    0.0000    4.2689   91.0464
  71.5556 18689.0101  218.9778 -999.9000    0.0000    0.0000    3.7984   90.9336
  69.8260 18845.8894  217.8552 -999.9000    0.0000    0.0000    3.1750   91.0562
  68.1227 19002.7688  217.5577 -999.9000    0.0000    0.0000    2.0322   91.7656
  66.4601 19159.6482  217.9008 -999.9000    0.0000    0.0000    1.0011   89.5288
  64.8418 19316.5276  218.3781 -999.9000    0.0000    0.0000    0.6920   87.4851
  63.2670 19473.4070  218.7760 -999.9000    0.0000    0.0000    1.2353   87.9468
  61.7318 19630.2864  219.3327 -999.9000    0.0000    0.0000    1.8227   88.3028
  60.2355 19787.1658  219.5421 -999.9000    0.0000    0.0000    2.5677   88.5476
  58.7762 19944.0452  219.2441 -999.9000    0.0000    0.0000    3.4108   88.9105
  57.3501 20100.9246  218.8651 -999.9000    0.0000    0.0000    3.8477   89.0671
  55.9562 20257.8040  218.5992 -999.9000    0.0000    0.0000    3.7814   88.9446
  54.5968 20414.6834  218.3671 -999.9000    0.0000    0.0000    3.5775   88.7725
  53.2731 20571.5628  218.3208 -999.9000    0.0000    0.0000    3.3993   88.6461
  51.9860 20728.4422  218.7712 -999.9000    0.0000    0.0000    3.2640   88.5640
  50.7361 20885.3216  220.0320 -999.9000    0.0000    0.0000    3.1862   88.5228
  49.5229 21042.2010  221.8146 -999.9000    0.0000    0.0000    3.1495   88.5126
  48.3394 21199.0804  221.2093 -999.9000    0.0000    0.0000    3.5038   88.5757
  47.1874 21355.9598  221.2920 -999.9000    0.0000    0.0000    4.6479   88.7747
  46.0647 21512.8392  221.7009 -999.9000    0.0000    0.0000    5.6972   88.9472
  44.9691 21669.7186  221.9567 -999.9000    0.0000    0.0000    5.9188   88.9570
  43.8989 21826.5980  221.9962 -999.9000    0.0000    0.0000    5.5451   88.8369
  42.8525 21983.4774  221.8800 -999.9000    0.0000    0.0000    5.0922   88.6697
  41.8295 22140.3568  221.6559 -999.9000    0.0000    0.0000    4.8491   88.5214
  40.8309 22297.2362  221.3520 -999.9000    0.0000    0.0000    4.7531   88.4316
  39.8584 22454.1156  220.9976 -999.9000    0.0000    0.0000    4.7122   88.4374
  38.9104 22610.9950  221.4190 -999.9000    0.0000    0.0000    4.8742   88.5046
  37.9838 22767.8744  222.7093 -999.9000    0.0000    0.0000    5.2951   88.5579
  37.0791 22924.7538  223.4324 -999.9000    0.0000    0.0000    5.6434   88.6106
  36.1962 23081.6332  223.5568 -999.9000    0.0000    0.0000    5.9027   88.6649
  35.3349 23238.5126  223.3003 -999.9000    0.0000    0.0000    6.1125   88.7211
  34.4951 23395.3920  222.8802 -999.9000    0.0000    0.0000    6.3124   88.7793
  33.6765 23552.2714  222.5142 -999.9000    0.0000    0.0000    6.5416   88.8396
  32.8792 23709.1508  222.4196 -999.9000    0.0000    0.0000    6.8401   88.9021
  32.1025 23866.0302  222.7384 -999.9000    0.0000    0.0000    7.2199   88.9664
  31.3447 24022.9095  223.3329 -999.9000    0.0000    0.0000    7.5927   89.0294
  30.6036 24179.7889  224.0008 -999.9000    0.0000    0.0000    7.8471   89.0878
  29.8779 24336.6683  224.5146 -999.9000    0.0000    0.0000    7.8912   89.1301
  29.1715 24493.5477  224.5847 -999.9000    0.0000    0.0000    7.8293   89.0898
  28.4842 24650.4271  224.4589 -999.9000    0.0000    0.0000    7.7139   88.9796
  27.8138 24807.3065  224.5057 -999.9000    0.0000    0.0000    7.5592   88.8366
  27.1583 24964.1859  225.0921 -999.9000    0.0000    0.0000    7.3787   88.6979
  26.5173 25121.0653  226.2791 -999.9000    0.0000    0.0000    7.1932   88.5852
  25.8939 25277.9447  227.4787 -999.9000    0.0000    0.0000    7.0372   88.4883
  25.2914 25434.8241  228.0200 -999.9000    0.0000    0.0000    6.9475   88.3927
  24.7096 25591.7035  227.5369 -999.9000    0.0000    0.0000    7.0054   88.3136
  24.1354 25748.5829  227.0147 -999.9000    0.0000    0.0000    7.3717   88.3442
  23.5706 25905.4623  226.7863 -999.9000    0.0000    0.0000    7.9487   88.4419
  23.0189 26062.3417  227.0608 -999.9000    0.0000    0.0000    8.6113   88.5480
  22.4826 26219.2211  227.9036 -999.9000    0.0000    0.0000    9.2591   88.6216
  21.9608 26376.1005  229.0087 -999.9000    0.0000    0.0000    9.8534   88.6692
  21.4521 26532.9799  230.0113 -999.9000    0.0000    0.0000   10.3659   88.7041
  20.9548 26689.8593  230.5465 -999.9000    0.0000    0.0000   10.7682   88.7401
  20.4676 26846.7387  230.2493 -999.9000    0.0000    0.0000   11.0317   88.7908
  19.9891 27003.6181  228.7902 -999.9000    0.0000    0.0000   11.1213   88.8671
  19.5243 27160.4975  227.8906 -999.9000    0.0000    0.0000   10.6749   88.8331
  19.0752 27317.3769  228.3378 -999.9000    0.0000    0.0000    9.7646   88.6652
  18.6391 27474.2563  229.5513 -999.9000    0.0000    0.0000    8.7848   88.4541
  18.2135 27631.1357  230.9509 -999.9000    0.0000    0.0000    8.1301   88.2905
  17.7959 27788.0151  231.9654 -999.9000    0.0000    0.0000    8.1718   88.2601
  17.3864 27944.8945  232.2476 -999.9000    0.0000    0.0000    8.7310   88.3267
  16.9866 28101.7739  231.8237 -999.9000    0.0000    0.0000    9.3266   88.3867
  16.5963 28258.6533  230.9903 -999.9000    0.0000    0.0000    9.9236   88.4341
  16.2153 28415.5327  230.0713 -999.9000    0.0000    0.0000   10.5365   88.4734
  15.8432 28572.4121  229.3905 -999.9000    0.0000    0.0000   11.1799   88.5095
  15.4798 28729.2915  229.2657 -999.9000    0.0000    0.0000   11.8663   88.5468
  15.1246 28886.1709  229.6580 -999.9000    0.0000    0.0000   12.4931   88.5881
  14.7769 29043.0503  230.0108 -999.9000    0.0000    0.0000   12.7967   88.6333
  14.4368 29199.9296  230.1598 -999.9000    0.0000    0.0000   12.7122   88.6841
  14.1043 29356.8090  230.2428 -999.9000    0.0000    0.0000   12.3208   88.7433
  13.7798 29513.6884  230.4030 -999.9000    0.0000    0.0000   11.7072   88.8140
  13.4633 29670.5678  230.7840 -999.9000    0.0000    0.0000   10.9554   88.8992
  13.1552 29827.4472  231.5290 -999.9000    0.0000    0.0000   10.1500   89.0018
  12.8555 29984.3266  232.7247 -999.9000    0.0000    0.0000    9.3732   89.1215
  12.5638 30141.2060  234.0585 -999.9000    0.0000    0.0000    8.6929   89.2343
  12.2794 30298.0854  235.0486 -999.9000    0.0000    0.0000    8.1713   89.3059
  12.0018 30454.9648  235.2124 -999.9000    0.0000    0.0000    7.8703   89.3022
  11.7304 30611.8442  234.3219 -999.9000    0.0000    0.0000    7.8109   89.2026
  11.4650 30768.7236  233.1888 -999.9000    0.0000    0.0000    7.8477   89.0420
  11.2056 30925.6030  232.8896 -999.9000    0.0000    0.0000    7.7931   88.8691
  10.9522 31082.4824  234.0761 -999.9000    0.0000    0.0000    7.5269   88.7216
  10.7056 31239.3618  235.5881 -999.9000    0.0000    0.0000    7.2181   88.5894
  10.4661 31396.2412  236.1075 -999.9000    0.0000    0.0000    7.0638   88.4534
  10.2318 31553.1206  235.7142 -999.9000    0.0000    0.0000    7.0494   88.3118
  10.0000 31710.0000  234.8632 -999.9000    0.0000    0.0000    7.1039   88.1674
