# 06610 LSMP Payerne Observations at 12Z 30 Jul 2008
# Radiosonde file generated by raso.rb
#
  P [hPa],     Z [m],    T [K],   Td [K],   RH [%], r [g/kg], WS [m/s], WD [deg]
 962.0000   491.0000  298.0304 -999.9000   66.2126   13.6900    1.9066   93.0543
 944.6891   647.8794  295.9939 -999.9000   67.7743   12.6302    4.2800   92.6754
 927.6873   804.7588  294.6256 -999.9000   79.5188   13.9071    1.8341   92.9144
 911.0964   961.6382  293.3546 -999.9000   79.9795   14.4362    0.0086   88.9012
 894.7070  1118.5176  292.4368 -999.9000   79.9806   14.3064    0.8818   90.9797
 878.5406  1275.3970  292.1566 -999.9000   80.0469   13.3485    1.8089   90.6229
 862.6769  1432.2764  290.7898 -999.9000   80.9592   13.5129    1.9930   90.4248
 846.9845  1589.1558  289.5556 -999.9000   80.2779   13.9027    3.5614   90.3491
 831.5533  1746.0352  289.2124 -999.9000   80.7531   13.2228    4.4166   90.3950
 816.3570  1902.9146  287.8988 -999.9000   80.6381   11.9693    5.5018   90.4496
 801.3249  2059.7940  286.3062 -999.9000   80.3543   11.5640    6.1121   90.4939
 786.5365  2216.6734  284.9472 -999.9000   80.1951   10.4184    6.8538   90.5367
 771.9169  2373.5528  283.7090 -999.9000   80.5769    8.7627    8.0447   90.5644
 757.5041  2530.4322  282.6450 -999.9000   80.4378    8.5006    8.5809   90.6155
 743.3854  2687.3116  282.0646 -999.9000   77.7881    7.5803    7.4806   90.6080
 729.2940  2844.1910  280.9856 -999.9000   60.3922    5.5688    7.2493   90.6173
 715.5826  3001.0704  279.9342 -999.9000   50.1280    4.3807    8.8446   90.6971
 702.0616  3157.9497  278.7474 -999.9000   51.6061    4.2344   10.1442   90.7782
 688.7126  3314.8291  277.2675 -999.9000   58.9218    4.4448   10.2537   90.8007
 675.5482  3471.7085  275.6389 -999.9000   68.2114    4.6752   10.5255   90.8205
 662.5494  3628.5879  274.1618 -999.9000   74.1484    4.6607   11.1559   90.8487
 649.7305  3785.4673  273.1524 -999.9000   67.2719    4.0055   11.4767   90.8627
 637.1240  3942.3467  272.2997 -999.9000   55.1400    3.1437   10.8248   90.9118
 624.7467  4099.2261  271.2860 -999.9000   50.1635    2.7055    9.3077   91.0167
 612.5275  4256.1055  270.2272 -999.9000   50.0946    2.5464    8.9076   91.0465
 600.5160  4412.9849  269.6213 -999.9000   38.2088    1.8919    9.2220   91.0390
 588.7253  4569.8643  269.0286 -999.9000   22.7618    1.0986    9.4419   91.0433
 577.1128  4726.7437  267.7388 -999.9000   18.1666    0.8108    9.5295   91.0483
 565.6299  4883.6231  266.9073 -999.9000   17.0349    0.7276    9.5303   91.0538
 554.4053  5040.5025  266.3513 -999.9000   13.4996    0.5634    8.8805   91.1400
 543.3471  5197.3819  265.6831 -999.9000   12.8404    0.5190    8.1417   91.2153
 532.4739  5354.2613  264.6660 -999.9000   22.2051    0.8459    8.5872   91.2112
 521.8251  5511.1407  263.6278 -999.9000   24.0528    0.8613    9.3824   91.1806
 511.3144  5668.0201  262.8477 -999.9000   14.1030    0.4842   10.1023   91.1583
 500.9731  5824.8995  261.5175 -999.9000   12.9878    0.4090   10.8422   91.1344
 490.8286  5981.7789  259.9175 -999.9000   18.4223    0.5200   11.0338   91.1143
 480.7236  6138.6583  258.8155 -999.9000   29.2658    0.7703   11.4029   91.0832
 470.8214  6295.5377  257.5392 -999.9000   31.5340    0.7621   11.5333   91.0728
 461.0900  6452.4171  256.1231 -999.9000   30.8686    0.6762   11.2852   90.9894
 451.4963  6609.2965  254.8328 -999.9000   32.0452    0.6422   10.3042   90.8335
 442.0676  6766.1759  253.7668 -999.9000   32.6216    0.6091    9.4375   90.7116
 432.8253  6923.0553  252.8097 -999.9000   32.3391    0.5674   10.3675   90.6964
 423.7241  7079.9347  251.4063 -999.9000   36.0476    0.5712   11.2648   90.7318
 414.7432  7236.8141  249.7029 -999.9000   41.2761    0.5742   11.0747   90.7585
 405.9174  7393.6935  248.7073 -999.9000   31.8566    0.4138   11.3098   90.7794
 397.1974  7550.5729  247.4179 -999.9000   27.2682    0.3219   11.5781   90.7881
 388.6475  7707.4523  246.0204 -999.9000   31.1933    0.3308   11.7175   90.8405
 380.2876  7864.3317  244.9982 -999.9000   34.8444    0.3433   11.9419   90.9010
 372.0784  8021.2111  244.1729 -999.9000   39.1151    0.3645   12.0771   90.8924
 363.9826  8178.0905  243.3700 -999.9000   45.2417    0.3994   11.9694   90.7526
 356.0087  8334.9698  242.5057 -999.9000   54.4822    0.4529   11.9300   90.7678
 348.2042  8491.8492  241.5988 -999.9000   60.6068    0.5188   12.5062   91.3797
 340.5609  8648.7286  240.7321 -999.9000   64.9973    0.5272   12.7113   91.7004
 333.0575  8805.6080  239.8553 -999.9000   65.6039    0.4852   12.6236   91.6152
 325.6771  8962.4874  238.8681 -999.9000   65.0286    0.4338   12.8893   91.4555
 318.4095  9119.3668  237.6542 -999.9000   65.8175    0.3977   13.7777   91.4682
 311.2701  9276.2462  236.0041 -999.9000   60.7126    0.3338   13.9033   91.4746
 304.2599  9433.1256  234.4193 -999.9000   55.5305    0.2938   14.0939   91.4194
 297.3812  9590.0050  233.3217 -999.9000   50.6870    0.2688   14.5414   91.3896
 290.6045  9746.8844  232.0621 -999.9000   45.4796    0.2331   14.8350   91.3805
 283.9369  9903.7638  230.6526 -999.9000   45.7780    0.2031   15.1776   91.3479
 277.3870 10060.6432  229.1390 -999.9000   45.6292    0.1789   15.5320   91.3074
 270.9631 10217.5226  227.5610 -999.9000   45.5670    0.1538   15.7661   91.2950
 264.6694 10374.4020  225.9929 -999.9000   45.6777    0.1244   15.7902   91.3378
 258.4744 10531.2814  224.7417 -999.9000   45.1872    0.1097   15.9055   91.3756
 252.3757 10688.1608  223.6893 -999.9000   45.5045    0.1034   16.1412   91.3933
 246.3812 10845.0402  222.6069 -999.9000   40.2276    0.0916   16.4158   91.3978
 240.4896 11001.9196  221.3872 -999.9000   35.6731    0.0742   16.6765   91.3965
 234.6950 11158.7990  220.0256 -999.9000   35.9282    0.0604   16.8940   91.3968
 229.0082 11315.6784  218.6188 -999.9000   35.4735    0.0528   17.0627   91.3986
 223.4492 11472.5578  217.3150 -999.9000   34.9478    0.0500   17.1889   91.3982
 218.0236 11629.4372  216.0906 -999.9000   30.1063    0.0480   16.9910   91.4126
 212.6609 11786.3166  214.3972 -999.9000   25.5918    0.0350   15.3188   91.5070
 207.3913 11943.1960  213.5462 -999.9000   23.7603    0.0295   14.1522   91.4951
 202.2510 12100.0754  214.2325 -999.9000   17.9988    0.0410   13.8628   91.5711
 197.2536 12256.9548  215.6147 -999.9000    9.0953    0.0304   11.8811   92.1270
 192.4469 12413.8342  217.9917 -999.9000    2.6448    0.0062   12.3521   91.9985
 187.8076 12570.7136  217.7929 -999.9000    0.2370    0.0003   12.6173   91.9213
 183.2603 12727.5930  216.5428 -999.9000    0.2955    0.0003   12.3491   91.8946
 178.8033 12884.4724  216.1165 -999.9000    0.0000    0.0000   12.1414   91.8603
 174.4458 13041.3518  216.5081 -999.9000    0.0133    0.0000   12.3009   91.7991
 170.1876 13198.2312  216.7235 -999.9000    0.0000    0.0000   12.8536   91.6668
 166.0391 13355.1106  216.8837 -999.9000    0.0000    0.0000   13.5019   91.5392
 162.0101 13511.9899  216.5016 -999.9000    0.0002    0.0000   13.8304   91.4198
 158.0706 13668.8693  215.5137 -999.9000    0.0000    0.0000   13.4776   91.3880
 154.1974 13825.7487  214.6395 -999.9000    0.0000    0.0000   12.3476   91.4693
 150.4126 13982.6281  214.5749 -999.9000    0.0000    0.0000   10.4656   91.5650
 146.7292 14139.5075  215.5094 -999.9000    0.0000    0.0000   10.4199   91.5673
 143.1108 14296.3869  213.7418 -999.9000    0.0000    0.0000   10.3715   91.5696
 139.5597 14453.2663  216.1745 -999.9000    0.0000    0.0000   10.3720   91.5684
 136.1266 14610.1457  213.8588 -999.9000    0.0000    0.0000   10.3961   91.5540
 132.7619 14767.0251  213.0148 -999.9000    0.0000    0.0000   10.4252   91.5347
 129.4754 14923.9045  214.0450 -999.9000    0.0000    0.0000   10.4528   91.5197
 126.2897 15080.7839  215.1913 -999.9000    0.0000    0.0000   10.4699   91.5108
 123.1790 15237.6633  216.4653 -999.9000    0.0000    0.0000   10.5142   91.4644
 120.1481 15394.5427  216.9899 -999.9000    0.0000    0.0000   10.3990   91.3748
 117.2138 15551.4221  216.4013 -999.9000    0.0000    0.0000   10.0644   91.2661
 114.3435 15708.3015  216.3657 -999.9000    0.0000    0.0000    9.7673   91.1464
 111.5416 15865.1809  216.1835 -999.9000    0.0000    0.0000    9.2098   91.1933
 108.8149 16022.0603  217.5592 -999.9000    0.0000    0.0000    8.4175   91.4869
 106.1648 16178.9397  217.6759 -999.9000    0.0000    0.0000    7.9762   91.3484
 103.5767 16335.8191  217.3710 -999.9000    0.0000    0.0000    6.5638   91.9971
 101.0524 16492.6985  219.4760 -999.9000    0.0000    0.0000    2.1019   90.4089
  98.6148 16649.5779  218.1412 -999.9000    0.0000    0.0000    1.3394   90.4014
  96.2203 16806.4573  217.4546 -999.9000    0.0000    0.0000    0.5223   90.4014
  93.8688 16963.3367  216.7880 -999.9000    0.0000    0.0000    1.6102   90.4014
  91.5836 17120.2161  216.7120 -999.9000    0.0000    0.0000    2.4795   90.4014
  89.3567 17277.0955  216.7293 -999.9000    0.0000    0.0000    3.1103   90.4014
  87.1784 17433.9749  216.2911 -999.9000    0.0000    0.0000    3.7991   90.3927
  85.0453 17590.8543  215.5090 -999.9000    0.0000    0.0000    4.7123   90.0754
  82.9608 17747.7337  215.2059 -999.9000    0.0000    0.0000    5.8761   90.9865
  80.9282 17904.6131  215.8647 -999.9000    0.0000    0.0000    7.0066   90.6807
  78.9484 18061.4925  216.5156 -999.9000    0.0000    0.0000    6.8754   90.4907
  77.0217 18218.3719  217.1893 -999.9000    0.0000    0.0000    5.8867   90.6714
  75.1483 18375.2513  218.2434 -999.9000    0.0000    0.0000    4.8957   90.9237
  73.3271 18532.1307  219.3367 -999.9000    0.0000    0.0000    4.2336   91.0464
  71.5556 18689.0101  219.4497 -999.9000    0.0000    0.0000    3.7232   90.9336
  69.8260 18845.8894  218.3181 -999.9000    0.0000    0.0000    3.0587   91.0562
  68.1227 19002.7688  218.0086 -999.9000    0.0000    0.0000    1.8742   91.7656
  66.4601 19159.6482  218.3368 -999.9000    0.0000    0.0000    0.8011   89.5288
  64.8418 19316.5276  218.7966 -999.9000    0.0000    0.0000    0.4502   87.4851
  63.2670 19473.4070  219.1747 -999.9000    0.0000    0.0000    0.9523   87.9468
  61.7318 19630.2864  219.7094 -999.9000    0.0000    0.0000    1.4996   88.3028
  60.2355 19787.1658  219.8952 -999.9000    0.0000    0.0000    2.2061   88.5476
  58.7762 19944.0452  219.5718 -999.9000    0.0000    0.0000    3.0125   88.9105
  57.3501 20100.9246  219.1661 -999.9000    0.0000    0.0000    3.4153   89.0671
  55.9562 20257.8040  218.8726 -999.9000    0.0000    0.0000    3.3178   88.9446
  54.5968 20414.6834  218.6119 -999.9000    0.0000    0.0000    3.0859   88.7725
  53.2731 20571.5628  218.5365 -999.9000    0.0000    0.0000    2.8835   88.6461
  51.9860 20728.4422  218.9575 -999.9000    0.0000    0.0000    2.7281   88.5640
  50.7361 20885.3216  220.1888 -999.9000    0.0000    0.0000    2.6350   88.5228
  49.5229 21042.2010  221.9421 -999.9000    0.0000    0.0000    2.5881   88.5126
  48.3394 21199.0804  221.3080 -999.9000    0.0000    0.0000    2.9377   88.5757
  47.1874 21355.9598  221.3626 -999.9000    0.0000    0.0000    4.0831   88.7747
  46.0647 21512.8392  221.7442 -999.9000    0.0000    0.0000    5.1398   88.9472
  44.9691 21669.7186  221.9736 -999.9000    0.0000    0.0000    5.3744   88.9570
  43.8989 21826.5980  221.9875 -999.9000    0.0000    0.0000    5.0188   88.8369
  42.8525 21983.4774  221.8464 -999.9000    0.0000    0.0000    4.5887   88.6697
  41.8295 22140.3568  221.5981 -999.9000    0.0000    0.0000    4.3725   88.5214
  40.8309 22297.2362  221.2707 -999.9000    0.0000    0.0000    4.3070   88.4316
  39.8584 22454.1156  220.8935 -999.9000    0.0000    0.0000    4.2999   88.4374
  38.9104 22610.9950  221.2928 -999.9000    0.0000    0.0000    4.4981   88.5046
  37.9838 22767.8744  222.5616 -999.9000    0.0000    0.0000    4.9575   88.5579
  37.0791 22924.7538  223.2636 -999.9000    0.0000    0.0000    5.3458   88.6106
  36.1962 23081.6332  223.3675 -999.9000    0.0000    0.0000    5.6464   88.6649
  35.3349 23238.5126  223.0911 -999.9000    0.0000    0.0000    5.8980   88.7211
  34.4951 23395.3920  222.6515 -999.9000    0.0000    0.0000    6.1399   88.7793
  33.6765 23552.2714  222.2664 -999.9000    0.0000    0.0000    6.4108   88.8396
  32.8792 23709.1508  222.1532 -999.9000    0.0000    0.0000    6.7501   88.9021
  32.1025 23866.0302  222.4537 -999.9000    0.0000    0.0000    7.1693   88.9664
  31.3447 24022.9095  223.0302 -999.9000    0.0000    0.0000    7.5797   89.0294
  30.6036 24179.7889  223.6805 -999.9000    0.0000    0.0000    7.8693   89.0878
  29.8779 24336.6683  224.1769 -999.9000    0.0000    0.0000    7.9458   89.1301
  29.1715 24493.5477  224.2298 -999.9000    0.0000    0.0000    7.9129   89.0898
  28.4842 24650.4271  224.0871 -999.9000    0.0000    0.0000    7.8228   88.9796
  27.8138 24807.3065  224.1171 -999.9000    0.0000    0.0000    7.6889   88.8366
  27.1583 24964.1859  224.6869 -999.9000    0.0000    0.0000    7.5246   88.6979
  26.5173 25121.0653  225.8575 -999.9000    0.0000    0.0000    7.3509   88.5852
  25.8939 25277.9447  227.0410 -999.9000    0.0000    0.0000    7.2025   88.4883
  25.2914 25434.8241  227.5667 -999.9000    0.0000    0.0000    7.1166   88.3927
  24.7096 25591.7035  227.0685 -999.9000    0.0000    0.0000    7.1746   88.3136
  24.1354 25748.5829  226.5316 -999.9000    0.0000    0.0000    7.5376   88.3442
  23.5706 25905.4623  226.2891 -999.9000    0.0000    0.0000    8.1081   88.4419
  23.0189 26062.3417  226.5502 -999.9000    0.0000    0.0000    8.7615   88.5480
  22.4826 26219.2211  227.3804 -999.9000    0.0000    0.0000    9.3973   88.6216
  21.9608 26376.1005  228.4737 -999.9000    0.0000    0.0000    9.9772   88.6692
  21.4521 26532.9799  229.4655 -999.9000    0.0000    0.0000   10.4733   88.7041
  20.9548 26689.8593  229.9909 -999.9000    0.0000    0.0000   10.8573   88.7401
  20.4676 26846.7387  229.6849 -999.9000    0.0000    0.0000   11.1009   88.7908
  19.9891 27003.6181  228.2181 -999.9000    0.0000    0.0000   11.1692   88.8671
  19.5243 27160.4975  227.3121 -999.9000    0.0000    0.0000   10.7005   88.8331
  19.0752 27317.3769  227.7541 -999.9000    0.0000    0.0000    9.7671   88.6652
  18.6391 27474.2563  228.9638 -999.9000    0.0000    0.0000    8.7636   88.4541
  18.2135 27631.1357  230.3612 -999.9000    0.0000    0.0000    8.0847   88.2905
  17.7959 27788.0151  231.3748 -999.9000    0.0000    0.0000    8.1023   88.2601
  17.3864 27944.8945  231.6578 -999.9000    0.0000    0.0000    8.6376   88.3267
  16.9866 28101.7739  231.2363 -999.9000    0.0000    0.0000    9.2096   88.3867
  16.5963 28258.6533  230.4071 -999.9000    0.0000    0.0000    9.7839   88.4341
  16.2153 28415.5327  229.4942 -999.9000    0.0000    0.0000   10.3750   88.4734
  15.8432 28572.4121  228.8212 -999.9000    0.0000    0.0000   10.9978   88.5095
  15.4798 28729.2915  228.7063 -999.9000    0.0000    0.0000   11.6650   88.5468
  15.1246 28886.1709  229.1106 -999.9000    0.0000    0.0000   12.2745   88.5881
  14.7769 29043.0503  229.4773 -999.9000    0.0000    0.0000   12.5627   88.6333
  14.4368 29199.9296  229.6426 -999.9000    0.0000    0.0000   12.4650   88.6841
  14.1043 29356.8090  229.7441 -999.9000    0.0000    0.0000   12.0629   88.7433
  13.7798 29513.6884  229.9252 -999.9000    0.0000    0.0000   11.4414   88.8140
  13.4633 29670.5678  230.3294 -999.9000    0.0000    0.0000   10.6847   88.8992
  13.1552 29827.4472  231.1002 -999.9000    0.0000    0.0000    9.8777   89.0018
  12.8555 29984.3266  232.3242 -999.9000    0.0000    0.0000    9.1027   89.1215
  12.5638 30141.2060  233.6890 -999.9000    0.0000    0.0000    8.4282   89.2343
  12.2794 30298.0854  234.7128 -999.9000    0.0000    0.0000    7.9163   89.3059
  12.0018 30454.9648  234.9131 -999.9000    0.0000    0.0000    7.6293   89.3022
  11.7304 30611.8442  234.0621 -999.9000    0.0000    0.0000    7.5884   89.2026
  11.4650 30768.7236  232.9713 -999.9000    0.0000    0.0000    7.6486   89.0420
  11.2056 30925.6030  232.7174 -999.9000    0.0000    0.0000    7.6224   88.8691
  10.9522 31082.4824  233.9524 -999.9000    0.0000    0.0000    7.3899   88.7216
  10.7056 31239.3618  235.5160 -999.9000    0.0000    0.0000    7.1204   88.5894
  10.4661 31396.2412  236.0903 -999.9000    0.0000    0.0000    7.0112   88.4534
  10.2318 31553.1206  235.7552 -999.9000    0.0000    0.0000    7.0480   88.3118
  10.0000 31710.0000  234.9658 -999.9000    0.0000    0.0000    7.1601   88.1674
