# 06610 LSMP Payerne Observations at 12Z 30 Jul 2008
# Radiosonde file generated by raso.rb
#
  P [hPa],     Z [m],    T [K],   Td [K],   RH [%], r [g/kg], WS [m/s], WD [deg]
 962.0000   491.0000  298.4261 -999.9000   66.2866   13.6900    2.4045   93.0543
 944.6891   647.8794  296.4022 -999.9000   67.8375   12.6302    4.9011   92.6754
 927.6873   804.7588  295.0446 -999.9000   79.5794   13.9071    2.5652   92.9144
 911.0964   961.6382  293.7824 -999.9000   80.0279   14.4362    0.8197   92.0428
 894.7070  1118.5176  292.8714 -999.9000   80.0176   14.3064    1.7950   90.9797
 878.5406  1275.3970  292.5964 -999.9000   80.0734   13.3485    2.7953   90.6229
 862.6769  1432.2764  291.2331 -999.9000   80.9765   13.5129    3.0411   90.4248
 846.9845  1589.1558  290.0007 -999.9000   80.2864   13.9027    4.6604   90.3491
 831.5533  1746.0352  289.6578 -999.9000   80.7540   13.2228    5.5559   90.3950
 816.3570  1902.9146  288.3430 -999.9000   80.6322   11.9693    6.6716   90.4496
 801.3249  2059.7940  286.7478 -999.9000   80.3424   11.5640    7.3029   90.4939
 786.5365  2216.6734  285.3849 -999.9000   80.1782   10.4184    8.0566   90.5367
 771.9169  2373.5528  284.1415 -999.9000   80.5556    8.7627    9.2509   90.5644
 757.5041  2530.4322  283.0711 -999.9000   80.4129    8.5006    9.7823   90.6155
 743.3854  2687.3116  282.4833 -999.9000   77.7611    7.5803    8.6698   90.6080
 729.2940  2844.1910  281.3958 -999.9000   60.3696    5.5688    8.4191   90.6173
 715.5826  3001.0704  280.3349 -999.9000   50.1081    4.3807    9.9882   90.6971
 702.0616  3157.9497  279.1377 -999.9000   51.5850    4.2344   11.2555   90.7782
 688.7126  3314.8291  277.6466 -999.9000   58.8973    4.4448   11.3269   90.8007
 675.5482  3471.7085  276.0062 -999.9000   68.1829    4.6752   11.5553   90.8205
 662.5494  3628.5879  274.5165 -999.9000   74.1178    4.6607   12.1375   90.8487
 649.7305  3785.4673  273.4939 -999.9000   67.2448    4.0055   12.4058   90.8627
 637.1240  3942.3467  272.6275 -999.9000   55.1187    3.1437   11.6976   90.9118
 624.7467  4099.2261  271.5996 -999.9000   50.1450    2.7055   10.1206   91.0167
 612.5275  4256.1055  270.5262 -999.9000   50.0774    2.5464    9.6578   91.0465
 600.5160  4412.9849  269.9055 -999.9000   38.1967    1.8919    9.9070   91.0390
 588.7253  4569.8643  269.2977 -999.9000   22.7552    1.0986   10.0597   91.0433
 577.1128  4726.7437  267.9927 -999.9000   18.1620    0.8108   10.0786   91.0483
 565.6299  4883.6231  267.1458 -999.9000   17.0311    0.7276   10.0095   91.0538
 554.4053  5040.5025  266.5745 -999.9000   13.4971    0.5634    9.2893   91.1400
 543.3471  5197.3819  265.8909 -999.9000   12.8385    0.5190    8.4800   91.2153
 532.4739  5354.2613  264.8587 -999.9000   22.2026    0.8459    8.8554   91.2112
 521.8251  5511.1407  263.8056 -999.9000   24.0510    0.8613    9.5812   91.1806
 511.3144  5668.0201  263.0108 -999.9000   14.1025    0.4842   10.2329   91.1583
 500.9731  5824.8995  261.6663 -999.9000   12.9877    0.4090   10.9065   91.1344
 490.8286  5981.7789  260.0524 -999.9000   18.4230    0.5200   11.0340   91.1143
 480.7236  6138.6583  258.9370 -999.9000   29.2678    0.7703   11.3416   91.0832
 470.8214  6295.5377  257.6478 -999.9000   31.5371    0.7621   11.4137   91.0728
 461.0900  6452.4171  256.2196 -999.9000   30.8726    0.6762   11.1109   90.9894
 451.4963  6609.2965  254.9178 -999.9000   32.0501    0.6422   10.0793   90.8335
 442.0676  6766.1759  253.8411 -999.9000   32.6273    0.6091    9.1664   90.7116
 432.8253  6923.0553  252.8742 -999.9000   32.3453    0.5674   10.0554   90.6964
 423.7241  7079.9347  251.4620 -999.9000   36.0550    0.5712   10.9172   90.7318
 414.7432  7236.8141  249.7507 -999.9000   41.2849    0.5742   10.6975   90.7585
 405.9174  7393.6935  248.7483 -999.9000   31.8635    0.4138   10.9094   90.7794
 397.1974  7550.5729  247.4533 -999.9000   27.2740    0.3219   11.1613   90.7881
 388.6475  7707.4523  246.0514 -999.9000   31.1996    0.3308   11.2909   90.8405
 380.2876  7864.3317  245.0260 -999.9000   34.8510    0.3433   11.5117   90.9010
 372.0784  8021.2111  244.1989 -999.9000   39.1218    0.3645   11.6491   90.8924
 363.9826  8178.0905  243.3956 -999.9000   45.2485    0.3994   11.5487   90.7526
 356.0087  8334.9698  242.5323 -999.9000   54.4892    0.4529   11.5212   90.7678
 348.2042  8491.8492  241.6279 -999.9000   60.6130    0.5188   12.1137   91.3797
 340.5609  8648.7286  240.7652 -999.9000   65.0024    0.5272   12.3388   91.7004
 333.0575  8805.6080  239.8941 -999.9000   65.6072    0.4852   12.2744   91.6152
 325.6771  8962.4874  238.9142 -999.9000   65.0303    0.4338   12.5663   91.4555
 318.4095  9119.3668  237.7095 -999.9000   65.8176    0.3977   13.4832   91.4682
 311.2701  9276.2462  236.0701 -999.9000   60.7114    0.3338   13.6392   91.4746
 304.2599  9433.1256  234.4981 -999.9000   55.5283    0.2938   13.8615   91.4194
 297.3812  9590.0050  233.4151 -999.9000   50.6842    0.2688   14.3417   91.3896
 290.6045  9746.8844  232.1720 -999.9000   45.4765    0.2331   14.6684   91.3805
 283.9369  9903.7638  230.7810 -999.9000   45.7747    0.2031   15.0441   91.3479
 277.3870 10060.6432  229.2879 -999.9000   45.6258    0.1789   15.4311   91.3074
 270.9631 10217.5226  227.7327 -999.9000   45.5640    0.1538   15.6968   91.2950
 264.6694 10374.4020  226.1895 -999.9000   45.6752    0.1244   15.7511   91.3378
 258.4744 10531.2814  224.9653 -999.9000   45.1857    0.1097   15.8946   91.3756
 252.3757 10688.1608  223.9424 -999.9000   45.5045    0.1034   16.1560   91.3933
 246.3812 10845.0402  222.8918 -999.9000   40.2291    0.0916   16.4536   91.3978
 240.4896 11001.9196  221.7062 -999.9000   35.6763    0.0742   16.7339   91.3965
 234.6950 11158.7990  220.3807 -999.9000   35.9335    0.0604   16.9676   91.3968
 229.0082 11315.6784  219.0117 -999.9000   35.4812    0.0528   17.1493   91.3986
 223.4492 11472.5578  217.7468 -999.9000   34.9581    0.0500   17.2857   91.3982
 218.0236 11629.4372  216.5619 -999.9000   30.1178    0.0480   17.0952   91.4126
 212.6609 11786.3166  214.9080 -999.9000   25.6038    0.0350   15.4280   91.5070
 207.3913 11943.1960  214.0961 -999.9000   23.7737    0.0295   14.2641   91.4951
 202.2510 12100.0754  214.8206 -999.9000   18.0108    0.0410   13.9753   91.5711
 197.2536 12256.9548  216.2395 -999.9000    9.1022    0.0304   11.9924   92.1270
 192.4469 12413.8342  218.6514 -999.9000    2.6471    0.0062   12.4607   91.9985
 187.8076 12570.7136  218.4849 -999.9000    0.2372    0.0003   12.7218   91.9213
 183.2603 12727.5930  217.2643 -999.9000    0.2959    0.0003   12.4483   91.8946
 178.8033 12884.4724  216.8641 -999.9000    0.0000    0.0000   12.2344   91.8603
 174.4458 13041.3518  217.2777 -999.9000    0.0133    0.0000   12.3870   91.7991
 170.1876 13198.2312  217.5108 -999.9000    0.0000    0.0000   12.9323   91.6668
 166.0391 13355.1106  217.6837 -999.9000    0.0000    0.0000   13.5729   91.5392
 162.0101 13511.9899  217.3089 -999.9000    0.0002    0.0000   13.8937   91.4198
 158.0706 13668.8693  216.3223 -999.9000    0.0000    0.0000   13.5334   91.3880
 154.1974 13825.7487  215.4430 -999.9000    0.0000    0.0000   12.3963   91.4693
 150.4126 13982.6281  215.3664 -999.9000    0.0000    0.0000   10.5078   91.5650
 146.7292 14139.5075  216.2814 -999.9000    0.0000    0.0000   10.4564   91.5673
 143.1108 14296.3869  214.4864 -999.9000    0.0000    0.0000   10.4034   91.5696
 139.5597 14453.2663  216.8833 -999.9000    0.0000    0.0000   10.4006   91.5684
 136.1266 14610.1457  214.5235 -999.9000    0.0000    0.0000   10.4229   91.5540
 132.7619 14767.0251  213.6281 -999.9000    0.0000    0.0000   10.4514   91.5347
 129.4754 14923.9045  214.6006 -999.9000    0.0000    0.0000   10.4798   91.5197
 126.2897 15080.7839  215.6835 -999.9000    0.0000    0.0000   10.4990   91.5108
 123.1790 15237.6633  216.8894 -999.9000    0.0000    0.0000   10.5467   91.4644
 120.1481 15394.5427  217.3420 -999.9000    0.0000    0.0000   10.4364   91.3748
 117.2138 15551.4221  216.6785 -999.9000    0.0000    0.0000   10.1078   91.2661
 114.3435 15708.3015  216.5659 -999.9000    0.0000    0.0000    9.8181   91.1464
 111.5416 15865.1809  216.3054 -999.9000    0.0000    0.0000    9.2692   91.1933
 108.8149 16022.0603  217.6024 -999.9000    0.0000    0.0000    8.4867   91.4869
 106.1648 16178.9397  217.6409 -999.9000    0.0000    0.0000    8.0566   91.3484
 103.5767 16335.8191  217.2591 -999.9000    0.0000    0.0000    6.6565   91.9971
 101.0524 16492.6985  219.2895 -999.9000    0.0000    0.0000    2.2082   90.4089
  98.6148 16649.5779  217.8831 -999.9000    0.0000    0.0000    1.4605   90.4014
  96.2203 16806.4573  217.1289 -999.9000    0.0000    0.0000    0.6593   90.4014
  93.8688 16963.3367  216.3996 -999.9000    0.0000    0.0000    1.7644   90.4014
  91.5836 17120.2161  216.2665 -999.9000    0.0000    0.0000    2.6518   90.4014
  89.3567 17277.0955  216.2333 -999.9000    0.0000    0.0000    3.3021   90.4014
  87.1784 17433.9749  215.7520 -999.9000    0.0000    0.0000    4.0114   90.3927
  85.0453 17590.8543  214.9352 -999.9000    0.0000    0.0000    4.9463   90.0754
  82.9608 17747.7337  214.6065 -999.9000    0.0000    0.0000    6.1328   90.9865
  80.9282 17904.6131  215.2496 -999.9000    0.0000    0.0000    7.2871   90.6807
  78.9484 18061.4925  215.8950 -999.9000    0.0000    0.0000    7.1808   90.4907
  77.0217 18218.3719  216.5726 -999.9000    0.0000    0.0000    6.2176   90.6714
  75.1483 18375.2513  217.6393 -999.9000    0.0000    0.0000    5.2525   90.9237
  73.3271 18532.1307  218.7530 -999.9000    0.0000    0.0000    4.6166   91.0464
  71.5556 18689.0101  218.8936 -999.9000    0.0000    0.0000    4.1323   90.9336
  69.8260 18845.8894  217.7960 -999.9000    0.0000    0.0000    3.4937   91.0562
  68.1227 19002.7688  217.5261 -999.9000    0.0000    0.0000    2.3344   91.7656
  66.4601 19159.6482  217.8987 -999.9000    0.0000    0.0000    1.2858   89.5288
  64.8418 19316.5276  218.4070 -999.9000    0.0000    0.0000    0.9582   87.4851
  63.2670 19473.4070  218.8369 -999.9000    0.0000    0.0000    1.4825   87.9468
  61.7318 19630.2864  219.4260 -999.9000    0.0000    0.0000    2.0503   88.3028
  60.2355 19787.1658  219.6679 -999.9000    0.0000    0.0000    2.7755   88.5476
  58.7762 19944.0452  219.4019 -999.9000    0.0000    0.0000    3.5986   88.9105
  57.3501 20100.9246  219.0537 -999.9000    0.0000    0.0000    4.0157   89.0671
  55.9562 20257.8040  218.8172 -999.9000    0.0000    0.0000    3.9299   88.9446
  54.5968 20414.6834  218.6124 -999.9000    0.0000    0.0000    3.7069   88.7725
  53.2731 20571.5628  218.5908 -999.9000    0.0000    0.0000    3.5103   88.6461
  51.9860 20728.4422  219.0629 -999.9000    0.0000    0.0000    3.3575   88.5640
  50.7361 20885.3216  220.3417 -999.9000    0.0000    0.0000    3.2632   88.5228
  49.5229 21042.2010  222.1383 -999.9000    0.0000    0.0000    3.2114   88.5126
  48.3394 21199.0804  221.5424 -999.9000    0.0000    0.0000    3.5520   88.5757
  47.1874 21355.9598  221.6295 -999.9000    0.0000    0.0000    4.6841   88.7747
  46.0647 21512.8392  222.0374 -999.9000    0.0000    0.0000    5.7230   88.9472
  44.9691 21669.7186  222.2874 -999.9000    0.0000    0.0000    5.9358   88.9570
  43.8989 21826.5980  222.3166 -999.9000    0.0000    0.0000    5.5547   88.8369
  42.8525 21983.4774  222.1859 -999.9000    0.0000    0.0000    5.0957   88.6697
  41.8295 22140.3568  221.9436 -999.9000    0.0000    0.0000    4.8475   88.5214
  40.8309 22297.2362  221.6183 -999.9000    0.0000    0.0000    4.7474   88.4316
  39.8584 22454.1156  221.2395 -999.9000    0.0000    0.0000    4.7032   88.4374
  38.9104 22610.9950  221.6339 -999.9000    0.0000    0.0000    4.8624   88.5046
  37.9838 22767.8744  222.8953 -999.9000    0.0000    0.0000    5.2810   88.5579
  37.0791 22924.7538  223.5876 -999.9000    0.0000    0.0000    5.6273   88.6106
  36.1962 23081.6332  223.6799 -999.9000    0.0000    0.0000    5.8848   88.6649
  35.3349 23238.5126  223.3903 -999.9000    0.0000    0.0000    6.0927   88.7211
  34.4951 23395.3920  222.9367 -999.9000    0.0000    0.0000    6.2904   88.7793
  33.6765 23552.2714  222.5370 -999.9000    0.0000    0.0000    6.5173   88.8396
  32.8792 23709.1508  222.4090 -999.9000    0.0000    0.0000    6.8129   88.9021
  32.1025 23866.0302  222.6950 -999.9000    0.0000    0.0000    7.1891   88.9664
  31.3447 24022.9095  223.2577 -999.9000    0.0000    0.0000    7.5575   89.0294
  30.6036 24179.7889  223.8954 -999.9000    0.0000    0.0000    7.8065   89.0878
  29.8779 24336.6683  224.3807 -999.9000    0.0000    0.0000    7.8440   89.1301
  29.1715 24493.5477  224.4246 -999.9000    0.0000    0.0000    7.7743   89.0898
  28.4842 24650.4271  224.2753 -999.9000    0.0000    0.0000    7.6496   88.9796
  27.8138 24807.3065  224.3016 -999.9000    0.0000    0.0000    7.4840   88.8366
  27.1583 24964.1859  224.8708 -999.9000    0.0000    0.0000    7.2909   88.6979
  26.5173 25121.0653  226.0437 -999.9000    0.0000    0.0000    7.0913   88.5852
  25.8939 25277.9447  227.2322 -999.9000    0.0000    0.0000    6.9198   88.4883
  25.2914 25434.8241  227.7654 -999.9000    0.0000    0.0000    6.8133   88.3927
  24.7096 25591.7035  227.2769 -999.9000    0.0000    0.0000    6.8534   88.3136
  24.1354 25748.5829  226.7518 -999.9000    0.0000    0.0000    7.2011   88.3442
  23.5706 25905.4623  226.5229 -999.9000    0.0000    0.0000    7.7586   88.4419
  23.0189 26062.3417  226.7992 -999.9000    0.0000    0.0000    8.4013   88.5480
  22.4826 26219.2211  227.6459 -999.9000    0.0000    0.0000    9.0286   88.6216
  21.9608 26376.1005  228.7569 -999.9000    0.0000    0.0000    9.6023   88.6692
  21.4521 26532.9799  229.7673 -999.9000    0.0000    0.0000   10.0940   88.7041
  20.9548 26689.8593  230.3118 -999.9000    0.0000    0.0000   10.4756   88.7401
  20.4676 26846.7387  230.0256 -999.9000    0.0000    0.0000   10.7187   88.7908
  19.9891 27003.6181  228.5787 -999.9000    0.0000    0.0000   10.7882   88.8671
  19.5243 27160.4975  227.6926 -999.9000    0.0000    0.0000   10.3224   88.8331
  19.0752 27317.3769  228.1544 -999.9000    0.0000    0.0000    9.3933   88.6652
  18.6391 27474.2563  229.3834 -999.9000    0.0000    0.0000    8.3957   88.4541
  18.2135 27631.1357  230.7994 -999.9000    0.0000    0.0000    7.7241   88.2905
  17.7959 27788.0151  231.8308 -999.9000    0.0000    0.0000    7.7502   88.2601
  17.3864 27944.8945  232.1304 -999.9000    0.0000    0.0000    8.2951   88.3267
  16.9866 28101.7739  231.7242 -999.9000    0.0000    0.0000    8.8779   88.3867
  16.5963 28258.6533  230.9087 -999.9000    0.0000    0.0000    9.4639   88.4341
  16.2153 28415.5327  230.0077 -999.9000    0.0000    0.0000   10.0676   88.4734
  15.8432 28572.4121  229.3447 -999.9000    0.0000    0.0000   10.7038   88.5095
  15.4798 28729.2915  229.2375 -999.9000    0.0000    0.0000   11.3851   88.5468
  15.1246 28886.1709  229.6470 -999.9000    0.0000    0.0000   12.0093   88.5881
  14.7769 29043.0503  230.0163 -999.9000    0.0000    0.0000   12.3128   88.6333
  14.4368 29199.9296  230.1813 -999.9000    0.0000    0.0000   12.2307   88.6841
  14.1043 29356.8090  230.2792 -999.9000    0.0000    0.0000   11.8446   88.7433
  13.7798 29513.6884  230.4535 -999.9000    0.0000    0.0000   11.2393   88.8140
  13.4633 29670.5678  230.8472 -999.9000    0.0000    0.0000   10.4989   88.8992
  13.1552 29827.4472  231.6038 -999.9000    0.0000    0.0000    9.7082   89.0018
  12.8555 29984.3266  232.8095 -999.9000    0.0000    0.0000    8.9496   89.1215
  12.5638 30141.2060  234.1518 -999.9000    0.0000    0.0000    8.2912   89.2343
  12.2794 30298.0854  235.1486 -999.9000    0.0000    0.0000    7.7952   89.3059
  12.0018 30454.9648  235.3172 -999.9000    0.0000    0.0000    7.5238   89.3022
  11.7304 30611.8442  234.4295 -999.9000    0.0000    0.0000    7.4981   89.2026
  11.4650 30768.7236  233.2969 -999.9000    0.0000    0.0000    7.5729   89.0420
  11.2056 30925.6030  232.9958 -999.9000    0.0000    0.0000    7.5607   88.8691
  10.9522 31082.4824  234.1780 -999.9000    0.0000    0.0000    7.3415   88.7216
  10.7056 31239.3618  235.6830 -999.9000    0.0000    0.0000    7.0845   88.5894
  10.4661 31396.2412  236.1926 -999.9000    0.0000    0.0000    6.9868   88.4534
  10.2318 31553.1206  235.7866 -999.9000    0.0000    0.0000    7.0342   88.3118
  10.0000 31710.0000  234.9197 -999.9000    0.0000    0.0000    7.1557   88.1674
