# 06610 LSMP Payerne Observations at 12Z 30 Jul 2008
# Radiosonde file generated by raso.rb
#
  P [hPa],     Z [m],    T [K],   Td [K],   RH [%], r [g/kg], WS [m/s], WD [deg]
 962.0000   491.0000  298.4939 -999.9000   66.1339   13.6900    1.9605   93.0543
 944.6891   647.8794  296.3832 -999.9000   67.6858   12.6302    4.4197   92.6754
 927.6873   804.7588  294.9484 -999.9000   79.4069   13.9071    2.0492   92.9144
 911.0964   961.6382  293.6182 -999.9000   79.8597   14.4362    0.2722   92.0428
 894.7070  1118.5176  292.6480 -999.9000   79.8545   14.3064    1.2186   90.9797
 878.5406  1275.3970  292.3222 -999.9000   79.9153   13.3485    2.1928   90.6229
 862.6769  1432.2764  290.9163 -999.9000   80.8216   13.5129    2.4152   90.4248
 846.9845  1589.1558  289.6490 -999.9000   80.1379   13.9027    4.0136   90.3491
 831.5533  1746.0352  289.2785 -999.9000   80.6094   13.2228    4.8909   90.3950
 816.3570  1902.9146  287.9432 -999.9000   80.4927   11.9693    5.9909   90.4496
 801.3249  2059.7940  286.3341 -999.9000   80.2082   11.5640    6.6089   90.4939
 786.5365  2216.6734  284.9636 -999.9000   80.0489   10.4184    7.3517   90.5367
 771.9169  2373.5528  283.7185 -999.9000   80.4304    8.7627    8.5374   90.5644
 757.5041  2530.4322  282.6520 -999.9000   80.2925    8.5006    9.0627   90.6155
 743.3854  2687.3116  282.0733 -999.9000   77.6491    7.5803    7.9461   90.6080
 729.2940  2844.1910  280.9997 -999.9000   60.2860    5.5688    7.6934   90.6173
 715.5826  3001.0704  279.9572 -999.9000   50.0416    4.3807    9.2628   90.6971
 702.0616  3157.9497  278.7825 -999.9000   51.5194    4.2344   10.5324   90.7782
 688.7126  3314.8291  277.3176 -999.9000   58.8257    4.4448   10.6080   90.8007
 675.5482  3471.7085  275.7067 -999.9000   68.1039    4.6752   10.8426   90.8205
 662.5494  3628.5879  274.2496 -999.9000   74.0360    4.6607   11.4329   90.8487
 649.7305  3785.4673  273.2623 -999.9000   67.1744    4.0055   11.7111   90.8627
 637.1240  3942.3467  272.4335 -999.9000   55.0641    3.1437   11.0145   90.9118
 624.7467  4099.2261  271.4450 -999.9000   50.0982    2.7055    9.4510   91.0167
 612.5275  4256.1055  270.4127 -999.9000   50.0334    2.5464    9.0031   91.0465
 600.5160  4412.9849  269.8343 -999.9000   38.1654    1.8919    9.2689   91.0390
 588.7253  4569.8643  269.2696 -999.9000   22.7379    1.0986    9.4397   91.0433
 577.1128  4726.7437  268.0082 -999.9000   18.1492    0.8108    9.4782   91.0483
 565.6299  4883.6231  267.2050 -999.9000   17.0202    0.7276    9.4302   91.0538
 554.4053  5040.5025  266.6771 -999.9000   13.4892    0.5634    8.7323   91.1400
 543.3471  5197.3819  266.0364 -999.9000   12.8318    0.5190    7.9467   91.2153
 532.4739  5354.2613  265.0461 -999.9000   22.1924    0.8459    8.3469   91.2112
 521.8251  5511.1407  264.0335 -999.9000   24.0414    0.8613    9.0988   91.1806
 511.3144  5668.0201  263.2775 -999.9000   14.0978    0.4842    9.7778   91.1583
 500.9731  5824.8995  261.9698 -999.9000   12.9842    0.4090   10.4796   91.1344
 490.8286  5981.7789  260.3902 -999.9000   18.4192    0.5200   10.6364   91.1143
 480.7236  6138.6583  259.3064 -999.9000   29.2638    0.7703   10.9742   91.0832
 470.8214  6295.5377  258.0457 -999.9000   31.5349    0.7621   11.0775   91.0728
 461.0900  6452.4171  256.6424 -999.9000   30.8726    0.6762   10.8067   90.9894
 451.4963  6609.2965  255.3616 -999.9000   32.0524    0.6422    9.8079   90.8335
 442.0676  6766.1759  254.3017 -999.9000   32.6321    0.6091    8.9285   90.7116
 432.8253  6923.0553  253.3470 -999.9000   32.3524    0.5674    9.8516   90.6964
 423.7241  7079.9347  251.9420 -999.9000   36.0657    0.5712   10.7482   90.7318
 414.7432  7236.8141  250.2326 -999.9000   41.3004    0.5742   10.5638   90.7585
 405.9174  7393.6935  249.2265 -999.9000   31.8780    0.4138   10.8115   90.7794
 397.1974  7550.5729  247.9217 -999.9000   27.2887    0.3219   11.0997   90.7881
 388.6475  7707.4523  246.5043 -999.9000   31.2190    0.3308   11.2658   90.8405
 380.2876  7864.3317  245.4580 -999.9000   34.8756    0.3433   11.5231   90.9010
 372.0784  8021.2111  244.6052 -999.9000   39.1527    0.3645   11.6968   90.8924
 363.9826  8178.0905  243.7717 -999.9000   45.2879    0.3994   11.6323   90.7526
 356.0087  8334.9698  242.8744 -999.9000   54.5408    0.4529   11.6402   90.7678
 348.2042  8491.8492  241.9324 -999.9000   60.6749    0.5188   12.2671   91.3797
 340.5609  8648.7286  241.0291 -999.9000   65.0732    0.5272   12.5257   91.7004
 333.0575  8805.6080  240.1148 -999.9000   65.6828    0.4852   12.4934   91.6152
 325.6771  8962.4874  239.0896 -999.9000   65.1089    0.4338   12.8160   91.4555
 318.4095  9119.3668  237.8378 -999.9000   65.9002    0.3977   13.7618   91.4682
 311.2701  9276.2462  236.1502 -999.9000   60.7899    0.3338   13.9448   91.4746
 304.2599  9433.1256  234.5292 -999.9000   55.6017    0.2938   14.1920   91.4194
 297.3812  9590.0050  233.3968 -999.9000   50.7519    0.2688   14.6947   91.3896
 290.6045  9746.8844  232.1046 -999.9000   45.5375    0.2331   15.0412   91.3805
 283.9369  9903.7638  230.6650 -999.9000   45.8356    0.2031   15.4340   91.3479
 277.3870 10060.6432  229.1245 -999.9000   45.6854    0.1789   15.8351   91.3074
 270.9631 10217.5226  227.5232 -999.9000   45.6217    0.1538   16.1116   91.2950
 264.6694 10374.4020  225.9360 -999.9000   45.7304    0.1244   16.1732   91.3378
 258.4744 10531.2814  224.6703 -999.9000   45.2370    0.1097   16.3204   91.3756
 252.3757 10688.1608  223.6087 -999.9000   45.5519    0.1034   16.5817   91.3933
 246.3812 10845.0402  222.5227 -999.9000   40.2665    0.0916   16.8749   91.3978
 240.4896 11001.9196  221.3055 -999.9000   35.7047    0.0742   17.1466   91.3965
 234.6950 11158.7990  219.9523 -999.9000   35.9566    0.0604   17.3675   91.3968
 229.0082 11315.6784  218.5594 -999.9000   35.4979    0.0528   17.5326   91.3986
 223.4492 11472.5578  217.2743 -999.9000   34.9681    0.0500   17.6488   91.3982
 218.0236 11629.4372  216.0729 -999.9000   30.1204    0.0480   17.4352   91.4126
 212.6609 11786.3166  214.4059 -999.9000   25.6008    0.0350   15.7420   91.5070
 207.3913 11943.1960  213.5845 -999.9000   23.7657    0.0295   14.5497   91.4951
 202.2510 12100.0754  214.3028 -999.9000   18.0008    0.0410   14.2306   91.5711
 197.2536 12256.9548  215.7189 -999.9000    9.0951    0.0304   12.2156   92.1270
 192.4469 12413.8342  218.1311 -999.9000    2.6444    0.0062   12.6505   91.9985
 187.8076 12570.7136  217.9680 -999.9000    0.2369    0.0003   12.8771   91.9213
 183.2603 12727.5930  216.7539 -999.9000    0.2954    0.0003   12.5686   91.8946
 178.8033 12884.4724  216.3631 -999.9000    0.0000    0.0000   12.3192   91.8603
 174.4458 13041.3518  216.7891 -999.9000    0.0133    0.0000   12.4366   91.7991
 170.1876 13198.2312  217.0372 -999.9000    0.0000    0.0000   12.9470   91.6668
 166.0391 13355.1106  217.2279 -999.9000    0.0000    0.0000   13.5536   91.5392
 162.0101 13511.9899  216.8735 -999.9000    0.0002    0.0000   13.8414   91.4198
 158.0706 13668.8693  215.9098 -999.9000    0.0000    0.0000   13.4497   91.3880
 154.1974 13825.7487  215.0558 -999.9000    0.0000    0.0000   12.2829   91.4693
 150.4126 13982.6281  215.0069 -999.9000    0.0000    0.0000   10.3670   91.5650
 146.7292 14139.5075  215.9519 -999.9000    0.0000    0.0000   10.2908   91.5673
 143.1108 14296.3869  214.1890 -999.9000    0.0000    0.0000   10.2159   91.5696
 139.5597 14453.2663  216.6200 -999.9000    0.0000    0.0000   10.1943   91.5684
 136.1266 14610.1457  214.2964 -999.9000    0.0000    0.0000   10.2012   91.5540
 132.7619 14767.0251  213.4386 -999.9000    0.0000    0.0000   10.2175   91.5347
 129.4754 14923.9045  214.4498 -999.9000    0.0000    0.0000   10.2370   91.5197
 126.2897 15080.7839  215.5722 -999.9000    0.0000    0.0000   10.2501   91.5108
 123.1790 15237.6633  216.8181 -999.9000    0.0000    0.0000   10.2947   91.4644
 120.1481 15394.5427  217.3108 -999.9000    0.0000    0.0000   10.1840   91.3748
 117.2138 15551.4221  216.6870 -999.9000    0.0000    0.0000    9.8577   91.2661
 114.3435 15708.3015  216.6136 -999.9000    0.0000    0.0000    9.5728   91.1464
 111.5416 15865.1809  216.3912 -999.9000    0.0000    0.0000    9.0312   91.1933
 108.8149 16022.0603  217.7250 -999.9000    0.0000    0.0000    8.2584   91.4869
 106.1648 16178.9397  217.7987 -999.9000    0.0000    0.0000    7.8400   91.3484
 103.5767 16335.8191  217.4500 -999.9000    0.0000    0.0000    6.4538   91.9971
 101.0524 16492.6985  219.5111 -999.9000    0.0000    0.0000    2.0213   90.4089
  98.6148 16649.5779  218.1327 -999.9000    0.0000    0.0000    1.2913   90.4014
  96.2203 16806.4573  217.4033 -999.9000    0.0000    0.0000    0.5095   90.4014
  93.8688 16963.3367  216.6953 -999.9000    0.0000    0.0000    1.6356   90.4014
  91.5836 17120.2161  216.5798 -999.9000    0.0000    0.0000    2.5456   90.4014
  89.3567 17277.0955  216.5599 -999.9000    0.0000    0.0000    3.2198   90.4014
  87.1784 17433.9749  216.0875 -999.9000    0.0000    0.0000    3.9544   90.3927
  85.0453 17590.8543  215.2746 -999.9000    0.0000    0.0000    4.9157   90.0754
  82.9608 17747.7337  214.9446 -999.9000    0.0000    0.0000    6.1296   90.9865
  80.9282 17904.6131  215.5808 -999.9000    0.0000    0.0000    7.3123   90.6807
  78.9484 18061.4925  216.2138 -999.9000    0.0000    0.0000    7.2351   90.4907
  77.0217 18218.3719  216.8739 -999.9000    0.0000    0.0000    6.3017   90.6714
  75.1483 18375.2513  217.9186 -999.9000    0.0000    0.0000    5.3667   90.9237
  73.3271 18532.1307  219.0063 -999.9000    0.0000    0.0000    4.7611   91.0464
  71.5556 18689.0101  219.1173 -999.9000    0.0000    0.0000    4.3069   90.9336
  69.8260 18845.8894  217.9870 -999.9000    0.0000    0.0000    3.6983   91.0562
  68.1227 19002.7688  217.6820 -999.9000    0.0000    0.0000    2.5685   91.7656
  66.4601 19159.6482  218.0176 -999.9000    0.0000    0.0000    1.5487   89.5288
  64.8418 19316.5276  218.4873 -999.9000    0.0000    0.0000    1.2492   87.4851
  63.2670 19473.4070  218.8777 -999.9000    0.0000    0.0000    1.8003   87.9468
  61.7318 19630.2864  219.4269 -999.9000    0.0000    0.0000    2.3938   88.3028
  60.2355 19787.1658  219.6289 -999.9000    0.0000    0.0000    3.1431   88.5476
  58.7762 19944.0452  219.3235 -999.9000    0.0000    0.0000    3.9887   88.9105
  57.3501 20100.9246  218.9371 -999.9000    0.0000    0.0000    4.4264   89.0671
  55.9562 20257.8040  218.6639 -999.9000    0.0000    0.0000    4.3591   88.9446
  54.5968 20414.6834  218.4246 -999.9000    0.0000    0.0000    4.1523   88.7725
  53.2731 20571.5628  218.3710 -999.9000    0.0000    0.0000    3.9694   88.6461
  51.9860 20728.4422  218.8143 -999.9000    0.0000    0.0000    3.8275   88.5640
  50.7361 20885.3216  220.0680 -999.9000    0.0000    0.0000    3.7413   88.5228
  49.5229 21042.2010  221.8435 -999.9000    0.0000    0.0000    3.6944   88.5126
  48.3394 21199.0804  221.2313 -999.9000    0.0000    0.0000    4.0366   88.5757
  47.1874 21355.9598  221.3072 -999.9000    0.0000    0.0000    5.1667   88.7747
  46.0647 21512.8392  221.7093 -999.9000    0.0000    0.0000    6.2001   88.9472
  44.9691 21669.7186  221.9583 -999.9000    0.0000    0.0000    6.4041   88.9570
  43.8989 21826.5980  221.9912 -999.9000    0.0000    0.0000    6.0111   88.8369
  42.8525 21983.4774  221.8682 -999.9000    0.0000    0.0000    5.5376   88.6697
  41.8295 22140.3568  221.6373 -999.9000    0.0000    0.0000    5.2723   88.5214
  40.8309 22297.2362  221.3266 -999.9000    0.0000    0.0000    5.1528   88.4316
  39.8584 22454.1156  220.9652 -999.9000    0.0000    0.0000    5.0874   88.4374
  38.9104 22610.9950  221.3795 -999.9000    0.0000    0.0000    5.2237   88.5046
  37.9838 22767.8744  222.6626 -999.9000    0.0000    0.0000    5.6181   88.5579
  37.0791 22924.7538  223.3782 -999.9000    0.0000    0.0000    5.9389   88.6106
  36.1962 23081.6332  223.4950 -999.9000    0.0000    0.0000    6.1701   88.6649
  35.3349 23238.5126  223.2306 -999.9000    0.0000    0.0000    6.3512   88.7211
  34.4951 23395.3920  222.8024 -999.9000    0.0000    0.0000    6.5219   88.7793
  33.6765 23552.2714  222.4279 -999.9000    0.0000    0.0000    6.7216   88.8396
  32.8792 23709.1508  222.3245 -999.9000    0.0000    0.0000    6.9903   88.9021
  32.1025 23866.0302  222.6342 -999.9000    0.0000    0.0000    7.3401   88.9664
  31.3447 24022.9095  223.2191 -999.9000    0.0000    0.0000    7.6829   89.0294
  30.6036 24179.7889  223.8771 -999.9000    0.0000    0.0000    7.9074   89.0878
  29.8779 24336.6683  224.3805 -999.9000    0.0000    0.0000    7.9218   89.1301
  29.1715 24493.5477  224.4397 -999.9000    0.0000    0.0000    7.8305   89.0898
  28.4842 24650.4271  224.3025 -999.9000    0.0000    0.0000    7.6863   88.9796
  27.8138 24807.3065  224.3375 -999.9000    0.0000    0.0000    7.5031   88.8366
  27.1583 24964.1859  224.9115 -999.9000    0.0000    0.0000    7.2949   88.6979
  26.5173 25121.0653  226.0856 -999.9000    0.0000    0.0000    7.0824   88.5852
  25.8939 25277.9447  227.2722 -999.9000    0.0000    0.0000    6.9002   88.4883
  25.2914 25434.8241  227.8004 -999.9000    0.0000    0.0000    6.7853   88.3927
  24.7096 25591.7035  227.3041 -999.9000    0.0000    0.0000    6.8188   88.3136
  24.1354 25748.5829  226.7689 -999.9000    0.0000    0.0000    7.1618   88.3442
  23.5706 25905.4623  226.5278 -999.9000    0.0000    0.0000    7.7166   88.4419
  23.0189 26062.3417  226.7900 -999.9000    0.0000    0.0000    8.3584   88.5480
  22.4826 26219.2211  227.6211 -999.9000    0.0000    0.0000    8.9864   88.6216
  21.9608 26376.1005  228.7152 -999.9000    0.0000    0.0000    9.5624   88.6692
  21.4521 26532.9799  229.7078 -999.9000    0.0000    0.0000   10.0580   88.7041
  20.9548 26689.8593  230.2338 -999.9000    0.0000    0.0000   10.4449   88.7401
  20.4676 26846.7387  229.9285 -999.9000    0.0000    0.0000   10.6946   88.7908
  19.9891 27003.6181  228.4626 -999.9000    0.0000    0.0000   10.7721   88.8671
  19.5243 27160.4975  227.5576 -999.9000    0.0000    0.0000   10.3153   88.8331
  19.0752 27317.3769  228.0009 -999.9000    0.0000    0.0000    9.3965   88.6652
  18.6391 27474.2563  229.2121 -999.9000    0.0000    0.0000    8.4100   88.4541
  18.2135 27631.1357  230.6114 -999.9000    0.0000    0.0000    7.7506   88.2905
  17.7959 27788.0151  231.6273 -999.9000    0.0000    0.0000    7.7896   88.2601
  17.3864 27944.8945  231.9131 -999.9000    0.0000    0.0000    8.3484   88.3267
  16.9866 28101.7739  231.4949 -999.9000    0.0000    0.0000    8.9456   88.3867
  16.5963 28258.6533  230.6696 -999.9000    0.0000    0.0000    9.5466   88.4341
  16.2153 28415.5327  229.7613 -999.9000    0.0000    0.0000   10.1659   88.4734
  15.8432 28572.4121  229.0936 -999.9000    0.0000    0.0000   10.8182   88.5095
  15.4798 28729.2915  228.9848 -999.9000    0.0000    0.0000   11.5158   88.5468
  15.1246 28886.1709  229.3960 -999.9000    0.0000    0.0000   12.1566   88.5881
  14.7769 29043.0503  229.7706 -999.9000    0.0000    0.0000   12.4768   88.6333
  14.4368 29199.9296  229.9447 -999.9000    0.0000    0.0000   12.4116   88.6841
  14.1043 29356.8090  230.0560 -999.9000    0.0000    0.0000   12.0424   88.7433
  13.7798 29513.6884  230.2480 -999.9000    0.0000    0.0000   11.4539   88.8140
  13.4633 29670.5678  230.6643 -999.9000    0.0000    0.0000   10.7302   88.8992
  13.1552 29827.4472  231.4484 -999.9000    0.0000    0.0000    9.9559   89.0018
  12.8555 29984.3266  232.6869 -999.9000    0.0000    0.0000    9.2134   89.1215
  12.5638 30141.2060  234.0676 -999.9000    0.0000    0.0000    8.5707   89.2343
  12.2794 30298.0854  235.1087 -999.9000    0.0000    0.0000    8.0899   89.3059
  12.0018 30454.9648  235.3277 -999.9000    0.0000    0.0000    7.8331   89.3022
  11.7304 30611.8442  234.4969 -999.9000    0.0000    0.0000    7.8213   89.2026
  11.4650 30768.7236  233.4279 -999.9000    0.0000    0.0000    7.9093   89.0420
  11.2056 30925.6030  233.1975 -999.9000    0.0000    0.0000    7.9095   88.8691
  10.9522 31082.4824  234.4576 -999.9000    0.0000    0.0000    7.7018   88.7216
  10.7056 31239.3618  236.0482 -999.9000    0.0000    0.0000    7.4552   88.5894
  10.4661 31396.2412  236.6512 -999.9000    0.0000    0.0000    7.3670   88.4534
  10.2318 31553.1206  236.3468 -999.9000    0.0000    0.0000    7.4225   88.3118
  10.0000 31710.0000  235.5899 -999.9000    0.0000    0.0000    7.5511   88.1674
