# 06610 LSMP Payerne Observations at 12Z 30 Jul 2008
# Radiosonde file generated by raso.rb
#
  P [hPa],     Z [m],    T [K],   Td [K],   RH [%], r [g/kg], WS [m/s], WD [deg]
 962.0000   491.0000  298.3228 -999.9000   66.2407   13.6900    2.3669   93.0543
 944.6891   647.8794  296.2553 -999.9000   67.7944   12.6302    4.8565   92.6754
 927.6873   804.7588  294.8571 -999.9000   79.5333   13.9071    2.5116   92.9144
 911.0964   961.6382  293.5573 -999.9000   79.9856   14.4362    0.7554   92.0428
 894.7070  1118.5176  292.6117 -999.9000   79.9790   14.3064    1.7183   90.9797
 878.5406  1275.3970  292.3049 -999.9000   80.0384   13.3485    2.7046   90.6229
 862.6769  1432.2764  290.9126 -999.9000   80.9444   13.5129    2.9350   90.4248
 846.9845  1589.1558  289.6540 -999.9000   80.2577   13.9027    4.5376   90.3491
 831.5533  1746.0352  289.2872 -999.9000   80.7279   13.2228    5.4153   90.3950
 816.3570  1902.9146  287.9512 -999.9000   80.6089   11.9693    6.5121   90.4496
 801.3249  2059.7940  286.3371 -999.9000   80.3217   11.5640    7.1236   90.4939
 786.5365  2216.6734  284.9576 -999.9000   80.1597   10.4184    7.8565   90.5367
 771.9169  2373.5528  283.6999 -999.9000   80.5391    8.7627    9.0295   90.5644
 757.5041  2530.4322  282.6172 -999.9000   80.3984    8.5006    9.5391   90.6155
 743.3854  2687.3116  282.0192 -999.9000   77.7488    7.5803    8.4042   90.6080
 729.2940  2844.1910  280.9234 -999.9000   60.3612    5.5688    8.1308   90.6173
 715.5826  3001.0704  279.8561 -999.9000   50.1022    4.3807    9.6770   90.6971
 702.0616  3157.9497  278.6543 -999.9000   51.5798    4.2344   10.9214   90.7782
 688.7126  3314.8291  277.1602 -999.9000   58.8923    4.4448   10.9699   90.8007
 675.5482  3471.7085  275.5183 -999.9000   68.1782    4.6752   11.1756   90.8205
 662.5494  3628.5879  274.0286 -999.9000   74.1137    4.6607   11.7354   90.8487
 649.7305  3785.4673  273.0075 -999.9000   67.2421    4.0055   11.9817   90.8627
 637.1240  3942.3467  272.1439 -999.9000   55.1171    3.1437   11.2520   90.9118
 624.7467  4099.2261  271.1199 -999.9000   50.1443    2.7055    9.6542   91.0167
 612.5275  4256.1055  270.0516 -999.9000   50.0773    2.5464    9.1714   91.0465
 600.5160  4412.9849  269.4370 -999.9000   38.1971    1.8919    9.4014   91.0390
 588.7253  4569.8643  268.8363 -999.9000   22.7557    1.0986    9.5360   91.0433
 577.1128  4726.7437  267.5392 -999.9000   18.1626    0.8108    9.5380   91.0483
 565.6299  4883.6231  266.7010 -999.9000   17.0320    0.7276    9.4533   91.0538
 554.4053  5040.5025  266.1390 -999.9000   13.4980    0.5634    8.7188   91.1400
 543.3471  5197.3819  265.4654 -999.9000   12.8395    0.5190    7.8967   91.2153
 532.4739  5354.2613  264.4435 -999.9000   22.2047    0.8459    8.2609   91.2112
 521.8251  5511.1407  263.4012 -999.9000   24.0537    0.8613    8.9774   91.1806
 511.3144  5668.0201  262.6175 -999.9000   14.1043    0.4842    9.6216   91.1583
 500.9731  5824.8995  261.2843 -999.9000   12.9897    0.4090   10.2897   91.1344
 490.8286  5981.7789  259.6818 -999.9000   18.4261    0.5200   10.4139   91.1143
 480.7236  6138.6583  258.5778 -999.9000   29.2734    0.7703   10.7203   91.0832
 470.8214  6295.5377  257.3001 -999.9000   31.5438    0.7621   10.7937   91.0728
 461.0900  6452.4171  255.8832 -999.9000   30.8800    0.6762   10.4947   90.9894
 451.4963  6609.2965  254.5924 -999.9000   32.0587    0.6422    9.4695   90.8335
 442.0676  6766.1759  253.5263 -999.9000   32.6371    0.6091    8.5658   90.7116
 432.8253  6923.0553  252.5697 -999.9000   32.3561    0.5674    9.4667   90.6964
 423.7241  7079.9347  251.1672 -999.9000   36.0683    0.5712   10.3435   90.7318
 414.7432  7236.8141  249.4650 -999.9000   41.3017    0.5742   10.1419   90.7585
 405.9174  7393.6935  248.4711 -999.9000   31.8778    0.4138   10.3751   90.7794
 397.1974  7550.5729  247.1837 -999.9000   27.2875    0.3219   10.6517   90.7881
 388.6475  7707.4523  245.7887 -999.9000   31.2165    0.3308   10.8091   90.8405
 380.2876  7864.3317  244.7694 -999.9000   34.8715    0.3433   11.0604   90.9010
 372.0784  8021.2111  243.9475 -999.9000   39.1469    0.3645   11.2307   90.8924
 363.9826  8178.0905  243.1486 -999.9000   45.2799    0.3994   11.1654   90.7526
 356.0087  8334.9698  242.2889 -999.9000   54.5297    0.4529   11.1748   90.7678
 348.2042  8491.8492  241.3873 -999.9000   60.6612    0.5188   11.8055   91.3797
 340.5609  8648.7286  240.5267 -999.9000   65.0573    0.5272   12.0700   91.7004
 333.0575  8805.6080  239.6568 -999.9000   65.6658    0.4852   12.0457   91.6152
 325.6771  8962.4874  238.6773 -999.9000   65.0913    0.4338   12.3781   91.4555
 318.4095  9119.3668  237.4721 -999.9000   65.8822    0.3977   13.3356   91.4682
 311.2701  9276.2462  235.8316 -999.9000   60.7733    0.3338   13.5319   91.4746
 304.2599  9433.1256  234.2575 -999.9000   55.5869    0.2938   13.7940   91.4194
 297.3812  9590.0050  233.1716 -999.9000   50.7391    0.2688   14.3129   91.3896
 290.6045  9746.8844  231.9249 -999.9000   45.5270    0.2331   14.6771   91.3805
 283.9369  9903.7638  230.5294 -999.9000   45.8263    0.2031   15.0887   91.3479
 277.3870 10060.6432  229.0311 -999.9000   45.6778    0.1789   15.5096   91.3074
 270.9631 10217.5226  227.4697 -999.9000   45.6160    0.1538   15.8070   91.2950
 264.6694 10374.4020  225.9197 -999.9000   45.7271    0.1244   15.8902   91.3378
 258.4744 10531.2814  224.6878 -999.9000   45.2365    0.1097   16.0597   91.3756
 252.3757 10688.1608  223.6564 -999.9000   45.5546    0.1034   16.3439   91.3933
 246.3812 10845.0402  222.5964 -999.9000   40.2721    0.0916   16.6605   91.3978
 240.4896 11001.9196  221.4007 -999.9000   35.7129    0.0742   16.9560   91.3965
 234.6950 11158.7990  220.0644 -999.9000   35.9685    0.0604   17.2008   91.3968
 229.0082 11315.6784  218.6842 -999.9000   35.5135    0.0528   17.3898   91.3986
 223.4492 11472.5578  217.4077 -999.9000   34.9875    0.0500   17.5297   91.3982
 218.0236 11629.4372  216.2111 -999.9000   30.1407    0.0480   17.3394   91.4126
 212.6609 11786.3166  214.5456 -999.9000   25.6212    0.0350   15.6689   91.5070
 207.3913 11943.1960  213.7225 -999.9000   23.7877    0.0295   14.4986   91.4951
 202.2510 12100.0754  214.4362 -999.9000   18.0197    0.0410   14.2003   91.5711
 197.2536 12256.9548  215.8451 -999.9000    9.1059    0.0304   12.2051   92.1270
 192.4469 12413.8342  218.2478 -999.9000    2.6479    0.0062   12.6583   91.9985
 187.8076 12570.7136  218.0732 -999.9000    0.2372    0.0003   12.9017   91.9213
 183.2603 12727.5930  216.8458 -999.9000    0.2959    0.0003   12.6082   91.8946
 178.8033 12884.4724  216.4402 -999.9000    0.0000    0.0000   12.3720   91.8603
 174.4458 13041.3518  216.8502 -999.9000    0.0133    0.0000   12.5002   91.7991
 170.1876 13198.2312  217.0815 -999.9000    0.0000    0.0000   13.0193   91.6668
 166.0391 13355.1106  217.2547 -999.9000    0.0000    0.0000   13.6319   91.5392
 162.0101 13511.9899  216.8824 -999.9000    0.0002    0.0000   13.9230   91.4198
 158.0706 13668.8693  215.9008 -999.9000    0.0000    0.0000   13.5316   91.3880
 154.1974 13825.7487  215.0292 -999.9000    0.0000    0.0000   12.3621   91.4693
 150.4126 13982.6281  214.9630 -999.9000    0.0000    0.0000   10.4401   91.5650
 146.7292 14139.5075  215.8916 -999.9000    0.0000    0.0000   10.3543   91.5673
 143.1108 14296.3869  214.1134 -999.9000    0.0000    0.0000   10.2661   91.5696
 139.5597 14453.2663  216.5304 -999.9000    0.0000    0.0000   10.2273   91.5684
 136.1266 14610.1457  214.1942 -999.9000    0.0000    0.0000   10.2132   91.5540
 132.7619 14767.0251  213.3252 -999.9000    0.0000    0.0000   10.2051   91.5347
 129.4754 14923.9045  214.3264 -999.9000    0.0000    0.0000   10.1970   91.5197
 126.2897 15080.7839  215.4401 -999.9000    0.0000    0.0000   10.1797   91.5108
 123.1790 15237.6633  216.6784 -999.9000    0.0000    0.0000   10.1914   91.4644
 120.1481 15394.5427  217.1645 -999.9000    0.0000    0.0000   10.0456   91.3748
 117.2138 15551.4221  216.5352 -999.9000    0.0000    0.0000    9.6824   91.2661
 114.3435 15708.3015  216.4571 -999.9000    0.0000    0.0000    9.3592   91.1464
 111.5416 15865.1809  216.2310 -999.9000    0.0000    0.0000    8.7780   91.1933
 108.8149 16022.0603  217.5618 -999.9000    0.0000    0.0000    7.9647   91.4869
 106.1648 16178.9397  217.6331 -999.9000    0.0000    0.0000    7.5055   91.3484
 103.5767 16335.8191  217.2828 -999.9000    0.0000    0.0000    6.0782   91.9971
 101.0524 16492.6985  219.3427 -999.9000    0.0000    0.0000    1.6047   90.4089
  98.6148 16649.5779  217.9636 -999.9000    0.0000    0.0000    0.8343   90.4014
  96.2203 16806.4573  217.2340 -999.9000    0.0000    0.0000    0.0129   90.4014
  93.8688 16963.3367  216.5261 -999.9000    0.0000    0.0000    1.1005   90.4014
  91.5836 17120.2161  216.4109 -999.9000    0.0000    0.0000    1.9736   90.4014
  89.3567 17277.0955  216.3915 -999.9000    0.0000    0.0000    2.6125   90.4014
  87.1784 17433.9749  215.9197 -999.9000    0.0000    0.0000    3.3141   90.3927
  85.0453 17590.8543  215.1075 -999.9000    0.0000    0.0000    4.2446   90.0754
  82.9608 17747.7337  214.7781 -999.9000    0.0000    0.0000    5.4308   90.9865
  80.9282 17904.6131  215.4149 -999.9000    0.0000    0.0000    6.5888   90.6807
  78.9484 18061.4925  216.0482 -999.9000    0.0000    0.0000    6.4901   90.4907
  77.0217 18218.3719  216.7087 -999.9000    0.0000    0.0000    5.5382   90.6714
  75.1483 18375.2513  217.7536 -999.9000    0.0000    0.0000    4.5878   90.9237
  73.3271 18532.1307  218.8414 -999.9000    0.0000    0.0000    3.9696   91.0464
  71.5556 18689.0101  218.9526 -999.9000    0.0000    0.0000    3.5056   90.9336
  69.8260 18845.8894  217.8225 -999.9000    0.0000    0.0000    2.8895   91.0562
  68.1227 19002.7688  217.5177 -999.9000    0.0000    0.0000    1.7548   91.7656
  66.4601 19159.6482  217.8536 -999.9000    0.0000    0.0000    0.7324   89.5288
  64.8418 19316.5276  218.3237 -999.9000    0.0000    0.0000    0.4323   87.4851
  63.2670 19473.4070  218.7146 -999.9000    0.0000    0.0000    0.9849   87.9468
  61.7318 19630.2864  219.2645 -999.9000    0.0000    0.0000    1.5818   88.3028
  60.2355 19787.1658  219.4673 -999.9000    0.0000    0.0000    2.3361   88.5476
  58.7762 19944.0452  219.1630 -999.9000    0.0000    0.0000    3.1883   88.9105
  57.3501 20100.9246  218.7779 -999.9000    0.0000    0.0000    3.6341   89.0671
  55.9562 20257.8040  218.5064 -999.9000    0.0000    0.0000    3.5761   88.9446
  54.5968 20414.6834  218.2690 -999.9000    0.0000    0.0000    3.3799   88.7725
  53.2731 20571.5628  218.2177 -999.9000    0.0000    0.0000    3.2086   88.6461
  51.9860 20728.4422  218.6636 -999.9000    0.0000    0.0000    3.0792   88.5640
  50.7361 20885.3216  219.9203 -999.9000    0.0000    0.0000    3.0062   88.5228
  49.5229 21042.2010  221.6993 -999.9000    0.0000    0.0000    2.9732   88.5126
  48.3394 21199.0804  221.0910 -999.9000    0.0000    0.0000    3.3297   88.5757
  47.1874 21355.9598  221.1713 -999.9000    0.0000    0.0000    4.4745   88.7747
  46.0647 21512.8392  221.5783 -999.9000    0.0000    0.0000    5.5229   88.9472
  44.9691 21669.7186  221.8327 -999.9000    0.0000    0.0000    5.7421   88.9570
  43.8989 21826.5980  221.8715 -999.9000    0.0000    0.0000    5.3647   88.8369
  42.8525 21983.4774  221.7549 -999.9000    0.0000    0.0000    4.9069   88.6697
  41.8295 22140.3568  221.5308 -999.9000    0.0000    0.0000    4.6578   88.5214
  40.8309 22297.2362  221.2275 -999.9000    0.0000    0.0000    4.5549   88.4316
  39.8584 22454.1156  220.8740 -999.9000    0.0000    0.0000    4.5064   88.4374
  38.9104 22610.9950  221.2966 -999.9000    0.0000    0.0000    4.6601   88.5046
  37.9838 22767.8744  222.5886 -999.9000    0.0000    0.0000    5.0722   88.5579
  37.0791 22924.7538  223.3135 -999.9000    0.0000    0.0000    5.4112   88.6106
  36.1962 23081.6332  223.4400 -999.9000    0.0000    0.0000    5.6611   88.6649
  35.3349 23238.5126  223.1859 -999.9000    0.0000    0.0000    5.8613   88.7211
  34.4951 23395.3920  222.7683 -999.9000    0.0000    0.0000    6.0517   88.7793
  33.6765 23552.2714  222.4050 -999.9000    0.0000    0.0000    6.2716   88.8396
  32.8792 23709.1508  222.3133 -999.9000    0.0000    0.0000    6.5610   88.9021
  32.1025 23866.0302  222.6351 -999.9000    0.0000    0.0000    6.9322   88.9664
  31.3447 24022.9095  223.2325 -999.9000    0.0000    0.0000    7.2970   89.0294
  30.6036 24179.7889  223.9035 -999.9000    0.0000    0.0000    7.5440   89.0878
  29.8779 24336.6683  224.4203 -999.9000    0.0000    0.0000    7.5816   89.1301
  29.1715 24493.5477  224.4934 -999.9000    0.0000    0.0000    7.5141   89.0898
  28.4842 24650.4271  224.3705 -999.9000    0.0000    0.0000    7.3944   88.9796
  27.8138 24807.3065  224.4202 -999.9000    0.0000    0.0000    7.2365   88.8366
  27.1583 24964.1859  225.0094 -999.9000    0.0000    0.0000    7.0542   88.6979
  26.5173 25121.0653  226.1990 -999.9000    0.0000    0.0000    6.8681   88.5852
  25.8939 25277.9447  227.4010 -999.9000    0.0000    0.0000    6.7128   88.4883
  25.2914 25434.8241  227.9448 -999.9000    0.0000    0.0000    6.6251   88.3927
  24.7096 25591.7035  227.4640 -999.9000    0.0000    0.0000    6.6860   88.3136
  24.1354 25748.5829  226.9439 -999.9000    0.0000    0.0000    7.0564   88.3442
  23.5706 25905.4623  226.7176 -999.9000    0.0000    0.0000    7.6386   88.4419
  23.0189 26062.3417  226.9940 -999.9000    0.0000    0.0000    8.3074   88.5480
  22.4826 26219.2211  227.8386 -999.9000    0.0000    0.0000    8.9623   88.6216
  21.9608 26376.1005  228.9454 -999.9000    0.0000    0.0000    9.5645   88.6692
  21.4521 26532.9799  229.9497 -999.9000    0.0000    0.0000   10.0858   88.7041
  20.9548 26689.8593  230.4864 -999.9000    0.0000    0.0000   10.4977   88.7401
  20.4676 26846.7387  230.1906 -999.9000    0.0000    0.0000   10.7715   88.7908
  19.9891 27003.6181  228.7327 -999.9000    0.0000    0.0000   10.8721   88.8671
  19.5243 27160.4975  227.8343 -999.9000    0.0000    0.0000   10.4373   88.8331
  19.0752 27317.3769  228.2825 -999.9000    0.0000    0.0000    9.5392   88.6652
  18.6391 27474.2563  229.4970 -999.9000    0.0000    0.0000    8.5722   88.4541
  18.2135 27631.1357  230.8976 -999.9000    0.0000    0.0000    7.9306   88.2905
  17.7959 27788.0151  231.9128 -999.9000    0.0000    0.0000    7.9859   88.2601
  17.3864 27944.8945  232.1956 -999.9000    0.0000    0.0000    8.5591   88.3267
  16.9866 28101.7739  231.7723 -999.9000    0.0000    0.0000    9.1689   88.3867
  16.5963 28258.6533  230.9393 -999.9000    0.0000    0.0000    9.7805   88.4341
  16.2153 28415.5327  230.0207 -999.9000    0.0000    0.0000   10.4082   88.4734
  15.8432 28572.4121  229.3402 -999.9000    0.0000    0.0000   11.0666   88.5095
  15.4798 28729.2915  229.2155 -999.9000    0.0000    0.0000   11.7680   88.5468
  15.1246 28886.1709  229.6079 -999.9000    0.0000    0.0000   12.4099   88.5881
  14.7769 29043.0503  229.9606 -999.9000    0.0000    0.0000   12.7287   88.6333
  14.4368 29199.9296  230.1096 -999.9000    0.0000    0.0000   12.6592   88.6841
  14.1043 29356.8090  230.1923 -999.9000    0.0000    0.0000   12.2829   88.7433
  13.7798 29513.6884  230.3523 -999.9000    0.0000    0.0000   11.6841   88.8140
  13.4633 29670.5678  230.7328 -999.9000    0.0000    0.0000   10.9470   88.8992
  13.1552 29827.4472  231.4773 -999.9000    0.0000    0.0000   10.1560   89.0018
  12.8555 29984.3266  232.6724 -999.9000    0.0000    0.0000    9.3932   89.1215
  12.5638 30141.2060  234.0055 -999.9000    0.0000    0.0000    8.7268   89.2343
  12.2794 30298.0854  234.9949 -999.9000    0.0000    0.0000    8.2185   89.3059
  12.0018 30454.9648  235.1578 -999.9000    0.0000    0.0000    7.9305   89.3022
  11.7304 30611.8442  234.2664 -999.9000    0.0000    0.0000    7.8835   89.2026
  11.4650 30768.7236  233.1323 -999.9000    0.0000    0.0000    7.9321   89.0420
  11.2056 30925.6030  232.8320 -999.9000    0.0000    0.0000    7.8888   88.8691
  10.9522 31082.4824  234.0172 -999.9000    0.0000    0.0000    7.6331   88.7216
  10.7056 31239.3618  235.5280 -999.9000    0.0000    0.0000    7.3343   88.5894
  10.4661 31396.2412  236.0460 -999.9000    0.0000    0.0000    7.1891   88.4534
  10.2318 31553.1206  235.6513 -999.9000    0.0000    0.0000    7.1830   88.3118
  10.0000 31710.0000  234.7987 -999.9000    0.0000    0.0000    7.2449   88.1674
