# 06610 LSMP Payerne Observations at 12Z 30 Jul 2008
# Radiosonde file generated by raso.rb
#
  P [hPa],     Z [m],    T [K],   Td [K],   RH [%], r [g/kg], WS [m/s], WD [deg]
 962.0000   491.0000  298.7469 -999.9000   66.2080   13.6900    1.9471   93.0543
 944.6891   647.8794  296.7540 -999.9000   67.7635   12.6302    4.3317   92.6754
 927.6873   804.7588  295.4221 -999.9000   79.4994   13.9071    1.8945   92.9144
 911.0964   961.6382  294.1803 -999.9000   79.9536   14.4362    0.0580   92.0428
 894.7070  1118.5176  293.2849 -999.9000   79.9486   14.3064    0.9524   90.9797
 878.5406  1275.3970  293.0205 -999.9000   80.0091   13.3485    1.8814   90.6229
 862.6769  1432.2764  291.6634 -999.9000   80.9156   13.5129    2.0653   90.4248
 846.9845  1589.1558  290.4330 -999.9000   80.2295   13.9027    3.6317   90.3491
 831.5533  1746.0352  290.0878 -999.9000   80.6997   13.2228    4.4832   90.3950
 816.3570  1902.9146  288.7670 -999.9000   80.5804   11.9693    5.5632   90.4496
 801.3249  2059.7940  287.1622 -999.9000   80.2928   11.5640    6.1670   90.4939
 786.5365  2216.6734  285.7862 -999.9000   80.1302   10.4184    6.9008   90.5367
 771.9169  2373.5528  284.5267 -999.9000   80.5085    8.7627    8.0827   90.5644
 757.5041  2530.4322  283.4371 -999.9000   80.3666    8.5006    8.6090   90.6155
 743.3854  2687.3116  282.8275 -999.9000   77.7168    7.5803    7.4980   90.6080
 729.2940  2844.1910  281.7156 -999.9000   60.3352    5.5688    7.2552   90.6173
 715.5826  3001.0704  280.6282 -999.9000   50.0795    4.3807    8.8385   90.6971
 702.0616  3157.9497  279.4024 -999.9000   51.5554    4.2344   10.1258   90.7782
 688.7126  3314.8291  277.8809 -999.9000   58.8631    4.4448   10.2227   90.8007
 675.5482  3471.7085  276.2084 -999.9000   68.1428    4.6752   10.4818   90.8205
 662.5494  3628.5879  274.6854 -999.9000   74.0736    4.6607   11.0995   90.8487
 649.7305  3785.4673  273.6283 -999.9000   67.2041    4.0055   11.4079   90.8627
 637.1240  3942.3467  272.7265 -999.9000   55.0848    3.1437   10.7439   90.9118
 624.7467  4099.2261  271.6626 -999.9000   50.1137    2.7055    9.2152   91.0167
 612.5275  4256.1055  270.5527 -999.9000   50.0457    2.5464    8.8041   91.0465
 600.5160  4412.9849  269.8953 -999.9000   38.1723    1.8919    9.1083   91.0390
 588.7253  4569.8643  269.2508 -999.9000   22.7406    1.0986    9.3188   91.0433
 577.1128  4726.7437  267.9094 -999.9000   18.1502    0.8108    9.3982   91.0483
 565.6299  4883.6231  267.0266 -999.9000   17.0201    0.7276    9.3919   91.0538
 554.4053  5040.5025  266.4199 -999.9000   13.4885    0.5634    8.7364   91.1400
 543.3471  5197.3819  265.7020 -999.9000   12.8303    0.5190    7.9934   91.2153
 532.4739  5354.2613  264.6366 -999.9000   22.1888    0.8459    8.4364   91.2112
 521.8251  5511.1407  263.5516 -999.9000   24.0364    0.8613    9.2308   91.1806
 511.3144  5668.0201  262.7265 -999.9000   14.0943    0.4842    9.9518   91.1583
 500.9731  5824.8995  261.3536 -999.9000   12.9805    0.4090   10.6949   91.1344
 490.8286  5981.7789  259.7133 -999.9000   18.4133    0.5200   10.8920   91.1143
 480.7236  6138.6583  258.5738 -999.9000   29.2536    0.7703   11.2689   91.0832
 470.8214  6295.5377  257.2631 -999.9000   31.5232    0.7621   11.4096   91.0728
 461.0900  6452.4171  255.8161 -999.9000   30.8607    0.6762   11.1745   90.9894
 451.4963  6609.2965  254.4984 -999.9000   32.0398    0.6422   10.2093   90.8335
 442.0676  6766.1759  253.4090 -999.9000   32.6192    0.6091    9.3613   90.7116
 432.8253  6923.0553  252.4328 -999.9000   32.3399    0.5674   10.3130   90.6964
 423.7241  7079.9347  251.0149 -999.9000   36.0522    0.5712   11.2355   90.7318
 414.7432  7236.8141  249.3018 -999.9000   41.2859    0.5742   11.0738   90.7585
 405.9174  7393.6935  248.3018 -999.9000   31.8678    0.4138   11.3408   90.7794
 397.1974  7550.5729  247.0133 -999.9000   27.2810    0.3219   11.6446   90.7881
 388.6475  7707.4523  245.6221 -999.9000   31.2118    0.3308   11.8229   90.8405
 380.2876  7864.3317  244.6108 -999.9000   34.8694    0.3433   12.0890   90.9010
 372.0784  8021.2111  243.8008 -999.9000   39.1482    0.3645   12.2684   90.8924
 363.9826  8178.0905  243.0172 -999.9000   45.2858    0.3994   12.2068   90.7526
 356.0087  8334.9698  242.1758 -999.9000   54.5423    0.4529   12.2149   90.7678
 348.2042  8491.8492  241.2948 -999.9000   60.6813    0.5188   12.8397   91.3797
 340.5609  8648.7286  240.4567 -999.9000   65.0854    0.5272   13.0939   91.7004
 333.0575  8805.6080  239.6109 -999.9000   65.7006    0.4852   13.0552   91.6152
 325.6771  8962.4874  238.6565 -999.9000   65.1320    0.4338   13.3697   91.4555
 318.4095  9119.3668  237.4769 -999.9000   65.9293    0.3977   14.3059   91.4682
 311.2701  9276.2462  235.8620 -999.9000   60.8218    0.3338   14.4780   91.4746
 304.2599  9433.1256  234.3131 -999.9000   55.6356    0.2938   14.7132   91.4194
 297.3812  9590.0050  233.2515 -999.9000   50.7871    0.2688   15.2031   91.3896
 290.6045  9746.8844  232.0277 -999.9000   45.5727    0.2331   15.5363   91.3805
 283.9369  9903.7638  230.6533 -999.9000   45.8745    0.2031   15.9153   91.3479
 277.3870 10060.6432  229.1737 -999.9000   45.7274    0.1789   16.3024   91.3074
 270.9631 10217.5226  227.6282 -999.9000   45.6666    0.1538   16.5651   91.2950
 264.6694 10374.4020  226.0907 -999.9000   45.7782    0.1244   16.6131   91.3378
 258.4744 10531.2814  224.8678 -999.9000   45.2866    0.1097   16.7473   91.3756
 252.3757 10688.1608  223.8409 -999.9000   45.6038    0.1034   16.9962   91.3933
 246.3812 10845.0402  222.7809 -999.9000   40.3138    0.0916   17.2780   91.3978
 240.4896 11001.9196  221.5799 -999.9000   35.7476    0.0742   17.5395   91.3965
 234.6950 11158.7990  220.2334 -999.9000   36.0004    0.0604   17.7514   91.3968
 229.0082 11315.6784  218.8383 -999.9000   35.5414    0.0528   17.9085   91.3986
 223.4492 11472.5578  217.5430 -999.9000   35.0109    0.0500   18.0175   91.3982
 218.0236 11629.4372  216.3242 -999.9000   30.1571    0.0480   17.7973   91.4126
 212.6609 11786.3166  214.6334 -999.9000   25.6315    0.0350   16.0981   91.5070
 207.3913 11943.1960  213.7824 -999.9000   23.7938    0.0295   14.9002   91.4951
 202.2510 12100.0754  214.4663 -999.9000   18.0216    0.0410   14.5755   91.5711
 197.2536 12256.9548  215.8439 -999.9000    9.1054    0.0304   12.5550   92.1270
 192.4469 12413.8342  218.2142 -999.9000    2.6473    0.0062   12.9842   91.9985
 187.8076 12570.7136  218.0068 -999.9000    0.2372    0.0003   13.2048   91.9213
 183.2603 12727.5930  216.7466 -999.9000    0.2957    0.0003   12.8899   91.8946
 178.8033 12884.4724  216.3086 -999.9000    0.0000    0.0000   12.6335   91.8603
 174.4458 13041.3518  216.6872 -999.9000    0.0133    0.0000   12.7429   91.7991
 170.1876 13198.2312  216.8887 -999.9000    0.0000    0.0000   13.2444   91.6668
 166.0391 13355.1106  217.0340 -999.9000    0.0000    0.0000   13.8410   91.5392
 162.0101 13511.9899  216.6365 -999.9000    0.0002    0.0000   14.1175   91.4198
 158.0706 13668.8693  215.6325 -999.9000    0.0000    0.0000   13.7130   91.3880
 154.1974 13825.7487  214.7421 -999.9000    0.0000    0.0000   12.5318   91.4693
 150.4126 13982.6281  214.6611 -999.9000    0.0000    0.0000   10.5997   91.5650
 146.7292 14139.5075  215.5794 -999.9000    0.0000    0.0000   10.5053   91.5673
 143.1108 14296.3869  213.7958 -999.9000    0.0000    0.0000   10.4100   91.5696
 139.5597 14453.2663  216.2131 -999.9000    0.0000    0.0000   10.3659   91.5684
 136.1266 14610.1457  213.8825 -999.9000    0.0000    0.0000   10.3480   91.5540
 132.7619 14767.0251  213.0241 -999.9000    0.0000    0.0000   10.3374   91.5347
 129.4754 14923.9045  214.0404 -999.9000    0.0000    0.0000   10.3280   91.5197
 126.2897 15080.7839  215.1732 -999.9000    0.0000    0.0000   10.3107   91.5108
 123.1790 15237.6633  216.4341 -999.9000    0.0000    0.0000   10.3232   91.4644
 120.1481 15394.5427  216.9458 -999.9000    0.0000    0.0000   10.1791   91.3748
 117.2138 15551.4221  216.3446 -999.9000    0.0000    0.0000    9.8182   91.2661
 114.3435 15708.3015  216.2967 -999.9000    0.0000    0.0000    9.4978   91.1464
 111.5416 15865.1809  216.1022 -999.9000    0.0000    0.0000    8.9198   91.1933
 108.8149 16022.0603  217.4657 -999.9000    0.0000    0.0000    8.1099   91.4869
 106.1648 16178.9397  217.5703 -999.9000    0.0000    0.0000    7.6540   91.3484
 103.5767 16335.8191  217.2533 -999.9000    0.0000    0.0000    6.2301   91.9971
 101.0524 16492.6985  219.3461 -999.9000    0.0000    0.0000    1.7597   90.4089
  98.6148 16649.5779  217.9991 -999.9000    0.0000    0.0000    0.9920   90.4014
  96.2203 16806.4573  217.3000 -999.9000    0.0000    0.0000    0.1728   90.4014
  93.8688 16963.3367  216.6208 -999.9000    0.0000    0.0000    1.2619   90.4014
  91.5836 17120.2161  216.5319 -999.9000    0.0000    0.0000    2.1355   90.4014
  89.3567 17277.0955  216.5360 -999.9000    0.0000    0.0000    2.7741   90.4014
  87.1784 17433.9749  216.0842 -999.9000    0.0000    0.0000    3.4742   90.3927
  85.0453 17590.8543  215.2882 -999.9000    0.0000    0.0000    4.4020   90.0754
  82.9608 17747.7337  214.9706 -999.9000    0.0000    0.0000    5.5839   90.9865
  80.9282 17904.6131  215.6144 -999.9000    0.0000    0.0000    6.7361   90.6807
  78.9484 18061.4925  216.2499 -999.9000    0.0000    0.0000    6.6301   90.4907
  77.0217 18218.3719  216.9079 -999.9000    0.0000    0.0000    5.6694   90.6714
  75.1483 18375.2513  217.9463 -999.9000    0.0000    0.0000    4.7089   90.9237
  73.3271 18532.1307  219.0240 -999.9000    0.0000    0.0000    4.0794   91.0464
  71.5556 18689.0101  219.1218 -999.9000    0.0000    0.0000    3.6030   90.9336
  69.8260 18845.8894  217.9756 -999.9000    0.0000    0.0000    2.9738   91.0562
  68.1227 19002.7688  217.6523 -999.9000    0.0000    0.0000    1.8252   91.7656
  66.4601 19159.6482  217.9676 -999.9000    0.0000    0.0000    0.7883   89.5288
  64.8418 19316.5276  218.4158 -999.9000    0.0000    0.0000    0.4733   87.4851
  63.2670 19473.4070  218.7836 -999.9000    0.0000    0.0000    1.0107   87.9468
  61.7318 19630.2864  219.3096 -999.9000    0.0000    0.0000    1.5922   88.3028
  60.2355 19787.1658  219.4885 -999.9000    0.0000    0.0000    2.3313   88.5476
  58.7762 19944.0452  219.1603 -999.9000    0.0000    0.0000    3.1683   88.9105
  57.3501 20100.9246  218.7519 -999.9000    0.0000    0.0000    3.5992   89.0671
  55.9562 20257.8040  218.4581 -999.9000    0.0000    0.0000    3.5268   88.9446
  54.5968 20414.6834  218.1999 -999.9000    0.0000    0.0000    3.3167   88.7725
  53.2731 20571.5628  218.1297 -999.9000    0.0000    0.0000    3.1324   88.6461
  51.9860 20728.4422  218.5590 -999.9000    0.0000    0.0000    2.9908   88.5640
  50.7361 20885.3216  219.8018 -999.9000    0.0000    0.0000    2.9066   88.5228
  49.5229 21042.2010  221.5701 -999.9000    0.0000    0.0000    2.8636   88.5126
  48.3394 21199.0804  220.9546 -999.9000    0.0000    0.0000    3.2114   88.5757
  47.1874 21355.9598  221.0317 -999.9000    0.0000    0.0000    4.3490   88.7747
  46.0647 21512.8392  221.4396 -999.9000    0.0000    0.0000    5.3916   88.9472
  44.9691 21669.7186  221.6989 -999.9000    0.0000    0.0000    5.6065   88.9570
  43.8989 21826.5980  221.7458 -999.9000    0.0000    0.0000    5.2261   88.8369
  42.8525 21983.4774  221.6406 -999.9000    0.0000    0.0000    4.7665   88.6697
  41.8295 22140.3568  221.4306 -999.9000    0.0000    0.0000    4.5166   88.5214
  40.8309 22297.2362  221.1438 -999.9000    0.0000    0.0000    4.4139   88.4316
  39.8584 22454.1156  220.8088 -999.9000    0.0000    0.0000    4.3664   88.4374
  38.9104 22610.9950  221.2517 -999.9000    0.0000    0.0000    4.5217   88.5046
  37.9838 22767.8744  222.5652 -999.9000    0.0000    0.0000    4.9361   88.5579
  37.0791 22924.7538  223.3128 -999.9000    0.0000    0.0000    5.2779   88.6106
  36.1962 23081.6332  223.4625 -999.9000    0.0000    0.0000    5.5309   88.6649
  35.3349 23238.5126  223.2319 -999.9000    0.0000    0.0000    5.7345   88.7211
  34.4951 23395.3920  222.8379 -999.9000    0.0000    0.0000    5.9284   88.7793
  33.6765 23552.2714  222.4976 -999.9000    0.0000    0.0000    6.1518   88.8396
  32.8792 23709.1508  222.4282 -999.9000    0.0000    0.0000    6.4446   88.9021
  32.1025 23866.0302  222.7711 -999.9000    0.0000    0.0000    6.8189   88.9664
  31.3447 24022.9095  223.3883 -999.9000    0.0000    0.0000    7.1864   89.0294
  30.6036 24179.7889  224.0772 -999.9000    0.0000    0.0000    7.4358   89.0878
  29.8779 24336.6683  224.6097 -999.9000    0.0000    0.0000    7.4751   89.1301
  29.1715 24493.5477  224.6960 -999.9000    0.0000    0.0000    7.4088   89.0898
  28.4842 24650.4271  224.5835 -999.9000    0.0000    0.0000    7.2893   88.9796
  27.8138 24807.3065  224.6403 -999.9000    0.0000    0.0000    7.1307   88.8366
  27.1583 24964.1859  225.2331 -999.9000    0.0000    0.0000    6.9467   88.6979
  26.5173 25121.0653  226.4232 -999.9000    0.0000    0.0000    6.7581   88.5852
  25.8939 25277.9447  227.6228 -999.9000    0.0000    0.0000    6.5995   88.4883
  25.2914 25434.8241  228.1613 -999.9000    0.0000    0.0000    6.5077   88.3927
  24.7096 25591.7035  227.6728 -999.9000    0.0000    0.0000    6.5641   88.3136
  24.1354 25748.5829  227.1427 -999.9000    0.0000    0.0000    6.9296   88.3442
  23.5706 25905.4623  226.9044 -999.9000    0.0000    0.0000    7.5064   88.4419
  23.0189 26062.3417  227.1670 -999.9000    0.0000    0.0000    8.1697   88.5480
  22.4826 26219.2211  227.9963 -999.9000    0.0000    0.0000    8.8189   88.6216
  21.9608 26376.1005  229.0864 -999.9000    0.0000    0.0000    9.4155   88.6692
  21.4521 26532.9799  230.0730 -999.9000    0.0000    0.0000    9.9313   88.7041
  20.9548 26689.8593  230.5911 -999.9000    0.0000    0.0000   10.3378   88.7401
  20.4676 26846.7387  230.2762 -999.9000    0.0000    0.0000   10.6066   88.7908
  19.9891 27003.6181  228.7989 -999.9000    0.0000    0.0000   10.7026   88.8671
  19.5243 27160.4975  227.8808 -999.9000    0.0000    0.0000   10.2638   88.8331
  19.0752 27317.3769  228.3095 -999.9000    0.0000    0.0000    9.3624   88.6652
  18.6391 27474.2563  229.5049 -999.9000    0.0000    0.0000    8.3928   88.4541
  18.2135 27631.1357  230.8869 -999.9000    0.0000    0.0000    7.7495   88.2905
  17.7959 27788.0151  231.8844 -999.9000    0.0000    0.0000    7.8042   88.2601
  17.3864 27944.8945  232.1506 -999.9000    0.0000    0.0000    8.3778   88.3267
  16.9866 28101.7739  231.7119 -999.9000    0.0000    0.0000    8.9892   88.3867
  16.5963 28258.6533  230.8651 -999.9000    0.0000    0.0000    9.6038   88.4341
  16.2153 28415.5327  229.9345 -999.9000    0.0000    0.0000   10.2358   88.4734
  15.8432 28572.4121  229.2439 -999.9000    0.0000    0.0000   10.9002   88.5095
  15.4798 28729.2915  229.1116 -999.9000    0.0000    0.0000   11.6091   88.5468
  15.1246 28886.1709  229.4988 -999.9000    0.0000    0.0000   12.2604   88.5881
  14.7769 29043.0503  229.8490 -999.9000    0.0000    0.0000   12.5904   88.6333
  14.4368 29199.9296  229.9984 -999.9000    0.0000    0.0000   12.5342   88.6841
  14.1043 29356.8090  230.0848 -999.9000    0.0000    0.0000   12.1731   88.7433
  13.7798 29513.6884  230.2519 -999.9000    0.0000    0.0000   11.5919   88.8140
  13.4633 29670.5678  230.6432 -999.9000    0.0000    0.0000   10.8746   88.8992
  13.1552 29827.4472  231.4025 -999.9000    0.0000    0.0000   10.1059   89.0018
  12.8555 29984.3266  232.6165 -999.9000    0.0000    0.0000    9.3680   89.1215
  12.5638 30141.2060  233.9729 -999.9000    0.0000    0.0000    8.7290   89.2343
  12.2794 30298.0854  234.9902 -999.9000    0.0000    0.0000    8.2510   89.3059
  12.0018 30454.9648  235.1860 -999.9000    0.0000    0.0000    7.9960   89.3022
  11.7304 30611.8442  234.3325 -999.9000    0.0000    0.0000    7.9851   89.2026
  11.4650 30768.7236  233.2417 -999.9000    0.0000    0.0000    8.0730   89.0420
  11.2056 30925.6030  232.9902 -999.9000    0.0000    0.0000    8.0720   88.8691
  10.9522 31082.4824  234.2302 -999.9000    0.0000    0.0000    7.8621   88.7216
  10.7056 31239.3618  235.8017 -999.9000    0.0000    0.0000    7.6123   88.5894
  10.4661 31396.2412  236.3868 -999.9000    0.0000    0.0000    7.5198   88.4534
  10.2318 31553.1206  236.0657 -999.9000    0.0000    0.0000    7.5700   88.3118
  10.0000 31710.0000  235.2935 -999.9000    0.0000    0.0000    7.6920   88.1674
