# 06610 LSMP Payerne Observations at 12Z 30 Jul 2008
# Radiosonde file generated by raso.rb
#
  P [hPa],     Z [m],    T [K],   Td [K],   RH [%], r [g/kg], WS [m/s], WD [deg]
 962.0000   491.0000  298.3193 -999.9000   66.2481   13.6900    2.4537   93.0543
 944.6891   647.8794  296.3148 -999.9000   67.8229   12.6302    4.8716   92.6754
 927.6873   804.7588  294.9753 -999.9000   79.5888   13.9071    2.4643   92.9144
 911.0964   961.6382  293.7301 -999.9000   80.0616   14.4362    0.6546   92.0428
 894.7070  1118.5176  292.8351 -999.9000   80.0730   14.3064    1.5725   90.9797
 878.5406  1275.3970  292.5750 -999.9000   80.1484   13.3485    2.5221   90.6229
 862.6769  1432.2764  291.2256 -999.9000   81.0697   13.5129    2.7237   90.4248
 846.9845  1589.1558  290.0062 -999.9000   80.3941   13.9027    4.3048   90.3491
 831.5533  1746.0352  289.6753 -999.9000   80.8754   13.2228    5.1684   90.3950
 816.3570  1902.9146  288.3717 -999.9000   80.7646   11.9693    6.2577   90.4496
 801.3249  2059.7940  286.7869 -999.9000   80.4837   11.5640    6.8683   90.4939
 786.5365  2216.6734  285.4335 -999.9000   80.3266   10.4184    7.6064   90.5367
 771.9169  2373.5528  284.1989 -999.9000   80.7104    8.7627    8.7903   90.5644
 757.5041  2530.4322  283.1366 -999.9000   80.5715    8.5006    9.3162   90.6155
 743.3854  2687.3116  282.5562 -999.9000   77.9169    7.5803    8.2027   90.6080
 729.2940  2844.1910  281.4755 -999.9000   60.4913    5.5688    7.9553   90.6173
 715.5826  3001.0704  280.4208 -999.9000   50.2090    4.3807    9.5320   90.6971
 702.0616  3157.9497  279.2293 -999.9000   51.6878    4.2344   10.8108   90.7782
 688.7126  3314.8291  277.7434 -999.9000   59.0127    4.4448   10.8973   90.8007
 675.5482  3471.7085  276.1076 -999.9000   68.3132    4.6752   11.1444   90.8205
 662.5494  3628.5879  274.6221 -999.9000   74.2549    4.6607   11.7484   90.8487
 649.7305  3785.4673  273.6034 -999.9000   67.3643    4.0055   12.0415   90.8627
 637.1240  3942.3467  272.7406 -999.9000   55.2120    3.1437   11.3609   90.9118
 624.7467  4099.2261  271.7159 -999.9000   50.2253    2.7055    9.8142   91.0167
 612.5275  4256.1055  270.6455 -999.9000   50.1525    2.5464    9.3839   91.0465
 600.5160  4412.9849  270.0275 -999.9000   38.2498    1.8919    9.6676   91.0390
 588.7253  4569.8643  269.4223 -999.9000   22.7843    1.0986    9.8567   91.0433
 577.1128  4726.7437  268.1197 -999.9000   18.1830    0.8108    9.9137   91.0483
 565.6299  4883.6231  267.2752 -999.9000   17.0487    0.7276    9.8841   91.0538
 554.4053  5040.5025  266.7061 -999.9000   13.5094    0.5634    9.2045   91.1400
 543.3471  5197.3819  266.0249 -999.9000   12.8485    0.5190    8.4368   91.2153
 532.4739  5354.2613  264.9949 -999.9000   22.2170    0.8459    8.8544   91.2112
 521.8251  5511.1407  263.9442 -999.9000   24.0635    0.8613    9.6230   91.1806
 511.3144  5668.0201  263.1518 -999.9000   14.1080    0.4842   10.3178   91.1583
 500.9731  5824.8995  261.8100 -999.9000   12.9912    0.4090   11.0343   91.1344
 490.8286  5981.7789  260.1988 -999.9000   18.4256    0.5200   11.2047   91.1143
 480.7236  6138.6583  259.0865 -999.9000   29.2686    0.7703   11.5546   91.0832
 470.8214  6295.5377  257.8007 -999.9000   31.5343    0.7621   11.6685   91.0728
 461.0900  6452.4171  256.3761 -999.9000   30.8666    0.6762   11.4066   90.9894
 451.4963  6609.2965  255.0783 -999.9000   32.0408    0.6422   10.4146   90.8335
 442.0676  6766.1759  254.0059 -999.9000   32.6150    0.6091    9.5402   90.7116
 432.8253  6923.0553  253.0438 -999.9000   32.3305    0.5674   10.4659   90.6964
 423.7241  7079.9347  251.6369 -999.9000   36.0361    0.5712   11.3627   90.7318
 414.7432  7236.8141  249.9314 -999.9000   41.2610    0.5742   11.1759   90.7585
 405.9174  7393.6935  248.9354 -999.9000   31.8437    0.4138   11.4185   90.7794
 397.1974  7550.5729  247.6473 -999.9000   27.2563    0.3219   11.6986   90.7881
 388.6475  7707.4523  246.2528 -999.9000   31.1790    0.3308   11.8539   90.8405
 380.2876  7864.3317  245.2350 -999.9000   34.8278    0.3433   12.0978   90.9010
 372.0784  8021.2111  244.4155 -999.9000   39.0962    0.3645   12.2558   90.8924
 363.9826  8178.0905  243.6196 -999.9000   45.2198    0.3994   12.1736   90.7526
 356.0087  8334.9698  242.7632 -999.9000   54.4561    0.4529   12.1619   90.7678
 348.2042  8491.8492  241.8651 -999.9000   60.5784    0.5188   12.7676   91.3797
 340.5609  8648.7286  241.0078 -999.9000   64.9680    0.5272   13.0036   91.7004
 333.0575  8805.6080  240.1410 -999.9000   65.5758    0.4852   12.9477   91.6152
 325.6771  8962.4874  239.1641 -999.9000   65.0025    0.4338   13.2456   91.4555
 318.4095  9119.3668  237.9608 -999.9000   65.7932    0.3977   14.1663   91.4682
 311.2701  9276.2462  236.3211 -999.9000   60.6923    0.3338   14.3236   91.4746
 304.2599  9433.1256  234.7468 -999.9000   55.5141    0.2938   14.5450   91.4194
 297.3812  9590.0050  233.6593 -999.9000   50.6742    0.2688   15.0220   91.3896
 290.6045  9746.8844  232.4093 -999.9000   45.4701    0.2331   15.3432   91.3805
 283.9369  9903.7638  231.0087 -999.9000   45.7707    0.2031   15.7111   91.3479
 277.3870 10060.6432  229.5033 -999.9000   45.6241    0.1789   16.0881   91.3074
 270.9631 10217.5226  227.9325 -999.9000   45.5643    0.1538   16.3416   91.2950
 264.6694 10374.4020  226.3706 -999.9000   45.6772    0.1244   16.3814   91.3378
 258.4744 10531.2814  225.1242 -999.9000   45.1891    0.1097   16.5082   91.3756
 252.3757 10688.1608  224.0752 -999.9000   45.5089    0.1034   16.7509   91.3933
 246.3812 10845.0402  222.9946 -999.9000   40.2335    0.0916   17.0275   91.3978
 240.4896 11001.9196  221.7749 -999.9000   35.6802    0.0742   17.2848   91.3965
 234.6950 11158.7990  220.4115 -999.9000   35.9372    0.0604   17.4934   91.3968
 229.0082 11315.6784  219.0013 -999.9000   35.4841    0.0528   17.6482   91.3986
 223.4492 11472.5578  217.6926 -999.9000   34.9600    0.0500   17.7561   91.3982
 218.0236 11629.4372  216.4620 -999.9000   30.1183    0.0480   17.5356   91.4126
 212.6609 11786.3166  214.7609 -999.9000   25.6031    0.0350   15.8371   91.5070
 207.3913 11943.1960  213.9011 -999.9000   23.7718    0.0295   14.6408   91.4951
 202.2510 12100.0754  214.5776 -999.9000   18.0083    0.0410   14.3187   91.5711
 197.2536 12256.9548  215.9490 -999.9000    9.1004    0.0304   12.3018   92.1270
 192.4469 12413.8342  218.3144 -999.9000    2.6464    0.0062   12.7354   91.9985
 187.8076 12570.7136  218.1032 -999.9000    0.2371    0.0003   12.9614   91.9213
 183.2603 12727.5930  216.8402 -999.9000    0.2957    0.0003   12.6527   91.8946
 178.8033 12884.4724  216.4005 -999.9000    0.0000    0.0000   12.4034   91.8603
 174.4458 13041.3518  216.7782 -999.9000    0.0133    0.0000   12.5208   91.7991
 170.1876 13198.2312  216.9796 -999.9000    0.0000    0.0000   13.0313   91.6668
 166.0391 13355.1106  217.1256 -999.9000    0.0000    0.0000   13.6376   91.5392
 162.0101 13511.9899  216.7292 -999.9000    0.0002    0.0000   13.9247   91.4198
 158.0706 13668.8693  215.7271 -999.9000    0.0000    0.0000   13.5316   91.3880
 154.1974 13825.7487  214.8390 -999.9000    0.0000    0.0000   12.3626   91.4693
 150.4126 13982.6281  214.7607 -999.9000    0.0000    0.0000   10.4435   91.5650
 146.7292 14139.5075  215.6820 -999.9000    0.0000    0.0000   10.3629   91.5673
 143.1108 14296.3869  213.9017 -999.9000    0.0000    0.0000   10.2823   91.5696
 139.5597 14453.2663  216.3224 -999.9000    0.0000    0.0000   10.2535   91.5684
 136.1266 14610.1457  213.9953 -999.9000    0.0000    0.0000   10.2517   91.5540
 132.7619 14767.0251  213.1406 -999.9000    0.0000    0.0000   10.2577   91.5347
 129.4754 14923.9045  214.1606 -999.9000    0.0000    0.0000   10.2654   91.5197
 126.2897 15080.7839  215.2972 -999.9000    0.0000    0.0000   10.2654   91.5108
 123.1790 15237.6633  216.5620 -999.9000    0.0000    0.0000   10.2955   91.4644
 120.1481 15394.5427  217.0777 -999.9000    0.0000    0.0000   10.1689   91.3748
 117.2138 15551.4221  216.4805 -999.9000    0.0000    0.0000    9.8254   91.2661
 114.3435 15708.3015  216.4367 -999.9000    0.0000    0.0000    9.5222   91.1464
 111.5416 15865.1809  216.2463 -999.9000    0.0000    0.0000    8.9610   91.1933
 108.8149 16022.0603  217.6140 -999.9000    0.0000    0.0000    8.1674   91.4869
 106.1648 16178.9397  217.7229 -999.9000    0.0000    0.0000    7.7272   91.3484
 103.5767 16335.8191  217.4101 -999.9000    0.0000    0.0000    6.3182   91.9971
 101.0524 16492.6985  219.5071 -999.9000    0.0000    0.0000    1.8618   90.4089
  98.6148 16649.5779  218.1643 -999.9000    0.0000    0.0000    1.1070   90.4014
  96.2203 16806.4573  217.4695 -999.9000    0.0000    0.0000    0.2996   90.4014
  93.8688 16963.3367  216.7946 -999.9000    0.0000    0.0000    1.3992   90.4014
  91.5836 17120.2161  216.7099 -999.9000    0.0000    0.0000    2.2818   90.4014
  89.3567 17277.0955  216.7181 -999.9000    0.0000    0.0000    2.9279   90.4014
  87.1784 17433.9749  216.2705 -999.9000    0.0000    0.0000    3.6337   90.3927
  85.0453 17590.8543  215.4786 -999.9000    0.0000    0.0000    4.5654   90.0754
  82.9608 17747.7337  215.1651 -999.9000    0.0000    0.0000    5.7493   90.9865
  80.9282 17904.6131  215.8129 -999.9000    0.0000    0.0000    6.9013   90.6807
  78.9484 18061.4925  216.4523 -999.9000    0.0000    0.0000    6.7931   90.4907
  77.0217 18218.3719  217.1141 -999.9000    0.0000    0.0000    5.8283   90.6714
  75.1483 18375.2513  218.1562 -999.9000    0.0000    0.0000    4.8620   90.9237
  73.3271 18532.1307  219.2375 -999.9000    0.0000    0.0000    4.2254   91.0464
  71.5556 18689.0101  219.3386 -999.9000    0.0000    0.0000    3.7407   90.9336
  69.8260 18845.8894  218.1956 -999.9000    0.0000    0.0000    3.1022   91.0562
  68.1227 19002.7688  217.8751 -999.9000    0.0000    0.0000    1.9436   91.7656
  66.4601 19159.6482  218.1931 -999.9000    0.0000    0.0000    0.8962   89.5288
  64.8418 19316.5276  218.6436 -999.9000    0.0000    0.0000    0.5704   87.4851
  63.2670 19473.4070  219.0134 -999.9000    0.0000    0.0000    1.0969   87.9468
  61.7318 19630.2864  219.5412 -999.9000    0.0000    0.0000    1.6677   88.3028
  60.2355 19787.1658  219.7213 -999.9000    0.0000    0.0000    2.3964   88.5476
  58.7762 19944.0452  219.3940 -999.9000    0.0000    0.0000    3.2237   88.9105
  57.3501 20100.9246  218.9862 -999.9000    0.0000    0.0000    3.6457   89.0671
  55.9562 20257.8040  218.6924 -999.9000    0.0000    0.0000    3.5655   88.9446
  54.5968 20414.6834  218.4338 -999.9000    0.0000    0.0000    3.3488   88.7725
  53.2731 20571.5628  218.3626 -999.9000    0.0000    0.0000    3.1594   88.6461
  51.9860 20728.4422  218.7904 -999.9000    0.0000    0.0000    3.0145   88.5640
  50.7361 20885.3216  220.0312 -999.9000    0.0000    0.0000    2.9289   88.5228
  49.5229 21042.2010  221.7968 -999.9000    0.0000    0.0000    2.8867   88.5126
  48.3394 21199.0804  221.1781 -999.9000    0.0000    0.0000    3.2378   88.5757
  47.1874 21355.9598  221.2513 -999.9000    0.0000    0.0000    4.3812   88.7747
  46.0647 21512.8392  221.6547 -999.9000    0.0000    0.0000    5.4323   88.9472
  44.9691 21669.7186  221.9088 -999.9000    0.0000    0.0000    5.6581   88.9570
  43.8989 21826.5980  221.9501 -999.9000    0.0000    0.0000    5.2908   88.8369
  42.8525 21983.4774  221.8387 -999.9000    0.0000    0.0000    4.8463   88.6697
  41.8295 22140.3568  221.6221 -999.9000    0.0000    0.0000    4.6131   88.5214
  40.8309 22297.2362  221.3282 -999.9000    0.0000    0.0000    4.5285   88.4316
  39.8584 22454.1156  220.9858 -999.9000    0.0000    0.0000    4.5002   88.4374
  38.9104 22610.9950  221.4210 -999.9000    0.0000    0.0000    4.6757   88.5046
  37.9838 22767.8744  222.7266 -999.9000    0.0000    0.0000    5.1108   88.5579
  37.0791 22924.7538  223.4659 -999.9000    0.0000    0.0000    5.4737   88.6106
  36.1962 23081.6332  223.6072 -999.9000    0.0000    0.0000    5.7480   88.6649
  35.3349 23238.5126  223.3681 -999.9000    0.0000    0.0000    5.9727   88.7211
  34.4951 23395.3920  222.9654 -999.9000    0.0000    0.0000    6.1872   88.7793
  33.6765 23552.2714  222.6165 -999.9000    0.0000    0.0000    6.4307   88.8396
  32.8792 23709.1508  222.5384 -999.9000    0.0000    0.0000    6.7426   88.9021
  32.1025 23866.0302  222.8728 -999.9000    0.0000    0.0000    7.1348   88.9664
  31.3447 24022.9095  223.4815 -999.9000    0.0000    0.0000    7.5189   89.0294
  30.6036 24179.7889  224.1620 -999.9000    0.0000    0.0000    7.7831   89.0878
  29.8779 24336.6683  224.6864 -999.9000    0.0000    0.0000    7.8353   89.1301
  29.1715 24493.5477  224.7648 -999.9000    0.0000    0.0000    7.7796   89.0898
  28.4842 24650.4271  224.6446 -999.9000    0.0000    0.0000    7.6684   88.9796
  27.8138 24807.3065  224.6942 -999.9000    0.0000    0.0000    7.5153   88.8366
  27.1583 24964.1859  225.2801 -999.9000    0.0000    0.0000    7.3340   88.6979
  26.5173 25121.0653  226.4636 -999.9000    0.0000    0.0000    7.1453   88.5852
  25.8939 25277.9447  227.6569 -999.9000    0.0000    0.0000    6.9840   88.4883
  25.2914 25434.8241  228.1895 -999.9000    0.0000    0.0000    6.8872   88.3927
  24.7096 25591.7035  227.6953 -999.9000    0.0000    0.0000    6.9363   88.3136
  24.1354 25748.5829  227.1599 -999.9000    0.0000    0.0000    7.2923   88.3442
  23.5706 25905.4623  226.9164 -999.9000    0.0000    0.0000    7.8577   88.4419
  23.0189 26062.3417  227.1742 -999.9000    0.0000    0.0000    8.5079   88.5480
  22.4826 26219.2211  227.9989 -999.9000    0.0000    0.0000    9.1423   88.6216
  21.9608 26376.1005  229.0846 -999.9000    0.0000    0.0000    9.7226   88.6692
  21.4521 26532.9799  230.0669 -999.9000    0.0000    0.0000   10.2208   88.7041
  20.9548 26689.8593  230.5810 -999.9000    0.0000    0.0000   10.6085   88.7401
  20.4676 26846.7387  230.2622 -999.9000    0.0000    0.0000   10.8576   88.7908
  19.9891 27003.6181  228.7811 -999.9000    0.0000    0.0000   10.9329   88.8671
  19.5243 27160.4975  227.8594 -999.9000    0.0000    0.0000   10.4728   88.8331
  19.0752 27317.3769  228.2846 -999.9000    0.0000    0.0000    9.5495   88.6652
  18.6391 27474.2563  229.4765 -999.9000    0.0000    0.0000    8.5576   88.4541
  18.2135 27631.1357  230.8552 -999.9000    0.0000    0.0000    7.8918   88.2905
  17.7959 27788.0151  231.8494 -999.9000    0.0000    0.0000    7.9238   88.2601
  17.3864 27944.8945  232.1123 -999.9000    0.0000    0.0000    8.4749   88.3267
  16.9866 28101.7739  231.6704 -999.9000    0.0000    0.0000    9.0641   88.3867
  16.5963 28258.6533  230.8204 -999.9000    0.0000    0.0000    9.6568   88.4341
  16.2153 28415.5327  229.8865 -999.9000    0.0000    0.0000   10.2675   88.4734
  15.8432 28572.4121  229.1927 -999.9000    0.0000    0.0000   10.9112   88.5095
  15.4798 28729.2915  229.0570 -999.9000    0.0000    0.0000   11.6004   88.5468
  15.1246 28886.1709  229.4408 -999.9000    0.0000    0.0000   12.2330   88.5881
  14.7769 29043.0503  229.7875 -999.9000    0.0000    0.0000   12.5454   88.6333
  14.4368 29199.9296  229.9333 -999.9000    0.0000    0.0000   12.4729   88.6841
  14.1043 29356.8090  230.0161 -999.9000    0.0000    0.0000   12.0970   88.7433
  13.7798 29513.6884  230.1793 -999.9000    0.0000    0.0000   11.5026   88.8140
  13.4633 29670.5678  230.5667 -999.9000    0.0000    0.0000   10.7741   88.8992
  13.1552 29827.4472  231.3218 -999.9000    0.0000    0.0000    9.9959   89.0018
  12.8555 29984.3266  232.5314 -999.9000    0.0000    0.0000    9.2507   89.1215
  12.5638 30141.2060  233.8833 -999.9000    0.0000    0.0000    8.6068   89.2343
  12.2794 30298.0854  234.8959 -999.9000    0.0000    0.0000    8.1261   89.3059
  12.0018 30454.9648  235.0867 -999.9000    0.0000    0.0000    7.8711   89.3022
  11.7304 30611.8442  234.2279 -999.9000    0.0000    0.0000    7.8629   89.2026
  11.4650 30768.7236  233.1316 -999.9000    0.0000    0.0000    7.9564   89.0420
  11.2056 30925.6030  232.8743 -999.9000    0.0000    0.0000    7.9641   88.8691
  10.9522 31082.4824  234.1082 -999.9000    0.0000    0.0000    7.7660   88.7216
  10.7056 31239.3618  235.6732 -999.9000    0.0000    0.0000    7.5314   88.5894
  10.4661 31396.2412  236.2515 -999.9000    0.0000    0.0000    7.4576   88.4534
  10.2318 31553.1206  235.9233 -999.9000    0.0000    0.0000    7.5301   88.3118
  10.0000 31710.0000  235.1436 -999.9000    0.0000    0.0000    7.6784   88.1674
