# 06610 LSMP Payerne Observations at 12Z 30 Jul 2008
# Radiosonde file generated by raso.rb
#
  P [hPa],     Z [m],    T [K],   Td [K],   RH [%], r [g/kg], WS [m/s], WD [deg]
 962.0000   491.0000  297.9173 -999.9000   66.2238   13.6900    1.9916   93.0543
 944.6891   647.8794  295.9150 -999.9000   67.7703   12.6302    4.4284   92.6754
 927.6873   804.7588  294.5786 -999.9000   79.4981   13.9071    2.0409   92.9144
 911.0964   961.6382  293.3370 -999.9000   79.9442   14.4362    0.2516   92.0428
 894.7070  1118.5176  292.4464 -999.9000   79.9326   14.3064    1.1905   90.9797
 878.5406  1275.3970  292.1912 -999.9000   79.9878   13.3485    2.1616   90.6229
 862.6769  1432.2764  290.8473 -999.9000   80.8900   13.5129    2.3851   90.4248
 846.9845  1589.1558  289.6341 -999.9000   80.2013   13.9027    3.9885   90.3491
 831.5533  1746.0352  289.3098 -999.9000   80.6696   13.2228    4.8745   90.3950
 816.3570  1902.9146  288.0133 -999.9000   80.5497   11.9693    5.9865   90.4496
 801.3249  2059.7940  286.4361 -999.9000   80.2626   11.5640    6.6198   90.4939
 786.5365  2216.6734  285.0907 -999.9000   80.1012   10.4184    7.3807   90.5367
 771.9169  2373.5528  283.8646 -999.9000   80.4814    8.7627    8.5872   90.5644
 757.5041  2530.4322  282.8111 -999.9000   80.3425    8.5006    9.1355   90.6155
 743.3854  2687.3116  282.2399 -999.9000   77.6969    7.5803    8.0441   90.6080
 729.2940  2844.1910  281.1686 -999.9000   60.3230    5.5688    7.8186   90.6173
 715.5826  3001.0704  280.1237 -999.9000   50.0724    4.3807    9.4166   90.6971
 702.0616  3157.9497  278.9421 -999.9000   51.5514    4.2344   10.7162   90.7782
 688.7126  3314.8291  277.4664 -999.9000   58.8629    4.4448   10.8230   90.8007
 675.5482  3471.7085  275.8410 -999.9000   68.1478    4.6752   11.0895   90.8205
 662.5494  3628.5879  274.3661 -999.9000   74.0849    4.6607   11.7123   90.8487
 649.7305  3785.4673  273.3580 -999.9000   67.2200    4.0055   12.0233   90.8627
 637.1240  3942.3467  272.5059 -999.9000   55.1025    3.1437   11.3596   90.9118
 624.7467  4099.2261  271.4920 -999.9000   50.1342    2.7055    9.8287   91.0167
 612.5275  4256.1055  270.4324 -999.9000   50.0705    2.5464    9.4130   91.0465
 600.5160  4412.9849  269.8252 -999.9000   38.1945    1.8919    9.7103   91.0390
 588.7253  4569.8643  269.2308 -999.9000   22.7558    1.0986    9.9115   91.0433
 577.1128  4726.7437  267.9389 -999.9000   18.1639    0.8108    9.9793   91.0483
 565.6299  4883.6231  267.1050 -999.9000   17.0343    0.7276    9.9590   91.0538
 554.4053  5040.5025  266.5464 -999.9000   13.5007    0.5634    9.2872   91.1400
 543.3471  5197.3819  265.8754 -999.9000   12.8429    0.5190    8.5256   91.2153
 532.4739  5354.2613  264.8556 -999.9000   22.2120    0.8459    8.9476   91.2112
 521.8251  5511.1407  263.8147 -999.9000   24.0630    0.8613    9.7187   91.1806
 511.3144  5668.0201  263.0320 -999.9000   14.1106    0.4842   10.4141   91.1583
 500.9731  5824.8995  261.6994 -999.9000   12.9961    0.4090   11.1293   91.1344
 490.8286  5981.7789  260.0973 -999.9000   18.4362    0.5200   11.2962   91.1143
 480.7236  6138.6583  258.9936 -999.9000   29.2907    0.7703   11.6406   91.0832
 470.8214  6295.5377  257.7160 -999.9000   31.5637    0.7621   11.7466   91.0728
 461.0900  6452.4171  256.2993 -999.9000   30.9005    0.6762   11.4745   90.9894
 451.4963  6609.2965  255.0089 -999.9000   32.0808    0.6422   10.4699   90.8335
 442.0676  6766.1759  253.9434 -999.9000   32.6603    0.6091    9.5803   90.7116
 432.8253  6923.0553  252.9877 -999.9000   32.3795    0.5674   10.4883   90.6964
 423.7241  7079.9347  251.5867 -999.9000   36.0946    0.5712   11.3647   90.7318
 414.7432  7236.8141  249.8864 -999.9000   41.3316    0.5742   11.1548   90.7585
 405.9174  7393.6935  248.8951 -999.9000   31.9005    0.4138   11.3713   90.7794
 397.1974  7550.5729  247.6110 -999.9000   27.3063    0.3219   11.6225   90.7881
 388.6475  7707.4523  246.2200 -999.9000   31.2371    0.3308   11.7463   90.8405
 380.2876  7864.3317  245.2051 -999.9000   34.8932    0.3433   11.9566   90.9010
 372.0784  8021.2111  244.3880 -999.9000   39.1695    0.3645   12.0793   90.8924
 363.9826  8178.0905  243.5942 -999.9000   45.3036    0.3994   11.9606   90.7526
 356.0087  8334.9698  242.7396 -999.9000   54.5552    0.4529   11.9118   90.7678
 348.2042  8491.8492  241.8430 -999.9000   60.6858    0.5188   12.4802   91.3797
 340.5609  8648.7286  240.9871 -999.9000   65.0793    0.5272   12.6791   91.7004
 333.0575  8805.6080  240.1216 -999.9000   65.6835    0.4852   12.5868   91.6152
 325.6771  8962.4874  239.1459 -999.9000   65.1043    0.4338   12.8496   91.4555
 318.4095  9119.3668  237.9439 -999.9000   65.8904    0.3977   13.7368   91.4682
 311.2701  9276.2462  236.3056 -999.9000   60.7764    0.3338   13.8629   91.4746
 304.2599  9433.1256  234.7329 -999.9000   55.5857    0.2938   14.0556   91.4194
 297.3812  9590.0050  233.6472 -999.9000   50.7344    0.2688   14.5070   91.3896
 290.6045  9746.8844  232.3993 -999.9000   45.5195    0.2331   14.8062   91.3805
 283.9369  9903.7638  231.0014 -999.9000   45.8156    0.2031   15.1562   91.3479
 277.3870 10060.6432  229.4989 -999.9000   45.6642    0.1789   15.5198   91.3074
 270.9631 10217.5226  227.9317 -999.9000   45.5997    0.1538   15.7649   91.2950
 264.6694 10374.4020  226.3739 -999.9000   45.7083    0.1244   15.8018   91.3378
 258.4744 10531.2814  225.1323 -999.9000   45.2156    0.1097   15.9317   91.3756
 252.3757 10688.1608  224.0889 -999.9000   45.5316    0.1034   16.1839   91.3933
 246.3812 10845.0402  223.0146 -999.9000   40.2504    0.0916   16.4769   91.3978
 240.4896 11001.9196  221.8022 -999.9000   35.6927    0.0742   16.7579   91.3965
 234.6950 11158.7990  220.4468 -999.9000   35.9475    0.0604   16.9973   91.3968
 229.0082 11315.6784  219.0453 -999.9000   35.4924    0.0528   17.1892   91.3986
 223.4492 11472.5578  217.7456 -999.9000   34.9666    0.0500   17.3397   91.3982
 218.0236 11629.4372  216.5241 -999.9000   30.1229    0.0480   17.1667   91.4126
 212.6609 11786.3166  214.8323 -999.9000   25.6063    0.0350   15.5198   91.5070
 207.3913 11943.1960  213.9815 -999.9000   23.7743    0.0295   14.3786   91.4951
 202.2510 12100.0754  214.6666 -999.9000   18.0100    0.0410   14.1141   91.5711
 197.2536 12256.9548  216.0460 -999.9000    9.1012    0.0304   12.1568   92.1270
 192.4469 12413.8342  218.4186 -999.9000    2.6466    0.0062   12.6512   91.9985
 187.8076 12570.7136  218.2137 -999.9000    0.2371    0.0003   12.9384   91.9213
 183.2603 12727.5930  216.9558 -999.9000    0.2958    0.0003   12.6906   91.8946
 178.8033 12884.4724  216.5198 -999.9000    0.0000    0.0000   12.5012   91.8603
 174.4458 13041.3518  216.8996 -999.9000    0.0133    0.0000   12.6768   91.7991
 170.1876 13198.2312  217.1014 -999.9000    0.0000    0.0000   13.2430   91.6668
 166.0391 13355.1106  217.2458 -999.9000    0.0000    0.0000   13.9017   91.5392
 162.0101 13511.9899  216.8458 -999.9000    0.0002    0.0000   14.2373   91.4198
 158.0706 13668.8693  215.8376 -999.9000    0.0000    0.0000   13.8880   91.3880
 154.1974 13825.7487  214.9408 -999.9000    0.0000    0.0000   12.7574   91.4693
 150.4126 13982.6281  214.8512 -999.9000    0.0000    0.0000   10.8706   91.5650
 146.7292 14139.5075  215.7583 -999.9000    0.0000    0.0000   10.8154   91.5673
 143.1108 14296.3869  213.9606 -999.9000    0.0000    0.0000   10.7525   91.5696
 139.5597 14453.2663  216.3606 -999.9000    0.0000    0.0000   10.7331   91.5684
 136.1266 14610.1457  214.0097 -999.9000    0.0000    0.0000   10.7324   91.5540
 132.7619 14767.0251  213.1283 -999.9000    0.0000    0.0000   10.7320   91.5347
 129.4754 14923.9045  214.1195 -999.9000    0.0000    0.0000   10.7262   91.5197
 126.2897 15080.7839  215.2255 -999.9000    0.0000    0.0000   10.7065   91.5108
 123.1790 15237.6633  216.4582 -999.9000    0.0000    0.0000   10.7112   91.4644
 120.1481 15394.5427  216.9410 -999.9000    0.0000    0.0000   10.5544   91.3748
 117.2138 15551.4221  216.3104 -999.9000    0.0000    0.0000   10.1764   91.2661
 114.3435 15708.3015  216.2331 -999.9000    0.0000    0.0000    9.8351   91.1464
 111.5416 15865.1809  216.0097 -999.9000    0.0000    0.0000    9.2329   91.1933
 108.8149 16022.0603  217.3452 -999.9000    0.0000    0.0000    8.3960   91.4869
 106.1648 16178.9397  217.4231 -999.9000    0.0000    0.0000    7.9111   91.3484
 103.5767 16335.8191  217.0812 -999.9000    0.0000    0.0000    6.4564   91.9971
 101.0524 16492.6985  219.1513 -999.9000    0.0000    0.0000    1.9541   90.4089
  98.6148 16649.5779  217.7843 -999.9000    0.0000    0.0000    1.1539   90.4014
  96.2203 16806.4573  217.0683 -999.9000    0.0000    0.0000    0.3022   90.4014
  93.8688 16963.3367  216.3756 -999.9000    0.0000    0.0000    1.3593   90.4014
  91.5836 17120.2161  216.2773 -999.9000    0.0000    0.0000    2.2020   90.4014
  89.3567 17277.0955  216.2763 -999.9000    0.0000    0.0000    2.8112   90.4014
  87.1784 17433.9749  215.8243 -999.9000    0.0000    0.0000    3.4841   90.3927
  85.0453 17590.8543  215.0334 -999.9000    0.0000    0.0000    4.3874   90.0754
  82.9608 17747.7337  214.7266 -999.9000    0.0000    0.0000    5.5479   90.9865
  80.9282 17904.6131  215.3874 -999.9000    0.0000    0.0000    6.6826   90.6807
  78.9484 18061.4925  216.0458 -999.9000    0.0000    0.0000    6.5629   90.4907
  77.0217 18218.3719  216.7324 -999.9000    0.0000    0.0000    5.5923   90.6714
  75.1483 18375.2513  217.8041 -999.9000    0.0000    0.0000    4.6255   90.9237
  73.3271 18532.1307  218.9193 -999.9000    0.0000    0.0000    3.9929   91.0464
  71.5556 18689.0101  219.0580 -999.9000    0.0000    0.0000    3.5168   90.9336
  69.8260 18845.8894  217.9556 -999.9000    0.0000    0.0000    2.8906   91.0562
  68.1227 19002.7688  217.6783 -999.9000    0.0000    0.0000    1.7479   91.7656
  66.4601 19159.6482  218.0412 -999.9000    0.0000    0.0000    0.7193   89.5288
  64.8418 19316.5276  218.5378 -999.9000    0.0000    0.0000    0.4150   87.4851
  63.2670 19473.4070  218.9544 -999.9000    0.0000    0.0000    0.9652   87.9468
  61.7318 19630.2864  219.5288 -999.9000    0.0000    0.0000    1.5613   88.3028
  60.2355 19787.1658  219.7549 -999.9000    0.0000    0.0000    2.3167   88.5476
  58.7762 19944.0452  219.4722 -999.9000    0.0000    0.0000    3.1716   88.9105
  57.3501 20100.9246  219.1071 -999.9000    0.0000    0.0000    3.6216   89.0671
  55.9562 20257.8040  218.8535 -999.9000    0.0000    0.0000    3.5695   88.9446
  54.5968 20414.6834  218.6318 -999.9000    0.0000    0.0000    3.3805   88.7725
  53.2731 20571.5628  218.5939 -999.9000    0.0000    0.0000    3.2179   88.6461
  51.9860 20728.4422  219.0504 -999.9000    0.0000    0.0000    3.0985   88.5640
  50.7361 20885.3216  220.3148 -999.9000    0.0000    0.0000    3.0368   88.5228
  49.5229 21042.2010  222.0985 -999.9000    0.0000    0.0000    3.0163   88.5126
  48.3394 21199.0804  221.4914 -999.9000    0.0000    0.0000    3.3865   88.5757
  47.1874 21355.9598  221.5695 -999.9000    0.0000    0.0000    4.5461   88.7747
  46.0647 21512.8392  221.9705 -999.9000    0.0000    0.0000    5.6102   88.9472
  44.9691 21669.7186  222.2157 -999.9000    0.0000    0.0000    5.8460   88.9570
  43.8989 21826.5980  222.2421 -999.9000    0.0000    0.0000    5.4858   88.8369
  42.8525 21983.4774  222.1103 -999.9000    0.0000    0.0000    5.0458   88.6697
  41.8295 22140.3568  221.8685 -999.9000    0.0000    0.0000    4.8147   88.5214
  40.8309 22297.2362  221.5450 -999.9000    0.0000    0.0000    4.7300   88.4316
  39.8584 22454.1156  221.1693 -999.9000    0.0000    0.0000    4.6996   88.4374
  38.9104 22610.9950  221.5679 -999.9000    0.0000    0.0000    4.8710   88.5046
  37.9838 22767.8744  222.8344 -999.9000    0.0000    0.0000    5.3005   88.5579
  37.0791 22924.7538  223.5325 -999.9000    0.0000    0.0000    5.6564   88.6106
  36.1962 23081.6332  223.6312 -999.9000    0.0000    0.0000    5.9224   88.6649
  35.3349 23238.5126  223.3486 -999.9000    0.0000    0.0000    6.1377   88.7211
  34.4951 23395.3920  222.9020 -999.9000    0.0000    0.0000    6.3421   88.7793
  33.6765 23552.2714  222.5094 -999.9000    0.0000    0.0000    6.5747   88.8396
  32.8792 23709.1508  222.3885 -999.9000    0.0000    0.0000    6.8753   88.9021
  32.1025 23866.0302  222.6814 -999.9000    0.0000    0.0000    7.2560   88.9664
  31.3447 24022.9095  223.2505 -999.9000    0.0000    0.0000    7.6285   89.0294
  30.6036 24179.7889  223.8939 -999.9000    0.0000    0.0000    7.8813   89.0878
  29.8779 24336.6683  224.3843 -999.9000    0.0000    0.0000    7.9224   89.1301
  29.1715 24493.5477  224.4323 -999.9000    0.0000    0.0000    7.8561   89.0898
  28.4842 24650.4271  224.2860 -999.9000    0.0000    0.0000    7.7349   88.9796
  27.8138 24807.3065  224.3142 -999.9000    0.0000    0.0000    7.5730   88.8366
  27.1583 24964.1859  224.8838 -999.9000    0.0000    0.0000    7.3838   88.6979
  26.5173 25121.0653  226.0559 -999.9000    0.0000    0.0000    7.1882   88.5852
  25.8939 25277.9447  227.2424 -999.9000    0.0000    0.0000    7.0210   88.4883
  25.2914 25434.8241  227.7725 -999.9000    0.0000    0.0000    6.9190   88.3927
  24.7096 25591.7035  227.2799 -999.9000    0.0000    0.0000    6.9637   88.3136
  24.1354 25748.5829  226.7499 -999.9000    0.0000    0.0000    7.3160   88.3442
  23.5706 25905.4623  226.5153 -999.9000    0.0000    0.0000    7.8783   88.4419
  23.0189 26062.3417  226.7852 -999.9000    0.0000    0.0000    8.5259   88.5480
  22.4826 26219.2211  227.6250 -999.9000    0.0000    0.0000    9.1581   88.6216
  21.9608 26376.1005  228.7286 -999.9000    0.0000    0.0000    9.7367   88.6692
  21.4521 26532.9799  229.7311 -999.9000    0.0000    0.0000   10.2334   88.7041
  20.9548 26689.8593  230.2676 -999.9000    0.0000    0.0000   10.6199   88.7401
  20.4676 26846.7387  229.9731 -999.9000    0.0000    0.0000   10.8679   88.7908
  19.9891 27003.6181  228.5178 -999.9000    0.0000    0.0000   10.9421   88.8671
  19.5243 27160.4975  227.6233 -999.9000    0.0000    0.0000   10.4810   88.8331
  19.0752 27317.3769  228.0768 -999.9000    0.0000    0.0000    9.5565   88.6652
  18.6391 27474.2563  229.2978 -999.9000    0.0000    0.0000    8.5633   88.4541
  18.2135 27631.1357  230.7060 -999.9000    0.0000    0.0000    7.8960   88.2905
  17.7959 27788.0151  231.7300 -999.9000    0.0000    0.0000    7.9261   88.2601
  17.3864 27944.8945  232.0227 -999.9000    0.0000    0.0000    8.4750   88.3267
  16.9866 28101.7739  231.6102 -999.9000    0.0000    0.0000    9.0614   88.3867
  16.5963 28258.6533  230.7891 -999.9000    0.0000    0.0000    9.6507   88.4341
  16.2153 28415.5327  229.8833 -999.9000    0.0000    0.0000   10.2575   88.4734
  15.8432 28572.4121  229.2164 -999.9000    0.0000    0.0000   10.8966   88.5095
  15.4798 28729.2915  229.1062 -999.9000    0.0000    0.0000   11.5803   88.5468
  15.1246 28886.1709  229.5138 -999.9000    0.0000    0.0000   12.2066   88.5881
  14.7769 29043.0503  229.8824 -999.9000    0.0000    0.0000   12.5118   88.6333
  14.4368 29199.9296  230.0479 -999.9000    0.0000    0.0000   12.4310   88.6841
  14.1043 29356.8090  230.1479 -999.9000    0.0000    0.0000   12.0458   88.7433
  13.7798 29513.6884  230.3255 -999.9000    0.0000    0.0000   11.4409   88.8140
  13.4633 29670.5678  230.7243 -999.9000    0.0000    0.0000   10.7006   88.8992
  13.1552 29827.4472  231.4875 -999.9000    0.0000    0.0000    9.9094   89.0018
  12.8555 29984.3266  232.7017 -999.9000    0.0000    0.0000    9.1497   89.1215
  12.5638 30141.2060  234.0542 -999.9000    0.0000    0.0000    8.4898   89.2343
  12.2794 30298.0854  235.0633 -999.9000    0.0000    0.0000    7.9916   89.3059
  12.0018 30454.9648  235.2462 -999.9000    0.0000    0.0000    7.7175   89.3022
  11.7304 30611.8442  234.3749 -999.9000    0.0000    0.0000    7.6884   89.2026
  11.4650 30768.7236  233.2610 -999.9000    0.0000    0.0000    7.7592   89.0420
  11.2056 30925.6030  232.9810 -999.9000    0.0000    0.0000    7.7424   88.8691
  10.9522 31082.4824  234.1867 -999.9000    0.0000    0.0000    7.5178   88.7216
  10.7056 31239.3618  235.7178 -999.9000    0.0000    0.0000    7.2548   88.5894
  10.4661 31396.2412  236.2561 -999.9000    0.0000    0.0000    7.1504   88.4534
  10.2318 31553.1206  235.8815 -999.9000    0.0000    0.0000    7.1902   88.3118
  10.0000 31710.0000  235.0489 -999.9000    0.0000    0.0000    7.3034   88.1674
