# 06610 LSMP Payerne Observations at 12Z 30 Jul 2008
# Radiosonde file generated by raso.rb
#
  P [hPa],     Z [m],    T [K],   Td [K],   RH [%], r [g/kg], WS [m/s], WD [deg]
 962.0000   491.0000  298.5326 -999.9000   66.2078   13.6900    1.7287   93.0543
 944.6891   647.8794  296.5300 -999.9000   67.7608   12.6302    4.1293   92.6754
 927.6873   804.7588  295.1918 -999.9000   79.4937   13.9071    1.7088   92.9144
 911.0964   961.6382  293.9469 -999.9000   79.9454   14.4362    0.1100   88.9012
 894.7070  1118.5176  293.0513 -999.9000   79.9382   14.3064    0.8027   90.9797
 878.5406  1275.3970  292.7898 -999.9000   79.9968   13.3485    1.7506   90.6229
 862.6769  1432.2764  291.4382 -999.9000   80.9014   13.5129    1.9540   90.4248
 846.9845  1589.1558  290.2159 -999.9000   80.2139   13.9027    3.5402   90.3491
 831.5533  1746.0352  289.8813 -999.9000   80.6826   13.2228    4.4117   90.3950
 816.3570  1902.9146  288.5732 -999.9000   80.5622   11.9693    5.5120   90.4496
 801.3249  2059.7940  286.9832 -999.9000   80.2736   11.5640    6.1361   90.4939
 786.5365  2216.6734  285.6239 -999.9000   80.1101   10.4184    6.8903   90.5367
 771.9169  2373.5528  284.3828 -999.9000   80.4874    8.7627    8.0925   90.5644
 757.5041  2530.4322  283.3132 -999.9000   80.3448    8.5006    8.6388   90.6155
 743.3854  2687.3116  282.7249 -999.9000   77.6951    7.5803    7.5476   90.6080
 729.2940  2844.1910  281.6357 -999.9000   60.3180    5.5688    7.3243   90.6173
 715.5826  3001.0704  280.5719 -999.9000   50.0649    4.3807    8.9265   90.6971
 702.0616  3157.9497  279.3707 -999.9000   51.5400    4.2344   10.2322   90.7782
 688.7126  3314.8291  277.8745 -999.9000   58.8452    4.4448   10.3468   90.8007
 675.5482  3471.7085  276.2279 -999.9000   68.1217    4.6752   10.6228   90.8205
 662.5494  3628.5879  274.7311 -999.9000   74.0501    4.6607   11.2565   90.8487
 649.7305  3785.4673  273.7005 -999.9000   67.1824    4.0055   11.5799   90.8627
 637.1240  3942.3467  272.8253 -999.9000   55.0665    3.1437   10.9300   90.9118
 624.7467  4099.2261  271.7878 -999.9000   50.0968    2.7055    9.4141   91.0167
 612.5275  4256.1055  270.7041 -999.9000   50.0283    2.5464    9.0145   91.0465
 600.5160  4412.9849  270.0724 -999.9000   38.1586    1.8919    9.3289   91.0390
 588.7253  4569.8643  269.4531 -999.9000   22.7322    1.0986    9.5482   91.0433
 577.1128  4726.7437  268.1360 -999.9000   18.1433    0.8108    9.6348   91.0483
 565.6299  4883.6231  267.2767 -999.9000   17.0134    0.7276    9.6341   91.0538
 554.4053  5040.5025  266.6923 -999.9000   13.4829    0.5634    8.9824   91.1400
 543.3471  5197.3819  265.9955 -999.9000   12.8248    0.5190    8.2414   91.2153
 532.4739  5354.2613  264.9497 -999.9000   22.1787    0.8459    8.6844   91.2112
 521.8251  5511.1407  263.8828 -999.9000   24.0249    0.8613    9.4768   91.1806
 511.3144  5668.0201  263.0740 -999.9000   14.0871    0.4842   10.1937   91.1583
 500.9731  5824.8995  261.7155 -999.9000   12.9735    0.4090   10.9304   91.1344
 490.8286  5981.7789  260.0874 -999.9000   18.4028    0.5200   11.1188   91.1143
 480.7236  6138.6583  258.9579 -999.9000   29.2359    0.7703   11.4845   91.0832
 470.8214  6295.5377  257.6548 -999.9000   31.5029    0.7621   11.6116   91.0728
 461.0900  6452.4171  256.2127 -999.9000   30.8394    0.6762   11.3603   90.9894
 451.4963  6609.2965  254.8972 -999.9000   32.0162    0.6422   10.3760   90.8335
 442.0676  6766.1759  253.8071 -999.9000   32.5934    0.6091    9.5062   90.7116
 432.8253  6923.0553  252.8270 -999.9000   32.3125    0.5674   10.4332   90.6964
 423.7241  7079.9347  251.4021 -999.9000   36.0195    0.5712   11.3279   90.7318
 414.7432  7236.8141  249.6785 -999.9000   41.2456    0.5742   11.1354   90.7585
 405.9174  7393.6935  248.6643 -999.9000   31.8344    0.4138   11.3684   90.7794
 397.1974  7550.5729  247.3581 -999.9000   27.2504    0.3219   11.6349   90.7881
 388.6475  7707.4523  245.9455 -999.9000   31.1742    0.3308   11.7730   90.8405
 380.2876  7864.3317  244.9099 -999.9000   34.8245    0.3433   11.9963   90.9010
 372.0784  8021.2111  244.0729 -999.9000   39.0945    0.3645   12.1309   90.8924
 363.9826  8178.0905  243.2602 -999.9000   45.2196    0.3994   12.0228   90.7526
 356.0087  8334.9698  242.3879 -999.9000   54.4578    0.4529   11.9834   90.7678
 348.2042  8491.8492  241.4747 -999.9000   60.5819    0.5188   12.5598   91.3797
 340.5609  8648.7286  240.6035 -999.9000   64.9730    0.5272   12.7655   91.7004
 333.0575  8805.6080  239.7240 -999.9000   65.5816    0.4852   12.6785   91.6152
 325.6771  8962.4874  238.7359 -999.9000   65.0088    0.4338   12.9453   91.4555
 318.4095  9119.3668  237.5230 -999.9000   65.7994    0.3977   13.8351   91.4682
 311.2701  9276.2462  235.8756 -999.9000   60.6977    0.3338   13.9622   91.4746
 304.2599  9433.1256  234.2955 -999.9000   55.5184    0.2938   14.1545   91.4194
 297.3812  9590.0050  233.2042 -999.9000   50.6771    0.2688   14.6040   91.3896
 290.6045  9746.8844  231.9529 -999.9000   45.4716    0.2331   14.8997   91.3805
 283.9369  9903.7638  230.5534 -999.9000   45.7709    0.2031   15.2446   91.3479
 277.3870 10060.6432  229.0517 -999.9000   45.6227    0.1789   15.6014   91.3074
 270.9631 10217.5226  227.4875 -999.9000   45.5611    0.1538   15.8382   91.2950
 264.6694 10374.4020  225.9351 -999.9000   45.6720    0.1244   15.8650   91.3378
 258.4744 10531.2814  224.7013 -999.9000   45.1818    0.1097   15.9831   91.3756
 252.3757 10688.1608  223.6683 -999.9000   45.4991    0.1034   16.2218   91.3933
 246.3812 10845.0402  222.6072 -999.9000   40.2225    0.0916   16.4994   91.3978
 240.4896 11001.9196  221.4107 -999.9000   35.6683    0.0742   16.7632   91.3965
 234.6950 11158.7990  220.0738 -999.9000   35.9229    0.0604   16.9839   91.3968
 229.0082 11315.6784  218.6931 -999.9000   35.4676    0.0528   17.1555   91.3986
 223.4492 11472.5578  217.4164 -999.9000   34.9414    0.0500   17.2844   91.3982
 218.0236 11629.4372  216.2199 -999.9000   30.1001    0.0480   17.0889   91.4126
 212.6609 11786.3166  214.5545 -999.9000   25.5858    0.0350   15.4186   91.5070
 207.3913 11943.1960  213.7316 -999.9000   23.7541    0.0295   14.2534   91.4951
 202.2510 12100.0754  214.4456 -999.9000   17.9936    0.0410   13.9646   91.5711
 197.2536 12256.9548  215.8549 -999.9000    9.0924    0.0304   11.9828   92.1270
 192.4469 12413.8342  218.2579 -999.9000    2.6439    0.0062   12.4528   91.9985
 187.8076 12570.7136  218.0836 -999.9000    0.2369    0.0003   12.7158   91.9213
 183.2603 12727.5930  216.8566 -999.9000    0.2954    0.0003   12.4444   91.8946
 178.8033 12884.4724  216.4512 -999.9000    0.0000    0.0000   12.2321   91.8603
 174.4458 13041.3518  216.8613 -999.9000    0.0133    0.0000   12.3857   91.7991
 170.1876 13198.2312  217.0925 -999.9000    0.0000    0.0000   12.9310   91.6668
 166.0391 13355.1106  217.2655 -999.9000    0.0000    0.0000   13.5703   91.5392
 162.0101 13511.9899  216.8929 -999.9000    0.0002    0.0000   13.8881   91.4198
 158.0706 13668.8693  215.9106 -999.9000    0.0000    0.0000   13.5227   91.3880
 154.1974 13825.7487  215.0381 -999.9000    0.0000    0.0000   12.3782   91.4693
 150.4126 13982.6281  214.9707 -999.9000    0.0000    0.0000   10.4796   91.5650
 146.7292 14139.5075  215.8977 -999.9000    0.0000    0.0000   10.4151   91.5673
 143.1108 14296.3869  214.1176 -999.9000    0.0000    0.0000   10.3456   91.5696
 139.5597 14453.2663  216.5324 -999.9000    0.0000    0.0000   10.3226   91.5684
 136.1266 14610.1457  214.1935 -999.9000    0.0000    0.0000   10.3211   91.5540
 132.7619 14767.0251  213.3215 -999.9000    0.0000    0.0000   10.3226   91.5347
 129.4754 14923.9045  214.3195 -999.9000    0.0000    0.0000   10.3214   91.5197
 126.2897 15080.7839  215.4297 -999.9000    0.0000    0.0000   10.3086   91.5108
 123.1790 15237.6633  216.6642 -999.9000    0.0000    0.0000   10.3224   91.4644
 120.1481 15394.5427  217.1465 -999.9000    0.0000    0.0000   10.1767   91.3748
 117.2138 15551.4221  216.5133 -999.9000    0.0000    0.0000    9.8118   91.2661
 114.3435 15708.3015  216.4312 -999.9000    0.0000    0.0000    9.4851   91.1464
 111.5416 15865.1809  216.2010 -999.9000    0.0000    0.0000    8.8992   91.1933
 108.8149 16022.0603  217.5278 -999.9000    0.0000    0.0000    8.0799   91.4869
 106.1648 16178.9397  217.5953 -999.9000    0.0000    0.0000    7.6136   91.3484
 103.5767 16335.8191  217.2411 -999.9000    0.0000    0.0000    6.1786   91.9971
 101.0524 16492.6985  219.2974 -999.9000    0.0000    0.0000    1.6969   90.4089
  98.6148 16649.5779  217.9150 -999.9000    0.0000    0.0000    0.9178   90.4014
  96.2203 16806.4573  217.1822 -999.9000    0.0000    0.0000    0.0877   90.4014
  93.8688 16963.3367  216.4715 -999.9000    0.0000    0.0000    1.1668   90.4014
  91.5836 17120.2161  216.3539 -999.9000    0.0000    0.0000    2.0315   90.4014
  89.3567 17277.0955  216.3324 -999.9000    0.0000    0.0000    2.6628   90.4014
  87.1784 17433.9749  215.8590 -999.9000    0.0000    0.0000    3.3573   90.3927
  85.0453 17590.8543  215.0457 -999.9000    0.0000    0.0000    4.2820   90.0754
  82.9608 17747.7337  214.7157 -999.9000    0.0000    0.0000    5.4633   90.9865
  80.9282 17904.6131  215.3526 -999.9000    0.0000    0.0000    6.6180   90.6807
  78.9484 18061.4925  215.9865 -999.9000    0.0000    0.0000    6.5174   90.4907
  77.0217 18218.3719  216.6480 -999.9000    0.0000    0.0000    5.5650   90.6714
  75.1483 18375.2513  217.6945 -999.9000    0.0000    0.0000    4.6153   90.9237
  73.3271 18532.1307  218.7843 -999.9000    0.0000    0.0000    3.9989   91.0464
  71.5556 18689.0101  218.8978 -999.9000    0.0000    0.0000    3.5377   90.9336
  69.8260 18845.8894  217.7703 -999.9000    0.0000    0.0000    2.9253   91.0562
  68.1227 19002.7688  217.4683 -999.9000    0.0000    0.0000    1.7950   91.7656
  66.4601 19159.6482  217.8071 -999.9000    0.0000    0.0000    0.7776   89.5288
  64.8418 19316.5276  218.2803 -999.9000    0.0000    0.0000    0.4830   87.4851
  63.2670 19473.4070  218.6743 -999.9000    0.0000    0.0000    1.0414   87.9468
  61.7318 19630.2864  219.2272 -999.9000    0.0000    0.0000    1.6444   88.3028
  60.2355 19787.1658  219.4330 -999.9000    0.0000    0.0000    2.4049   88.5476
  58.7762 19944.0452  219.1315 -999.9000    0.0000    0.0000    3.2632   88.9105
  57.3501 20100.9246  218.7490 -999.9000    0.0000    0.0000    3.7150   89.0671
  55.9562 20257.8040  218.4797 -999.9000    0.0000    0.0000    3.6628   88.9446
  54.5968 20414.6834  218.2442 -999.9000    0.0000    0.0000    3.4720   88.7725
  53.2731 20571.5628  218.1945 -999.9000    0.0000    0.0000    3.3055   88.6461
  51.9860 20728.4422  218.6415 -999.9000    0.0000    0.0000    3.1803   88.5640
  50.7361 20885.3216  219.8988 -999.9000    0.0000    0.0000    3.1108   88.5228
  49.5229 21042.2010  221.6778 -999.9000    0.0000    0.0000    3.0803   88.5126
  48.3394 21199.0804  221.0688 -999.9000    0.0000    0.0000    3.4383   88.5757
  47.1874 21355.9598  221.1477 -999.9000    0.0000    0.0000    4.5834   88.7747
  46.0647 21512.8392  221.5526 -999.9000    0.0000    0.0000    5.6310   88.9472
  44.9691 21669.7186  221.8043 -999.9000    0.0000    0.0000    5.8483   88.9570
  43.8989 21826.5980  221.8397 -999.9000    0.0000    0.0000    5.4681   88.8369
  42.8525 21983.4774  221.7191 -999.9000    0.0000    0.0000    5.0067   88.6697
  41.8295 22140.3568  221.4906 -999.9000    0.0000    0.0000    4.7533   88.5214
  40.8309 22297.2362  221.1824 -999.9000    0.0000    0.0000    4.6455   88.4316
  39.8584 22454.1156  220.8236 -999.9000    0.0000    0.0000    4.5917   88.4374
  38.9104 22610.9950  221.2406 -999.9000    0.0000    0.0000    4.7397   88.5046
  37.9838 22767.8744  222.5267 -999.9000    0.0000    0.0000    5.1459   88.5579
  37.0791 22924.7538  223.2455 -999.9000    0.0000    0.0000    5.4791   88.6106
  36.1962 23081.6332  223.3658 -999.9000    0.0000    0.0000    5.7232   88.6649
  35.3349 23238.5126  223.1053 -999.9000    0.0000    0.0000    5.9177   88.7211
  34.4951 23395.3920  222.6813 -999.9000    0.0000    0.0000    6.1027   88.7793
  33.6765 23552.2714  222.3116 -999.9000    0.0000    0.0000    6.3177   88.8396
  32.8792 23709.1508  222.2135 -999.9000    0.0000    0.0000    6.6028   88.9021
  32.1025 23866.0302  222.5291 -999.9000    0.0000    0.0000    6.9703   88.9664
  31.3447 24022.9095  223.1206 -999.9000    0.0000    0.0000    7.3321   89.0294
  30.6036 24179.7889  223.7858 -999.9000    0.0000    0.0000    7.5772   89.0878
  29.8779 24336.6683  224.2971 -999.9000    0.0000    0.0000    7.6139   89.1301
  29.1715 24493.5477  224.3651 -999.9000    0.0000    0.0000    7.5467   89.0898
  28.4842 24650.4271  224.2375 -999.9000    0.0000    0.0000    7.4285   88.9796
  27.8138 24807.3065  224.2830 -999.9000    0.0000    0.0000    7.2736   88.8366
  27.1583 24964.1859  224.8684 -999.9000    0.0000    0.0000    7.0958   88.6979
  26.5173 25121.0653  226.0548 -999.9000    0.0000    0.0000    6.9155   88.5852
  25.8939 25277.9447  227.2542 -999.9000    0.0000    0.0000    6.7672   88.4883
  25.2914 25434.8241  227.7959 -999.9000    0.0000    0.0000    6.6873   88.3927
  24.7096 25591.7035  227.3135 -999.9000    0.0000    0.0000    6.7570   88.3136
  24.1354 25748.5829  226.7924 -999.9000    0.0000    0.0000    7.1369   88.3442
  23.5706 25905.4623  226.5656 -999.9000    0.0000    0.0000    7.7289   88.4419
  23.0189 26062.3417  226.8421 -999.9000    0.0000    0.0000    8.4080   88.5480
  22.4826 26219.2211  227.6875 -999.9000    0.0000    0.0000    9.0733   88.6216
  21.9608 26376.1005  228.7956 -999.9000    0.0000    0.0000    9.6860   88.6692
  21.4521 26532.9799  229.8018 -999.9000    0.0000    0.0000   10.2176   88.7041
  20.9548 26689.8593  230.3410 -999.9000    0.0000    0.0000   10.6394   88.7401
  20.4676 26846.7387  230.0484 -999.9000    0.0000    0.0000   10.9227   88.7908
  19.9891 27003.6181  228.5943 -999.9000    0.0000    0.0000   11.0320   88.8671
  19.5243 27160.4975  227.7003 -999.9000    0.0000    0.0000   10.6053   88.8331
  19.0752 27317.3769  228.1536 -999.9000    0.0000    0.0000    9.7142   88.6652
  18.6391 27474.2563  229.3738 -999.9000    0.0000    0.0000    8.7530   88.4541
  18.2135 27631.1357  230.7808 -999.9000    0.0000    0.0000    8.1160   88.2905
  17.7959 27788.0151  231.8031 -999.9000    0.0000    0.0000    8.1744   88.2601
  17.3864 27944.8945  232.0936 -999.9000    0.0000    0.0000    8.7491   88.3267
  16.9866 28101.7739  231.6787 -999.9000    0.0000    0.0000    9.3585   88.3867
  16.5963 28258.6533  230.8549 -999.9000    0.0000    0.0000    9.9678   88.4341
  16.2153 28415.5327  229.9462 -999.9000    0.0000    0.0000   10.5910   88.4734
  15.8432 28572.4121  229.2762 -999.9000    0.0000    0.0000   11.2427   88.5095
  15.4798 28729.2915  229.1628 -999.9000    0.0000    0.0000   11.9348   88.5468
  15.1246 28886.1709  229.5673 -999.9000    0.0000    0.0000   12.5649   88.5881
  14.7769 29043.0503  229.9328 -999.9000    0.0000    0.0000   12.8691   88.6333
  14.4368 29199.9296  230.0952 -999.9000    0.0000    0.0000   12.7820   88.6841
  14.1043 29356.8090  230.1923 -999.9000    0.0000    0.0000   12.3850   88.7433
  13.7798 29513.6884  230.3673 -999.9000    0.0000    0.0000   11.7622   88.8140
  13.4633 29670.5678  230.7636 -999.9000    0.0000    0.0000   10.9977   88.8992
  13.1552 29827.4472  231.5248 -999.9000    0.0000    0.0000   10.1756   89.0018
  12.8555 29984.3266  232.7373 -999.9000    0.0000    0.0000    9.3780   89.1215
  12.5638 30141.2060  234.0886 -999.9000    0.0000    0.0000    8.6728   89.2343
  12.2794 30298.0854  235.0970 -999.9000    0.0000    0.0000    8.1217   89.3059
  12.0018 30454.9648  235.2798 -999.9000    0.0000    0.0000    7.7865   89.3022
  11.7304 30611.8442  234.4091 -999.9000    0.0000    0.0000    7.6879   89.2026
  11.4650 30768.7236  233.2965 -999.9000    0.0000    0.0000    7.6804   89.0420
  11.2056 30925.6030  233.0186 -999.9000    0.0000    0.0000    7.5762   88.8691
  10.9522 31082.4824  234.2271 -999.9000    0.0000    0.0000    7.2547   88.7216
  10.7056 31239.3618  235.7620 -999.9000    0.0000    0.0000    6.8848   88.5894
  10.4661 31396.2412  236.3049 -999.9000    0.0000    0.0000    6.6634   88.4534
  10.2318 31553.1206  235.9361 -999.9000    0.0000    0.0000    6.5757   88.3118
  10.0000 31710.0000  235.1103 -999.9000    0.0000    0.0000    6.5504   88.1674
