# 06610 LSMP Payerne Observations at 12Z 30 Jul 2008
# Radiosonde file generated by raso.rb
#
  P [hPa],     Z [m],    T [K],   Td [K],   RH [%], r [g/kg], WS [m/s], WD [deg]
 962.0000   491.0000  298.0530 -999.9000   66.3202   13.6900    1.8980   93.0543
 944.6891   647.8794  296.0089 -999.9000   67.8671   12.6302    4.3961   92.6754
 927.6873   804.7588  294.6342 -999.9000   79.6088   13.9071    2.0626   92.9144
 911.0964   961.6382  293.3576 -999.9000   80.0525   14.4362    0.3206   92.0428
 894.7070  1118.5176  292.4351 -999.9000   80.0375   14.3064    1.3003   90.9797
 878.5406  1275.3970  292.1511 -999.9000   80.0892   13.3485    2.3059   90.6229
 862.6769  1432.2764  290.7814 -999.9000   80.9885   13.5129    2.5580   90.4248
 846.9845  1589.1558  289.5451 -999.9000   80.2948   13.9027    4.1843   90.3491
 831.5533  1746.0352  289.2006 -999.9000   80.7593   13.2228    5.0878   90.3950
 816.3570  1902.9146  287.8865 -999.9000   80.6346   11.9693    6.2121   90.4496
 801.3249  2059.7940  286.2941 -999.9000   80.3424   11.5640    6.8529   90.4939
 786.5365  2216.6734  284.9360 -999.9000   80.1761   10.4184    7.6166   90.5367
 771.9169  2373.5528  283.6993 -999.9000   80.5516    8.7627    8.8217   90.5644
 757.5041  2530.4322  282.6375 -999.9000   80.4074    8.5006    9.3646   90.6155
 743.3854  2687.3116  282.0600 -999.9000   77.7547    7.5803    8.2640   90.6080
 729.2940  2844.1910  280.9844 -999.9000   60.3640    5.5688    8.0257   90.6173
 715.5826  3001.0704  279.9369 -999.9000   50.1031    4.3807    9.6079   90.6971
 702.0616  3157.9497  278.7545 -999.9000   51.5797    4.2344   10.8886   90.7782
 688.7126  3314.8291  277.2795 -999.9000   58.8912    4.4448   10.9739   90.8007
 675.5482  3471.7085  275.6564 -999.9000   68.1762    4.6752   11.2166   90.8205
 662.5494  3628.5879  274.1851 -999.9000   74.1111    4.6607   11.8134   90.8487
 649.7305  3785.4673  273.1818 -999.9000   67.2395    4.0055   12.0966   90.8627
 637.1240  3942.3467  272.3357 -999.9000   55.1151    3.1437   11.4036   90.9118
 624.7467  4099.2261  271.3288 -999.9000   50.1427    2.7055    9.8421   91.0167
 612.5275  4256.1055  270.2772 -999.9000   50.0761    2.5464    9.3948   91.0465
 600.5160  4412.9849  269.6787 -999.9000   38.1966    1.8919    9.6598   91.0390
 588.7253  4569.8643  269.0937 -999.9000   22.7558    1.0986    9.8283   91.0433
 577.1128  4726.7437  267.8118 -999.9000   18.1630    0.8108    9.8631   91.0483
 565.6299  4883.6231  266.9884 -999.9000   17.0326    0.7276    9.8101   91.0538
 554.4053  5040.5025  266.4405 -999.9000   13.4988    0.5634    9.1058   91.1400
 543.3471  5197.3819  265.7806 -999.9000   12.8406    0.5190    8.3124   91.2153
 532.4739  5354.2613  264.7719 -999.9000   22.2072    0.8459    8.7035   91.2112
 521.8251  5511.1407  263.7421 -999.9000   24.0570    0.8613    9.4451   91.1806
 511.3144  5668.0201  262.9704 -999.9000   14.1067    0.4842   10.1123   91.1583
 500.9731  5824.8995  261.6486 -999.9000   12.9922    0.4090   10.8012   91.1344
 490.8286  5981.7789  260.0569 -999.9000   18.4303    0.5200   10.9438   91.1143
 480.7236  6138.6583  258.9632 -999.9000   29.2810    0.7703   11.2661   91.0832
 470.8214  6295.5377  257.6951 -999.9000   31.5530    0.7621   11.3527   91.0728
 461.0900  6452.4171  256.2871 -999.9000   30.8899    0.6762   11.0641   90.9894
 451.4963  6609.2965  255.0047 -999.9000   32.0701    0.6422   10.0462   90.8335
 442.0676  6766.1759  253.9463 -999.9000   32.6497    0.6091    9.1466   90.7116
 432.8253  6923.0553  252.9966 -999.9000   32.3695    0.5674   10.0483   90.6964
 423.7241  7079.9347  251.6005 -999.9000   36.0844    0.5712   10.9224   90.7318
 414.7432  7236.8141  249.9038 -999.9000   41.3214    0.5742   10.7145   90.7585
 405.9174  7393.6935  248.9148 -999.9000   31.8938    0.4138   10.9375   90.7794
 397.1974  7550.5729  247.6316 -999.9000   27.3019    0.3219   11.1999   90.7881
 388.6475  7707.4523  246.2400 -999.9000   31.2338    0.3308   11.3395   90.8405
 380.2876  7864.3317  245.2232 -999.9000   34.8917    0.3433   11.5696   90.9010
 372.0784  8021.2111  244.4031 -999.9000   39.1703    0.3645   11.7157   90.8924
 363.9826  8178.0905  243.6051 -999.9000   45.3078    0.3994   11.6237   90.7526
 356.0087  8334.9698  242.7454 -999.9000   54.5642    0.4529   11.6042   90.7678
 348.2042  8491.8492  241.8427 -999.9000   60.7003    0.5188   12.2042   91.3797
 340.5609  8648.7286  240.9801 -999.9000   65.0997    0.5272   12.4366   91.7004
 333.0575  8805.6080  240.1071 -999.9000   65.7090    0.4852   12.3791   91.6152
 325.6771  8962.4874  239.1234 -999.9000   65.1342    0.4338   12.6777   91.4555
 318.4095  9119.3668  237.9130 -999.9000   65.9254    0.3977   13.6011   91.4682
 311.2701  9276.2462  236.2659 -999.9000   60.8127    0.3338   13.7634   91.4746
 304.2599  9433.1256  234.6842 -999.9000   55.6222    0.2938   13.9920   91.4194
 297.3812  9590.0050  233.5894 -999.9000   50.7705    0.2688   14.4784   91.3896
 290.6045  9746.8844  232.3324 -999.9000   45.5541    0.2331   14.8112   91.3805
 283.9369  9903.7638  230.9254 -999.9000   45.8523    0.2031   15.1931   91.3479
 277.3870 10060.6432  229.4142 -999.9000   45.7021    0.1789   15.5864   91.3074
 270.9631 10217.5226  227.8385 -999.9000   45.6385    0.1538   15.8585   91.2950
 264.6694 10374.4020  226.2726 -999.9000   45.7475    0.1244   15.9194   91.3378
 258.4744 10531.2814  225.0235 -999.9000   45.2543    0.1097   16.0697   91.3756
 252.3757 10688.1608  223.9732 -999.9000   45.5697    0.1034   16.3382   91.3933
 246.3812 10845.0402  222.8929 -999.9000   40.2827    0.0916   16.6431   91.3978
 240.4896 11001.9196  221.6752 -999.9000   35.7196    0.0742   16.9312   91.3965
 234.6950 11158.7990  220.3154 -999.9000   35.9723    0.0604   17.1728   91.3968
 229.0082 11315.6784  218.9103 -999.9000   35.5142    0.0528   17.3624   91.3986
 223.4492 11472.5578  217.6079 -999.9000   34.9849    0.0500   17.5063   91.3982
 218.0236 11629.4372  216.3846 -999.9000   30.1356    0.0480   17.3230   91.4126
 212.6609 11786.3166  214.6916 -999.9000   25.6142    0.0350   15.6620   91.5070
 207.3913 11943.1960  213.8405 -999.9000   23.7788    0.0295   14.5034   91.4951
 202.2510 12100.0754  214.5261 -999.9000   18.0111    0.0410   14.2187   91.5711
 197.2536 12256.9548  215.9067 -999.9000    9.1006    0.0304   12.2384   92.1270
 192.4469 12413.8342  218.2812 -999.9000    2.6461    0.0062   12.7075   91.9985
 187.8076 12570.7136  218.0788 -999.9000    0.2371    0.0003   12.9673   91.9213
 183.2603 12727.5930  216.8241 -999.9000    0.2956    0.0003   12.6904   91.8946
 178.8033 12884.4724  216.3920 -999.9000    0.0000    0.0000   12.4706   91.8603
 174.4458 13041.3518  216.7764 -999.9000    0.0133    0.0000   12.6145   91.7991
 170.1876 13198.2312  216.9833 -999.9000    0.0000    0.0000   13.1482   91.6668
 166.0391 13355.1106  217.1334 -999.9000    0.0000    0.0000   13.7740   91.5392
 162.0101 13511.9899  216.7396 -999.9000    0.0002    0.0000   14.0765   91.4198
 158.0706 13668.8693  215.7382 -999.9000    0.0000    0.0000   13.6943   91.3880
 154.1974 13825.7487  214.8488 -999.9000    0.0000    0.0000   12.5312   91.4693
 150.4126 13982.6281  214.7670 -999.9000    0.0000    0.0000   10.6126   91.5650
 146.7292 14139.5075  215.6823 -999.9000    0.0000    0.0000   10.5268   91.5673
 143.1108 14296.3869  213.8934 -999.9000    0.0000    0.0000   10.4345   91.5696
 139.5597 14453.2663  216.3025 -999.9000    0.0000    0.0000   10.3876   91.5684
 136.1266 14610.1457  213.9611 -999.9000    0.0000    0.0000   10.3611   91.5540
 132.7619 14767.0251  213.0895 -999.9000    0.0000    0.0000   10.3368   91.5347
 129.4754 14923.9045  214.0906 -999.9000    0.0000    0.0000   10.3090   91.5197
 126.2897 15080.7839  215.2065 -999.9000    0.0000    0.0000   10.2693   91.5108
 123.1790 15237.6633  216.4489 -999.9000    0.0000    0.0000   10.2560   91.4644
 120.1481 15394.5427  216.9412 -999.9000    0.0000    0.0000   10.0832   91.3748
 117.2138 15551.4221  216.3198 -999.9000    0.0000    0.0000    9.6913   91.2661
 114.3435 15708.3015  216.2511 -999.9000    0.0000    0.0000    9.3382   91.1464
 111.5416 15865.1809  216.0358 -999.9000    0.0000    0.0000    8.7263   91.1933
 108.8149 16022.0603  217.3786 -999.9000    0.0000    0.0000    7.8820   91.4869
 106.1648 16178.9397  217.4631 -999.9000    0.0000    0.0000    7.3918   91.3484
 103.5767 16335.8191  217.1267 -999.9000    0.0000    0.0000    5.9341   91.9971
 101.0524 16492.6985  219.2013 -999.9000    0.0000    0.0000    1.4311   90.4089
  98.6148 16649.5779  217.8374 -999.9000    0.0000    0.0000    0.6325   90.4014
  96.2203 16806.4573  217.1234 -999.9000    0.0000    0.0000    0.2152   87.2598
  93.8688 16963.3367  216.4312 -999.9000    0.0000    0.0000    0.8483   90.4014
  91.5836 17120.2161  216.3318 -999.9000    0.0000    0.0000    1.6998   90.4014
  89.3567 17277.0955  216.3281 -999.9000    0.0000    0.0000    2.3203   90.4014
  87.1784 17433.9749  215.8716 -999.9000    0.0000    0.0000    3.0070   90.3927
  85.0453 17590.8543  215.0742 -999.9000    0.0000    0.0000    3.9266   90.0754
  82.9608 17747.7337  214.7589 -999.9000    0.0000    0.0000    5.1062   90.9865
  80.9282 17904.6131  215.4090 -999.9000    0.0000    0.0000    6.2624   90.6807
  78.9484 18061.4925  216.0547 -999.9000    0.0000    0.0000    6.1667   90.4907
  77.0217 18218.3719  216.7266 -999.9000    0.0000    0.0000    5.2223   90.6714
  75.1483 18375.2513  217.7820 -999.9000    0.0000    0.0000    4.2834   90.9237
  73.3271 18532.1307  218.8794 -999.9000    0.0000    0.0000    3.6803   91.0464
  71.5556 18689.0101  218.9993 -999.9000    0.0000    0.0000    3.2346   90.9336
  69.8260 18845.8894  217.8770 -999.9000    0.0000    0.0000    2.6396   91.0562
  68.1227 19002.7688  217.5790 -999.9000    0.0000    0.0000    1.5284   91.7656
  66.4601 19159.6482  217.9208 -999.9000    0.0000    0.0000    0.5313   89.5288
  64.8418 19316.5276  218.3960 -999.9000    0.0000    0.0000    0.2582   87.4851
  63.2670 19473.4070  218.7911 -999.9000    0.0000    0.0000    0.8389   87.9468
  61.7318 19630.2864  219.3443 -999.9000    0.0000    0.0000    1.4645   88.3028
  60.2355 19787.1658  219.5496 -999.9000    0.0000    0.0000    2.2479   88.5476
  58.7762 19944.0452  219.2468 -999.9000    0.0000    0.0000    3.1291   88.9105
  57.3501 20100.9246  218.8624 -999.9000    0.0000    0.0000    3.6033   89.0671
  55.9562 20257.8040  218.5907 -999.9000    0.0000    0.0000    3.5728   88.9446
  54.5968 20414.6834  218.3522 -999.9000    0.0000    0.0000    3.4027   88.7725
  53.2731 20571.5628  218.2990 -999.9000    0.0000    0.0000    3.2558   88.6461
  51.9860 20728.4422  218.7422 -999.9000    0.0000    0.0000    3.1486   88.5640
  50.7361 20885.3216  219.9953 -999.9000    0.0000    0.0000    3.0951   88.5228
  49.5229 21042.2010  221.7699 -999.9000    0.0000    0.0000    3.0787   88.5126
  48.3394 21199.0804  221.1563 -999.9000    0.0000    0.0000    3.4483   88.5757
  47.1874 21355.9598  221.2305 -999.9000    0.0000    0.0000    4.6024   88.7747
  46.0647 21512.8392  221.6306 -999.9000    0.0000    0.0000    5.6560   88.9472
  44.9691 21669.7186  221.8775 -999.9000    0.0000    0.0000    5.8767   88.9570
  43.8989 21826.5980  221.9080 -999.9000    0.0000    0.0000    5.4973   88.8369
  42.8525 21983.4774  221.7826 -999.9000    0.0000    0.0000    5.0344   88.6697
  41.8295 22140.3568  221.5493 -999.9000    0.0000    0.0000    4.7772   88.5214
  40.8309 22297.2362  221.2362 -999.9000    0.0000    0.0000    4.6635   88.4316
  39.8584 22454.1156  220.8726 -999.9000    0.0000    0.0000    4.6019   88.4374
  38.9104 22610.9950  221.2849 -999.9000    0.0000    0.0000    4.7402   88.5046
  37.9838 22767.8744  222.5663 -999.9000    0.0000    0.0000    5.1351   88.5579
  37.0791 22924.7538  223.2806 -999.9000    0.0000    0.0000    5.4555   88.6106
  36.1962 23081.6332  223.3964 -999.9000    0.0000    0.0000    5.6853   88.6649
  35.3349 23238.5126  223.1316 -999.9000    0.0000    0.0000    5.8645   88.7211
  34.4951 23395.3920  222.7035 -999.9000    0.0000    0.0000    6.0330   88.7793
  33.6765 23552.2714  222.3298 -999.9000    0.0000    0.0000    6.2306   88.8396
  32.8792 23709.1508  222.2279 -999.9000    0.0000    0.0000    6.4975   88.9021
  32.1025 23866.0302  222.5399 -999.9000    0.0000    0.0000    6.8462   88.9664
  31.3447 24022.9095  223.1280 -999.9000    0.0000    0.0000    7.1888   89.0294
  30.6036 24179.7889  223.7900 -999.9000    0.0000    0.0000    7.4143   89.0878
  29.8779 24336.6683  224.2985 -999.9000    0.0000    0.0000    7.4312   89.1301
  29.1715 24493.5477  224.3639 -999.9000    0.0000    0.0000    7.3443   89.0898
  28.4842 24650.4271  224.2340 -999.9000    0.0000    0.0000    7.2064   88.9796
  27.8138 24807.3065  224.2775 -999.9000    0.0000    0.0000    7.0321   88.8366
  27.1583 24964.1859  224.8613 -999.9000    0.0000    0.0000    6.8352   88.6979
  26.5173 25121.0653  226.0463 -999.9000    0.0000    0.0000    6.6364   88.5852
  25.8939 25277.9447  227.2447 -999.9000    0.0000    0.0000    6.4702   88.4883
  25.2914 25434.8241  227.7856 -999.9000    0.0000    0.0000    6.3732   88.3927
  24.7096 25591.7035  227.3027 -999.9000    0.0000    0.0000    6.4265   88.3136
  24.1354 25748.5829  226.7815 -999.9000    0.0000    0.0000    6.7909   88.3442
  23.5706 25905.4623  226.5547 -999.9000    0.0000    0.0000    7.3686   88.4419
  23.0189 26062.3417  226.8316 -999.9000    0.0000    0.0000    8.0344   88.5480
  22.4826 26219.2211  227.6775 -999.9000    0.0000    0.0000    8.6877   88.6216
  21.9608 26376.1005  228.7864 -999.9000    0.0000    0.0000    9.2897   88.6692
  21.4521 26532.9799  229.7937 -999.9000    0.0000    0.0000    9.8121   88.7041
  20.9548 26689.8593  230.3341 -999.9000    0.0000    0.0000   10.2263   88.7401
  20.4676 26846.7387  230.0429 -999.9000    0.0000    0.0000   10.5036   88.7908
  19.9891 27003.6181  228.5904 -999.9000    0.0000    0.0000   10.6088   88.8671
  19.5243 27160.4975  227.6982 -999.9000    0.0000    0.0000   10.1797   88.8331
  19.0752 27317.3769  228.1535 -999.9000    0.0000    0.0000    9.2883   88.6652
  18.6391 27474.2563  229.3758 -999.9000    0.0000    0.0000    8.3288   88.4541
  18.2135 27631.1357  230.7850 -999.9000    0.0000    0.0000    7.6957   88.2905
  17.7959 27788.0151  231.8097 -999.9000    0.0000    0.0000    7.7604   88.2601
  17.3864 27944.8945  232.1028 -999.9000    0.0000    0.0000    8.3437   88.3267
  16.9866 28101.7739  231.6905 -999.9000    0.0000    0.0000    8.9643   88.3867
  16.5963 28258.6533  230.8694 -999.9000    0.0000    0.0000    9.5873   88.4341
  16.2153 28415.5327  229.9635 -999.9000    0.0000    0.0000   10.2270   88.4734
  15.8432 28572.4121  229.2964 -999.9000    0.0000    0.0000   10.8979   88.5095
  15.4798 28729.2915  229.1861 -999.9000    0.0000    0.0000   11.6123   88.5468
  15.1246 28886.1709  229.5935 -999.9000    0.0000    0.0000   12.2677   88.5881
  14.7769 29043.0503  229.9621 -999.9000    0.0000    0.0000   12.6002   88.6333
  14.4368 29199.9296  230.1277 -999.9000    0.0000    0.0000   12.5448   88.6841
  14.1043 29356.8090  230.2279 -999.9000    0.0000    0.0000   12.1827   88.7433
  13.7798 29513.6884  230.4061 -999.9000    0.0000    0.0000   11.5984   88.8140
  13.4633 29670.5678  230.8057 -999.9000    0.0000    0.0000   10.8758   88.8992
  13.1552 29827.4472  231.5700 -999.9000    0.0000    0.0000   10.0995   89.0018
  12.8555 29984.3266  232.7857 -999.9000    0.0000    0.0000    9.3513   89.1215
  12.5638 30141.2060  234.1402 -999.9000    0.0000    0.0000    8.6995   89.2343
  12.2794 30298.0854  235.1517 -999.9000    0.0000    0.0000    8.2056   89.3059
  12.0018 30454.9648  235.3376 -999.9000    0.0000    0.0000    7.9318   89.3022
  11.7304 30611.8442  234.4699 -999.9000    0.0000    0.0000    7.8988   89.2026
  11.4650 30768.7236  233.3603 -999.9000    0.0000    0.0000    7.9612   89.0420
  11.2056 30925.6030  233.0852 -999.9000    0.0000    0.0000    7.9312   88.8691
  10.9522 31082.4824  234.2965 -999.9000    0.0000    0.0000    7.6884   88.7216
  10.7056 31239.3618  235.8341 -999.9000    0.0000    0.0000    7.4020   88.5894
  10.4661 31396.2412  236.3796 -999.9000    0.0000    0.0000    7.2687   88.4534
  10.2318 31553.1206  236.0133 -999.9000    0.0000    0.0000    7.2739   88.3118
  10.0000 31710.0000  235.1898 -999.9000    0.0000    0.0000    7.3465   88.1674
