# 06610 LSMP Payerne Observations at 12Z 30 Jul 2008
# Radiosonde file generated by raso.rb
#
  P [hPa],     Z [m],    T [K],   Td [K],   RH [%], r [g/kg], WS [m/s], WD [deg]
 962.0000   491.0000  297.9842 -999.9000   66.2595   13.6900    1.9985   93.0543
 944.6891   647.8794  296.0377 -999.9000   67.8285   12.6302    4.3991   92.6754
 927.6873   804.7588  294.7506 -999.9000   79.5889   13.9071    1.9771   92.9144
 911.0964   961.6382  293.5520 -999.9000   80.0555   14.4362    0.1552   92.0428
 894.7070  1118.5176  292.6982 -999.9000   80.0613   14.3064    1.0633   90.9797
 878.5406  1275.3970  292.4741 -999.9000   80.1314   13.3485    2.0054   90.6229
 862.6769  1432.2764  291.1558 -999.9000   81.0478   13.5129    2.2017   90.4248
 846.9845  1589.1558  289.9627 -999.9000   80.3680   13.9027    3.7797   90.3491
 831.5533  1746.0352  289.6537 -999.9000   80.8452   13.2228    4.6421   90.3950
 816.3570  1902.9146  288.3676 -999.9000   80.7309   11.9693    5.7322   90.4496
 801.3249  2059.7940  286.7963 -999.9000   80.4469   11.5640    6.3453   90.4939
 786.5365  2216.6734  285.4525 -999.9000   80.2870   10.4184    7.0878   90.5367
 771.9169  2373.5528  284.2241 -999.9000   80.6682    8.7627    8.2777   90.5644
 757.5041  2530.4322  283.1645 -999.9000   80.5272    8.5006    8.8112   90.6155
 743.3854  2687.3116  282.5836 -999.9000   77.8724    7.5803    7.7067   90.6080
 729.2940  2844.1910  281.4996 -999.9000   60.4556    5.5688    7.4698   90.6173
 715.5826  3001.0704  280.4389 -999.9000   50.1785    4.3807    9.0582   90.6971
 702.0616  3157.9497  279.2388 -999.9000   51.6558    4.2344   10.3499   90.7782
 688.7126  3314.8291  277.7421 -999.9000   58.9756    4.4448   10.4505   90.8007
 675.5482  3471.7085  276.0936 -999.9000   68.2698    4.6752   10.7126   90.8205
 662.5494  3628.5879  274.5936 -999.9000   74.2075    4.6607   11.3325   90.8487
 649.7305  3785.4673  273.5587 -999.9000   67.3213    4.0055   11.6425   90.8627
 637.1240  3942.3467  272.6784 -999.9000   55.1768    3.1437   10.9794   90.9118
 624.7467  4099.2261  271.6352 -999.9000   50.1934    2.7055    9.4509   91.0167
 612.5275  4256.1055  270.5454 -999.9000   50.1209    2.5464    9.0393   91.0465
 600.5160  4412.9849  269.9073 -999.9000   38.2259    1.8919    9.3423   91.0390
 588.7253  4569.8643  269.2816 -999.9000   22.7702    1.0986    9.5510   91.0433
 577.1128  4726.7437  267.9583 -999.9000   18.1719    0.8108    9.6278   91.0483
 565.6299  4883.6231  267.0931 -999.9000   17.0385    0.7276    9.6183   91.0538
 554.4053  5040.5025  266.5036 -999.9000   13.5014    0.5634    8.9589   91.1400
 543.3471  5197.3819  265.8024 -999.9000   12.8411    0.5190    8.2113   91.2153
 532.4739  5354.2613  264.7532 -999.9000   22.2045    0.8459    8.6490   91.2112
 521.8251  5511.1407  263.6841 -999.9000   24.0502    0.8613    9.4375   91.1806
 511.3144  5668.0201  262.8746 -999.9000   14.1004    0.4842   10.1520   91.1583
 500.9731  5824.8995  261.5170 -999.9000   12.9843    0.4090   10.8878   91.1344
 490.8286  5981.7789  259.8917 -999.9000   18.4161    0.5200   11.0770   91.1143
 480.7236  6138.6583  258.7670 -999.9000   29.2538    0.7703   11.4453   91.0832
 470.8214  6295.5377  257.4710 -999.9000   31.5188    0.7621   11.5768   91.0728
 461.0900  6452.4171  256.0384 -999.9000   30.8517    0.6762   11.3318   90.9894
 451.4963  6609.2965  254.7352 -999.9000   32.0256    0.6422   10.3561   90.8335
 442.0676  6766.1759  253.6601 -999.9000   32.5997    0.6091    9.4968   90.7116
 432.8253  6923.0553  252.6983 -999.9000   32.3155    0.5674   10.4368   90.6964
 423.7241  7079.9347  251.2949 -999.9000   36.0195    0.5712   11.3467   90.7318
 414.7432  7236.8141  249.5963 -999.9000   41.2420    0.5742   11.1719   90.7585
 405.9174  7393.6935  248.6108 -999.9000   31.8290    0.4138   11.4251   90.7794
 397.1974  7550.5729  247.3371 -999.9000   27.2436    0.3219   11.7146   90.7881
 388.6475  7707.4523  245.9607 -999.9000   31.1643    0.3308   11.8779   90.8405
 380.2876  7864.3317  244.9643 -999.9000   34.8112    0.3433   12.1286   90.9010
 372.0784  8021.2111  244.1693 -999.9000   39.0771    0.3645   12.2922   90.8924
 363.9826  8178.0905  243.4006 -999.9000   45.1972    0.3994   12.2144   90.7526
 356.0087  8334.9698  242.5739 -999.9000   54.4282    0.4529   12.2061   90.7678
 348.2042  8491.8492  241.7076 -999.9000   60.5466    0.5188   12.8144   91.3797
 340.5609  8648.7286  240.8839 -999.9000   64.9329    0.5272   13.0520   91.7004
 333.0575  8805.6080  240.0521 -999.9000   65.5393    0.4852   12.9969   91.6152
 325.6771  8962.4874  239.1115 -999.9000   64.9653    0.4338   13.2949   91.4555
 318.4095  9119.3668  237.9453 -999.9000   65.7544    0.3977   14.2150   91.4682
 311.2701  9276.2462  236.3433 -999.9000   60.6556    0.3338   14.3712   91.4746
 304.2599  9433.1256  234.8068 -999.9000   55.4797    0.2938   14.5910   91.4194
 297.3812  9590.0050  233.7570 -999.9000   50.6419    0.2688   15.0659   91.3896
 290.6045  9746.8844  232.5444 -999.9000   45.4405    0.2331   15.3846   91.3805
 283.9369  9903.7638  231.1806 -999.9000   45.7402    0.2031   15.7498   91.3479
 277.3870 10060.6432  229.7108 -999.9000   45.5932    0.1789   16.1238   91.3074
 270.9631 10217.5226  228.1743 -999.9000   45.5328    0.1538   16.3743   91.2950
 264.6694 10374.4020  226.6450 -999.9000   45.6453    0.1244   16.4110   91.3378
 258.4744 10531.2814  225.4293 -999.9000   45.1571    0.1097   16.5347   91.3756
 252.3757 10688.1608  224.4087 -999.9000   45.4764    0.1034   16.7744   91.3933
 246.3812 10845.0402  223.3540 -999.9000   40.2046    0.0916   17.0481   91.3978
 240.4896 11001.9196  222.1572 -999.9000   35.6546    0.0742   17.3028   91.3965
 234.6950 11158.7990  220.8137 -999.9000   35.9114    0.0604   17.5091   91.3968
 229.0082 11315.6784  219.4207 -999.9000   35.4588    0.0528   17.6617   91.3986
 223.4492 11472.5578  218.1263 -999.9000   34.9353    0.0500   17.7675   91.3982
 218.0236 11629.4372  216.9073 -999.9000   30.0973    0.0480   17.5451   91.4126
 212.6609 11786.3166  215.2153 -999.9000   25.5856    0.0350   15.8447   91.5070
 207.3913 11943.1960  214.3620 -999.9000   23.7559    0.0295   14.6465   91.4951
 202.2510 12100.0754  215.0427 -999.9000   17.9967    0.0410   14.3224   91.5711
 197.2536 12256.9548  216.4159 -999.9000    9.0948    0.0304   12.3035   92.1270
 192.4469 12413.8342  218.7808 -999.9000    2.6448    0.0062   12.7349   91.9985
 187.8076 12570.7136  218.5669 -999.9000    0.2370    0.0003   12.9586   91.9213
 183.2603 12727.5930  217.2993 -999.9000    0.2956    0.0003   12.6473   91.8946
 178.8033 12884.4724  216.8529 -999.9000    0.0000    0.0000   12.3951   91.8603
 174.4458 13041.3518  217.2221 -999.9000    0.0133    0.0000   12.5094   91.7991
 170.1876 13198.2312  217.4131 -999.9000    0.0000    0.0000   13.0163   91.6668
 166.0391 13355.1106  217.5471 -999.9000    0.0000    0.0000   13.6186   91.5392
 162.0101 13511.9899  217.1371 -999.9000    0.0002    0.0000   13.9012   91.4198
 158.0706 13668.8693  216.1198 -999.9000    0.0000    0.0000   13.5031   91.3880
 154.1974 13825.7487  215.2150 -999.9000    0.0000    0.0000   12.3287   91.4693
 150.4126 13982.6281  215.1188 -999.9000    0.0000    0.0000   10.4034   91.5650
 146.7292 14139.5075  216.0209 -999.9000    0.0000    0.0000   10.3161   91.5673
 143.1108 14296.3869  214.2202 -999.9000    0.0000    0.0000   10.2280   91.5696
 139.5597 14453.2663  216.6194 -999.9000    0.0000    0.0000   10.1910   91.5684
 136.1266 14610.1457  214.2699 -999.9000    0.0000    0.0000   10.1803   91.5540
 132.7619 14767.0251  213.3918 -999.9000    0.0000    0.0000   10.1769   91.5347
 129.4754 14923.9045  214.3880 -999.9000    0.0000    0.0000   10.1747   91.5197
 126.2897 15080.7839  215.5003 -999.9000    0.0000    0.0000   10.1645   91.5108
 123.1790 15237.6633  216.7403 -999.9000    0.0000    0.0000   10.1843   91.4644
 120.1481 15394.5427  217.2312 -999.9000    0.0000    0.0000   10.0474   91.3748
 117.2138 15551.4221  216.6092 -999.9000    0.0000    0.0000    9.6938   91.2661
 114.3435 15708.3015  216.5406 -999.9000    0.0000    0.0000    9.3807   91.1464
 111.5416 15865.1809  216.3259 -999.9000    0.0000    0.0000    8.8101   91.1933
 108.8149 16022.0603  217.6696 -999.9000    0.0000    0.0000    8.0075   91.4869
 106.1648 16178.9397  217.7551 -999.9000    0.0000    0.0000    7.5591   91.3484
 103.5767 16335.8191  217.4198 -999.9000    0.0000    0.0000    6.1427   91.9971
 101.0524 16492.6985  219.4952 -999.9000    0.0000    0.0000    1.6798   90.4089
  98.6148 16649.5779  218.1319 -999.9000    0.0000    0.0000    0.9197   90.4014
  96.2203 16806.4573  217.4179 -999.9000    0.0000    0.0000    0.1081   90.4014
  93.8688 16963.3367  216.7251 -999.9000    0.0000    0.0000    1.2049   90.4014
  91.5836 17120.2161  216.6241 -999.9000    0.0000    0.0000    2.0863   90.4014
  89.3567 17277.0955  216.6178 -999.9000    0.0000    0.0000    2.7328   90.4014
  87.1784 17433.9749  216.1575 -999.9000    0.0000    0.0000    3.4407   90.3927
  85.0453 17590.8543  215.3549 -999.9000    0.0000    0.0000    4.3766   90.0754
  82.9608 17747.7337  215.0330 -999.9000    0.0000    0.0000    5.5666   90.9865
  80.9282 17904.6131  215.6748 -999.9000    0.0000    0.0000    6.7269   90.6807
  78.9484 18061.4925  216.3103 -999.9000    0.0000    0.0000    6.6291   90.4907
  77.0217 18218.3719  216.9705 -999.9000    0.0000    0.0000    5.6768   90.6714
  75.1483 18375.2513  218.0128 -999.9000    0.0000    0.0000    4.7247   90.9237
  73.3271 18532.1307  219.0958 -999.9000    0.0000    0.0000    4.1036   91.0464
  71.5556 18689.0101  219.2000 -999.9000    0.0000    0.0000    3.6359   90.9336
  69.8260 18845.8894  218.0610 -999.9000    0.0000    0.0000    3.0153   91.0562
  68.1227 19002.7688  217.7456 -999.9000    0.0000    0.0000    1.8754   91.7656
  66.4601 19159.6482  218.0691 -999.9000    0.0000    0.0000    0.8472   89.5288
  64.8418 19316.5276  218.5254 -999.9000    0.0000    0.0000    0.5411   87.4851
  63.2670 19473.4070  218.9012 -999.9000    0.0000    0.0000    1.0874   87.9468
  61.7318 19630.2864  219.4347 -999.9000    0.0000    0.0000    1.6778   88.3028
  60.2355 19787.1658  219.6202 -999.9000    0.0000    0.0000    2.4258   88.5476
  58.7762 19944.0452  219.2976 -999.9000    0.0000    0.0000    3.2718   88.9105
  57.3501 20100.9246  218.8934 -999.9000    0.0000    0.0000    3.7118   89.0671
  55.9562 20257.8040  218.6022 -999.9000    0.0000    0.0000    3.6485   88.9446
  54.5968 20414.6834  218.3447 -999.9000    0.0000    0.0000    3.4476   88.7725
  53.2731 20571.5628  218.2730 -999.9000    0.0000    0.0000    3.2723   88.6461
  51.9860 20728.4422  218.6983 -999.9000    0.0000    0.0000    3.1399   88.5640
  50.7361 20885.3216  219.9344 -999.9000    0.0000    0.0000    3.0650   88.5228
  49.5229 21042.2010  221.6929 -999.9000    0.0000    0.0000    3.0312   88.5126
  48.3394 21199.0804  221.0643 -999.9000    0.0000    0.0000    3.3882   88.5757
  47.1874 21355.9598  221.1249 -999.9000    0.0000    0.0000    4.5351   88.7747
  46.0647 21512.8392  221.5126 -999.9000    0.0000    0.0000    5.5869   88.9472
  44.9691 21669.7186  221.7483 -999.9000    0.0000    0.0000    5.8110   88.9570
  43.8989 21826.5980  221.7689 -999.9000    0.0000    0.0000    5.4395   88.8369
  42.8525 21983.4774  221.6349 -999.9000    0.0000    0.0000    4.9885   88.6697
  41.8295 22140.3568  221.3940 -999.9000    0.0000    0.0000    4.7468   88.5214
  40.8309 22297.2362  221.0745 -999.9000    0.0000    0.0000    4.6518   88.4316
  39.8584 22454.1156  220.7055 -999.9000    0.0000    0.0000    4.6115   88.4374
  38.9104 22610.9950  221.1134 -999.9000    0.0000    0.0000    4.7733   88.5046
  37.9838 22767.8744  222.3914 -999.9000    0.0000    0.0000    5.1934   88.5579
  37.0791 22924.7538  223.1032 -999.9000    0.0000    0.0000    5.5401   88.6106
  36.1962 23081.6332  223.2174 -999.9000    0.0000    0.0000    5.7971   88.6649
  35.3349 23238.5126  222.9519 -999.9000    0.0000    0.0000    6.0036   88.7211
  34.4951 23395.3920  222.5238 -999.9000    0.0000    0.0000    6.1991   88.7793
  33.6765 23552.2714  222.1508 -999.9000    0.0000    0.0000    6.4231   88.8396
  32.8792 23709.1508  222.0504 -999.9000    0.0000    0.0000    6.7151   88.9021
  32.1025 23866.0302  222.3645 -999.9000    0.0000    0.0000    7.0872   88.9664
  31.3447 24022.9095  222.9552 -999.9000    0.0000    0.0000    7.4510   89.0294
  30.6036 24179.7889  223.6205 -999.9000    0.0000    0.0000    7.6951   89.0878
  29.8779 24336.6683  224.1327 -999.9000    0.0000    0.0000    7.7275   89.1301
  29.1715 24493.5477  224.2023 -999.9000    0.0000    0.0000    7.6523   89.0898
  28.4842 24650.4271  224.0771 -999.9000    0.0000    0.0000    7.5222   88.9796
  27.8138 24807.3065  224.1256 -999.9000    0.0000    0.0000    7.3510   88.8366
  27.1583 24964.1859  224.7147 -999.9000    0.0000    0.0000    7.1524   88.6979
  26.5173 25121.0653  225.9054 -999.9000    0.0000    0.0000    6.9473   88.5852
  25.8939 25277.9447  227.1096 -999.9000    0.0000    0.0000    6.7703   88.4883
  25.2914 25434.8241  227.6565 -999.9000    0.0000    0.0000    6.6585   88.3927
  24.7096 25591.7035  227.1798 -999.9000    0.0000    0.0000    6.6931   88.3136
  24.1354 25748.5829  226.6647 -999.9000    0.0000    0.0000    7.0353   88.3442
  23.5706 25905.4623  226.4442 -999.9000    0.0000    0.0000    7.5875   88.4419
  23.0189 26062.3417  226.7272 -999.9000    0.0000    0.0000    8.2247   88.5480
  22.4826 26219.2211  227.5792 -999.9000    0.0000    0.0000    8.8466   88.6216
  21.9608 26376.1005  228.6940 -999.9000    0.0000    0.0000    9.4148   88.6692
  21.4521 26532.9799  229.7070 -999.9000    0.0000    0.0000    9.9011   88.7041
  20.9548 26689.8593  230.2529 -999.9000    0.0000    0.0000   10.2772   88.7401
  20.4676 26846.7387  229.9668 -999.9000    0.0000    0.0000   10.5148   88.7908
  19.9891 27003.6181  228.5192 -999.9000    0.0000    0.0000   10.5787   88.8671
  19.5243 27160.4975  227.6313 -999.9000    0.0000    0.0000   10.1072   88.8331
  19.0752 27317.3769  228.0905 -999.9000    0.0000    0.0000    9.1726   88.6652
  18.6391 27474.2563  229.3162 -999.9000    0.0000    0.0000    8.1692   88.4541
  18.2135 27631.1357  230.7283 -999.9000    0.0000    0.0000    7.4918   88.2905
  17.7959 27788.0151  231.7552 -999.9000    0.0000    0.0000    7.5120   88.2601
  17.3864 27944.8945  232.0498 -999.9000    0.0000    0.0000    8.0510   88.3267
  16.9866 28101.7739  231.6384 -999.9000    0.0000    0.0000    8.6278   88.3867
  16.5963 28258.6533  230.8173 -999.9000    0.0000    0.0000    9.2077   88.4341
  16.2153 28415.5327  229.9106 -999.9000    0.0000    0.0000    9.8052   88.4734
  15.8432 28572.4121  229.2418 -999.9000    0.0000    0.0000   10.4352   88.5095
  15.4798 28729.2915  229.1288 -999.9000    0.0000    0.0000   11.1101   88.5468
  15.1246 28886.1709  229.5327 -999.9000    0.0000    0.0000   11.7278   88.5881
  14.7769 29043.0503  229.8966 -999.9000    0.0000    0.0000   12.0246   88.6333
  14.4368 29199.9296  230.0564 -999.9000    0.0000    0.0000   11.9358   88.6841
  14.1043 29356.8090  230.1497 -999.9000    0.0000    0.0000   11.5429   88.7433
  13.7798 29513.6884  230.3197 -999.9000    0.0000    0.0000   10.9306   88.8140
  13.4633 29670.5678  230.7099 -999.9000    0.0000    0.0000   10.1831   88.8992
  13.1552 29827.4472  231.4635 -999.9000    0.0000    0.0000    9.3852   89.0018
  12.8555 29984.3266  232.6672 -999.9000    0.0000    0.0000    8.6191   89.1215
  12.5638 30141.2060  234.0082 -999.9000    0.0000    0.0000    7.9532   89.2343
  12.2794 30298.0854  235.0048 -999.9000    0.0000    0.0000    7.4495   89.3059
  12.0018 30454.9648  235.1742 -999.9000    0.0000    0.0000    7.1702   89.3022
  11.7304 30611.8442  234.2885 -999.9000    0.0000    0.0000    7.1364   89.2026
  11.4650 30768.7236  233.1592 -999.9000    0.0000    0.0000    7.2029   89.0420
  11.2056 30925.6030  232.8628 -999.9000    0.0000    0.0000    7.1823   88.8691
  10.9522 31082.4824  234.0511 -999.9000    0.0000    0.0000    6.9545   88.7216
  10.7056 31239.3618  235.5637 -999.9000    0.0000    0.0000    6.6887   88.5894
  10.4661 31396.2412  236.0826 -999.9000    0.0000    0.0000    6.5820   88.4534
  10.2318 31553.1206  235.6877 -999.9000    0.0000    0.0000    6.6201   88.3118
  10.0000 31710.0000  234.8337 -999.9000    0.0000    0.0000    6.7322   88.1674
