# 06610 LSMP Payerne Observations at 12Z 30 Jul 2008
# Radiosonde file generated by raso.rb
#
  P [hPa],     Z [m],    T [K],   Td [K],   RH [%], r [g/kg], WS [m/s], WD [deg]
 962.0000   491.0000  297.9908 -999.9000   66.3501   13.6900    2.4977   93.0543
 944.6891   647.8794  296.0177 -999.9000   67.8957   12.6302    4.9129   92.6754
 927.6873   804.7588  294.7073 -999.9000   79.6401   13.9071    2.5019   92.9144
 911.0964   961.6382  293.4890 -999.9000   80.0816   14.4362    0.6873   92.0428
 894.7070  1118.5176  292.6187 -999.9000   80.0642   14.3064    1.5995   90.9797
 878.5406  1275.3970  292.3811 -999.9000   80.1135   13.3485    2.5423   90.6229
 862.6769  1432.2764  291.0522 -999.9000   81.0106   13.5129    2.7363   90.4248
 846.9845  1589.1558  289.8513 -999.9000   80.3144   13.9027    4.3090   90.3491
 831.5533  1746.0352  289.5370 -999.9000   80.7764   13.2228    5.1633   90.3950
 816.3570  1902.9146  288.2481 -999.9000   80.6494   11.9693    6.2427   90.4496
 801.3249  2059.7940  286.6763 -999.9000   80.3548   11.5640    6.8426   90.4939
 786.5365  2216.6734  285.3341 -999.9000   80.1861   10.4184    7.5695   90.5367
 771.9169  2373.5528  284.1091 -999.9000   80.5594    8.7627    8.7415   90.5644
 757.5041  2530.4322  283.0547 -999.9000   80.4129    8.5006    9.2551   90.6155
 743.3854  2687.3116  282.4807 -999.9000   77.7579    7.5803    8.1288   90.6080
 729.2940  2844.1910  281.4050 -999.9000   60.3648    5.5688    7.8682   90.6173
 715.5826  3001.0704  280.3539 -999.9000   50.1026    4.3807    9.4314   90.6971
 702.0616  3157.9497  279.1646 -999.9000   51.5779    4.2344   10.6963   90.7782
 688.7126  3314.8291  277.6796 -999.9000   58.8878    4.4448   10.7688   90.8007
 675.5482  3471.7085  276.0436 -999.9000   68.1708    4.6752   11.0016   90.8205
 662.5494  3628.5879  274.5567 -999.9000   74.1037    4.6607   11.5912   90.8487
 649.7305  3785.4673  273.5355 -999.9000   67.2315    4.0055   11.8699   90.8627
 637.1240  3942.3467  272.6692 -999.9000   55.1076    3.1437   11.1748   90.9118
 624.7467  4099.2261  271.6401 -999.9000   50.1351    2.7055    9.6136   91.0167
 612.5275  4256.1055  270.5644 -999.9000   50.0678    2.5464    9.1689   91.0465
 600.5160  4412.9849  269.9404 -999.9000   38.1898    1.8919    9.4384   91.0390
 588.7253  4569.8643  269.3283 -999.9000   22.7515    1.0986    9.6135   91.0433
 577.1128  4726.7437  268.0182 -999.9000   18.1594    0.8108    9.6566   91.0483
 565.6299  4883.6231  267.1655 -999.9000   17.0292    0.7276    9.6135   91.0538
 554.4053  5040.5025  266.5877 -999.9000   13.4961    0.5634    8.9208   91.1400
 543.3471  5197.3819  265.8973 -999.9000   12.8380    0.5190    8.1403   91.2153
 532.4739  5354.2613  264.8577 -999.9000   22.2027    0.8459    8.5457   91.2112
 521.8251  5511.1407  263.7970 -999.9000   24.0522    0.8613    9.3025   91.1806
 511.3144  5668.0201  262.9944 -999.9000   14.1040    0.4842    9.9860   91.1583
 500.9731  5824.8995  261.6421 -999.9000   12.9899    0.4090   10.6920   91.1344
 490.8286  5981.7789  260.0203 -999.9000   18.4272    0.5200   10.8525   91.1143
 480.7236  6138.6583  258.8972 -999.9000   29.2765    0.7703   11.1933   91.0832
 470.8214  6295.5377  257.6006 -999.9000   31.5488    0.7621   11.2987   91.0728
 461.0900  6452.4171  256.1652 -999.9000   30.8865    0.6762   11.0293   90.9894
 451.4963  6609.2965  254.8568 -999.9000   32.0674    0.6422   10.0307   90.8335
 442.0676  6766.1759  253.7740 -999.9000   32.6479    0.6091    9.1505   90.7116
 432.8253  6923.0553  252.8016 -999.9000   32.3688    0.5674   10.0715   90.6964
 423.7241  7079.9347  251.3847 -999.9000   36.0849    0.5712   10.9647   90.7318
 414.7432  7236.8141  249.6696 -999.9000   41.3236    0.5742   10.7754   90.7585
 405.9174  7393.6935  248.6645 -999.9000   31.8970    0.4138   11.0165   90.7794
 397.1974  7550.5729  247.3677 -999.9000   27.3059    0.3219   11.2965   90.7881
 388.6475  7707.4523  245.9651 -999.9000   31.2400    0.3308   11.4528   90.8405
 380.2876  7864.3317  244.9399 -999.9000   34.9005    0.3433   11.6989   90.9010
 372.0784  8021.2111  244.1137 -999.9000   39.1825    0.3645   11.8601   90.8924
 363.9826  8178.0905  243.3119 -999.9000   45.3246    0.3994   11.7820   90.7526
 356.0087  8334.9698  242.4507 -999.9000   54.5878    0.4529   11.7755   90.7678
 348.2042  8491.8492  241.5487 -999.9000   60.7303    0.5188   12.3873   91.3797
 340.5609  8648.7286  240.6887 -999.9000   65.1361    0.5272   12.6302   91.7004
 333.0575  8805.6080  239.8204 -999.9000   65.7500    0.4852   12.5818   91.6152
 325.6771  8962.4874  238.8433 -999.9000   65.1791    0.4338   12.8882   91.4555
 318.4095  9119.3668  237.6411 -999.9000   65.9750    0.3977   13.8179   91.4682
 311.2701  9276.2462  236.0042 -999.9000   60.8624    0.3338   13.9848   91.4746
 304.2599  9433.1256  234.4341 -999.9000   55.6711    0.2938   14.2164   91.4194
 297.3812  9590.0050  233.3525 -999.9000   50.8182    0.2688   14.7040   91.3896
 290.6045  9746.8844  232.1102 -999.9000   45.5995    0.2331   15.0362   91.3805
 283.9369  9903.7638  230.7192 -999.9000   45.9006    0.2031   15.4155   91.3479
 277.3870 10060.6432  229.2252 -999.9000   45.7526    0.1789   15.8042   91.3074
 270.9631 10217.5226  227.6679 -999.9000   45.6912    0.1538   16.0697   91.2950
 264.6694 10374.4020  226.1216 -999.9000   45.8024    0.1244   16.1216   91.3378
 258.4744 10531.2814  224.8930 -999.9000   45.3104    0.1097   16.2608   91.3756
 252.3757 10688.1608  223.8642 -999.9000   45.6278    0.1034   16.5158   91.3933
 246.3812 10845.0402  222.8062 -999.9000   40.3354    0.0916   16.8047   91.3978
 240.4896 11001.9196  221.6115 -999.9000   35.7672    0.0742   17.0743   91.3965
 234.6950 11158.7990  220.2754 -999.9000   36.0209    0.0604   17.2952   91.3968
 229.0082 11315.6784  218.8945 -999.9000   35.5625    0.0528   17.4621   91.3986
 223.4492 11472.5578  217.6166 -999.9000   35.0328    0.0500   17.5819   91.3982
 218.0236 11629.4372  216.4180 -999.9000   30.1769    0.0480   17.3734   91.4126
 212.6609 11786.3166  214.7499 -999.9000   25.6493    0.0350   15.6865   91.5070
 207.3913 11943.1960  213.9237 -999.9000   23.8112    0.0295   14.5018   91.4951
 202.2510 12100.0754  214.6339 -999.9000   18.0355    0.0410   14.1910   91.5711
 197.2536 12256.9548  216.0389 -999.9000    9.1128    0.0304   12.1851   92.1270
 192.4469 12413.8342  218.4373 -999.9000    2.6496    0.0062   12.6296   91.9985
 187.8076 12570.7136  218.2583 -999.9000    0.2374    0.0003   12.8662   91.9213
 183.2603 12727.5930  217.0263 -999.9000    0.2960    0.0003   12.5678   91.8946
 178.8033 12884.4724  216.6161 -999.9000    0.0000    0.0000   12.3286   91.8603
 174.4458 13041.3518  217.0214 -999.9000    0.0133    0.0000   12.4557   91.7991
 170.1876 13198.2312  217.2480 -999.9000    0.0000    0.0000   12.9755   91.6668
 166.0391 13355.1106  217.4167 -999.9000    0.0000    0.0000   13.5908   91.5392
 162.0101 13511.9899  217.0402 -999.9000    0.0002    0.0000   13.8865   91.4198
 158.0706 13668.8693  216.0546 -999.9000    0.0000    0.0000   13.5016   91.3880
 154.1974 13825.7487  215.1793 -999.9000    0.0000    0.0000   12.3404   91.4693
 150.4126 13982.6281  215.1100 -999.9000    0.0000    0.0000   10.4287   91.5650
 146.7292 14139.5075  216.0358 -999.9000    0.0000    0.0000   10.3550   91.5673
 143.1108 14296.3869  214.2554 -999.9000    0.0000    0.0000   10.2808   91.5696
 139.5597 14453.2663  216.6710 -999.9000    0.0000    0.0000   10.2580   91.5684
 136.1266 14610.1457  214.3338 -999.9000    0.0000    0.0000   10.2616   91.5540
 132.7619 14767.0251  213.4646 -999.9000    0.0000    0.0000   10.2728   91.5347
 129.4754 14923.9045  214.4663 -999.9000    0.0000    0.0000   10.2854   91.5197
 126.2897 15080.7839  215.5811 -999.9000    0.0000    0.0000   10.2902   91.5108
 123.1790 15237.6633  216.8210 -999.9000    0.0000    0.0000   10.3251   91.4644
 120.1481 15394.5427  217.3095 -999.9000    0.0000    0.0000   10.2035   91.3748
 117.2138 15551.4221  216.6832 -999.9000    0.0000    0.0000    9.8653   91.2661
 114.3435 15708.3015  216.6087 -999.9000    0.0000    0.0000    9.5676   91.1464
 111.5416 15865.1809  216.3867 -999.9000    0.0000    0.0000    9.0125   91.1933
 108.8149 16022.0603  217.7223 -999.9000    0.0000    0.0000    8.2255   91.4869
 106.1648 16178.9397  217.7990 -999.9000    0.0000    0.0000    7.7927   91.3484
 103.5767 16335.8191  217.4546 -999.9000    0.0000    0.0000    6.3918   91.9971
 101.0524 16492.6985  219.5210 -999.9000    0.0000    0.0000    1.9445   90.4089
  98.6148 16649.5779  218.1490 -999.9000    0.0000    0.0000    1.1999   90.4014
  96.2203 16806.4573  217.4270 -999.9000    0.0000    0.0000    0.4037   90.4014
  93.8688 16963.3367  216.7274 -999.9000    0.0000    0.0000    1.5159   90.4014
  91.5836 17120.2161  216.6209 -999.9000    0.0000    0.0000    2.4125   90.4014
  89.3567 17277.0955  216.6108 -999.9000    0.0000    0.0000    3.0740   90.4014
  87.1784 17433.9749  216.1488 -999.9000    0.0000    0.0000    3.7969   90.3927
  85.0453 17590.8543  215.3470 -999.9000    0.0000    0.0000    4.7474   90.0754
  82.9608 17747.7337  215.0285 -999.9000    0.0000    0.0000    5.9519   90.9865
  80.9282 17904.6131  215.6766 -999.9000    0.0000    0.0000    7.1266   90.6807
  78.9484 18061.4925  216.3218 -999.9000    0.0000    0.0000    7.0427   90.4907
  77.0217 18218.3719  216.9943 -999.9000    0.0000    0.0000    6.1038   90.6714
  75.1483 18375.2513  218.0515 -999.9000    0.0000    0.0000    5.1645   90.9237
  73.3271 18532.1307  219.1516 -999.9000    0.0000    0.0000    4.5553   91.0464
  71.5556 18689.0101  219.2749 -999.9000    0.0000    0.0000    4.0984   90.9336
  69.8260 18845.8894  218.1567 -999.9000    0.0000    0.0000    3.4875   91.0562
  68.1227 19002.7688  217.8633 -999.9000    0.0000    0.0000    2.3559   91.7656
  66.4601 19159.6482  218.2100 -999.9000    0.0000    0.0000    1.3345   89.5288
  64.8418 19316.5276  218.6902 -999.9000    0.0000    0.0000    1.0334   87.4851
  63.2670 19473.4070  219.0904 -999.9000    0.0000    0.0000    1.5827   87.9468
  61.7318 19630.2864  219.6486 -999.9000    0.0000    0.0000    2.1742   88.3028
  60.2355 19787.1658  219.8586 -999.9000    0.0000    0.0000    2.9209   88.5476
  58.7762 19944.0452  219.5600 -999.9000    0.0000    0.0000    3.7633   88.9105
  57.3501 20100.9246  219.1794 -999.9000    0.0000    0.0000    4.1969   89.0671
  55.9562 20257.8040  218.9106 -999.9000    0.0000    0.0000    4.1245   88.9446
  54.5968 20414.6834  218.6743 -999.9000    0.0000    0.0000    3.9115   88.7725
  53.2731 20571.5628  218.6222 -999.9000    0.0000    0.0000    3.7211   88.6461
  51.9860 20728.4422  219.0653 -999.9000    0.0000    0.0000    3.5701   88.5640
  50.7361 20885.3216  220.3170 -999.9000    0.0000    0.0000    3.4731   88.5228
  49.5229 21042.2010  222.0887 -999.9000    0.0000    0.0000    3.4136   88.5126
  48.3394 21199.0804  221.4706 -999.9000    0.0000    0.0000    3.7411   88.5757
  47.1874 21355.9598  221.5386 -999.9000    0.0000    0.0000    4.8544   88.7747
  46.0647 21512.8392  221.9306 -999.9000    0.0000    0.0000    5.8687   88.9472
  44.9691 21669.7186  222.1676 -999.9000    0.0000    0.0000    6.0518   88.9570
  43.8989 21826.5980  222.1865 -999.9000    0.0000    0.0000    5.6363   88.8369
  42.8525 21983.4774  222.0480 -999.9000    0.0000    0.0000    5.1390   88.6697
  41.8295 22140.3568  221.7999 -999.9000    0.0000    0.0000    4.8489   88.5214
  40.8309 22297.2362  221.4706 -999.9000    0.0000    0.0000    4.7041   88.4316
  39.8584 22454.1156  221.0893 -999.9000    0.0000    0.0000    4.6131   88.4374
  38.9104 22610.9950  221.4827 -999.9000    0.0000    0.0000    4.7237   88.5046
  37.9838 22767.8744  222.7439 -999.9000    0.0000    0.0000    5.0927   88.5579
  37.0791 22924.7538  223.4367 -999.9000    0.0000    0.0000    5.3888   88.6106
  36.1962 23081.6332  223.5300 -999.9000    0.0000    0.0000    5.5963   88.6649
  35.3349 23238.5126  223.2416 -999.9000    0.0000    0.0000    5.7549   88.7211
  34.4951 23395.3920  222.7890 -999.9000    0.0000    0.0000    5.9046   88.7793
  33.6765 23552.2714  222.3899 -999.9000    0.0000    0.0000    6.0854   88.8396
  32.8792 23709.1508  222.2617 -999.9000    0.0000    0.0000    6.3373   88.9021
  32.1025 23866.0302  222.5467 -999.9000    0.0000    0.0000    6.6729   88.9664
  31.3447 24022.9095  223.1071 -999.9000    0.0000    0.0000    7.0043   89.0294
  30.6036 24179.7889  223.7409 -999.9000    0.0000    0.0000    7.2206   89.0878
  29.8779 24336.6683  224.2206 -999.9000    0.0000    0.0000    7.2303   89.1301
  29.1715 24493.5477  224.2567 -999.9000    0.0000    0.0000    7.1382   89.0898
  28.4842 24650.4271  224.0972 -999.9000    0.0000    0.0000    6.9971   88.9796
  27.8138 24807.3065  224.1108 -999.9000    0.0000    0.0000    6.8217   88.8366
  27.1583 24964.1859  224.6644 -999.9000    0.0000    0.0000    6.6257   88.6979
  26.5173 25121.0653  225.8192 -999.9000    0.0000    0.0000    6.4297   88.5852
  25.8939 25277.9447  226.9873 -999.9000    0.0000    0.0000    6.2680   88.4883
  25.2914 25434.8241  227.4982 -999.9000    0.0000    0.0000    6.1773   88.3927
  24.7096 25591.7035  226.9855 -999.9000    0.0000    0.0000    6.2384   88.3136
  24.1354 25748.5829  226.4349 -999.9000    0.0000    0.0000    6.6120   88.3442
  23.5706 25905.4623  226.1792 -999.9000    0.0000    0.0000    7.2002   88.4419
  23.0189 26062.3417  226.4279 -999.9000    0.0000    0.0000    7.8777   88.5480
  22.4826 26219.2211  227.2463 -999.9000    0.0000    0.0000    8.5437   88.6216
  21.9608 26376.1005  228.3287 -999.9000    0.0000    0.0000    9.1593   88.6692
  21.4521 26532.9799  229.3104 -999.9000    0.0000    0.0000    9.6961   88.7041
  20.9548 26689.8593  229.8264 -999.9000    0.0000    0.0000   10.1254   88.7401
  20.4676 26846.7387  229.5121 -999.9000    0.0000    0.0000   10.4183   88.7908
  19.9891 27003.6181  228.0379 -999.9000    0.0000    0.0000   10.5395   88.8671
  19.5243 27160.4975  227.1254 -999.9000    0.0000    0.0000   10.1267   88.8331
  19.0752 27317.3769  227.5621 -999.9000    0.0000    0.0000    9.2518   88.6652
  18.6391 27474.2563  228.7677 -999.9000    0.0000    0.0000    8.3088   88.4541
  18.2135 27631.1357  230.1619 -999.9000    0.0000    0.0000    7.6922   88.2905
  17.7959 27788.0151  231.1737 -999.9000    0.0000    0.0000    7.7730   88.2601
  17.3864 27944.8945  231.4561 -999.9000    0.0000    0.0000    8.3722   88.3267
  16.9866 28101.7739  231.0353 -999.9000    0.0000    0.0000    9.0082   88.3867
  16.5963 28258.6533  230.2081 -999.9000    0.0000    0.0000    9.6461   88.4341
  16.2153 28415.5327  229.2986 -999.9000    0.0000    0.0000   10.2999   88.4734
  15.8432 28572.4121  228.6306 -999.9000    0.0000    0.0000   10.9842   88.5095
  15.4798 28729.2915  228.5220 -999.9000    0.0000    0.0000   11.7109   88.5468
  15.1246 28886.1709  228.9342 -999.9000    0.0000    0.0000   12.3775   88.5881
  14.7769 29043.0503  229.3105 -999.9000    0.0000    0.0000   12.7200   88.6333
  14.4368 29199.9296  229.4869 -999.9000    0.0000    0.0000   12.6733   88.6841
  14.1043 29356.8090  229.6012 -999.9000    0.0000    0.0000   12.3185   88.7433
  13.7798 29513.6884  229.7969 -999.9000    0.0000    0.0000   11.7398   88.8140
  13.4633 29670.5678  230.2174 -999.9000    0.0000    0.0000   11.0212   88.8992
  13.1552 29827.4472  231.0064 -999.9000    0.0000    0.0000   10.2469   89.0018
  12.8555 29984.3266  232.2505 -999.9000    0.0000    0.0000    9.4990   89.1215
  12.5638 30141.2060  233.6372 -999.9000    0.0000    0.0000    8.8451   89.2343
  12.2794 30298.0854  234.6850 -999.9000    0.0000    0.0000    8.3472   89.3059
  12.0018 30454.9648  234.9113 -999.9000    0.0000    0.0000    8.0668   89.3022
  11.7304 30611.8442  234.0883 -999.9000    0.0000    0.0000    8.0249   89.2026
  11.4650 30768.7236  233.0276 -999.9000    0.0000    0.0000    8.0757   89.0420
  11.2056 30925.6030  232.8061 -999.9000    0.0000    0.0000    8.0315   88.8691
  10.9522 31082.4824  234.0756 -999.9000    0.0000    0.0000    7.7717   88.7216
  10.7056 31239.3618  235.6760 -999.9000    0.0000    0.0000    7.4652   88.5894
  10.4661 31396.2412  236.2894 -999.9000    0.0000    0.0000    7.3087   88.4534
  10.2318 31553.1206  235.9958 -999.9000    0.0000    0.0000    7.2876   88.3118
  10.0000 31710.0000  235.2502 -999.9000    0.0000    0.0000    7.3305   88.1674
