# 06610 LSMP Payerne Observations at 12Z 30 Jul 2008
# Radiosonde file generated by raso.rb
#
  P [hPa],     Z [m],    T [K],   Td [K],   RH [%], r [g/kg], WS [m/s], WD [deg]
 962.0000   491.0000  298.0795 -999.9000   66.2105   13.6900    2.2151   93.0543
 944.6891   647.8794  296.0410 -999.9000   67.7604   12.6302    4.6180   92.6754
 927.6873   804.7588  294.6712 -999.9000   79.4901   13.9071    2.1963   92.9144
 911.0964   961.6382  293.3991 -999.9000   79.9392   14.4362    0.3728   92.0428
 894.7070  1118.5176  292.4806 -999.9000   79.9300   14.3064    1.2774   90.9797
 878.5406  1275.3970  292.2002 -999.9000   79.9870   13.3485    2.2143   90.6229
 862.6769  1432.2764  290.8337 -999.9000   80.8903   13.5129    2.4036   90.4248
 846.9845  1589.1558  289.6001 -999.9000   80.2023   13.9027    3.9730   90.3491
 831.5533  1746.0352  289.2579 -999.9000   80.6707   13.2228    4.8252   90.3950
 816.3570  1902.9146  287.9457 -999.9000   80.5504   11.9693    5.9038   90.4496
 801.3249  2059.7940  286.3550 -999.9000   80.2624   11.5640    6.5039   90.4939
 786.5365  2216.6734  284.9982 -999.9000   80.0999   10.4184    7.2320   90.5367
 771.9169  2373.5528  283.7627 -999.9000   80.4784    8.7627    8.4062   90.5644
 757.5041  2530.4322  282.7017 -999.9000   80.3374    8.5006    8.9229   90.6155
 743.3854  2687.3116  282.1248 -999.9000   77.6898    7.5803    7.8004   90.6080
 729.2940  2844.1910  281.0496 -999.9000   60.3154    5.5688    7.5445   90.6173
 715.5826  3001.0704  280.0024 -999.9000   50.0643    4.3807    9.1129   90.6971
 702.0616  3157.9497  278.8201 -999.9000   51.5410    4.2344   10.3837   90.7782
 688.7126  3314.8291  277.3451 -999.9000   58.8485    4.4448   10.4625   90.8007
 675.5482  3471.7085  275.7218 -999.9000   68.1280    4.6752   10.7020   90.8205
 662.5494  3628.5879  274.2504 -999.9000   74.0600    4.6607   11.2988   90.8487
 649.7305  3785.4673  273.2469 -999.9000   67.1941    4.0055   11.5849   90.8627
 637.1240  3942.3467  272.4006 -999.9000   55.0785    3.1437   10.8975   90.9118
 624.7467  4099.2261  271.3935 -999.9000   50.1098    2.7055    9.3441   91.0167
 612.5275  4256.1055  270.3417 -999.9000   50.0436    2.5464    8.9072   91.0465
 600.5160  4412.9849  269.7431 -999.9000   38.1720    1.8919    9.1846   91.0390
 588.7253  4569.8643  269.1581 -999.9000   22.7412    1.0986    9.3674   91.0433
 577.1128  4726.7437  267.8763 -999.9000   18.1513    0.8108    9.4182   91.0483
 565.6299  4883.6231  267.0531 -999.9000   17.0217    0.7276    9.3825   91.0538
 554.4053  5040.5025  266.5056 -999.9000   13.4900    0.5634    8.6969   91.1400
 543.3471  5197.3819  265.8463 -999.9000   12.8322    0.5190    7.9231   91.2153
 532.4739  5354.2613  264.8384 -999.9000   22.1924    0.8459    8.3347   91.2112
 521.8251  5511.1407  263.8098 -999.9000   24.0408    0.8613    9.0973   91.1806
 511.3144  5668.0201  263.0394 -999.9000   14.0970    0.4842    9.7860   91.1583
 500.9731  5824.8995  261.7194 -999.9000   12.9831    0.4090   10.4965   91.1344
 490.8286  5981.7789  260.1297 -999.9000   18.4171    0.5200   10.6607   91.1143
 480.7236  6138.6583  259.0383 -999.9000   29.2596    0.7703   11.0044   91.0832
 470.8214  6295.5377  257.7729 -999.9000   31.5294    0.7621   11.1120   91.0728
 461.0900  6452.4171  256.3681 -999.9000   30.8663    0.6762   10.8436   90.9894
 451.4963  6609.2965  255.0892 -999.9000   32.0448    0.6422    9.8451   90.8335
 442.0676  6766.1759  254.0348 -999.9000   32.6233    0.6091    8.9638   90.7116
 432.8253  6923.0553  253.0897 -999.9000   32.3427    0.5674    9.8826   90.6964
 423.7241  7079.9347  251.6985 -999.9000   36.0536    0.5712   10.7723   90.7318
 414.7432  7236.8141  250.0075 -999.9000   41.2851    0.5742   10.5781   90.7585
 405.9174  7393.6935  249.0246 -999.9000   31.8650    0.4138   10.8131   90.7794
 397.1974  7550.5729  247.7481 -999.9000   27.2766    0.3219   11.0854   90.7881
 388.6475  7707.4523  246.3637 -999.9000   31.2040    0.3308   11.2327   90.8405
 380.2876  7864.3317  245.3545 -999.9000   34.8575    0.3433   11.4686   90.9010
 372.0784  8021.2111  244.5422 -999.9000   39.1309    0.3645   11.6186   90.8924
 363.9826  8178.0905  243.7522 -999.9000   45.2610    0.3994   11.5286   90.7526
 356.0087  8334.9698  242.9005 -999.9000   54.5065    0.4529   11.5095   90.7678
 348.2042  8491.8492  242.0058 -999.9000   60.6346    0.5188   12.1084   91.3797
 340.5609  8648.7286  241.1508 -999.9000   65.0279    0.5272   12.3381   91.7004
 333.0575  8805.6080  240.2851 -999.9000   65.6351    0.4852   12.2766   91.6152
 325.6771  8962.4874  239.3083 -999.9000   65.0598    0.4338   12.5699   91.4555
 318.4095  9119.3668  238.1041 -999.9000   65.8489    0.3977   13.4868   91.4682
 311.2701  9276.2462  236.4626 -999.9000   60.7413    0.3338   13.6416   91.4746
 304.2599  9433.1256  234.8856 -999.9000   55.5564    0.2938   13.8617   91.4194
 297.3812  9590.0050  233.7946 -999.9000   50.7100    0.2688   14.3387   91.3896
 290.6045  9746.8844  232.5403 -999.9000   45.4996    0.2331   14.6614   91.3805
 283.9369  9903.7638  231.1348 -999.9000   45.7974    0.2031   15.0326   91.3479
 277.3870 10060.6432  229.6237 -999.9000   45.6476    0.1789   15.4145   91.3074
 270.9631 10217.5226  228.0467 -999.9000   45.5844    0.1538   15.6748   91.2950
 264.6694 10374.4020  226.4780 -999.9000   45.6939    0.1244   15.7235   91.3378
 258.4744 10531.2814  225.2244 -999.9000   45.2021    0.1097   15.8614   91.3756
 252.3757 10688.1608  224.1678 -999.9000   45.5182    0.1034   16.1174   91.3933
 246.3812 10845.0402  223.0792 -999.9000   40.2384    0.0916   16.4097   91.3978
 240.4896 11001.9196  221.8512 -999.9000   35.6816    0.0742   16.6852   91.3965
 234.6950 11158.7990  220.4791 -999.9000   35.9354    0.0604   16.9144   91.3968
 229.0082 11315.6784  219.0601 -999.9000   35.4793    0.0528   17.0919   91.3986
 223.4492 11472.5578  217.7422 -999.9000   34.9523    0.0500   17.2241   91.3982
 218.0236 11629.4372  216.5021 -999.9000   30.1091    0.0480   17.0294   91.4126
 212.6609 11786.3166  214.7913 -999.9000   25.5932    0.0350   15.3577   91.5070
 207.3913 11943.1960  213.9214 -999.9000   23.7606    0.0295   14.1890   91.4951
 202.2510 12100.0754  214.5875 -999.9000   17.9984    0.0410   13.8950   91.5711
 197.2536 12256.9548  215.9483 -999.9000    9.0947    0.0304   11.9063   92.1270
 192.4469 12413.8342  218.3026 -999.9000    2.6445    0.0062   12.3679   91.9985
 187.8076 12570.7136  218.0801 -999.9000    0.2369    0.0003   12.6214   91.9213
 183.2603 12727.5930  216.8055 -999.9000    0.2955    0.0003   12.3393   91.8946
 178.8033 12884.4724  216.3538 -999.9000    0.0000    0.0000   12.1155   91.8603
 174.4458 13041.3518  216.7193 -999.9000    0.0133    0.0000   12.2570   91.7991
 170.1876 13198.2312  216.9080 -999.9000    0.0000    0.0000   12.7897   91.6668
 166.0391 13355.1106  217.0410 -999.9000    0.0000    0.0000   13.4161   91.5392
 162.0101 13511.9899  216.6315 -999.9000    0.0002    0.0000   13.7208   91.4198
 158.0706 13668.8693  215.6157 -999.9000    0.0000    0.0000   13.3426   91.3880
 154.1974 13825.7487  214.7136 -999.9000    0.0000    0.0000   12.1855   91.4693
 150.4126 13982.6281  214.6211 -999.9000    0.0000    0.0000   10.2749   91.5650
 146.7292 14139.5075  215.5277 -999.9000    0.0000    0.0000   10.1991   91.5673
 143.1108 14296.3869  213.7325 -999.9000    0.0000    0.0000   10.1191   91.5696
 139.5597 14453.2663  216.1378 -999.9000    0.0000    0.0000   10.0868   91.5684
 136.1266 14610.1457  213.7951 -999.9000    0.0000    0.0000   10.0770   91.5540
 132.7619 14767.0251  212.9245 -999.9000    0.0000    0.0000   10.0714   91.5347
 129.4754 14923.9045  213.9286 -999.9000    0.0000    0.0000   10.0640   91.5197
 126.2897 15080.7839  215.0493 -999.9000    0.0000    0.0000   10.0459   91.5108
 123.1790 15237.6633  216.2982 -999.9000    0.0000    0.0000   10.0554   91.4644
 120.1481 15394.5427  216.7984 -999.9000    0.0000    0.0000    9.9060   91.3748
 117.2138 15551.4221  216.1860 -999.9000    0.0000    0.0000    9.5382   91.2661
 114.3435 15708.3015  216.1272 -999.9000    0.0000    0.0000    9.2093   91.1464
 111.5416 15865.1809  215.9226 -999.9000    0.0000    0.0000    8.6216   91.1933
 108.8149 16022.0603  217.2766 -999.9000    0.0000    0.0000    7.8011   91.4869
 106.1648 16178.9397  217.3724 -999.9000    0.0000    0.0000    7.3340   91.3484
 103.5767 16335.8191  217.0475 -999.9000    0.0000    0.0000    5.8986   91.9971
 101.0524 16492.6985  219.1333 -999.9000    0.0000    0.0000    1.4167   90.4089
  98.6148 16649.5779  217.7803 -999.9000    0.0000    0.0000    0.6377   90.4014
  96.2203 16806.4573  217.0765 -999.9000    0.0000    0.0000    0.1922   87.2598
  93.8688 16963.3367  216.3938 -999.9000    0.0000    0.0000    0.8870   90.4014
  91.5836 17120.2161  216.3026 -999.9000    0.0000    0.0000    1.7520   90.4014
  89.3567 17277.0955  216.3058 -999.9000    0.0000    0.0000    2.3834   90.4014
  87.1784 17433.9749  215.8548 -999.9000    0.0000    0.0000    3.0780   90.3927
  85.0453 17590.8543  215.0611 -999.9000    0.0000    0.0000    4.0024   90.0754
  82.9608 17747.7337  214.7475 -999.9000    0.0000    0.0000    5.1832   90.9865
  80.9282 17904.6131  215.3971 -999.9000    0.0000    0.0000    6.3370   90.6807
  78.9484 18061.4925  216.0401 -999.9000    0.0000    0.0000    6.2352   90.4907
  77.0217 18218.3719  216.7073 -999.9000    0.0000    0.0000    5.2813   90.6714
  75.1483 18375.2513  217.7562 -999.9000    0.0000    0.0000    4.3299   90.9237
  73.3271 18532.1307  218.8457 -999.9000    0.0000    0.0000    3.7117   91.0464
  71.5556 18689.0101  218.9563 -999.9000    0.0000    0.0000    3.2487   90.9336
  69.8260 18845.8894  217.8237 -999.9000    0.0000    0.0000    2.6346   91.0562
  68.1227 19002.7688  217.5146 -999.9000    0.0000    0.0000    1.5028   91.7656
  66.4601 19159.6482  217.8447 -999.9000    0.0000    0.0000    0.4840   89.5288
  64.8418 19316.5276  218.3079 -999.9000    0.0000    0.0000    0.1885   87.4851
  63.2670 19473.4070  218.6908 -999.9000    0.0000    0.0000    0.7465   87.9468
  61.7318 19630.2864  219.2320 -999.9000    0.0000    0.0000    1.3495   88.3028
  60.2355 19787.1658  219.4256 -999.9000    0.0000    0.0000    2.1107   88.5476
  58.7762 19944.0452  219.1118 -999.9000    0.0000    0.0000    2.9705   88.9105
  57.3501 20100.9246  218.7171 -999.9000    0.0000    0.0000    3.4245   89.0671
  55.9562 20257.8040  218.4363 -999.9000    0.0000    0.0000    3.3754   88.9446
  54.5968 20414.6834  218.1899 -999.9000    0.0000    0.0000    3.1887   88.7725
  53.2731 20571.5628  218.1305 -999.9000    0.0000    0.0000    3.0274   88.6461
  51.9860 20728.4422  218.5691 -999.9000    0.0000    0.0000    2.9086   88.5640
  50.7361 20885.3216  219.8197 -999.9000    0.0000    0.0000    2.8466   88.5228
  49.5229 21042.2010  221.5940 -999.9000    0.0000    0.0000    2.8251   88.5126
  48.3394 21199.0804  220.9826 -999.9000    0.0000    0.0000    3.1935   88.5757
  47.1874 21355.9598  221.0617 -999.9000    0.0000    0.0000    4.3506   88.7747
  46.0647 21512.8392  221.4695 -999.9000    0.0000    0.0000    5.4116   88.9472
  44.9691 21669.7186  221.7266 -999.9000    0.0000    0.0000    5.6437   88.9570
  43.8989 21826.5980  221.7695 -999.9000    0.0000    0.0000    5.2794   88.8369
  42.8525 21983.4774  221.6585 -999.9000    0.0000    0.0000    4.8348   88.6697
  41.8295 22140.3568  221.4412 -999.9000    0.0000    0.0000    4.5990   88.5214
  40.8309 22297.2362  221.1457 -999.9000    0.0000    0.0000    4.5095   88.4316
  39.8584 22454.1156  220.8008 -999.9000    0.0000    0.0000    4.4742   88.4374
  38.9104 22610.9950  221.2327 -999.9000    0.0000    0.0000    4.6410   88.5046
  37.9838 22767.8744  222.5343 -999.9000    0.0000    0.0000    5.0660   88.5579
  37.0791 22924.7538  223.2692 -999.9000    0.0000    0.0000    5.4177   88.6106
  36.1962 23081.6332  223.4057 -999.9000    0.0000    0.0000    5.6799   88.6649
  35.3349 23238.5126  223.1613 -999.9000    0.0000    0.0000    5.8921   88.7211
  34.4951 23395.3920  222.7533 -999.9000    0.0000    0.0000    6.0938   88.7793
  33.6765 23552.2714  222.3989 -999.9000    0.0000    0.0000    6.3247   88.8396
  32.8792 23709.1508  222.3153 -999.9000    0.0000    0.0000    6.6244   88.9021
  32.1025 23866.0302  222.6444 -999.9000    0.0000    0.0000    7.0052   88.9664
  31.3447 24022.9095  223.2480 -999.9000    0.0000    0.0000    7.3788   89.0294
  30.6036 24179.7889  223.9238 -999.9000    0.0000    0.0000    7.6340   89.0878
  29.8779 24336.6683  224.4439 -999.9000    0.0000    0.0000    7.6788   89.1301
  29.1715 24493.5477  224.5186 -999.9000    0.0000    0.0000    7.6176   89.0898
  28.4842 24650.4271  224.3955 -999.9000    0.0000    0.0000    7.5031   88.9796
  27.8138 24807.3065  224.4429 -999.9000    0.0000    0.0000    7.3494   88.8366
  27.1583 24964.1859  225.0275 -999.9000    0.0000    0.0000    7.1702   88.6979
  26.5173 25121.0653  226.2105 -999.9000    0.0000    0.0000    6.9862   88.5852
  25.8939 25277.9447  227.4043 -999.9000    0.0000    0.0000    6.8318   88.4883
  25.2914 25434.8241  227.9382 -999.9000    0.0000    0.0000    6.7440   88.3927
  24.7096 25591.7035  227.4461 -999.9000    0.0000    0.0000    6.8040   88.3136
  24.1354 25748.5829  226.9137 -999.9000    0.0000    0.0000    7.1725   88.3442
  23.5706 25905.4623  226.6739 -999.9000    0.0000    0.0000    7.7518   88.4419
  23.0189 26062.3417  226.9363 -999.9000    0.0000    0.0000    8.4170   88.5480
  22.4826 26219.2211  227.7663 -999.9000    0.0000    0.0000    9.0674   88.6216
  21.9608 26376.1005  228.8582 -999.9000    0.0000    0.0000    9.6644   88.6692
  21.4521 26532.9799  229.8474 -999.9000    0.0000    0.0000   10.1797   88.7041
  20.9548 26689.8593  230.3691 -999.9000    0.0000    0.0000   10.5849   88.7401
  20.4676 26846.7387  230.0587 -999.9000    0.0000    0.0000   10.8515   88.7908
  19.9891 27003.6181  228.5867 -999.9000    0.0000    0.0000   10.9441   88.8671
  19.5243 27160.4975  227.6748 -999.9000    0.0000    0.0000   10.5008   88.8331
  19.0752 27317.3769  228.1106 -999.9000    0.0000    0.0000    9.5937   88.6652
  18.6391 27474.2563  229.3137 -999.9000    0.0000    0.0000    8.6171   88.4541
  18.2135 27631.1357  230.7043 -999.9000    0.0000    0.0000    7.9655   88.2905
  17.7959 27788.0151  231.7111 -999.9000    0.0000    0.0000    8.0104   88.2601
  17.3864 27944.8945  231.9872 -999.9000    0.0000    0.0000    8.5727   88.3267
  16.9866 28101.7739  231.5592 -999.9000    0.0000    0.0000    9.1714   88.3867
  16.5963 28258.6533  230.7237 -999.9000    0.0000    0.0000    9.7715   88.4341
  16.2153 28415.5327  229.8050 -999.9000    0.0000    0.0000   10.3875   88.4734
  15.8432 28572.4121  229.1268 -999.9000    0.0000    0.0000   11.0339   88.5095
  15.4798 28729.2915  229.0075 -999.9000    0.0000    0.0000   11.7231   88.5468
  15.1246 28886.1709  229.4082 -999.9000    0.0000    0.0000   12.3527   88.5881
  14.7769 29043.0503  229.7724 -999.9000    0.0000    0.0000   12.6590   88.6333
  14.4368 29199.9296  229.9362 -999.9000    0.0000    0.0000   12.5771   88.6841
  14.1043 29356.8090  230.0376 -999.9000    0.0000    0.0000   12.1881   88.7433
  13.7798 29513.6884  230.2199 -999.9000    0.0000    0.0000   11.5768   88.8140
  13.4633 29670.5678  230.6269 -999.9000    0.0000    0.0000   10.8272   88.8992
  13.1552 29827.4472  231.4022 -999.9000    0.0000    0.0000   10.0238   89.0018
  12.8555 29984.3266  232.6325 -999.9000    0.0000    0.0000    9.2487   89.1215
  12.5638 30141.2060  234.0055 -999.9000    0.0000    0.0000    8.5701   89.2343
  12.2794 30298.0854  235.0397 -999.9000    0.0000    0.0000    8.0499   89.3059
  12.0018 30454.9648  235.2525 -999.9000    0.0000    0.0000    7.7501   89.3022
  11.7304 30611.8442  234.4163 -999.9000    0.0000    0.0000    7.6916   89.2026
  11.4650 30768.7236  233.3429 -999.9000    0.0000    0.0000    7.7292   89.0420
  11.2056 30925.6030  233.1090 -999.9000    0.0000    0.0000    7.6750   88.8691
  10.9522 31082.4824  234.3667 -999.9000    0.0000    0.0000    7.4089   88.7216
  10.7056 31239.3618  235.9559 -999.9000    0.0000    0.0000    7.1001   88.5894
  10.4661 31396.2412  236.5588 -999.9000    0.0000    0.0000    6.9453   88.4534
  10.2318 31553.1206  236.2555 -999.9000    0.0000    0.0000    6.9302   88.3118
  10.0000 31710.0000  235.5011 -999.9000    0.0000    0.0000    6.9837   88.1674
