# 06610 LSMP Payerne Observations at 12Z 30 Jul 2008
# Radiosonde file generated by raso.rb
#
  P [hPa],     Z [m],    T [K],   Td [K],   RH [%], r [g/kg], WS [m/s], WD [deg]
 962.0000   491.0000  298.2865 -999.9000   66.2269   13.6900    2.1216   93.0543
 944.6891   647.8794  296.2716 -999.9000   67.7837   12.6302    4.5957   92.6754
 927.6873   804.7588  294.9229 -999.9000   79.5242   13.9071    2.2388   92.9144
 911.0964   961.6382  293.6694 -999.9000   79.9794   14.4362    0.4740   92.0428
 894.7070  1118.5176  292.7670 -999.9000   79.9753   14.3064    1.4315   90.9797
 878.5406  1275.3970  292.5003 -999.9000   80.0366   13.3485    2.4155   90.6229
 862.6769  1432.2764  291.1453 -999.9000   80.9441   13.5129    2.6465   90.4248
 846.9845  1589.1558  289.9211 -999.9000   80.2585   13.9027    4.2525   90.3491
 831.5533  1746.0352  289.5861 -999.9000   80.7295   13.2228    5.1363   90.3950
 816.3570  1902.9146  288.2791 -999.9000   80.6107   11.9693    6.2417   90.4496
 801.3249  2059.7940  286.6917 -999.9000   80.3234   11.5640    6.8643   90.4939
 786.5365  2216.6734  285.3363 -999.9000   80.1612   10.4184    7.6106   90.5367
 771.9169  2373.5528  284.1004 -999.9000   80.5399    8.7627    8.7991   90.5644
 757.5041  2530.4322  283.0373 -999.9000   80.3982    8.5006    9.3262   90.6155
 743.3854  2687.3116  282.4567 -999.9000   77.7475    7.5803    8.2107   90.6080
 729.2940  2844.1910  281.3763 -999.9000   60.3591    5.5688    7.9585   90.6173
 715.5826  3001.0704  280.3224 -999.9000   50.0994    4.3807    9.5275   90.6971
 702.0616  3157.9497  279.1320 -999.9000   51.5758    4.2344   10.7962   90.7782
 688.7126  3314.8291  277.6477 -999.9000   58.8863    4.4448   10.8703   90.8007
 675.5482  3471.7085  276.0138 -999.9000   68.1695    4.6752   11.1028   90.8205
 662.5494  3628.5879  274.5307 -999.9000   74.1024    4.6607   11.6905   90.8487
 649.7305  3785.4673  273.5145 -999.9000   67.2299    4.0055   11.9656   90.8627
 637.1240  3942.3467  272.6545 -999.9000   55.1056    3.1437   11.2656   90.9118
 624.7467  4099.2261  271.6328 -999.9000   50.1324    2.7055    9.6983   91.0167
 612.5275  4256.1055  270.5656 -999.9000   50.0640    2.5464    9.2463   91.0465
 600.5160  4412.9849  269.9509 -999.9000   38.1859    1.8919    9.5077   91.0390
 588.7253  4569.8643  269.3491 -999.9000   22.7485    1.0986    9.6739   91.0433
 577.1128  4726.7437  268.0500 -999.9000   18.1563    0.8108    9.7076   91.0483
 565.6299  4883.6231  267.2090 -999.9000   17.0257    0.7276    9.6547   91.0538
 554.4053  5040.5025  266.6433 -999.9000   13.4927    0.5634    8.9519   91.1400
 543.3471  5197.3819  265.9655 -999.9000   12.8342    0.5190    8.1613   91.2153
 532.4739  5354.2613  264.9389 -999.9000   22.1951    0.8459    8.5566   91.2112
 521.8251  5511.1407  263.8913 -999.9000   24.0428    0.8613    9.3035   91.1806
 511.3144  5668.0201  263.1019 -999.9000   14.0978    0.4842    9.9777   91.1583
 500.9731  5824.8995  261.7629 -999.9000   12.9835    0.4090   10.6749   91.1344
 490.8286  5981.7789  260.1543 -999.9000   18.4172    0.5200   10.8272   91.1143
 480.7236  6138.6583  259.0442 -999.9000   29.2593    0.7703   11.1609   91.0832
 470.8214  6295.5377  257.7603 -999.9000   31.5287    0.7621   11.2602   91.0728
 461.0900  6452.4171  256.3373 -999.9000   30.8654    0.6762   10.9859   90.9894
 451.4963  6609.2965  255.0407 -999.9000   32.0439    0.6422    9.9839   90.8335
 442.0676  6766.1759  253.9691 -999.9000   32.6226    0.6091    9.1018   90.7116
 432.8253  6923.0553  253.0073 -999.9000   32.3424    0.5674   10.0226   90.6964
 423.7241  7079.9347  251.6002 -999.9000   36.0540    0.5712   10.9175   90.7318
 414.7432  7236.8141  249.8938 -999.9000   41.2868    0.5742   10.7320   90.7585
 405.9174  7393.6935  248.8965 -999.9000   31.8675    0.4138   10.9792   90.7794
 397.1974  7550.5729  247.6064 -999.9000   27.2800    0.3219   11.2675   90.7881
 388.6475  7707.4523  246.2094 -999.9000   31.2096    0.3308   11.4345   90.8405
 380.2876  7864.3317  245.1887 -999.9000   34.8659    0.3433   11.6932   90.9010
 372.0784  8021.2111  244.3660 -999.9000   39.1430    0.3645   11.8690   90.8924
 363.9826  8178.0905  243.5668 -999.9000   45.2783    0.3994   11.8073   90.7526
 356.0087  8334.9698  242.7071 -999.9000   54.5317    0.4529   11.8186   90.7678
 348.2042  8491.8492  241.8058 -999.9000   60.6677    0.5188   12.4494   91.3797
 340.5609  8648.7286  240.9457 -999.9000   65.0689    0.5272   12.7125   91.7004
 333.0575  8805.6080  240.0763 -999.9000   65.6823    0.4852   12.6853   91.6152
 325.6771  8962.4874  239.0975 -999.9000   65.1123    0.4338   13.0135   91.4555
 318.4095  9119.3668  237.8928 -999.9000   65.9080    0.3977   13.9655   91.4682
 311.2701  9276.2462  236.2527 -999.9000   60.8012    0.3338   14.1552   91.4746
 304.2599  9433.1256  234.6787 -999.9000   55.6160    0.2938   14.4095   91.4194
 297.3812  9590.0050  233.5927 -999.9000   50.7687    0.2688   14.9199   91.3896
 290.6045  9746.8844  232.3453 -999.9000   45.5560    0.2331   15.2746   91.3805
 283.9369  9903.7638  230.9488 -999.9000   45.8577    0.2031   15.6760   91.3479
 277.3870 10060.6432  229.4488 -999.9000   45.7109    0.1789   16.0861   91.3074
 270.9631 10217.5226  227.8851 -999.9000   45.6507    0.1538   16.3721   91.2950
 264.6694 10374.4020  226.3319 -999.9000   45.7630    0.1244   16.4436   91.3378
 258.4744 10531.2814  225.0961 -999.9000   45.2727    0.1097   16.6010   91.3756
 252.3757 10688.1608  224.0597 -999.9000   45.5913    0.1034   16.8729   91.3933
 246.3812 10845.0402  222.9938 -999.9000   40.3043    0.0916   17.1771   91.3978
 240.4896 11001.9196  221.7911 -999.9000   35.7408    0.0742   17.4602   91.3965
 234.6950 11158.7990  220.4467 -999.9000   35.9955    0.0604   17.6926   91.3968
 229.0082 11315.6784  219.0575 -999.9000   35.5387    0.0528   17.8692   91.3986
 223.4492 11472.5578  217.7714 -999.9000   35.0105    0.0500   17.9966   91.3982
 218.0236 11629.4372  216.5647 -999.9000   30.1587    0.0480   17.7937   91.4126
 212.6609 11786.3166  214.8887 -999.9000   25.6346    0.0350   16.1105   91.5070
 207.3913 11943.1960  214.0548 -999.9000   23.7983    0.0295   14.9272   91.4951
 202.2510 12100.0754  214.7578 -999.9000   18.0262    0.0410   14.6158   91.5711
 197.2536 12256.9548  216.1560 -999.9000    9.1083    0.0304   12.6072   92.1270
 192.4469 12413.8342  218.5483 -999.9000    2.6483    0.0062   13.0468   91.9985
 187.8076 12570.7136  218.3638 -999.9000    0.2373    0.0003   13.2763   91.9213
 183.2603 12727.5930  217.1271 -999.9000    0.2959    0.0003   12.9684   91.8946
 178.8033 12884.4724  216.7130 -999.9000    0.0000    0.0000   12.7175   91.8603
 174.4458 13041.3518  217.1154 -999.9000    0.0133    0.0000   12.8306   91.7991
 170.1876 13198.2312  217.3402 -999.9000    0.0000    0.0000   13.3340   91.6668
 166.0391 13355.1106  217.5082 -999.9000    0.0000    0.0000   13.9304   91.5392
 162.0101 13511.9899  217.1322 -999.9000    0.0002    0.0000   14.2049   91.4198
 158.0706 13668.8693  216.1485 -999.9000    0.0000    0.0000   13.7963   91.3880
 154.1974 13825.7487  215.2765 -999.9000    0.0000    0.0000   12.6089   91.4693
 150.4126 13982.6281  215.2119 -999.9000    0.0000    0.0000   10.6684   91.5650
 146.7292 14139.5075  216.1441 -999.9000    0.0000    0.0000   10.5634   91.5673
 143.1108 14296.3869  214.3718 -999.9000    0.0000    0.0000   10.4552   91.5696
 139.5597 14453.2663  216.7972 -999.9000    0.0000    0.0000   10.3958   91.5684
 136.1266 14610.1457  214.4716 -999.9000    0.0000    0.0000   10.3603   91.5540
 132.7619 14767.0251  213.6154 -999.9000    0.0000    0.0000   10.3302   91.5347
 129.4754 14923.9045  214.6312 -999.9000    0.0000    0.0000   10.2997   91.5197
 126.2897 15080.7839  215.7611 -999.9000    0.0000    0.0000   10.2598   91.5108
 123.1790 15237.6633  217.0169 -999.9000    0.0000    0.0000   10.2487   91.4644
 120.1481 15394.5427  217.5216 -999.9000    0.0000    0.0000   10.0802   91.3748
 117.2138 15551.4221  216.9117 -999.9000    0.0000    0.0000    9.6944   91.2661
 114.3435 15708.3015  216.8535 -999.9000    0.0000    0.0000    9.3489   91.1464
 111.5416 15865.1809  216.6475 -999.9000    0.0000    0.0000    8.7459   91.1933
 108.8149 16022.0603  217.9985 -999.9000    0.0000    0.0000    7.9114   91.4869
 106.1648 16178.9397  218.0898 -999.9000    0.0000    0.0000    7.4316   91.3484
 103.5767 16335.8191  217.7589 -999.9000    0.0000    0.0000    5.9847   91.9971
 101.0524 16492.6985  219.8375 -999.9000    0.0000    0.0000    1.4926   90.4089
  98.6148 16649.5779  218.4762 -999.9000    0.0000    0.0000    0.7047   90.4014
  96.2203 16806.4573  217.7629 -999.9000    0.0000    0.0000    0.1328   87.2598
  93.8688 16963.3367  217.0699 -999.9000    0.0000    0.0000    0.9401   90.4014
  91.5836 17120.2161  216.9678 -999.9000    0.0000    0.0000    1.8000   90.4014
  89.3567 17277.0955  216.9595 -999.9000    0.0000    0.0000    2.4276   90.4014
  87.1784 17433.9749  216.4964 -999.9000    0.0000    0.0000    3.1196   90.3927
  85.0453 17590.8543  215.6903 -999.9000    0.0000    0.0000    4.0428   90.0754
  82.9608 17747.7337  215.3642 -999.9000    0.0000    0.0000    5.2236   90.9865
  80.9282 17904.6131  216.0012 -999.9000    0.0000    0.0000    6.3785   90.6807
  78.9484 18061.4925  216.6317 -999.9000    0.0000    0.0000    6.2791   90.4907
  77.0217 18218.3719  217.2863 -999.9000    0.0000    0.0000    5.3287   90.6714
  75.1483 18375.2513  218.3228 -999.9000    0.0000    0.0000    4.3816   90.9237
  73.3271 18532.1307  219.3998 -999.9000    0.0000    0.0000    3.7685   91.0464
  71.5556 18689.0101  219.4980 -999.9000    0.0000    0.0000    3.3112   90.9336
  69.8260 18845.8894  218.3530 -999.9000    0.0000    0.0000    2.7033   91.0562
  68.1227 19002.7688  218.0317 -999.9000    0.0000    0.0000    1.5780   91.7656
  66.4601 19159.6482  218.3495 -999.9000    0.0000    0.0000    0.5659   89.5288
  64.8418 19316.5276  218.8005 -999.9000    0.0000    0.0000    0.2771   87.4851
  63.2670 19473.4070  219.1713 -999.9000    0.0000    0.0000    0.8417   87.9468
  61.7318 19630.2864  219.7004 -999.9000    0.0000    0.0000    1.4510   88.3028
  60.2355 19787.1658  219.8820 -999.9000    0.0000    0.0000    2.2182   88.5476
  58.7762 19944.0452  219.5562 -999.9000    0.0000    0.0000    3.0834   88.9105
  57.3501 20100.9246  219.1497 -999.9000    0.0000    0.0000    3.5421   89.0671
  55.9562 20257.8040  218.8570 -999.9000    0.0000    0.0000    3.4969   88.9446
  54.5968 20414.6834  218.5990 -999.9000    0.0000    0.0000    3.3130   88.7725
  53.2731 20571.5628  218.5279 -999.9000    0.0000    0.0000    3.1535   88.6461
  51.9860 20728.4422  218.9549 -999.9000    0.0000    0.0000    3.0352   88.5640
  50.7361 20885.3216  220.1940 -999.9000    0.0000    0.0000    2.9724   88.5228
  49.5229 21042.2010  221.9569 -999.9000    0.0000    0.0000    2.9484   88.5126
  48.3394 21199.0804  221.3342 -999.9000    0.0000    0.0000    3.3127   88.5757
  47.1874 21355.9598  221.4022 -999.9000    0.0000    0.0000    4.4638   88.7747
  46.0647 21512.8392  221.7988 -999.9000    0.0000    0.0000    5.5169   88.9472
  44.9691 21669.7186  222.0449 -999.9000    0.0000    0.0000    5.7395   88.9570
  43.8989 21826.5980  222.0771 -999.9000    0.0000    0.0000    5.3641   88.8369
  42.8525 21983.4774  221.9557 -999.9000    0.0000    0.0000    4.9071   88.6697
  41.8295 22140.3568  221.7284 -999.9000    0.0000    0.0000    4.6576   88.5214
  40.8309 22297.2362  221.4231 -999.9000    0.0000    0.0000    4.5534   88.4316
  39.8584 22454.1156  221.0689 -999.9000    0.0000    0.0000    4.5026   88.4374
  38.9104 22610.9950  221.4920 -999.9000    0.0000    0.0000    4.6531   88.5046
  37.9838 22767.8744  222.7854 -999.9000    0.0000    0.0000    5.0613   88.5579
  37.0791 22924.7538  223.5126 -999.9000    0.0000    0.0000    5.3959   88.6106
  36.1962 23081.6332  223.6421 -999.9000    0.0000    0.0000    5.6409   88.6649
  35.3349 23238.5126  223.3914 -999.9000    0.0000    0.0000    5.8357   88.7211
  34.4951 23395.3920  222.9778 -999.9000    0.0000    0.0000    6.0204   88.7793
  33.6765 23552.2714  222.6187 -999.9000    0.0000    0.0000    6.2345   88.8396
  32.8792 23709.1508  222.5313 -999.9000    0.0000    0.0000    6.5179   88.9021
  32.1025 23866.0302  222.8575 -999.9000    0.0000    0.0000    6.8831   88.9664
  31.3447 24022.9095  223.4591 -999.9000    0.0000    0.0000    7.2420   89.0294
  30.6036 24179.7889  224.1340 -999.9000    0.0000    0.0000    7.4834   89.0878
  29.8779 24336.6683  224.6543 -999.9000    0.0000    0.0000    7.5156   89.1301
  29.1715 24493.5477  224.7303 -999.9000    0.0000    0.0000    7.4432   89.0898
  28.4842 24650.4271  224.6096 -999.9000    0.0000    0.0000    7.3191   88.9796
  27.8138 24807.3065  224.6607 -999.9000    0.0000    0.0000    7.1574   88.8366
  27.1583 24964.1859  225.2503 -999.9000    0.0000    0.0000    6.9721   88.6979
  26.5173 25121.0653  226.4395 -999.9000    0.0000    0.0000    6.7835   88.5852
  25.8939 25277.9447  227.6403 -999.9000    0.0000    0.0000    6.6265   88.4883
  25.2914 25434.8241  228.1821 -999.9000    0.0000    0.0000    6.5375   88.3927
  24.7096 25591.7035  227.6986 -999.9000    0.0000    0.0000    6.5978   88.3136
  24.1354 25748.5829  227.1753 -999.9000    0.0000    0.0000    6.9681   88.3442
  23.5706 25905.4623  226.9451 -999.9000    0.0000    0.0000    7.5507   88.4419
  23.0189 26062.3417  227.2173 -999.9000    0.0000    0.0000    8.2203   88.5480
  22.4826 26219.2211  228.0573 -999.9000    0.0000    0.0000    8.8765   88.6216
  21.9608 26376.1005  229.1591 -999.9000    0.0000    0.0000    9.4804   88.6692
  21.4521 26532.9799  230.1581 -999.9000    0.0000    0.0000   10.0038   88.7041
  20.9548 26689.8593  230.6893 -999.9000    0.0000    0.0000   10.4180   88.7401
  20.4676 26846.7387  230.3879 -999.9000    0.0000    0.0000   10.6945   88.7908
  19.9891 27003.6181  228.9244 -999.9000    0.0000    0.0000   10.7979   88.8671
  19.5243 27160.4975  228.0202 -999.9000    0.0000    0.0000   10.3663   88.8331
  19.0752 27317.3769  228.4629 -999.9000    0.0000    0.0000    9.4716   88.6652
  18.6391 27474.2563  229.6719 -999.9000    0.0000    0.0000    8.5080   88.4541
  18.2135 27631.1357  231.0672 -999.9000    0.0000    0.0000    7.8701   88.2905
  17.7959 27788.0151  232.0774 -999.9000    0.0000    0.0000    7.9291   88.2601
  17.3864 27944.8945  232.3556 -999.9000    0.0000    0.0000    8.5061   88.3267
  16.9866 28101.7739  231.9280 -999.9000    0.0000    0.0000    9.1198   88.3867
  16.5963 28258.6533  231.0912 -999.9000    0.0000    0.0000    9.7352   88.4341
  16.2153 28415.5327  230.1693 -999.9000    0.0000    0.0000   10.3666   88.4734
  15.8432 28572.4121  229.4861 -999.9000    0.0000    0.0000   11.0287   88.5095
  15.4798 28729.2915  229.3595 -999.9000    0.0000    0.0000   11.7336   88.5468
  15.1246 28886.1709  229.7507 -999.9000    0.0000    0.0000   12.3790   88.5881
  14.7769 29043.0503  230.1029 -999.9000    0.0000    0.0000   12.7010   88.6333
  14.4368 29199.9296  230.2523 -999.9000    0.0000    0.0000   12.6346   88.6841
  14.1043 29356.8090  230.3364 -999.9000    0.0000    0.0000   12.2611   88.7433
  13.7798 29513.6884  230.4987 -999.9000    0.0000    0.0000   11.6648   88.8140
  13.4633 29670.5678  230.8827 -999.9000    0.0000    0.0000   10.9299   88.8992
  13.1552 29827.4472  231.6318 -999.9000    0.0000    0.0000   10.1408   89.0018
  12.8555 29984.3266  232.8327 -999.9000    0.0000    0.0000    9.3796   89.1215
  12.5638 30141.2060  234.1729 -999.9000    0.0000    0.0000    8.7142   89.2343
  12.2794 30298.0854  235.1707 -999.9000    0.0000    0.0000    8.2066   89.3059
  12.0018 30454.9648  235.3435 -999.9000    0.0000    0.0000    7.9187   89.3022
  11.7304 30611.8442  234.4634 -999.9000    0.0000    0.0000    7.8714   89.2026
  11.4650 30768.7236  233.3421 -999.9000    0.0000    0.0000    7.9192   89.0420
  11.2056 30925.6030  233.0562 -999.9000    0.0000    0.0000    7.8744   88.8691
  10.9522 31082.4824  234.2576 -999.9000    0.0000    0.0000    7.6166   88.7216
  10.7056 31239.3618  235.7862 -999.9000    0.0000    0.0000    7.3151   88.5894
  10.4661 31396.2412  236.3239 -999.9000    0.0000    0.0000    7.1665   88.4534
  10.2318 31553.1206  235.9508 -999.9000    0.0000    0.0000    7.1562   88.3118
  10.0000 31710.0000  235.1218 -999.9000    0.0000    0.0000    7.2133   88.1674
