# 06610 LSMP Payerne Observations at 12Z 30 Jul 2008
# Radiosonde file generated by raso.rb
#
  P [hPa],     Z [m],    T [K],   Td [K],   RH [%], r [g/kg], WS [m/s], WD [deg]
 962.0000   491.0000  297.9242 -999.9000   66.1824   13.6900    2.0698   93.0543
 944.6891   647.8794  295.8954 -999.9000   67.7413   12.6302    4.5752   92.6754
 927.6873   804.7588  294.5331 -999.9000   79.4783   13.9071    2.2461   92.9144
 911.0964   961.6382  293.2665 -999.9000   79.9374   14.4362    0.5058   92.0428
 894.7070  1118.5176  292.3515 -999.9000   79.9375   14.3064    1.4845   90.9797
 878.5406  1275.3970  292.0727 -999.9000   80.0032   13.3485    2.4865   90.6229
 862.6769  1432.2764  290.7061 -999.9000   80.9150   13.5129    2.7327   90.4248
 846.9845  1589.1558  289.4709 -999.9000   80.2343   13.9027    4.3508   90.3491
 831.5533  1746.0352  289.1256 -999.9000   80.7098   13.2228    5.2440   90.3950
 816.3570  1902.9146  287.8088 -999.9000   80.5959   11.9693    6.3561   90.4496
 801.3249  2059.7940  286.2123 -999.9000   80.3135   11.5640    6.9828   90.4939
 786.5365  2216.6734  284.8485 -999.9000   80.1561   10.4184    7.7308   90.5367
 771.9169  2373.5528  283.6049 -999.9000   80.5397    8.7627    8.9186   90.5644
 757.5041  2530.4322  282.5349 -999.9000   80.4028    8.5006    9.4428   90.6155
 743.3854  2687.3116  281.9481 -999.9000   77.7566    7.5803    8.3223   90.6080
 729.2940  2844.1910  280.8624 -999.9000   60.3698    5.5688    8.0630   90.6173
 715.5826  3001.0704  279.8039 -999.9000   50.1111    4.3807    9.6231   90.6971
 702.0616  3157.9497  278.6099 -999.9000   51.5908    4.2344   10.8811   90.7782
 688.7126  3314.8291  277.1228 -999.9000   58.9067    4.4448   10.9428   90.8007
 675.5482  3471.7085  275.4872 -999.9000   68.1967    4.6752   11.1614   90.8205
 662.5494  3628.5879  274.0031 -999.9000   74.1357    4.6607   11.7336   90.8487
 649.7305  3785.4673  272.9870 -999.9000   67.2635    4.0055   11.9921   90.8627
 637.1240  3942.3467  272.1281 -999.9000   55.1357    3.1437   11.2741   90.9118
 624.7467  4099.2261  271.1085 -999.9000   50.1619    2.7055    9.6877   91.0167
 612.5275  4256.1055  270.0445 -999.9000   50.0955    2.5464    9.2156   91.0465
 600.5160  4412.9849  269.4341 -999.9000   38.2113    1.8919    9.4561   91.0390
 588.7253  4569.8643  268.8377 -999.9000   22.7644    1.0986    9.6005   91.0433
 577.1128  4726.7437  267.5451 -999.9000   18.1696    0.8108    9.6119   91.0483
 565.6299  4883.6231  266.7119 -999.9000   17.0385    0.7276    9.5360   91.0538
 554.4053  5040.5025  266.1552 -999.9000   13.5031    0.5634    8.8098   91.1400
 543.3471  5197.3819  265.4875 -999.9000   12.8443    0.5190    7.9955   91.2153
 532.4739  5354.2613  264.4724 -999.9000   22.2129    0.8459    8.3668   91.2112
 521.8251  5511.1407  263.4376 -999.9000   24.0623    0.8613    9.0897   91.1806
 511.3144  5668.0201  262.6623 -999.9000   14.1092    0.4842    9.7399   91.1583
 500.9731  5824.8995  261.3387 -999.9000   12.9940    0.4090   10.4131   91.1344
 490.8286  5981.7789  259.7469 -999.9000   18.4319    0.5200   10.5418   91.1143
 480.7236  6138.6583  258.6551 -999.9000   29.2822    0.7703   10.8521   91.0832
 470.8214  6295.5377  257.3909 -999.9000   31.5526    0.7621   10.9286   91.0728
 461.0900  6452.4171  255.9890 -999.9000   30.8879    0.6762   10.6320   90.9894
 451.4963  6609.2965  254.7151 -999.9000   32.0661    0.6422    9.6083   90.8335
 442.0676  6766.1759  253.6676 -999.9000   32.6438    0.6091    8.7054   90.7116
 432.8253  6923.0553  252.7315 -999.9000   32.3617    0.5674    9.6063   90.6964
 423.7241  7079.9347  251.3517 -999.9000   36.0735    0.5712   10.4823   90.7318
 414.7432  7236.8141  249.6744 -999.9000   41.3064    0.5742   10.2790   90.7585
 405.9174  7393.6935  248.7076 -999.9000   31.8803    0.4138   10.5096   90.7794
 397.1974  7550.5729  247.4497 -999.9000   27.2886    0.3219   10.7828   90.7881
 388.6475  7707.4523  246.0863 -999.9000   31.2167    0.3308   10.9359   90.8405
 380.2876  7864.3317  245.1002 -999.9000   34.8704    0.3433   11.1822   90.9010
 372.0784  8021.2111  244.3127 -999.9000   39.1442    0.3645   11.3469   90.8924
 363.9826  8178.0905  243.5489 -999.9000   45.2749    0.3994   11.2754   90.7526
 356.0087  8334.9698  242.7245 -999.9000   54.5216    0.4529   11.2782   90.7678
 348.2042  8491.8492  241.8578 -999.9000   60.6498    0.5188   11.9020   91.3797
 340.5609  8648.7286  241.0314 -999.9000   65.0425    0.5272   12.1593   91.7004
 333.0575  8805.6080  240.1945 -999.9000   65.6483    0.4852   12.1276   91.6152
 325.6771  8962.4874  239.2463 -999.9000   65.0716    0.4338   12.4526   91.4555
 318.4095  9119.3668  238.0702 -999.9000   65.8598    0.3977   13.4028   91.4682
 311.2701  9276.2462  236.4561 -999.9000   60.7506    0.3338   13.5918   91.4746
 304.2599  9433.1256  234.9053 -999.9000   55.5643    0.2938   13.8468   91.4194
 297.3812  9590.0050  233.8392 -999.9000   50.7169    0.2688   14.3591   91.3896
 290.6045  9746.8844  232.6081 -999.9000   45.5058    0.2331   14.7170   91.3805
 283.9369  9903.7638  231.2237 -999.9000   45.8037    0.2031   15.1228   91.3479
 277.3870 10060.6432  229.7314 -999.9000   45.6543    0.1789   15.5385   91.3074
 270.9631 10217.5226  228.1706 -999.9000   45.5916    0.1538   15.8314   91.2950
 264.6694 10374.4020  226.6151 -999.9000   45.7020    0.1244   15.9109   91.3378
 258.4744 10531.2814  225.3714 -999.9000   45.2111    0.1097   16.0777   91.3756
 252.3757 10688.1608  224.3212 -999.9000   45.5286    0.1034   16.3600   91.3933
 246.3812 10845.0402  223.2351 -999.9000   40.2490    0.0916   16.6759   91.3978
 240.4896 11001.9196  222.0053 -999.9000   35.6924    0.0742   16.9718   91.3965
 234.6950 11158.7990  220.6275 -999.9000   35.9481    0.0604   17.2182   91.3968
 229.0082 11315.6784  219.1989 -999.9000   35.4937    0.0528   17.4097   91.3986
 223.4492 11472.5578  217.8680 -999.9000   34.9684    0.0500   17.5532   91.3982
 218.0236 11629.4372  216.6117 -999.9000   30.1248    0.0480   17.3671   91.4126
 212.6609 11786.3166  214.8819 -999.9000   25.6081    0.0350   15.7015   91.5070
 207.3913 11943.1960  213.9906 -999.9000   23.7760    0.0295   14.5366   91.4951
 202.2510 12100.0754  214.6331 -999.9000   18.0112    0.0410   14.2442   91.5711
 197.2536 12256.9548  215.9683 -999.9000    9.1018    0.0304   12.2552   92.1270
 192.4469 12413.8342  218.2957 -999.9000    2.6468    0.0062   12.7148   91.9985
 187.8076 12570.7136  218.0450 -999.9000    0.2371    0.0003   12.9647   91.9213
 183.2603 12727.5930  216.7413 -999.9000    0.2958    0.0003   12.6776   91.8946
 178.8033 12884.4724  216.2600 -999.9000    0.0000    0.0000   12.4477   91.8603
 174.4458 13041.3518  216.5955 -999.9000    0.0133    0.0000   12.5819   91.7991
 170.1876 13198.2312  216.7545 -999.9000    0.0000    0.0000   13.1066   91.6668
 166.0391 13355.1106  216.8581 -999.9000    0.0000    0.0000   13.7243   91.5392
 162.0101 13511.9899  216.4199 -999.9000    0.0002    0.0000   14.0199   91.4198
 158.0706 13668.8693  215.3765 -999.9000    0.0000    0.0000   13.6323   91.3880
 154.1974 13825.7487  214.4482 -999.9000    0.0000    0.0000   12.4657   91.4693
 150.4126 13982.6281  214.3311 -999.9000    0.0000    0.0000   10.5456   91.5650
 146.7292 14139.5075  215.2152 -999.9000    0.0000    0.0000   10.4606   91.5673
 143.1108 14296.3869  213.3998 -999.9000    0.0000    0.0000   10.3720   91.5696
 139.5597 14453.2663  215.7875 -999.9000    0.0000    0.0000   10.3316   91.5684
 136.1266 14610.1457  213.4300 -999.9000    0.0000    0.0000   10.3144   91.5540
 132.7619 14767.0251  212.5471 -999.9000    0.0000    0.0000   10.3021   91.5347
 129.4754 14923.9045  213.5415 -999.9000    0.0000    0.0000   10.2886   91.5197
 126.2897 15080.7839  214.6547 -999.9000    0.0000    0.0000   10.2650   91.5108
 123.1790 15237.6633  215.8984 -999.9000    0.0000    0.0000   10.2695   91.4644
 120.1481 15394.5427  216.3953 -999.9000    0.0000    0.0000   10.1158   91.3748
 117.2138 15551.4221  215.7816 -999.9000    0.0000    0.0000    9.7440   91.2661
 114.3435 15708.3015  215.7234 -999.9000    0.0000    0.0000    9.4116   91.1464
 111.5416 15865.1809  215.5209 -999.9000    0.0000    0.0000    8.8208   91.1933
 108.8149 16022.0603  216.8786 -999.9000    0.0000    0.0000    7.9975   91.4869
 106.1648 16178.9397  216.9795 -999.9000    0.0000    0.0000    7.5281   91.3484
 103.5767 16335.8191  216.6609 -999.9000    0.0000    0.0000    6.0905   91.9971
 101.0524 16492.6985  218.7542 -999.9000    0.0000    0.0000    1.6067   90.4089
  98.6148 16649.5779  217.4097 -999.9000    0.0000    0.0000    0.8261   90.4014
  96.2203 16806.4573  216.7152 -999.9000    0.0000    0.0000    0.0053   87.2598
  93.8688 16963.3367  216.0425 -999.9000    0.0000    0.0000    1.0726   90.4014
  91.5836 17120.2161  215.9620 -999.9000    0.0000    0.0000    1.9363   90.4014
  89.3567 17277.0955  215.9763 -999.9000    0.0000    0.0000    2.5665   90.4014
  87.1784 17433.9749  215.5366 -999.9000    0.0000    0.0000    3.2600   90.3927
  85.0453 17590.8543  214.7545 -999.9000    0.0000    0.0000    4.1832   90.0754
  82.9608 17747.7337  214.4526 -999.9000    0.0000    0.0000    5.3628   90.9865
  80.9282 17904.6131  215.1138 -999.9000    0.0000    0.0000    6.5153   90.6807
  78.9484 18061.4925  215.7682 -999.9000    0.0000    0.0000    6.4121   90.4907
  77.0217 18218.3719  216.4466 -999.9000    0.0000    0.0000    5.4566   90.6714
  75.1483 18375.2513  217.5066 -999.9000    0.0000    0.0000    4.5036   90.9237
  73.3271 18532.1307  218.6070 -999.9000    0.0000    0.0000    3.8834   91.0464
  71.5556 18689.0101  218.7282 -999.9000    0.0000    0.0000    3.4183   90.9336
  69.8260 18845.8894  217.6060 -999.9000    0.0000    0.0000    2.8019   91.0562
  68.1227 19002.7688  217.3071 -999.9000    0.0000    0.0000    1.6676   91.7656
  66.4601 19159.6482  217.6471 -999.9000    0.0000    0.0000    0.6460   89.5288
  64.8418 19316.5276  218.1199 -999.9000    0.0000    0.0000    0.3474   87.4851
  63.2670 19473.4070  218.5122 -999.9000    0.0000    0.0000    0.9020   87.9468
  61.7318 19630.2864  219.0623 -999.9000    0.0000    0.0000    1.5012   88.3028
  60.2355 19787.1658  219.2647 -999.9000    0.0000    0.0000    2.2583   88.5476
  58.7762 19944.0452  218.9592 -999.9000    0.0000    0.0000    3.1137   88.9105
  57.3501 20100.9246  218.5726 -999.9000    0.0000    0.0000    3.5628   89.0671
  55.9562 20257.8040  218.2993 -999.9000    0.0000    0.0000    3.5085   88.9446
  54.5968 20414.6834  218.0603 -999.9000    0.0000    0.0000    3.3160   88.7725
  53.2731 20571.5628  218.0076 -999.9000    0.0000    0.0000    3.1485   88.6461
  51.9860 20728.4422  218.4527 -999.9000    0.0000    0.0000    3.0231   88.5640
  50.7361 20885.3216  219.7093 -999.9000    0.0000    0.0000    2.9540   88.5228
  49.5229 21042.2010  221.4892 -999.9000    0.0000    0.0000    2.9248   88.5126
  48.3394 21199.0804  220.8829 -999.9000    0.0000    0.0000    3.2850   88.5757
  47.1874 21355.9598  220.9667 -999.9000    0.0000    0.0000    4.4333   88.7747
  46.0647 21512.8392  221.3786 -999.9000    0.0000    0.0000    5.4849   88.9472
  44.9691 21669.7186  221.6395 -999.9000    0.0000    0.0000    5.7073   88.9570
  43.8989 21826.5980  221.6858 -999.9000    0.0000    0.0000    5.3329   88.8369
  42.8525 21983.4774  221.5780 -999.9000    0.0000    0.0000    4.8779   88.6697
  41.8295 22140.3568  221.3638 -999.9000    0.0000    0.0000    4.6316   88.5214
  40.8309 22297.2362  221.0711 -999.9000    0.0000    0.0000    4.5313   88.4316
  39.8584 22454.1156  220.7290 -999.9000    0.0000    0.0000    4.4854   88.4374
  38.9104 22610.9950  221.1636 -999.9000    0.0000    0.0000    4.6416   88.5046
  37.9838 22767.8744  222.4681 -999.9000    0.0000    0.0000    5.0562   88.5579
  37.0791 22924.7538  223.2059 -999.9000    0.0000    0.0000    5.3978   88.6106
  36.1962 23081.6332  223.3456 -999.9000    0.0000    0.0000    5.6503   88.6649
  35.3349 23238.5126  223.1047 -999.9000    0.0000    0.0000    5.8532   88.7211
  34.4951 23395.3920  222.7003 -999.9000    0.0000    0.0000    6.0463   88.7793
  33.6765 23552.2714  222.3500 -999.9000    0.0000    0.0000    6.2691   88.8396
  32.8792 23709.1508  222.2711 -999.9000    0.0000    0.0000    6.5615   88.9021
  32.1025 23866.0302  222.6052 -999.9000    0.0000    0.0000    6.9358   88.9664
  31.3447 24022.9095  223.2145 -999.9000    0.0000    0.0000    7.3039   89.0294
  30.6036 24179.7889  223.8966 -999.9000    0.0000    0.0000    7.5545   89.0878
  29.8779 24336.6683  224.4238 -999.9000    0.0000    0.0000    7.5959   89.1301
  29.1715 24493.5477  224.5063 -999.9000    0.0000    0.0000    7.5325   89.0898
  28.4842 24650.4271  224.3918 -999.9000    0.0000    0.0000    7.4171   88.9796
  27.8138 24807.3065  224.4487 -999.9000    0.0000    0.0000    7.2639   88.8366
  27.1583 24964.1859  225.0438 -999.9000    0.0000    0.0000    7.0866   88.6979
  26.5173 25121.0653  226.2382 -999.9000    0.0000    0.0000    6.9058   88.5852
  25.8939 25277.9447  227.4440 -999.9000    0.0000    0.0000    6.7560   88.4883
  25.2914 25434.8241  227.9905 -999.9000    0.0000    0.0000    6.6739   88.3927
  24.7096 25591.7035  227.5115 -999.9000    0.0000    0.0000    6.7407   88.3136
  24.1354 25748.5829  226.9926 -999.9000    0.0000    0.0000    7.1171   88.3442
  23.5706 25905.4623  226.7666 -999.9000    0.0000    0.0000    7.7053   88.4419
  23.0189 26062.3417  227.0429 -999.9000    0.0000    0.0000    8.3803   88.5480
  22.4826 26219.2211  227.8869 -999.9000    0.0000    0.0000    9.0412   88.6216
  21.9608 26376.1005  228.9927 -999.9000    0.0000    0.0000    9.6495   88.6692
  21.4521 26532.9799  229.9956 -999.9000    0.0000    0.0000   10.1768   88.7041
  20.9548 26689.8593  230.5308 -999.9000    0.0000    0.0000   10.5944   88.7401
  20.4676 26846.7387  230.2335 -999.9000    0.0000    0.0000   10.8739   88.7908
  19.9891 27003.6181  228.7741 -999.9000    0.0000    0.0000   10.9799   88.8671
  19.5243 27160.4975  227.8741 -999.9000    0.0000    0.0000   10.5503   88.8331
  19.0752 27317.3769  228.3211 -999.9000    0.0000    0.0000    9.6572   88.6652
  18.6391 27474.2563  229.5346 -999.9000    0.0000    0.0000    8.6947   88.4541
  18.2135 27631.1357  230.9346 -999.9000    0.0000    0.0000    8.0573   88.2905
  17.7959 27788.0151  231.9498 -999.9000    0.0000    0.0000    8.1164   88.2601
  17.3864 27944.8945  232.2331 -999.9000    0.0000    0.0000    8.6929   88.3267
  16.9866 28101.7739  231.8110 -999.9000    0.0000    0.0000    9.3056   88.3867
  16.5963 28258.6533  230.9800 -999.9000    0.0000    0.0000    9.9195   88.4341
  16.2153 28415.5327  230.0643 -999.9000    0.0000    0.0000   10.5489   88.4734
  15.8432 28572.4121  229.3876 -999.9000    0.0000    0.0000   11.2083   88.5095
  15.4798 28729.2915  229.2680 -999.9000    0.0000    0.0000   11.9102   88.5468
  15.1246 28886.1709  229.6665 -999.9000    0.0000    0.0000   12.5518   88.5881
  14.7769 29043.0503  230.0266 -999.9000    0.0000    0.0000   12.8696   88.6333
  14.4368 29199.9296  230.1844 -999.9000    0.0000    0.0000   12.7983   88.6841
  14.1043 29356.8090  230.2774 -999.9000    0.0000    0.0000   12.4193   88.7433
  13.7798 29513.6884  230.4491 -999.9000    0.0000    0.0000   11.8170   88.8140
  13.4633 29670.5678  230.8432 -999.9000    0.0000    0.0000   11.0755   88.8992
  13.1552 29827.4472  231.6030 -999.9000    0.0000    0.0000   10.2792   89.0018
  12.8555 29984.3266  232.8152 -999.9000    0.0000    0.0000    9.5101   89.1215
  12.5638 30141.2060  234.1674 -999.9000    0.0000    0.0000    8.8363   89.2343
  12.2794 30298.0854  235.1779 -999.9000    0.0000    0.0000    8.3196   89.3059
  12.0018 30454.9648  235.3641 -999.9000    0.0000    0.0000    8.0220   89.3022
  11.7304 30611.8442  234.4983 -999.9000    0.0000    0.0000    7.9643   89.2026
  11.4650 30768.7236  233.3921 -999.9000    0.0000    0.0000    8.0011   89.0420
  11.2056 30925.6030  233.1221 -999.9000    0.0000    0.0000    7.9446   88.8691
  10.9522 31082.4824  234.3403 -999.9000    0.0000    0.0000    7.6746   88.7216
  10.7056 31239.3618  235.8866 -999.9000    0.0000    0.0000    7.3600   88.5894
  10.4661 31396.2412  236.4429 -999.9000    0.0000    0.0000    7.1977   88.4534
  10.2318 31553.1206  236.0893 -999.9000    0.0000    0.0000    7.1731   88.3118
  10.0000 31710.0000  235.2808 -999.9000    0.0000    0.0000    7.2151   88.1674
