# 06610 LSMP Payerne Observations at 12Z 30 Jul 2008
# Radiosonde file generated by raso.rb
#
  P [hPa],     Z [m],    T [K],   Td [K],   RH [%], r [g/kg], WS [m/s], WD [deg]
 962.0000   491.0000  298.3704 -999.9000   66.1591   13.6900    1.9597   93.0543
 944.6891   647.8794  296.3296 -999.9000   67.7155   12.6302    4.4161   92.6754
 927.6873   804.7588  294.9575 -999.9000   79.4461   13.9071    2.0449   92.9144
 911.0964   961.6382  293.6832 -999.9000   79.9034   14.4362    0.2688   92.0428
 894.7070  1118.5176  292.7625 -999.9000   79.9024   14.3064    1.2179   90.9797
 878.5406  1275.3970  292.4799 -999.9000   79.9673   13.3485    2.1964   90.6229
 862.6769  1432.2764  291.1111 -999.9000   80.8782   13.5129    2.4246   90.4248
 846.9845  1589.1558  289.8752 -999.9000   80.1978   13.9027    4.0302   90.3491
 831.5533  1746.0352  289.5306 -999.9000   80.6734   13.2228    4.9160   90.3950
 816.3570  1902.9146  288.2160 -999.9000   80.5601   11.9693    6.0255   90.4496
 801.3249  2059.7940  286.6227 -999.9000   80.2787   11.5640    6.6542   90.4939
 786.5365  2216.6734  285.2631 -999.9000   80.1226   10.4184    7.4085   90.5367
 771.9169  2373.5528  284.0246 -999.9000   80.5075    8.7627    8.6067   90.5644
 757.5041  2530.4322  282.9605 -999.9000   80.3724    8.5006    9.1450   90.6155
 743.3854  2687.3116  282.3802 -999.9000   77.7291    7.5803    8.0421   90.6080
 729.2940  2844.1910  281.3014 -999.9000   60.3501    5.5688    7.8036   90.6173
 715.5826  3001.0704  280.2503 -999.9000   50.0964    4.3807    9.3875   90.6971
 702.0616  3157.9497  279.0639 -999.9000   51.5773    4.2344   10.6719   90.7782
 688.7126  3314.8291  277.5844 -999.9000   58.8934    4.4448   10.7624   90.8007
 675.5482  3471.7085  275.9563 -999.9000   68.1840    4.6752   11.0120   90.8205
 662.5494  3628.5879  274.4796 -999.9000   74.1249    4.6607   11.6171   90.8487
 649.7305  3785.4673  273.4706 -999.9000   67.2565    4.0055   11.9100   90.8627
 637.1240  3942.3467  272.6183 -999.9000   55.1324    3.1437   11.2278   90.9118
 624.7467  4099.2261  271.6047 -999.9000   50.1613    2.7055    9.6782   91.0167
 612.5275  4256.1055  270.5460 -999.9000   50.0973    2.5464    9.2438   91.0465
 600.5160  4412.9849  269.9401 -999.9000   38.2146    1.8919    9.5224   91.0390
 588.7253  4569.8643  269.3472 -999.9000   22.7675    1.0986    9.7052   91.0433
 577.1128  4726.7437  268.0570 -999.9000   18.1730    0.8108    9.7549   91.0483
 565.6299  4883.6231  267.2248 -999.9000   17.0426    0.7276    9.7170   91.0538
 554.4053  5040.5025  266.6679 -999.9000   13.5071    0.5634    9.0283   91.1400
 543.3471  5197.3819  265.9984 -999.9000   12.8488    0.5190    8.2506   91.2153
 532.4739  5354.2613  264.9798 -999.9000   22.2218    0.8459    8.6574   91.2112
 521.8251  5511.1407  263.9397 -999.9000   24.0733    0.8613    9.4144   91.1806
 511.3144  5668.0201  263.1573 -999.9000   14.1165    0.4842   10.0970   91.1583
 500.9731  5824.8995  261.8244 -999.9000   13.0014    0.4090   10.8008   91.1344
 490.8286  5981.7789  260.2212 -999.9000   18.4434    0.5200   10.9578   91.1143
 480.7236  6138.6583  259.1156 -999.9000   29.3019    0.7703   11.2939   91.0832
 470.8214  6295.5377  257.8352 -999.9000   31.5756    0.7621   11.3935   91.0728
 461.0900  6452.4171  256.4146 -999.9000   30.9120    0.6762   11.1170   90.9894
 451.4963  6609.2965  255.1191 -999.9000   32.0928    0.6422   10.1101   90.8335
 442.0676  6766.1759  254.0473 -999.9000   32.6726    0.6091    9.2205   90.7116
 432.8253  6923.0553  253.0838 -999.9000   32.3920    0.5674   10.1308   90.6964
 423.7241  7079.9347  251.6735 -999.9000   36.1090    0.5712   11.0121   90.7318
 414.7432  7236.8141  249.9623 -999.9000   41.3489    0.5742   10.8098   90.7585
 405.9174  7393.6935  248.9584 -999.9000   31.9145    0.4138   11.0367   90.7794
 397.1974  7550.5729  247.6599 -999.9000   27.3191    0.3219   11.3013   90.7881
 388.6475  7707.4523  246.2528 -999.9000   31.2529    0.3308   11.4413   90.8405
 380.2876  7864.3317  245.2205 -999.9000   34.9122    0.3433   11.6701   90.9010
 372.0784  8021.2111  244.3848 -999.9000   39.1925    0.3645   11.8135   90.8924
 363.9826  8178.0905  243.5715 -999.9000   45.3325    0.3994   11.7173   90.7526
 356.0087  8334.9698  242.6969 -999.9000   54.5927    0.4529   11.6923   90.7678
 348.2042  8491.8492  241.7799 -999.9000   60.7308    0.5188   12.2857   91.3797
 340.5609  8648.7286  240.9035 -999.9000   65.1312    0.5272   12.5103   91.7004
 333.0575  8805.6080  240.0177 -999.9000   65.7397    0.4852   12.4442   91.6152
 325.6771  8962.4874  239.0223 -999.9000   65.1637    0.4338   12.7333   91.4555
 318.4095  9119.3668  237.8012 -999.9000   65.9544    0.3977   13.6465   91.4682
 311.2701  9276.2462  236.1449 -999.9000   60.8389    0.3338   13.7980   91.4746
 304.2599  9433.1256  234.5553 -999.9000   55.6460    0.2938   14.0153   91.4194
 297.3812  9590.0050  233.4543 -999.9000   50.7922    0.2688   14.4900   91.3896
 290.6045  9746.8844  232.1930 -999.9000   45.5738    0.2331   14.8110   91.3805
 283.9369  9903.7638  230.7836 -999.9000   45.8726    0.2031   15.1809   91.3479
 277.3870 10060.6432  229.2721 -999.9000   45.7231    0.1789   15.5621   91.3074
 270.9631 10217.5226  227.6983 -999.9000   45.6605    0.1538   15.8222   91.2950
 264.6694 10374.4020  226.1369 -999.9000   45.7709    0.1244   15.8713   91.3378
 258.4744 10531.2814  224.8947 -999.9000   45.2791    0.1097   16.0102   91.3756
 252.3757 10688.1608  223.8542 -999.9000   45.5968    0.1034   16.2677   91.3933
 246.3812 10845.0402  222.7865 -999.9000   40.3088    0.0916   16.5622   91.3978
 240.4896 11001.9196  221.5844 -999.9000   35.7450    0.0742   16.8405   91.3965
 234.6950 11158.7990  220.2432 -999.9000   36.0004    0.0604   17.0731   91.3968
 229.0082 11315.6784  218.8593 -999.9000   35.5446    0.0528   17.2545   91.3986
 223.4492 11472.5578  217.5803 -999.9000   35.0178    0.0500   17.3911   91.3982
 218.0236 11629.4372  216.3824 -999.9000   30.1666    0.0480   17.2014   91.4126
 212.6609 11786.3166  214.7166 -999.9000   25.6430    0.0350   15.5351   91.5070
 207.3913 11943.1960  213.8939 -999.9000   23.8077    0.0295   14.3723   91.4951
 202.2510 12100.0754  214.6090 -999.9000   18.0347    0.0410   14.0844   91.5711
 197.2536 12256.9548  216.0198 -999.9000    9.1134    0.0304   12.1022   92.1270
 192.4469 12413.8342  218.4250 -999.9000    2.6501    0.0062   12.5706   91.9985
 187.8076 12570.7136  218.2534 -999.9000    0.2374    0.0003   12.8312   91.9213
 183.2603 12727.5930  217.0293 -999.9000    0.2961    0.0003   12.5564   91.8946
 178.8033 12884.4724  216.6274 -999.9000    0.0000    0.0000   12.3401   91.8603
 174.4458 13041.3518  217.0411 -999.9000    0.0133    0.0000   12.4891   91.7991
 170.1876 13198.2312  217.2762 -999.9000    0.0000    0.0000   13.0296   91.6668
 166.0391 13355.1106  217.4530 -999.9000    0.0000    0.0000   13.6637   91.5392
 162.0101 13511.9899  217.0843 -999.9000    0.0002    0.0000   13.9763   91.4198
 158.0706 13668.8693  216.1060 -999.9000    0.0000    0.0000   13.6059   91.3880
 154.1974 13825.7487  215.2372 -999.9000    0.0000    0.0000   12.4566   91.4693
 150.4126 13982.6281  215.1735 -999.9000    0.0000    0.0000   10.5537   91.5650
 146.7292 14139.5075  216.1039 -999.9000    0.0000    0.0000   10.4854   91.5673
 143.1108 14296.3869  214.3268 -999.9000    0.0000    0.0000   10.4129   91.5696
 139.5597 14453.2663  216.7441 -999.9000    0.0000    0.0000   10.3878   91.5684
 136.1266 14610.1457  214.4074 -999.9000    0.0000    0.0000   10.3850   91.5540
 132.7619 14767.0251  213.5371 -999.9000    0.0000    0.0000   10.3860   91.5347
 129.4754 14923.9045  214.5363 -999.9000    0.0000    0.0000   10.3849   91.5197
 126.2897 15080.7839  215.6473 -999.9000    0.0000    0.0000   10.3726   91.5108
 123.1790 15237.6633  216.8823 -999.9000    0.0000    0.0000   10.3874   91.4644
 120.1481 15394.5427  217.3645 -999.9000    0.0000    0.0000   10.2429   91.3748
 117.2138 15551.4221  216.7308 -999.9000    0.0000    0.0000    9.8791   91.2661
 114.3435 15708.3015  216.6478 -999.9000    0.0000    0.0000    9.5536   91.1464
 111.5416 15865.1809  216.4163 -999.9000    0.0000    0.0000    8.9686   91.1933
 108.8149 16022.0603  217.7413 -999.9000    0.0000    0.0000    8.1499   91.4869
 106.1648 16178.9397  217.8066 -999.9000    0.0000    0.0000    7.6838   91.3484
 103.5767 16335.8191  217.4499 -999.9000    0.0000    0.0000    6.2483   91.9971
 101.0524 16492.6985  219.5031 -999.9000    0.0000    0.0000    1.7654   90.4089
  98.6148 16649.5779  218.1173 -999.9000    0.0000    0.0000    0.9842   90.4014
  96.2203 16806.4573  217.3807 -999.9000    0.0000    0.0000    0.1510   90.4014
  93.8688 16963.3367  216.6657 -999.9000    0.0000    0.0000    1.2258   90.4014
  91.5836 17120.2161  216.5434 -999.9000    0.0000    0.0000    2.0850   90.4014
  89.3567 17277.0955  216.5169 -999.9000    0.0000    0.0000    2.7092   90.4014
  87.1784 17433.9749  216.0380 -999.9000    0.0000    0.0000    3.3952   90.3927
  85.0453 17590.8543  215.2188 -999.9000    0.0000    0.0000    4.3096   90.0754
  82.9608 17747.7337  214.8826 -999.9000    0.0000    0.0000    5.4788   90.9865
  80.9282 17904.6131  215.5127 -999.9000    0.0000    0.0000    6.6193   90.6807
  78.9484 18061.4925  216.1396 -999.9000    0.0000    0.0000    6.5028   90.4907
  77.0217 18218.3719  216.7940 -999.9000    0.0000    0.0000    5.5329   90.6714
  75.1483 18375.2513  217.8332 -999.9000    0.0000    0.0000    4.5644   90.9237
  73.3271 18532.1307  218.9158 -999.9000    0.0000    0.0000    3.9281   91.0464
  71.5556 18689.0101  219.0222 -999.9000    0.0000    0.0000    3.4465   90.9336
  69.8260 18845.8894  217.8880 -999.9000    0.0000    0.0000    2.8134   91.0562
  68.1227 19002.7688  217.5798 -999.9000    0.0000    0.0000    1.6624   91.7656
  66.4601 19159.6482  217.9130 -999.9000    0.0000    0.0000    0.6246   89.5288
  64.8418 19316.5276  218.3813 -999.9000    0.0000    0.0000    0.3102   87.4851
  63.2670 19473.4070  218.7712 -999.9000    0.0000    0.0000    0.8499   87.9468
  61.7318 19630.2864  219.3211 -999.9000    0.0000    0.0000    1.4353   88.3028
  60.2355 19787.1658  219.5250 -999.9000    0.0000    0.0000    2.1800   88.5476
  58.7762 19944.0452  219.2228 -999.9000    0.0000    0.0000    3.0244   88.9105
  57.3501 20100.9246  218.8411 -999.9000    0.0000    0.0000    3.4644   89.0671
  55.9562 20257.8040  218.5741 -999.9000    0.0000    0.0000    3.4031   88.9446
  54.5968 20414.6834  218.3426 -999.9000    0.0000    0.0000    3.2060   88.7725
  53.2731 20571.5628  218.2986 -999.9000    0.0000    0.0000    3.0364   88.6461
  51.9860 20728.4422  218.7533 -999.9000    0.0000    0.0000    2.9117   88.5640
  50.7361 20885.3216  220.0203 -999.9000    0.0000    0.0000    2.8465   88.5228
  49.5229 21042.2010  221.8112 -999.9000    0.0000    0.0000    2.8244   88.5126
  48.3394 21199.0804  221.2165 -999.9000    0.0000    0.0000    3.1954   88.5757
  47.1874 21355.9598  221.3122 -999.9000    0.0000    0.0000    4.3583   88.7747
  46.0647 21512.8392  221.7362 -999.9000    0.0000    0.0000    5.4284   88.9472
  44.9691 21669.7186  222.0092 -999.9000    0.0000    0.0000    5.6726   88.9570
  43.8989 21826.5980  222.0676 -999.9000    0.0000    0.0000    5.3229   88.8369
  42.8525 21983.4774  221.9715 -999.9000    0.0000    0.0000    4.8953   88.6697
  41.8295 22140.3568  221.7686 -999.9000    0.0000    0.0000    4.6783   88.5214
  40.8309 22297.2362  221.4867 -999.9000    0.0000    0.0000    4.6091   88.4316
  39.8584 22454.1156  221.1547 -999.9000    0.0000    0.0000    4.5955   88.4374
  38.9104 22610.9950  221.5987 -999.9000    0.0000    0.0000    4.7847   88.5046
  37.9838 22767.8744  222.9114 -999.9000    0.0000    0.0000    5.2326   88.5579
  37.0791 22924.7538  223.6563 -999.9000    0.0000    0.0000    5.6074   88.6106
  36.1962 23081.6332  223.8018 -999.9000    0.0000    0.0000    5.8925   88.6649
  35.3349 23238.5126  223.5653 -999.9000    0.0000    0.0000    6.1270   88.7211
  34.4951 23395.3920  223.1638 -999.9000    0.0000    0.0000    6.3502   88.7793
  33.6765 23552.2714  222.8146 -999.9000    0.0000    0.0000    6.6013   88.8396
  32.8792 23709.1508  222.7348 -999.9000    0.0000    0.0000    6.9196   88.9021
  32.1025 23866.0302  223.0662 -999.9000    0.0000    0.0000    7.3171   88.9664
  31.3447 24022.9095  223.6704 -999.9000    0.0000    0.0000    7.7050   89.0294
  30.6036 24179.7889  224.3452 -999.9000    0.0000    0.0000    7.9719   89.0878
  29.8779 24336.6683  224.8626 -999.9000    0.0000    0.0000    8.0253   89.1301
  29.1715 24493.5477  224.9327 -999.9000    0.0000    0.0000    7.9695   89.0898
  28.4842 24650.4271  224.8031 -999.9000    0.0000    0.0000    7.8567   88.9796
  27.8138 24807.3065  224.8419 -999.9000    0.0000    0.0000    7.7005   88.8366
  27.1583 24964.1859  225.4159 -999.9000    0.0000    0.0000    7.5147   88.6979
  26.5173 25121.0653  226.5865 -999.9000    0.0000    0.0000    7.3201   88.5852
  25.8939 25277.9447  227.7659 -999.9000    0.0000    0.0000    7.1515   88.4883
  25.2914 25434.8241  228.2836 -999.9000    0.0000    0.0000    7.0462   88.3927
  24.7096 25591.7035  227.7738 -999.9000    0.0000    0.0000    7.0856   88.3136
  24.1354 25748.5829  227.2220 -999.9000    0.0000    0.0000    7.4309   88.3442
  23.5706 25905.4623  226.9614 -999.9000    0.0000    0.0000    7.9847   88.4419
  23.0189 26062.3417  227.2015 -999.9000    0.0000    0.0000    8.6222   88.5480
  22.4826 26219.2211  228.0081 -999.9000    0.0000    0.0000    9.2432   88.6216
  21.9608 26376.1005  229.0753 -999.9000    0.0000    0.0000    9.8095   88.6692
  21.4521 26532.9799  230.0388 -999.9000    0.0000    0.0000   10.2929   88.7041
  20.9548 26689.8593  230.5337 -999.9000    0.0000    0.0000   10.6654   88.7401
  20.4676 26846.7387  230.1957 -999.9000    0.0000    0.0000   10.8987   88.7908
  19.9891 27003.6181  228.6952 -999.9000    0.0000    0.0000   10.9579   88.8671
  19.5243 27160.4975  227.7542 -999.9000    0.0000    0.0000   10.4814   88.8331
  19.0752 27317.3769  228.1602 -999.9000    0.0000    0.0000    9.5415   88.6652
  18.6391 27474.2563  229.3331 -999.9000    0.0000    0.0000    8.5329   88.4541
  18.2135 27631.1357  230.6930 -999.9000    0.0000    0.0000    7.8504   88.2905
  17.7959 27788.0151  231.6687 -999.9000    0.0000    0.0000    7.8658   88.2601
  17.3864 27944.8945  231.9137 -999.9000    0.0000    0.0000    8.4003   88.3267
  16.9866 28101.7739  231.4543 -999.9000    0.0000    0.0000    8.9732   88.3867
  16.5963 28258.6533  230.5874 -999.9000    0.0000    0.0000    9.5499   88.4341
  16.2153 28415.5327  229.6373 -999.9000    0.0000    0.0000   10.1451   88.4734
  15.8432 28572.4121  228.9280 -999.9000    0.0000    0.0000   10.7737   88.5095
  15.4798 28729.2915  228.7777 -999.9000    0.0000    0.0000   11.4484   88.5468
  15.1246 28886.1709  229.1479 -999.9000    0.0000    0.0000   12.0671   88.5881
  14.7769 29043.0503  229.4820 -999.9000    0.0000    0.0000   12.3664   88.6333
  14.4368 29199.9296  229.6163 -999.9000    0.0000    0.0000   12.2817   88.6841
  14.1043 29356.8090  229.6887 -999.9000    0.0000    0.0000   11.8945   88.7433
  13.7798 29513.6884  229.8428 -999.9000    0.0000    0.0000   11.2898   88.8140
  13.4633 29670.5678  230.2225 -999.9000    0.0000    0.0000   10.5520   88.8992
  13.1552 29827.4472  230.9713 -999.9000    0.0000    0.0000    9.7658   89.0018
  12.8555 29984.3266  232.1762 -999.9000    0.0000    0.0000    9.0139   89.1215
  12.5638 30141.2060  233.5250 -999.9000    0.0000    0.0000    8.3645   89.2343
  12.2794 30298.0854  234.5360 -999.9000    0.0000    0.0000    7.8799   89.3059
  12.0018 30454.9648  234.7271 -999.9000    0.0000    0.0000    7.6224   89.3022
  11.7304 30611.8442  233.8705 -999.9000    0.0000    0.0000    7.6134   89.2026
  11.4650 30768.7236  232.7782 -999.9000    0.0000    0.0000    7.7077   89.0420
  11.2056 30925.6030  232.5271 -999.9000    0.0000    0.0000    7.7181   88.8691
  10.9522 31082.4824  233.7692 -999.9000    0.0000    0.0000    7.5245   88.7216
  10.7056 31239.3618  235.3447 -999.9000    0.0000    0.0000    7.2964   88.5894
  10.4661 31396.2412  235.9357 -999.9000    0.0000    0.0000    7.2311   88.4534
  10.2318 31553.1206  235.6225 -999.9000    0.0000    0.0000    7.3144   88.3118
  10.0000 31710.0000  234.8603 -999.9000    0.0000    0.0000    7.4755   88.1674
