# 06610 LSMP Payerne Observations at 12Z 30 Jul 2008
# Radiosonde file generated by raso.rb
#
  P [hPa],     Z [m],    T [K],   Td [K],   RH [%], r [g/kg], WS [m/s], WD [deg]
 962.0000   491.0000  298.2036 -999.9000   66.1973   13.6900    2.1235   93.0543
 944.6891   647.8794  296.1379 -999.9000   67.7630   12.6302    4.5933   92.6754
 927.6873   804.7588  294.7440 -999.9000   79.5098   13.9071    2.2352   92.9144
 911.0964   961.6382  293.4506 -999.9000   79.9738   14.4362    0.4720   92.0428
 894.7070  1118.5176  292.5136 -999.9000   79.9775   14.3064    1.4339   90.9797
 878.5406  1275.3970  292.2173 -999.9000   80.0455   13.3485    2.4249   90.6229
 862.6769  1432.2764  290.8374 -999.9000   80.9590   13.5129    2.6654   90.4248
 846.9845  1589.1558  289.5929 -999.9000   80.2780   13.9027    4.2829   90.3491
 831.5533  1746.0352  289.2420 -999.9000   80.7528   13.2228    5.1803   90.3950
 816.3570  1902.9146  287.9232 -999.9000   80.6370   11.9693    6.3012   90.4496
 801.3249  2059.7940  286.3278 -999.9000   80.3517   11.5640    6.9409   90.4939
 786.5365  2216.6734  284.9682 -999.9000   80.1905   10.4184    7.7059   90.5367
 771.9169  2373.5528  283.7317 -999.9000   80.5699    8.7627    8.9143   90.5644
 757.5041  2530.4322  282.6712 -999.9000   80.4278    8.5006    9.4625   90.6155
 743.3854  2687.3116  282.0963 -999.9000   77.7752    7.5803    8.3690   90.6080
 729.2940  2844.1910  281.0245 -999.9000   60.3794    5.5688    8.1396   90.6173
 715.5826  3001.0704  279.9818 -999.9000   50.1148    4.3807    9.7321   90.6971
 702.0616  3157.9497  278.8052 -999.9000   51.5899    4.2344   11.0246   90.7782
 688.7126  3314.8291  277.3368 -999.9000   58.8999    4.4448   11.1229   90.8007
 675.5482  3471.7085  275.7209 -999.9000   68.1820    4.6752   11.3796   90.8205
 662.5494  3628.5879  274.2575 -999.9000   74.1120    4.6607   11.9914   90.8487
 649.7305  3785.4673  273.2628 -999.9000   67.2347    4.0055   12.2904   90.8627
 637.1240  3942.3467  272.4255 -999.9000   55.1060    3.1437   11.6138   90.9118
 624.7467  4099.2261  271.4278 -999.9000   50.1294    2.7055   10.0692   91.0167
 612.5275  4256.1055  270.3856 -999.9000   50.0574    2.5464    9.6392   91.0465
 600.5160  4412.9849  269.7966 -999.9000   38.1780    1.8919    9.9216   91.0390
 588.7253  4569.8643  269.2211 -999.9000   22.7420    1.0986   10.1076   91.0433
 577.1128  4726.7437  267.9486 -999.9000   18.1498    0.8108   10.1598   91.0483
 565.6299  4883.6231  267.1344 -999.9000   17.0182    0.7276   10.1239   91.0538
 554.4053  5040.5025  266.5955 -999.9000   13.4856    0.5634    9.4363   91.1400
 543.3471  5197.3819  265.9441 -999.9000   12.8264    0.5190    8.6591   91.2153
 532.4739  5354.2613  264.9434 -999.9000   22.1798    0.8459    9.0657   91.2112
 521.8251  5511.1407  263.9210 -999.9000   24.0244    0.8613    9.8219   91.1806
 511.3144  5668.0201  263.1560 -999.9000   14.0858    0.4842   10.5028   91.1583
 500.9731  5824.8995  261.8401 -999.9000   12.9715    0.4090   11.2042   91.1344
 490.8286  5981.7789  260.2533 -999.9000   18.3988    0.5200   11.3579   91.1143
 480.7236  6138.6583  259.1635 -999.9000   29.2278    0.7703   11.6901   91.0832
 470.8214  6295.5377  257.8982 -999.9000   31.4925    0.7621   11.7848   91.0728
 461.0900  6452.4171  256.4918 -999.9000   30.8278    0.6762   11.5026   90.9894
 451.4963  6609.2965  255.2095 -999.9000   32.0029    0.6422   10.4892   90.8335
 442.0676  6766.1759  254.1499 -999.9000   32.5788    0.6091    9.5922   90.7116
 432.8253  6923.0553  253.1975 -999.9000   32.2973    0.5674   10.4942   90.6964
 423.7241  7079.9347  251.7969 -999.9000   36.0020    0.5712   11.3663   90.7318
 414.7432  7236.8141  250.0942 -999.9000   41.2254    0.5742   11.1538   90.7585
 405.9174  7393.6935  249.0971 -999.9000   31.8190    0.4138   11.3697   90.7794
 397.1974  7550.5729  247.8040 -999.9000   27.2377    0.3219   11.6223   90.7881
 388.6475  7707.4523  246.4006 -999.9000   31.1605    0.3308   11.7493   90.8405
 380.2876  7864.3317  245.3704 -999.9000   34.8105    0.3433   11.9643   90.9010
 372.0784  8021.2111  244.5353 -999.9000   39.0804    0.3645   12.0931   90.8924
 363.9826  8178.0905  243.7212 -999.9000   45.2057    0.3994   11.9816   90.7526
 356.0087  8334.9698  242.8442 -999.9000   54.4442    0.4529   11.9406   90.7678
 348.2042  8491.8492  241.9234 -999.9000   60.5706    0.5188   12.5173   91.3797
 340.5609  8648.7286  241.0418 -999.9000   64.9653    0.5272   12.7248   91.7004
 333.0575  8805.6080  240.1494 -999.9000   65.5784    0.4852   12.6411   91.6152
 325.6771  8962.4874  239.1459 -999.9000   65.0102    0.4338   12.9121   91.4555
 318.4095  9119.3668  237.9154 -999.9000   65.8056    0.3977   13.8069   91.4682
 311.2701  9276.2462  236.2485 -999.9000   60.7078    0.3338   13.9397   91.4746
 304.2599  9433.1256  234.6469 -999.9000   55.5315    0.2938   14.1380   91.4194
 297.3812  9590.0050  233.5327 -999.9000   50.6926    0.2688   14.5936   91.3896
 290.6045  9746.8844  232.2569 -999.9000   45.4885    0.2331   14.8954   91.3805
 283.9369  9903.7638  230.8318 -999.9000   45.7906    0.2031   15.2459   91.3479
 277.3870 10060.6432  229.3034 -999.9000   45.6449    0.1789   15.6079   91.3074
 270.9631 10217.5226  227.7117 -999.9000   45.5854    0.1538   15.8489   91.2950
 264.6694 10374.4020  226.1311 -999.9000   45.6982    0.1244   15.8789   91.3378
 258.4744 10531.2814  224.8687 -999.9000   45.2091    0.1097   15.9989   91.3756
 252.3757 10688.1608  223.8068 -999.9000   45.5275    0.1034   16.2379   91.3933
 246.3812 10845.0402  222.7167 -999.9000   40.2481    0.0916   16.5141   91.3978
 240.4896 11001.9196  221.4913 -999.9000   35.6910    0.0742   16.7745   91.3965
 234.6950 11158.7990  220.1258 -999.9000   35.9452    0.0604   16.9897   91.3968
 229.0082 11315.6784  218.7171 -999.9000   35.4888    0.0528   17.1541   91.3986
 223.4492 11472.5578  217.4130 -999.9000   34.9610    0.0500   17.2744   91.3982
 218.0236 11629.4372  216.1897 -999.9000   30.1158    0.0480   17.0689   91.4126
 212.6609 11786.3166  214.4987 -999.9000   25.5979    0.0350   15.3875   91.5070
 207.3913 11943.1960  213.6513 -999.9000   23.7640    0.0295   14.2102   91.4951
 202.2510 12100.0754  214.3421 -999.9000   18.0001    0.0410   13.9086   91.5711
 197.2536 12256.9548  215.7296 -999.9000    9.0950    0.0304   11.9135   92.1270
 192.4469 12413.8342  218.1126 -999.9000    2.6445    0.0062   12.3699   91.9985
 187.8076 12570.7136  217.9201 -999.9000    0.2369    0.0003   12.6194   91.9213
 183.2603 12727.5930  216.6768 -999.9000    0.2954    0.0003   12.3345   91.8946
 178.8033 12884.4724  216.2573 -999.9000    0.0000    0.0000   12.1091   91.8603
 174.4458 13041.3518  216.6556 -999.9000    0.0133    0.0000   12.2501   91.7991
 170.1876 13198.2312  216.8776 -999.9000    0.0000    0.0000   12.7836   91.6668
 166.0391 13355.1106  217.0440 -999.9000    0.0000    0.0000   13.4120   91.5392
 162.0101 13511.9899  216.6676 -999.9000    0.0002    0.0000   13.7200   91.4198
 158.0706 13668.8693  215.6845 -999.9000    0.0000    0.0000   13.3464   91.3880
 154.1974 13825.7487  214.8144 -999.9000    0.0000    0.0000   12.1952   91.4693
 150.4126 13982.6281  214.7528 -999.9000    0.0000    0.0000   10.2917   91.5650
 146.7292 14139.5075  215.6892 -999.9000    0.0000    0.0000   10.2244   91.5673
 143.1108 14296.3869  213.9220 -999.9000    0.0000    0.0000   10.1542   91.5696
 139.5597 14453.2663  216.3536 -999.9000    0.0000    0.0000   10.1330   91.5684
 136.1266 14610.1457  214.0352 -999.9000    0.0000    0.0000   10.1357   91.5540
 132.7619 14767.0251  213.1870 -999.9000    0.0000    0.0000   10.1438   91.5347
 129.4754 14923.9045  214.2117 -999.9000    0.0000    0.0000   10.1512   91.5197
 126.2897 15080.7839  215.3512 -999.9000    0.0000    0.0000   10.1490   91.5108
 123.1790 15237.6633  216.6172 -999.9000    0.0000    0.0000   10.1753   91.4644
 120.1481 15394.5427  217.1326 -999.9000    0.0000    0.0000   10.0437   91.3748
 117.2138 15551.4221  216.5339 -999.9000    0.0000    0.0000    9.6944   91.2661
 114.3435 15708.3015  216.4872 -999.9000    0.0000    0.0000    9.3848   91.1464
 111.5416 15865.1809  216.2931 -999.9000    0.0000    0.0000    8.8171   91.1933
 108.8149 16022.0603  217.6561 -999.9000    0.0000    0.0000    8.0171   91.4869
 106.1648 16178.9397  217.7596 -999.9000    0.0000    0.0000    7.5710   91.3484
 103.5767 16335.8191  217.4408 -999.9000    0.0000    0.0000    6.1569   91.9971
 101.0524 16492.6985  219.5315 -999.9000    0.0000    0.0000    1.6967   90.4089
  98.6148 16649.5779  218.1820 -999.9000    0.0000    0.0000    0.9396   90.4014
  96.2203 16806.4573  217.4805 -999.9000    0.0000    0.0000    0.1317   90.4014
  93.8688 16963.3367  216.7988 -999.9000    0.0000    0.0000    1.2331   90.4014
  91.5836 17120.2161  216.7076 -999.9000    0.0000    0.0000    2.1202   90.4014
  89.3567 17277.0955  216.7096 -999.9000    0.0000    0.0000    2.7736   90.4014
  87.1784 17433.9749  216.2563 -999.9000    0.0000    0.0000    3.4900   90.3927
  85.0453 17590.8543  215.4593 -999.9000    0.0000    0.0000    4.4360   90.0754
  82.9608 17747.7337  215.1416 -999.9000    0.0000    0.0000    5.6380   90.9865
  80.9282 17904.6131  215.7861 -999.9000    0.0000    0.0000    6.8125   90.6807
  78.9484 18061.4925  216.4231 -999.9000    0.0000    0.0000    6.7310   90.4907
  77.0217 18218.3719  217.0834 -999.9000    0.0000    0.0000    5.7967   90.6714
  75.1483 18375.2513  218.1247 -999.9000    0.0000    0.0000    4.8641   90.9237
  73.3271 18532.1307  219.2056 -999.9000    0.0000    0.0000    4.2639   91.0464
  71.5556 18689.0101  219.3069 -999.9000    0.0000    0.0000    3.8178   90.9336
  69.8260 18845.8894  218.1642 -999.9000    0.0000    0.0000    3.2196   91.0562
  68.1227 19002.7688  217.8443 -999.9000    0.0000    0.0000    2.1023   91.7656
  66.4601 19159.6482  218.1628 -999.9000    0.0000    0.0000    1.0969   89.5288
  64.8418 19316.5276  218.6136 -999.9000    0.0000    0.0000    0.8132   87.4851
  63.2670 19473.4070  218.9834 -999.9000    0.0000    0.0000    1.3813   87.9468
  61.7318 19630.2864  219.5108 -999.9000    0.0000    0.0000    1.9928   88.3028
  60.2355 19787.1658  219.6899 -999.9000    0.0000    0.0000    2.7607   88.5476
  58.7762 19944.0452  219.3609 -999.9000    0.0000    0.0000    3.6253   88.9105
  57.3501 20100.9246  218.9504 -999.9000    0.0000    0.0000    4.0820   89.0671
  55.9562 20257.8040  218.6531 -999.9000    0.0000    0.0000    4.0334   88.9446
  54.5968 20414.6834  218.3897 -999.9000    0.0000    0.0000    3.8449   88.7725
  53.2731 20571.5628  218.3125 -999.9000    0.0000    0.0000    3.6794   88.6461
  51.9860 20728.4422  218.7328 -999.9000    0.0000    0.0000    3.5539   88.5640
  50.7361 20885.3216  219.9645 -999.9000    0.0000    0.0000    3.4826   88.5228
  49.5229 21042.2010  221.7194 -999.9000    0.0000    0.0000    3.4490   88.5126
  48.3394 21199.0804  221.0880 -999.9000    0.0000    0.0000    3.8024   88.5757
  47.1874 21355.9598  221.1466 -999.9000    0.0000    0.0000    4.9416   88.7747
  46.0647 21512.8392  221.5334 -999.9000    0.0000    0.0000    5.9816   88.9472
  44.9691 21669.7186  221.7692 -999.9000    0.0000    0.0000    6.1900   88.9570
  43.8989 21826.5980  221.7906 -999.9000    0.0000    0.0000    5.7995   88.8369
  42.8525 21983.4774  221.6581 -999.9000    0.0000    0.0000    5.3266   88.6697
  41.8295 22140.3568  221.4195 -999.9000    0.0000    0.0000    5.0603   88.5214
  40.8309 22297.2362  221.1028 -999.9000    0.0000    0.0000    4.9384   88.4316
  39.8584 22454.1156  220.7372 -999.9000    0.0000    0.0000    4.8693   88.4374
  38.9104 22610.9950  221.1489 -999.9000    0.0000    0.0000    5.0009   88.5046
  37.9838 22767.8744  222.4311 -999.9000    0.0000    0.0000    5.3897   88.5579
  37.0791 22924.7538  223.1473 -999.9000    0.0000    0.0000    5.7043   88.6106
  36.1962 23081.6332  223.2662 -999.9000    0.0000    0.0000    5.9288   88.6649
  35.3349 23238.5126  223.0054 -999.9000    0.0000    0.0000    6.1029   88.7211
  34.4951 23395.3920  222.5822 -999.9000    0.0000    0.0000    6.2665   88.7793
  33.6765 23552.2714  222.2141 -999.9000    0.0000    0.0000    6.4593   88.8396
  32.8792 23709.1508  222.1184 -999.9000    0.0000    0.0000    6.7213   88.9021
  32.1025 23866.0302  222.4370 -999.9000    0.0000    0.0000    7.0650   88.9664
  31.3447 24022.9095  223.0321 -999.9000    0.0000    0.0000    7.4023   89.0294
  30.6036 24179.7889  223.7013 -999.9000    0.0000    0.0000    7.6222   89.0878
  29.8779 24336.6683  224.2171 -999.9000    0.0000    0.0000    7.6331   89.1301
  29.1715 24493.5477  224.2898 -999.9000    0.0000    0.0000    7.5396   89.0898
  28.4842 24650.4271  224.1671 -999.9000    0.0000    0.0000    7.3946   88.9796
  27.8138 24807.3065  224.2175 -999.9000    0.0000    0.0000    7.2123   88.8366
  27.1583 24964.1859  224.8077 -999.9000    0.0000    0.0000    7.0068   88.6979
  26.5173 25121.0653  225.9990 -999.9000    0.0000    0.0000    6.7985   88.5852
  25.8939 25277.9447  227.2031 -999.9000    0.0000    0.0000    6.6220   88.4883
  25.2914 25434.8241  227.7495 -999.9000    0.0000    0.0000    6.5141   88.3927
  24.7096 25591.7035  227.2718 -999.9000    0.0000    0.0000    6.5558   88.3136
  24.1354 25748.5829  226.7554 -999.9000    0.0000    0.0000    6.9081   88.3442
  23.5706 25905.4623  226.5331 -999.9000    0.0000    0.0000    7.4730   88.4419
  23.0189 26062.3417  226.8141 -999.9000    0.0000    0.0000    8.1256   88.5480
  22.4826 26219.2211  227.6639 -999.9000    0.0000    0.0000    8.7651   88.6216
  21.9608 26376.1005  228.7764 -999.9000    0.0000    0.0000    9.3529   88.6692
  21.4521 26532.9799  229.7868 -999.9000    0.0000    0.0000    9.8606   88.7041
  20.9548 26689.8593  230.3302 -999.9000    0.0000    0.0000   10.2598   88.7401
  20.4676 26846.7387  230.0416 -999.9000    0.0000    0.0000   10.5217   88.7908
  19.9891 27003.6181  228.5915 -999.9000    0.0000    0.0000   10.6112   88.8671
  19.5243 27160.4975  227.7013 -999.9000    0.0000    0.0000   10.1662   88.8331
  19.0752 27317.3769  228.1584 -999.9000    0.0000    0.0000    9.2587   88.6652
  18.6391 27474.2563  229.3823 -999.9000    0.0000    0.0000    8.2829   88.4541
  18.2135 27631.1357  230.7927 -999.9000    0.0000    0.0000    7.6333   88.2905
  17.7959 27788.0151  231.8184 -999.9000    0.0000    0.0000    7.6814   88.2601
  17.3864 27944.8945  232.1123 -999.9000    0.0000    0.0000    8.2481   88.3267
  16.9866 28101.7739  231.7005 -999.9000    0.0000    0.0000    8.8520   88.3867
  16.5963 28258.6533  230.8797 -999.9000    0.0000    0.0000    9.4584   88.4341
  16.2153 28415.5327  229.9739 -999.9000    0.0000    0.0000   10.0815   88.4734
  15.8432 28572.4121  229.3066 -999.9000    0.0000    0.0000   10.7359   88.5095
  15.4798 28729.2915  229.1958 -999.9000    0.0000    0.0000   11.4339   88.5468
  15.1246 28886.1709  229.6027 -999.9000    0.0000    0.0000   12.0731   88.5881
  14.7769 29043.0503  229.9704 -999.9000    0.0000    0.0000   12.3897   88.6333
  14.4368 29199.9296  230.1349 -999.9000    0.0000    0.0000   12.3185   88.6841
  14.1043 29356.8090  230.2339 -999.9000    0.0000    0.0000   11.9410   88.7433
  13.7798 29513.6884  230.4106 -999.9000    0.0000    0.0000   11.3415   88.8140
  13.4633 29670.5678  230.8086 -999.9000    0.0000    0.0000   10.6042   88.8992
  13.1552 29827.4472  231.5711 -999.9000    0.0000    0.0000    9.8135   89.0018
  12.8555 29984.3266  232.7848 -999.9000    0.0000    0.0000    9.0515   89.1215
  12.5638 30141.2060  234.1372 -999.9000    0.0000    0.0000    8.3862   89.2343
  12.2794 30298.0854  235.1463 -999.9000    0.0000    0.0000    7.8794   89.3059
  12.0018 30454.9648  235.3297 -999.9000    0.0000    0.0000    7.5933   89.3022
  11.7304 30611.8442  234.4594 -999.9000    0.0000    0.0000    7.5485   89.2026
  11.4650 30768.7236  233.3470 -999.9000    0.0000    0.0000    7.5998   89.0420
  11.2056 30925.6030  233.0690 -999.9000    0.0000    0.0000    7.5594   88.8691
  10.9522 31082.4824  234.2773 -999.9000    0.0000    0.0000    7.3070   88.7216
  10.7056 31239.3618  235.8116 -999.9000    0.0000    0.0000    7.0116   88.5894
  10.4661 31396.2412  236.3539 -999.9000    0.0000    0.0000    6.8701   88.4534
  10.2318 31553.1206  235.9841 -999.9000    0.0000    0.0000    6.8680   88.3118
  10.0000 31710.0000  235.1571 -999.9000    0.0000    0.0000    6.9342   88.1674
