# 06610 LSMP Payerne Observations at 12Z 30 Jul 2008
# Radiosonde file generated by raso.rb
#
  P [hPa],     Z [m],    T [K],   Td [K],   RH [%], r [g/kg], WS [m/s], WD [deg]
 962.0000   491.0000  298.6528 -999.9000   66.3103   13.6900    1.7508   93.0543
 944.6891   647.8794  296.6414 -999.9000   67.8644   12.6302    4.2901   92.6754
 927.6873   804.7588  295.2948 -999.9000   79.6139   13.9071    1.9949   92.9144
 911.0964   961.6382  294.0421 -999.9000   80.0652   14.4362    0.2885   92.0428
 894.7070  1118.5176  293.1392 -999.9000   80.0572   14.3064    1.3012   90.9797
 878.5406  1275.3970  292.8709 -999.9000   80.1153   13.3485    2.3372   90.6229
 862.6769  1432.2764  291.5129 -999.9000   81.0208   13.5129    2.6171   90.4248
 846.9845  1589.1558  290.2847 -999.9000   80.3321   13.9027    4.2689   90.3491
 831.5533  1746.0352  289.9446 -999.9000   80.8015   13.2228    5.1955   90.3950
 816.3570  1902.9146  288.6314 -999.9000   80.6810   11.9693    6.3407   90.4496
 801.3249  2059.7940  287.0368 -999.9000   80.3923   11.5640    7.0001   90.4939
 786.5365  2216.6734  285.6732 -999.9000   80.2290   10.4184    7.7804   90.5367
 771.9169  2373.5528  284.4282 -999.9000   80.6076    8.7627    9.0000   90.5644
 757.5041  2530.4322  283.3552 -999.9000   80.4655    8.5006    9.5555   90.6155
 743.3854  2687.3116  282.7637 -999.9000   77.8127    7.5803    8.4657   90.6080
 729.2940  2844.1910  281.6716 -999.9000   60.4100    5.5688    8.2364   90.6173
 715.5826  3001.0704  280.6054 -999.9000   50.1420    4.3807    9.8259   90.6971
 702.0616  3157.9497  279.4019 -999.9000   51.6201    4.2344   11.1124   90.7782
 688.7126  3314.8291  277.9038 -999.9000   58.9376    4.4448   11.2019   90.8007
 675.5482  3471.7085  276.2556 -999.9000   68.2298    4.6752   11.4474   90.8205
 662.5494  3628.5879  274.7574 -999.9000   74.1690    4.6607   12.0456   90.8487
 649.7305  3785.4673  273.7257 -999.9000   67.2914    4.0055   12.3290   90.8627
 637.1240  3942.3467  272.8496 -999.9000   55.1570    3.1437   11.6349   90.9118
 624.7467  4099.2261  271.8114 -999.9000   50.1800    2.7055   10.0713   91.0167
 612.5275  4256.1055  270.7273 -999.9000   50.1124    2.5464    9.6209   91.0465
 600.5160  4412.9849  270.0953 -999.9000   38.2234    1.8919    9.8817   91.0390
 588.7253  4569.8643  269.4759 -999.9000   22.7712    1.0986   10.0453   91.0433
 577.1128  4726.7437  268.1588 -999.9000   18.1748    0.8108   10.0744   91.0483
 565.6299  4883.6231  267.2997 -999.9000   17.0432    0.7276   10.0149   91.0538
 554.4053  5040.5025  266.7157 -999.9000   13.5068    0.5634    9.3036   91.1400
 543.3471  5197.3819  266.0193 -999.9000   12.8478    0.5190    8.5027   91.2153
 532.4739  5354.2613  264.9740 -999.9000   22.2188    0.8459    8.8858   91.2112
 521.8251  5511.1407  263.9078 -999.9000   24.0687    0.8613    9.6189   91.1806
 511.3144  5668.0201  263.0996 -999.9000   14.1131    0.4842   10.2776   91.1583
 500.9731  5824.8995  261.7419 -999.9000   12.9976    0.4090   10.9576   91.1344
 490.8286  5981.7789  260.1146 -999.9000   18.4372    0.5200   11.0912   91.1143
 480.7236  6138.6583  258.9859 -999.9000   29.2908    0.7703   11.4045   91.0832
 470.8214  6295.5377  257.6836 -999.9000   31.5624    0.7621   11.4822   91.0728
 461.0900  6452.4171  256.2423 -999.9000   30.8980    0.6762   11.1847   90.9894
 451.4963  6609.2965  254.9276 -999.9000   32.0772    0.6422   10.1581   90.8335
 442.0676  6766.1759  253.8382 -999.9000   32.6557    0.6091    9.2503   90.7116
 432.8253  6923.0553  252.8589 -999.9000   32.3743    0.5674   10.1440   90.6964
 423.7241  7079.9347  251.4347 -999.9000   36.0884    0.5712   11.0106   90.7318
 414.7432  7236.8141  249.7116 -999.9000   41.3245    0.5742   10.7957   90.7585
 405.9174  7393.6935  248.6980 -999.9000   31.8952    0.4138   11.0124   90.7794
 397.1974  7550.5729  247.3921 -999.9000   27.3022    0.3219   11.2692   90.7881
 388.6475  7707.4523  245.9798 -999.9000   31.2332    0.3308   11.4038   90.8405
 380.2876  7864.3317  244.9443 -999.9000   34.8900    0.3433   11.6296   90.9010
 372.0784  8021.2111  244.1073 -999.9000   39.1674    0.3645   11.7719   90.8924
 363.9826  8178.0905  243.2944 -999.9000   45.3031    0.3994   11.6766   90.7526
 356.0087  8334.9698  242.4216 -999.9000   54.5572    0.4529   11.6542   90.7678
 348.2042  8491.8492  241.5078 -999.9000   60.6910    0.5188   12.2517   91.3797
 340.5609  8648.7286  240.6357 -999.9000   65.0882    0.5272   12.4819   91.7004
 333.0575  8805.6080  239.7551 -999.9000   65.6957    0.4852   12.4224   91.6152
 325.6771  8962.4874  238.7656 -999.9000   65.1195    0.4338   12.7192   91.4555
 318.4095  9119.3668  237.5510 -999.9000   65.9089    0.3977   13.6409   91.4682
 311.2701  9276.2462  235.9016 -999.9000   60.7960    0.3338   13.8016   91.4746
 304.2599  9433.1256  234.3191 -999.9000   55.6056    0.2938   14.0286   91.4194
 297.3812  9590.0050  233.2252 -999.9000   50.7540    0.2688   14.5133   91.3896
 290.6045  9746.8844  231.9707 -999.9000   45.5381    0.2331   14.8443   91.3805
 283.9369  9903.7638  230.5679 -999.9000   45.8349    0.2031   15.2242   91.3479
 277.3870 10060.6432  229.0623 -999.9000   45.6835    0.1789   15.6152   91.3074
 270.9631 10217.5226  227.4938 -999.9000   45.6185    0.1538   15.8847   91.2950
 264.6694 10374.4020  225.9367 -999.9000   45.7261    0.1244   15.9426   91.3378
 258.4744 10531.2814  224.6977 -999.9000   45.2316    0.1097   16.0894   91.3756
 252.3757 10688.1608  223.6591 -999.9000   45.5453    0.1034   16.3540   91.3933
 246.3812 10845.0402  222.5919 -999.9000   40.2597    0.0916   16.6544   91.3978
 240.4896 11001.9196  221.3886 -999.9000   35.6978    0.0742   16.9374   91.3965
 234.6950 11158.7990  220.0446 -999.9000   35.9488    0.0604   17.1733   91.3968
 229.0082 11315.6784  218.6564 -999.9000   35.4894    0.0528   17.3566   91.3986
 223.4492 11472.5578  217.3718 -999.9000   34.9590    0.0500   17.4939   91.3982
 218.0236 11629.4372  216.1671 -999.9000   30.1120    0.0480   17.3034   91.4126
 212.6609 11786.3166  214.4933 -999.9000   25.5931    0.0350   15.6351   91.5070
 207.3913 11943.1960  213.6619 -999.9000   23.7581    0.0295   14.4690   91.4951
 202.2510 12100.0754  214.3673 -999.9000   17.9948    0.0410   14.1765   91.5711
 197.2536 12256.9548  215.7679 -999.9000    9.0920    0.0304   12.1884   92.1270
 192.4469 12413.8342  218.1624 -999.9000    2.6435    0.0062   12.6497   91.9985
 187.8076 12570.7136  217.9797 -999.9000    0.2368    0.0003   12.9018   91.9213
 183.2603 12727.5930  216.7444 -999.9000    0.2953    0.0003   12.6174   91.8946
 178.8033 12884.4724  216.3310 -999.9000    0.0000    0.0000   12.3903   91.8603
 174.4458 13041.3518  216.7334 -999.9000    0.0133    0.0000   12.5272   91.7991
 170.1876 13198.2312  216.9574 -999.9000    0.0000    0.0000   13.0544   91.6668
 166.0391 13355.1106  217.1236 -999.9000    0.0000    0.0000   13.6741   91.5392
 162.0101 13511.9899  216.7446 -999.9000    0.0002    0.0000   13.9710   91.4198
 158.0706 13668.8693  215.7566 -999.9000    0.0000    0.0000   13.5838   91.3880
 154.1974 13825.7487  214.8791 -999.9000    0.0000    0.0000   12.4164   91.4693
 150.4126 13982.6281  214.8074 -999.9000    0.0000    0.0000   10.4944   91.5650
 146.7292 14139.5075  215.7309 -999.9000    0.0000    0.0000   10.4058   91.5673
 143.1108 14296.3869  213.9481 -999.9000    0.0000    0.0000   10.3119   91.5696
 139.5597 14453.2663  216.3612 -999.9000    0.0000    0.0000   10.2643   91.5684
 136.1266 14610.1457  214.0215 -999.9000    0.0000    0.0000   10.2380   91.5540
 132.7619 14767.0251  213.1497 -999.9000    0.0000    0.0000   10.2149   91.5347
 129.4754 14923.9045  214.1489 -999.9000    0.0000    0.0000   10.1891   91.5197
 126.2897 15080.7839  215.2615 -999.9000    0.0000    0.0000   10.1521   91.5108
 123.1790 15237.6633  216.4994 -999.9000    0.0000    0.0000   10.1421   91.4644
 120.1481 15394.5427  216.9861 -999.9000    0.0000    0.0000    9.9732   91.3748
 117.2138 15551.4221  216.3585 -999.9000    0.0000    0.0000    9.5857   91.2661
 114.3435 15708.3015  216.2831 -999.9000    0.0000    0.0000    9.2374   91.1464
 111.5416 15865.1809  216.0609 -999.9000    0.0000    0.0000    8.6306   91.1933
 108.8149 16022.0603  217.3969 -999.9000    0.0000    0.0000    7.7916   91.4869
 106.1648 16178.9397  217.4747 -999.9000    0.0000    0.0000    7.3068   91.3484
 103.5767 16335.8191  217.1322 -999.9000    0.0000    0.0000    5.8546   91.9971
 101.0524 16492.6985  219.2014 -999.9000    0.0000    0.0000    1.3571   90.4089
  98.6148 16649.5779  217.8331 -999.9000    0.0000    0.0000    0.5638   90.4014
  96.2203 16806.4573  217.1159 -999.9000    0.0000    0.0000    0.2788   87.2598
  93.8688 16963.3367  216.4222 -999.9000    0.0000    0.0000    0.7895   90.4014
  91.5836 17120.2161  216.3228 -999.9000    0.0000    0.0000    1.6454   90.4014
  89.3567 17277.0955  216.3211 -999.9000    0.0000    0.0000    2.2699   90.4014
  87.1784 17433.9749  215.8688 -999.9000    0.0000    0.0000    2.9600   90.3927
  85.0453 17590.8543  215.0781 -999.9000    0.0000    0.0000    3.8825   90.0754
  82.9608 17747.7337  214.7723 -999.9000    0.0000    0.0000    5.0640   90.9865
  80.9282 17904.6131  215.4348 -999.9000    0.0000    0.0000    6.2215   90.6807
  78.9484 18061.4925  216.0957 -999.9000    0.0000    0.0000    6.1263   90.4907
  77.0217 18218.3719  216.7855 -999.9000    0.0000    0.0000    5.1817   90.6714
  75.1483 18375.2513  217.8612 -999.9000    0.0000    0.0000    4.2422   90.9237
  73.3271 18532.1307  218.9809 -999.9000    0.0000    0.0000    3.6379   91.0464
  71.5556 18689.0101  219.1247 -999.9000    0.0000    0.0000    3.1909   90.9336
  69.8260 18845.8894  218.0278 -999.9000    0.0000    0.0000    2.5945   91.0562
  68.1227 19002.7688  217.7564 -999.9000    0.0000    0.0000    1.4819   91.7656
  66.4601 19159.6482  218.1255 -999.9000    0.0000    0.0000    0.4836   89.5288
  64.8418 19316.5276  218.6285 -999.9000    0.0000    0.0000    0.2096   87.4851
  63.2670 19473.4070  219.0516 -999.9000    0.0000    0.0000    0.7898   87.9468
  61.7318 19630.2864  219.6326 -999.9000    0.0000    0.0000    1.4155   88.3028
  60.2355 19787.1658  219.8654 -999.9000    0.0000    0.0000    2.1998   88.5476
  58.7762 19944.0452  219.5893 -999.9000    0.0000    0.0000    3.0826   88.9105
  57.3501 20100.9246  219.2306 -999.9000    0.0000    0.0000    3.5595   89.0671
  55.9562 20257.8040  218.9832 -999.9000    0.0000    0.0000    3.5329   88.9446
  54.5968 20414.6834  218.7674 -999.9000    0.0000    0.0000    3.3679   88.7725
  53.2731 20571.5628  218.7350 -999.9000    0.0000    0.0000    3.2274   88.6461
  51.9860 20728.4422  219.1966 -999.9000    0.0000    0.0000    3.1283   88.5640
  50.7361 20885.3216  220.4656 -999.9000    0.0000    0.0000    3.0846   88.5228
  49.5229 21042.2010  222.2532 -999.9000    0.0000    0.0000    3.0797   88.5126
  48.3394 21199.0804  221.6495 -999.9000    0.0000    0.0000    3.4629   88.5757
  47.1874 21355.9598  221.7300 -999.9000    0.0000    0.0000    4.6326   88.7747
  46.0647 21512.8392  222.1329 -999.9000    0.0000    0.0000    5.7039   88.9472
  44.9691 21669.7186  222.3790 -999.9000    0.0000    0.0000    5.9442   88.9570
  43.8989 21826.5980  222.4055 -999.9000    0.0000    0.0000    5.5859   88.8369
  42.8525 21983.4774  222.2731 -999.9000    0.0000    0.0000    5.1454   88.6697
  41.8295 22140.3568  222.0298 -999.9000    0.0000    0.0000    4.9117   88.5214
  40.8309 22297.2362  221.7040 -999.9000    0.0000    0.0000    4.8222   88.4316
  39.8584 22454.1156  221.3252 -999.9000    0.0000    0.0000    4.7853   88.4374
  38.9104 22610.9950  221.7199 -999.9000    0.0000    0.0000    4.9486   88.5046
  37.9838 22767.8744  222.9816 -999.9000    0.0000    0.0000    5.3684   88.5579
  37.0791 22924.7538  223.6741 -999.9000    0.0000    0.0000    5.7134   88.6106
  36.1962 23081.6332  223.7664 -999.9000    0.0000    0.0000    5.9673   88.6649
  35.3349 23238.5126  223.4764 -999.9000    0.0000    0.0000    6.1697   88.7211
  34.4951 23395.3920  223.0217 -999.9000    0.0000    0.0000    6.3603   88.7793
  33.6765 23552.2714  222.6201 -999.9000    0.0000    0.0000    6.5787   88.8396
  32.8792 23709.1508  222.4893 -999.9000    0.0000    0.0000    6.8647   88.9021
  32.1025 23866.0302  222.7715 -999.9000    0.0000    0.0000    7.2306   88.9664
  31.3447 24022.9095  223.3290 -999.9000    0.0000    0.0000    7.5882   89.0294
  30.6036 24179.7889  223.9600 -999.9000    0.0000    0.0000    7.8263   89.0878
  29.8779 24336.6683  224.4371 -999.9000    0.0000    0.0000    7.8531   89.1301
  29.1715 24493.5477  224.4709 -999.9000    0.0000    0.0000    7.7731   89.0898
  28.4842 24650.4271  224.3095 -999.9000    0.0000    0.0000    7.6389   88.9796
  27.8138 24807.3065  224.3217 -999.9000    0.0000    0.0000    7.4648   88.8366
  27.1583 24964.1859  224.8745 -999.9000    0.0000    0.0000    7.2645   88.6979
  26.5173 25121.0653  226.0290 -999.9000    0.0000    0.0000    7.0588   88.5852
  25.8939 25277.9447  227.1973 -999.9000    0.0000    0.0000    6.8825   88.4883
  25.2914 25434.8241  227.7087 -999.9000    0.0000    0.0000    6.7723   88.3927
  24.7096 25591.7035  227.1969 -999.9000    0.0000    0.0000    6.8098   88.3136
  24.1354 25748.5829  226.6475 -999.9000    0.0000    0.0000    7.1558   88.3442
  23.5706 25905.4623  226.3933 -999.9000    0.0000    0.0000    7.7127   88.4419
  23.0189 26062.3417  226.6435 -999.9000    0.0000    0.0000    8.3556   88.5480
  22.4826 26219.2211  227.4637 -999.9000    0.0000    0.0000    8.9840   88.6216
  21.9608 26376.1005  228.5478 -999.9000    0.0000    0.0000    9.5596   88.6692
  21.4521 26532.9799  229.5312 -999.9000    0.0000    0.0000   10.0540   88.7041
  20.9548 26689.8593  230.0489 -999.9000    0.0000    0.0000   10.4390   88.7401
  20.4676 26846.7387  229.7361 -999.9000    0.0000    0.0000   10.6861   88.7908
  19.9891 27003.6181  228.2632 -999.9000    0.0000    0.0000   10.7602   88.8671
  19.5243 27160.4975  227.3518 -999.9000    0.0000    0.0000   10.2995   88.8331
  19.0752 27317.3769  227.7893 -999.9000    0.0000    0.0000    9.3762   88.6652
  18.6391 27474.2563  228.9952 -999.9000    0.0000    0.0000    8.3846   88.4541
  18.2135 27631.1357  230.3895 -999.9000    0.0000    0.0000    7.7195   88.2905
  17.7959 27788.0151  231.4007 -999.9000    0.0000    0.0000    7.7524   88.2601
  17.3864 27944.8945  231.6820 -999.9000    0.0000    0.0000    8.3045   88.3267
  16.9866 28101.7739  231.2595 -999.9000    0.0000    0.0000    8.8946   88.3867
  16.5963 28258.6533  230.4299 -999.9000    0.0000    0.0000    9.4881   88.4341
  16.2153 28415.5327  229.5173 -999.9000    0.0000    0.0000   10.0995   88.4734
  15.8432 28572.4121  228.8454 -999.9000    0.0000    0.0000   10.7435   88.5095
  15.4798 28729.2915  228.7321 -999.9000    0.0000    0.0000   11.4326   88.5468
  15.1246 28886.1709  229.1386 -999.9000    0.0000    0.0000   12.0645   88.5881
  14.7769 29043.0503  229.5083 -999.9000    0.0000    0.0000   12.3756   88.6333
  14.4368 29199.9296  229.6770 -999.9000    0.0000    0.0000   12.3011   88.6841
  14.1043 29356.8090  229.7826 -999.9000    0.0000    0.0000   11.9224   88.7433
  13.7798 29513.6884  229.9683 -999.9000    0.0000    0.0000   11.3241   88.8140
  13.4633 29670.5678  230.3777 -999.9000    0.0000    0.0000   10.5906   88.8992
  13.1552 29827.4472  231.1543 -999.9000    0.0000    0.0000    9.8064   89.0018
  12.8555 29984.3266  232.3846 -999.9000    0.0000    0.0000    9.0539   89.1215
  12.5638 30141.2060  233.7563 -999.9000    0.0000    0.0000    8.4012   89.2343
  12.2794 30298.0854  234.7875 -999.9000    0.0000    0.0000    7.9103   89.3059
  12.0018 30454.9648  234.9957 -999.9000    0.0000    0.0000    7.6436   89.3022
  11.7304 30611.8442  234.1530 -999.9000    0.0000    0.0000    7.6219   89.2026
  11.4650 30768.7236  233.0711 -999.9000    0.0000    0.0000    7.7000   89.0420
  11.2056 30925.6030  232.8266 -999.9000    0.0000    0.0000    7.6905   88.8691
  10.9522 31082.4824  234.0713 -999.9000    0.0000    0.0000    7.4732   88.7216
  10.7056 31239.3618  235.6452 -999.9000    0.0000    0.0000    7.2173   88.5894
  10.4661 31396.2412  236.2302 -999.9000    0.0000    0.0000    7.1199   88.4534
  10.2318 31553.1206  235.9063 -999.9000    0.0000    0.0000    7.1665   88.3118
  10.0000 31710.0000  235.1284 -999.9000    0.0000    0.0000    7.2864   88.1674
