# 06610 LSMP Payerne Observations at 12Z 30 Jul 2008
# Radiosonde file generated by raso.rb
#
  P [hPa],     Z [m],    T [K],   Td [K],   RH [%], r [g/kg], WS [m/s], WD [deg]
 962.0000   491.0000  298.0349 -999.9000   66.0975   13.6900    1.9800   93.0543
 944.6891   647.8794  296.0884 -999.9000   67.6545   12.6302    4.3470   92.6754
 927.6873   804.7588  294.8029 -999.9000   79.3769   13.9071    1.8938   92.9144
 911.0964   961.6382  293.6076 -999.9000   79.8360   14.4362    0.0432   92.0428
 894.7070  1118.5176  292.7586 -999.9000   79.8370   14.3064    0.9250   90.9797
 878.5406  1275.3970  292.5406 -999.9000   79.9037   13.3485    1.8430   90.6229
 862.6769  1432.2764  291.2297 -999.9000   80.8156   13.5129    2.0174   90.4248
 846.9845  1589.1558  290.0453 -999.9000   80.1372   13.9027    3.5756   90.3491
 831.5533  1746.0352  289.7460 -999.9000   80.6138   13.2228    4.4202   90.3950
 816.3570  1902.9146  288.4706 -999.9000   80.5018   11.9693    5.4945   90.4496
 801.3249  2059.7940  286.9109 -999.9000   80.2217   11.5640    6.0938   90.4939
 786.5365  2216.6734  285.5794 -999.9000   80.0664   10.4184    6.8242   90.5367
 771.9169  2373.5528  284.3640 -999.9000   80.4516    8.7627    8.0037   90.5644
 757.5041  2530.4322  283.3179 -999.9000   80.3170    8.5006    8.5284   90.6155
 743.3854  2687.3116  282.7511 -999.9000   77.6758    7.5803    7.4168   90.6080
 729.2940  2844.1910  281.6814 -999.9000   60.3087    5.5688    7.1742   90.6173
 715.5826  3001.0704  280.6354 -999.9000   50.0618    4.3807    8.7584   90.6971
 702.0616  3157.9497  279.4501 -999.9000   51.5414    4.2344   10.0472   90.7782
 688.7126  3314.8291  277.9682 -999.9000   58.8519    4.4448   10.1461   90.8007
 675.5482  3471.7085  276.3344 -999.9000   68.1351    4.6752   10.4078   90.8205
 662.5494  3628.5879  274.8490 -999.9000   74.0707    4.6607   11.0284   90.8487
 649.7305  3785.4673  273.8285 -999.9000   67.2061    4.0055   11.3401   90.8627
 637.1240  3942.3467  272.9621 -999.9000   55.0899    3.1437   10.6797   90.9118
 624.7467  4099.2261  271.9323 -999.9000   50.1214    2.7055    9.1547   91.0167
 612.5275  4256.1055  270.8554 -999.9000   50.0560    2.5464    8.7474   91.0465
 600.5160  4412.9849  270.2295 -999.9000   38.1819    1.8919    9.0554   91.0390
 588.7253  4569.8643  269.6152 -999.9000   22.7472    1.0986    9.2698   91.0433
 577.1128  4726.7437  268.3024 -999.9000   18.1561    0.8108    9.3529   91.0483
 565.6299  4883.6231  267.4468 -999.9000   17.0261    0.7276    9.3502   91.0538
 554.4053  5040.5025  266.8657 -999.9000   13.4934    0.5634    8.6980   91.1400
 543.3471  5197.3819  266.1717 -999.9000   12.8351    0.5190    7.9579   91.2153
 532.4739  5354.2613  265.1284 -999.9000   22.1971    0.8459    8.4034   91.2112
 521.8251  5511.1407  264.0638 -999.9000   24.0451    0.8613    9.1998   91.1806
 511.3144  5668.0201  263.2572 -999.9000   14.0991    0.4842    9.9223   91.1583
 500.9731  5824.8995  261.9010 -999.9000   12.9845    0.4090   10.6663   91.1344
 490.8286  5981.7789  260.2753 -999.9000   18.4182    0.5200   10.8635   91.1143
 480.7236  6138.6583  259.1484 -999.9000   29.2598    0.7703   11.2397   91.0832
 470.8214  6295.5377  257.8482 -999.9000   31.5278    0.7621   11.3789   91.0728
 461.0900  6452.4171  256.4095 -999.9000   30.8627    0.6762   11.1414   90.9894
 451.4963  6609.2965  255.0979 -999.9000   32.0389    0.6422   10.1726   90.8335
 442.0676  6766.1759  254.0123 -999.9000   32.6147    0.6091    9.3200   90.7116
 432.8253  6923.0553  253.0375 -999.9000   32.3315    0.5674   10.2661   90.6964
 423.7241  7079.9347  251.6187 -999.9000   36.0380    0.5712   11.1816   90.7318
 414.7432  7236.8141  249.9021 -999.9000   41.2634    0.5742   11.0116   90.7585
 405.9174  7393.6935  248.8961 -999.9000   31.8451    0.4138   11.2689   90.7794
 397.1974  7550.5729  247.5990 -999.9000   27.2566    0.3219   11.5617   90.7881
 388.6475  7707.4523  246.1967 -999.9000   31.1777    0.3308   11.7276   90.8405
 380.2876  7864.3317  245.1723 -999.9000   34.8241    0.3433   11.9802   90.9010
 372.0784  8021.2111  244.3474 -999.9000   39.0888    0.3645   12.1452   90.8924
 363.9826  8178.0905  243.5473 -999.9000   45.2068    0.3994   12.0685   90.7526
 356.0087  8334.9698  242.6880 -999.9000   54.4347    0.4529   12.0610   90.7678
 348.2042  8491.8492  241.7882 -999.9000   60.5475    0.5188   12.6699   91.3797
 340.5609  8648.7286  240.9306 -999.9000   64.9268    0.5272   12.9082   91.7004
 333.0575  8805.6080  240.0647 -999.9000   65.5255    0.4852   12.8538   91.6152
 325.6771  8962.4874  239.0901 -999.9000   64.9439    0.4338   13.1528   91.4555
 318.4095  9119.3668  237.8904 -999.9000   65.7246    0.3977   14.0743   91.4682
 311.2701  9276.2462  236.2558 -999.9000   60.6206    0.3338   14.2323   91.4746
 304.2599  9433.1256  234.6880 -999.9000   55.4408    0.2938   14.4544   91.4194
 297.3812  9590.0050  233.6083 -999.9000   50.6002    0.2688   14.9324   91.3896
 290.6045  9746.8844  232.3677 -999.9000   45.3977    0.2331   15.2551   91.3805
 283.9369  9903.7638  230.9780 -999.9000   45.6920    0.2031   15.6251   91.3479
 277.3870 10060.6432  229.4849 -999.9000   45.5401    0.1789   16.0052   91.3074
 270.9631 10217.5226  227.9280 -999.9000   45.4753    0.1538   16.2628   91.2950
 264.6694 10374.4020  226.3814 -999.9000   45.5835    0.1244   16.3079   91.3378
 258.4744 10531.2814  225.1520 -999.9000   45.0924    0.1097   16.4417   91.3756
 252.3757 10688.1608  224.1216 -999.9000   45.4081    0.1034   16.6928   91.3933
 246.3812 10845.0402  223.0612 -999.9000   40.1421    0.0916   16.9798   91.3978
 240.4896 11001.9196  221.8634 -999.9000   35.5978    0.0742   17.2494   91.3965
 234.6950 11158.7990  220.5232 -999.9000   35.8533    0.0604   17.4724   91.3968
 229.0082 11315.6784  219.1373 -999.9000   35.4010    0.0528   17.6433   91.3986
 223.4492 11472.5578  217.8536 -999.9000   34.8785    0.0500   17.7687   91.3982
 218.0236 11629.4372  216.6482 -999.9000   30.0488    0.0480   17.5670   91.4126
 212.6609 11786.3166  214.9724 -999.9000   25.5450    0.0350   15.8883   91.5070
 207.3913 11943.1960  214.1375 -999.9000   23.7190    0.0295   14.7126   91.4951
 202.2510 12100.0754  214.8381 -999.9000   17.9694    0.0410   14.4117   91.5711
 197.2536 12256.9548  216.2324 -999.9000    9.0814    0.0304   12.4163   92.1270
 192.4469 12413.8342  218.6192 -999.9000    2.6411    0.0062   12.8715   91.9985
 187.8076 12570.7136  218.4276 -999.9000    0.2367    0.0003   13.1189   91.9213
 183.2603 12727.5930  217.1820 -999.9000    0.2952    0.0003   12.8312   91.8946
 178.8033 12884.4724  216.7571 -999.9000    0.0000    0.0000   12.6023   91.8603
 174.4458 13041.3518  217.1466 -999.9000    0.0133    0.0000   12.7393   91.7991
 170.1876 13198.2312  217.3565 -999.9000    0.0000    0.0000   13.2682   91.6668
 166.0391 13355.1106  217.5074 -999.9000    0.0000    0.0000   13.8916   91.5392
 162.0101 13511.9899  217.1119 -999.9000    0.0002    0.0000   14.1942   91.4198
 158.0706 13668.8693  216.1062 -999.9000    0.0000    0.0000   13.8149   91.3880
 154.1974 13825.7487  215.2097 -999.9000    0.0000    0.0000   12.6576   91.4693
 150.4126 13982.6281  215.1180 -999.9000    0.0000    0.0000   10.7480   91.5650
 146.7292 14139.5075  216.0203 -999.9000    0.0000    0.0000   10.6744   91.5673
 143.1108 14296.3869  214.2153 -999.9000    0.0000    0.0000   10.5980   91.5696
 139.5597 14453.2663  216.6049 -999.9000    0.0000    0.0000   10.5706   91.5684
 136.1266 14610.1457  214.2409 -999.9000    0.0000    0.0000   10.5670   91.5540
 132.7619 14767.0251  213.3440 -999.9000    0.0000    0.0000   10.5687   91.5347
 129.4754 14923.9045  214.3174 -999.9000    0.0000    0.0000   10.5696   91.5197
 126.2897 15080.7839  215.4037 -999.9000    0.0000    0.0000   10.5605   91.5108
 123.1790 15237.6633  216.6151 -999.9000    0.0000    0.0000   10.5794   91.4644
 120.1481 15394.5427  217.0751 -999.9000    0.0000    0.0000   10.4399   91.3748
 117.2138 15551.4221  216.4209 -999.9000    0.0000    0.0000   10.0820   91.2661
 114.3435 15708.3015  216.3191 -999.9000    0.0000    0.0000    9.7630   91.1464
 111.5416 15865.1809  216.0708 -999.9000    0.0000    0.0000    9.1850   91.1933
 108.8149 16022.0603  217.3812 -999.9000    0.0000    0.0000    8.3737   91.4869
 106.1648 16178.9397  217.4343 -999.9000    0.0000    0.0000    7.9153   91.3484
 103.5767 16335.8191  217.0679 -999.9000    0.0000    0.0000    6.4875   91.9971
 101.0524 16492.6985  219.1142 -999.9000    0.0000    0.0000    2.0123   90.4089
  98.6148 16649.5779  217.7244 -999.9000    0.0000    0.0000    1.2387   90.4014
  96.2203 16806.4573  216.9870 -999.9000    0.0000    0.0000    0.4128   90.4014
  93.8688 16963.3367  216.2746 -999.9000    0.0000    0.0000    1.4945   90.4014
  91.5836 17120.2161  216.1583 -999.9000    0.0000    0.0000    2.3600   90.4014
  89.3567 17277.0955  216.1416 -999.9000    0.0000    0.0000    2.9900   90.4014
  87.1784 17433.9749  215.6765 -999.9000    0.0000    0.0000    3.6809   90.3927
  85.0453 17590.8543  214.8751 -999.9000    0.0000    0.0000    4.5992   90.0754
  82.9608 17747.7337  214.5610 -999.9000    0.0000    0.0000    5.7714   90.9865
  80.9282 17904.6131  215.2178 -999.9000    0.0000    0.0000    6.9136   90.6807
  78.9484 18061.4925  215.8758 -999.9000    0.0000    0.0000    6.7975   90.4907
  77.0217 18218.3719  216.5649 -999.9000    0.0000    0.0000    5.8267   90.6714
  75.1483 18375.2513  217.6422 -999.9000    0.0000    0.0000    4.8559   90.9237
  73.3271 18532.1307  218.7657 -999.9000    0.0000    0.0000    4.2160   91.0464
  71.5556 18689.0101  218.9152 -999.9000    0.0000    0.0000    3.7293   90.9336
  69.8260 18845.8894  217.8258 -999.9000    0.0000    0.0000    3.0896   91.0562
  68.1227 19002.7688  217.5634 -999.9000    0.0000    0.0000    1.9304   91.7656
  66.4601 19159.6482  217.9430 -999.9000    0.0000    0.0000    0.8829   89.5288
  64.8418 19316.5276  218.4578 -999.9000    0.0000    0.0000    0.5572   87.4851
  63.2670 19473.4070  218.8937 -999.9000    0.0000    0.0000    1.0839   87.9468
  61.7318 19630.2864  219.4884 -999.9000    0.0000    0.0000    1.6546   88.3028
  60.2355 19787.1658  219.7356 -999.9000    0.0000    0.0000    2.3828   88.5476
  58.7762 19944.0452  219.4746 -999.9000    0.0000    0.0000    3.2091   88.9105
  57.3501 20100.9246  219.1314 -999.9000    0.0000    0.0000    3.6291   89.0671
  55.9562 20257.8040  218.8997 -999.9000    0.0000    0.0000    3.5459   88.9446
  54.5968 20414.6834  218.6997 -999.9000    0.0000    0.0000    3.3250   88.7725
  53.2731 20571.5628  218.6829 -999.9000    0.0000    0.0000    3.1297   88.6461
  51.9860 20728.4422  219.1599 -999.9000    0.0000    0.0000    2.9773   88.5640
  50.7361 20885.3216  220.4439 -999.9000    0.0000    0.0000    2.8823   88.5228
  49.5229 21042.2010  222.2459 -999.9000    0.0000    0.0000    2.8284   88.5126
  48.3394 21199.0804  221.6557 -999.9000    0.0000    0.0000    3.1655   88.5757
  47.1874 21355.9598  221.7489 -999.9000    0.0000    0.0000    4.2923   88.7747
  46.0647 21512.8392  222.1634 -999.9000    0.0000    0.0000    5.3242   88.9472
  44.9691 21669.7186  222.4202 -999.9000    0.0000    0.0000    5.5286   88.9570
  43.8989 21826.5980  222.4566 -999.9000    0.0000    0.0000    5.1378   88.8369
  42.8525 21983.4774  222.3334 -999.9000    0.0000    0.0000    4.6681   88.6697
  41.8295 22140.3568  222.0986 -999.9000    0.0000    0.0000    4.4083   88.5214
  40.8309 22297.2362  221.7810 -999.9000    0.0000    0.0000    4.2961   88.4316
  39.8584 22454.1156  221.4098 -999.9000    0.0000    0.0000    4.2395   88.4374
  38.9104 22610.9950  221.8120 -999.9000    0.0000    0.0000    4.3861   88.5046
  37.9838 22767.8744  223.0809 -999.9000    0.0000    0.0000    4.7924   88.5579
  37.0791 22924.7538  223.7806 -999.9000    0.0000    0.0000    5.1266   88.6106
  36.1962 23081.6332  223.8800 -999.9000    0.0000    0.0000    5.3727   88.6649
  35.3349 23238.5126  223.5974 -999.9000    0.0000    0.0000    5.5701   88.7211
  34.4951 23395.3920  223.1503 -999.9000    0.0000    0.0000    5.7584   88.7793
  33.6765 23552.2714  222.7567 -999.9000    0.0000    0.0000    5.9771   88.8396
  32.8792 23709.1508  222.6343 -999.9000    0.0000    0.0000    6.2661   88.9021
  32.1025 23866.0302  222.9254 -999.9000    0.0000    0.0000    6.6375   88.9664
  31.3447 24022.9095  223.4925 -999.9000    0.0000    0.0000    7.0031   89.0294
  30.6036 24179.7889  224.1339 -999.9000    0.0000    0.0000    7.2515   89.0878
  29.8779 24336.6683  224.6223 -999.9000    0.0000    0.0000    7.2910   89.1301
  29.1715 24493.5477  224.6684 -999.9000    0.0000    0.0000    7.2260   89.0898
  28.4842 24650.4271  224.5203 -999.9000    0.0000    0.0000    7.1090   88.9796
  27.8138 24807.3065  224.5470 -999.9000    0.0000    0.0000    6.9542   88.8366
  27.1583 24964.1859  225.1156 -999.9000    0.0000    0.0000    6.7753   88.6979
  26.5173 25121.0653  226.2870 -999.9000    0.0000    0.0000    6.5929   88.5852
  25.8939 25277.9447  227.4733 -999.9000    0.0000    0.0000    6.4415   88.4883
  25.2914 25434.8241  228.0035 -999.9000    0.0000    0.0000    6.3579   88.3927
  24.7096 25591.7035  227.5114 -999.9000    0.0000    0.0000    6.4233   88.3136
  24.1354 25748.5829  226.9822 -999.9000    0.0000    0.0000    6.7985   88.3442
  23.5706 25905.4623  226.7488 -999.9000    0.0000    0.0000    7.3856   88.4419
  23.0189 26062.3417  227.0203 -999.9000    0.0000    0.0000    8.0597   88.5480
  22.4826 26219.2211  227.8621 -999.9000    0.0000    0.0000    8.7201   88.6216
  21.9608 26376.1005  228.9679 -999.9000    0.0000    0.0000    9.3281   88.6692
  21.4521 26532.9799  229.9731 -999.9000    0.0000    0.0000    9.8554   88.7041
  20.9548 26689.8593  230.5126 -999.9000    0.0000    0.0000   10.2735   88.7401
  20.4676 26846.7387  230.2214 -999.9000    0.0000    0.0000   10.5539   88.7908
  19.9891 27003.6181  228.7699 -999.9000    0.0000    0.0000   10.6611   88.8671
  19.5243 27160.4975  227.8794 -999.9000    0.0000    0.0000   10.2333   88.8331
  19.0752 27317.3769  228.3373 -999.9000    0.0000    0.0000    9.3424   88.6652
  18.6391 27474.2563  229.5630 -999.9000    0.0000    0.0000    8.3828   88.4541
  18.2135 27631.1357  230.9762 -999.9000    0.0000    0.0000    7.7489   88.2905
  17.7959 27788.0151  232.0056 -999.9000    0.0000    0.0000    7.8121   88.2601
  17.3864 27944.8945  232.3040 -999.9000    0.0000    0.0000    8.3933   88.3267
  16.9866 28101.7739  231.8976 -999.9000    0.0000    0.0000    9.0115   88.3867
  16.5963 28258.6533  231.0828 -999.9000    0.0000    0.0000    9.6316   88.4341
  16.2153 28415.5327  230.1837 -999.9000    0.0000    0.0000   10.2680   88.4734
  15.8432 28572.4121  229.5237 -999.9000    0.0000    0.0000   10.9353   88.5095
  15.4798 28729.2915  229.4208 -999.9000    0.0000    0.0000   11.6458   88.5468
  15.1246 28886.1709  229.8361 -999.9000    0.0000    0.0000   12.2970   88.5881
  14.7769 29043.0503  230.2126 -999.9000    0.0000    0.0000   12.6253   88.6333
  14.4368 29199.9296  230.3863 -999.9000    0.0000    0.0000   12.5656   88.6841
  14.1043 29356.8090  230.4948 -999.9000    0.0000    0.0000   12.1991   88.7433
  13.7798 29513.6884  230.6813 -999.9000    0.0000    0.0000   11.6104   88.8140
  13.4633 29670.5678  231.0891 -999.9000    0.0000    0.0000   10.8835   88.8992
  13.1552 29827.4472  231.8617 -999.9000    0.0000    0.0000   10.1029   89.0018
  12.8555 29984.3266  233.0855 -999.9000    0.0000    0.0000    9.3508   89.1215
  12.5638 30141.2060  234.4481 -999.9000    0.0000    0.0000    8.6951   89.2343
  12.2794 30298.0854  235.4673 -999.9000    0.0000    0.0000    8.1978   89.3059
  12.0018 30454.9648  235.6608 -999.9000    0.0000    0.0000    7.9209   89.3022
  11.7304 30611.8442  234.8003 -999.9000    0.0000    0.0000    7.8851   89.2026
  11.4650 30768.7236  233.6975 -999.9000    0.0000    0.0000    7.9452   89.0420
  11.2056 30925.6030  233.4288 -999.9000    0.0000    0.0000    7.9135   88.8691
  10.9522 31082.4824  234.6460 -999.9000    0.0000    0.0000    7.6696   88.7216
  10.7056 31239.3618  236.1890 -999.9000    0.0000    0.0000    7.3826   88.5894
  10.4661 31396.2412  236.7393 -999.9000    0.0000    0.0000    7.2494   88.4534
  10.2318 31553.1206  236.3771 -999.9000    0.0000    0.0000    7.2554   88.3118
  10.0000 31710.0000  235.5571 -999.9000    0.0000    0.0000    7.3297   88.1674
