# 06610 LSMP Payerne Observations at 12Z 30 Jul 2008
# Radiosonde file generated by raso.rb
#
  P [hPa],     Z [m],    T [K],   Td [K],   RH [%], r [g/kg], WS [m/s], WD [deg]
 962.0000   491.0000  298.7179 -999.9000   66.2863   13.6900    2.0661   93.0543
 944.6891   647.8794  296.5987 -999.9000   67.8376   12.6302    4.4841   92.6754
 927.6873   804.7588  295.1528 -999.9000   79.5798   13.9071    2.0782   92.9144
 911.0964   961.6382  293.8089 -999.9000   80.0284   14.4362    0.2709   92.0428
 894.7070  1118.5176  292.8228 -999.9000   80.0179   14.3064    1.1923   90.9797
 878.5406  1275.3970  292.4789 -999.9000   80.0734   13.3485    2.1464   90.6229
 862.6769  1432.2764  291.0529 -999.9000   80.9760   13.5129    2.3533   90.4248
 846.9845  1589.1558  289.7638 -999.9000   80.2853   13.9027    3.9407   90.3491
 831.5533  1746.0352  289.3698 -999.9000   80.7521   13.2228    4.8111   90.3950
 816.3570  1902.9146  288.0095 -999.9000   80.6294   11.9693    5.9081   90.4496
 801.3249  2059.7940  286.3741 -999.9000   80.3386   11.5640    6.5269   90.4939
 786.5365  2216.6734  284.9761 -999.9000   80.1733   10.4184    7.2738   90.5367
 771.9169  2373.5528  283.7027 -999.9000   80.5494    8.7627    8.4669   90.5644
 757.5041  2530.4322  282.6070 -999.9000   80.4055    8.5006    9.0025   90.6155
 743.3854  2687.3116  281.9984 -999.9000   77.7527    7.5803    7.8990   90.6080
 729.2940  2844.1910  280.8945 -999.9000   60.3620    5.5688    7.6620   90.6173
 715.5826  3001.0704  279.8214 -999.9000   50.1009    4.3807    9.2492   90.6971
 702.0616  3157.9497  278.6160 -999.9000   51.5767    4.2344   10.5386   90.7782
 688.7126  3314.8291  277.1205 -999.9000   58.8868    4.4448   10.6359   90.8007
 675.5482  3471.7085  275.4791 -999.9000   68.1695    4.6752   10.8936   90.8205
 662.5494  3628.5879  273.9920 -999.9000   74.1020    4.6607   11.5083   90.8487
 649.7305  3785.4673  272.9751 -999.9000   67.2294    4.0055   11.8120   90.8627
 637.1240  3942.3467  272.1174 -999.9000   55.1052    3.1437   11.1417   90.9118
 624.7467  4099.2261  271.1011 -999.9000   50.1321    2.7055    9.6050   91.0167
 612.5275  4256.1055  270.0419 -999.9000   50.0637    2.5464    9.1844   91.0465
 600.5160  4412.9849  269.4377 -999.9000   38.1858    1.8919    9.4774   91.0390
 588.7253  4569.8643  268.8487 -999.9000   22.7485    1.0986    9.6753   91.0433
 577.1128  4726.7437  267.5646 -999.9000   18.1564    0.8108    9.7405   91.0483
 565.6299  4883.6231  266.7404 -999.9000   17.0258    0.7276    9.7186   91.0538
 554.4053  5040.5025  266.1934 -999.9000   13.4929    0.5634    9.0460   91.1400
 543.3471  5197.3819  265.5356 -999.9000   12.8344    0.5190    8.2844   91.2153
 532.4739  5354.2613  264.5304 -999.9000   22.1955    0.8459    8.7074   91.2112
 521.8251  5511.1407  263.5054 -999.9000   24.0434    0.8613    9.4805   91.1806
 511.3144  5668.0201  262.7395 -999.9000   14.0981    0.4842   10.1788   91.1583
 500.9731  5824.8995  261.4247 -999.9000   12.9838    0.4090   10.8978   91.1344
 490.8286  5981.7789  259.8409 -999.9000   18.4175    0.5200   11.0695   91.1143
 480.7236  6138.6583  258.7558 -999.9000   29.2596    0.7703   11.4197   91.0832
 470.8214  6295.5377  257.4972 -999.9000   31.5287    0.7621   11.5326   91.0728
 461.0900  6452.4171  256.0993 -999.9000   30.8650    0.6762   11.2683   90.9894
 451.4963  6609.2965  254.8276 -999.9000   32.0431    0.6422   10.2727   90.8335
 442.0676  6766.1759  253.7805 -999.9000   32.6211    0.6091    9.3931   90.7116
 432.8253  6923.0553  252.8424 -999.9000   32.3402    0.5674   10.3122   90.6964
 423.7241  7079.9347  251.4582 -999.9000   36.0507    0.5712   11.2007   90.7318
 414.7432  7236.8141  249.7738 -999.9000   41.2817    0.5742   11.0041   90.7585
 405.9174  7393.6935  248.7971 -999.9000   31.8625    0.4138   11.2350   90.7794
 397.1974  7550.5729  247.5262 -999.9000   27.2746    0.3219   11.5018   90.7881
 388.6475  7707.4523  246.1469 -999.9000   31.2020    0.3308   11.6422   90.8405
 380.2876  7864.3317  245.1425 -999.9000   34.8557    0.3433   11.8698   90.9010
 372.0784  8021.2111  244.3346 -999.9000   39.1294    0.3645   12.0105   90.8924
 363.9826  8178.0905  243.5488 -999.9000   45.2600    0.3994   11.9103   90.7526
 356.0087  8334.9698  242.7012 -999.9000   54.5063    0.4529   11.8800   90.7678
 348.2042  8491.8492  241.8105 -999.9000   60.6355    0.5188   12.4670   91.3797
 340.5609  8648.7286  240.9595 -999.9000   65.0300    0.5272   12.6844   91.7004
 333.0575  8805.6080  240.0981 -999.9000   65.6384    0.4852   12.6101   91.6152
 325.6771  8962.4874  239.1258 -999.9000   65.0641    0.4338   12.8904   91.4555
 318.4095  9119.3668  237.9263 -999.9000   65.8542    0.3977   13.7943   91.4682
 311.2701  9276.2462  236.2901 -999.9000   60.7469    0.3338   13.9360   91.4746
 304.2599  9433.1256  234.7188 -999.9000   55.5620    0.2938   14.1432   91.4194
 297.3812  9590.0050  233.6340 -999.9000   50.7154    0.2688   14.6078   91.3896
 290.6045  9746.8844  232.3868 -999.9000   45.5045    0.2331   14.9185   91.3805
 283.9369  9903.7638  230.9891 -999.9000   45.8021    0.2031   15.2783   91.3479
 277.3870 10060.6432  229.4867 -999.9000   45.6519    0.1789   15.6497   91.3074
 270.9631 10217.5226  227.9194 -999.9000   45.5880    0.1538   15.9005   91.2950
 264.6694 10374.4020  226.3614 -999.9000   45.6965    0.1244   15.9406   91.3378
 258.4744 10531.2814  225.1196 -999.9000   45.2032    0.1097   16.0713   91.3756
 252.3757 10688.1608  224.0761 -999.9000   45.5177    0.1034   16.3213   91.3933
 246.3812 10845.0402  223.0020 -999.9000   40.2361    0.0916   16.6093   91.3978
 240.4896 11001.9196  221.7899 -999.9000   35.6776    0.0742   16.8821   91.3965
 234.6950 11158.7990  220.4351 -999.9000   35.9291    0.0604   17.1103   91.3968
 229.0082 11315.6784  219.0343 -999.9000   35.4706    0.0528   17.2881   91.3986
 223.4492 11472.5578  217.7355 -999.9000   34.9410    0.0500   17.4219   91.3982
 218.0236 11629.4372  216.5151 -999.9000   30.0969    0.0480   17.2300   91.4126
 212.6609 11786.3166  214.8243 -999.9000   25.5806    0.0350   15.5620   91.5070
 207.3913 11943.1960  213.9746 -999.9000   23.7469    0.0295   14.3978   91.4951
 202.2510 12100.0754  214.6607 -999.9000   17.9864    0.0410   14.1088   91.5711
 197.2536 12256.9548  216.0411 -999.9000    9.0878    0.0304   12.1255   92.1270
 192.4469 12413.8342  218.4145 -999.9000    2.6423    0.0062   12.5929   91.9985
 187.8076 12570.7136  218.2102 -999.9000    0.2367    0.0003   12.8522   91.9213
 183.2603 12727.5930  216.9527 -999.9000    0.2952    0.0003   12.5758   91.8946
 178.8033 12884.4724  216.5168 -999.9000    0.0000    0.0000   12.3575   91.8603
 174.4458 13041.3518  216.8965 -999.9000    0.0133    0.0000   12.5039   91.7991
 170.1876 13198.2312  217.0978 -999.9000    0.0000    0.0000   13.0410   91.6668
 166.0391 13355.1106  217.2412 -999.9000    0.0000    0.0000   13.6710   91.5392
 162.0101 13511.9899  216.8398 -999.9000    0.0002    0.0000   13.9785   91.4198
 158.0706 13668.8693  215.8297 -999.9000    0.0000    0.0000   13.6018   91.3880
 154.1974 13825.7487  214.9306 -999.9000    0.0000    0.0000   12.4450   91.4693
 150.4126 13982.6281  214.8379 -999.9000    0.0000    0.0000   10.5332   91.5650
 146.7292 14139.5075  215.7413 -999.9000    0.0000    0.0000   10.4546   91.5673
 143.1108 14296.3869  213.9393 -999.9000    0.0000    0.0000   10.3700   91.5696
 139.5597 14453.2663  216.3341 -999.9000    0.0000    0.0000   10.3311   91.5684
 136.1266 14610.1457  213.9774 -999.9000    0.0000    0.0000   10.3128   91.5540
 132.7619 14767.0251  213.0896 -999.9000    0.0000    0.0000   10.2969   91.5347
 129.4754 14923.9045  214.0737 -999.9000    0.0000    0.0000   10.2777   91.5197
 126.2897 15080.7839  215.1719 -999.9000    0.0000    0.0000   10.2464   91.5108
 123.1790 15237.6633  216.3964 -999.9000    0.0000    0.0000   10.2415   91.4644
 120.1481 15394.5427  216.8704 -999.9000    0.0000    0.0000   10.0768   91.3748
 117.2138 15551.4221  216.2307 -999.9000    0.0000    0.0000    9.6928   91.2661
 114.3435 15708.3015  216.1438 -999.9000    0.0000    0.0000    9.3471   91.1464
 111.5416 15865.1809  215.9105 -999.9000    0.0000    0.0000    8.7422   91.1933
 108.8149 16022.0603  217.2358 -999.9000    0.0000    0.0000    7.9043   91.4869
 106.1648 16178.9397  217.3032 -999.9000    0.0000    0.0000    7.4199   91.3484
 103.5767 16335.8191  216.9507 -999.9000    0.0000    0.0000    5.9671   91.9971
 101.0524 16492.6985  219.0099 -999.9000    0.0000    0.0000    1.4683   90.4089
  98.6148 16649.5779  217.6319 -999.9000    0.0000    0.0000    0.6729   90.4014
  96.2203 16806.4573  216.9049 -999.9000    0.0000    0.0000    0.1727   87.2598
  93.8688 16963.3367  216.2013 -999.9000    0.0000    0.0000    0.8918   90.4014
  91.5836 17120.2161  216.0919 -999.9000    0.0000    0.0000    1.7432   90.4014
  89.3567 17277.0955  216.0800 -999.9000    0.0000    0.0000    2.3622   90.4014
  87.1784 17433.9749  215.6172 -999.9000    0.0000    0.0000    3.0460   90.3927
  85.0453 17590.8543  214.8157 -999.9000    0.0000    0.0000    3.9612   90.0754
  82.9608 17747.7337  214.4985 -999.9000    0.0000    0.0000    5.1348   90.9865
  80.9282 17904.6131  215.1492 -999.9000    0.0000    0.0000    6.2833   90.6807
  78.9484 18061.4925  215.7978 -999.9000    0.0000    0.0000    6.1784   90.4907
  77.0217 18218.3719  216.4749 -999.9000    0.0000    0.0000    5.2233   90.6714
  75.1483 18375.2513  217.5377 -999.9000    0.0000    0.0000    4.2725   90.9237
  73.3271 18532.1307  218.6445 -999.9000    0.0000    0.0000    3.6565   91.0464
  71.5556 18689.0101  218.7754 -999.9000    0.0000    0.0000    3.1972   90.9336
  69.8260 18845.8894  217.6658 -999.9000    0.0000    0.0000    2.5882   91.0562
  68.1227 19002.7688  217.3821 -999.9000    0.0000    0.0000    1.4627   91.7656
  66.4601 19159.6482  217.7394 -999.9000    0.0000    0.0000    0.4512   89.5288
  64.8418 19316.5276  218.2312 -999.9000    0.0000    0.0000    0.1639   87.4851
  63.2670 19473.4070  218.6439 -999.9000    0.0000    0.0000    0.7307   87.9468
  61.7318 19630.2864  219.2154 -999.9000    0.0000    0.0000    1.3432   88.3028
  60.2355 19787.1658  219.4397 -999.9000    0.0000    0.0000    2.1142   88.5476
  58.7762 19944.0452  219.1564 -999.9000    0.0000    0.0000    2.9841   88.9105
  57.3501 20100.9246  218.7919 -999.9000    0.0000    0.0000    3.4484   89.0671
  55.9562 20257.8040  218.5401 -999.9000    0.0000    0.0000    3.4095   88.9446
  54.5968 20414.6834  218.3216 -999.9000    0.0000    0.0000    3.2327   88.7725
  53.2731 20571.5628  218.2882 -999.9000    0.0000    0.0000    3.0810   88.6461
  51.9860 20728.4422  218.7507 -999.9000    0.0000    0.0000    2.9713   88.5640
  50.7361 20885.3216  220.0227 -999.9000    0.0000    0.0000    2.9178   88.5228
  49.5229 21042.2010  221.8156 -999.9000    0.0000    0.0000    2.9039   88.5126
  48.3394 21199.0804  221.2194 -999.9000    0.0000    0.0000    3.2790   88.5757
  47.1874 21355.9598  221.3100 -999.9000    0.0000    0.0000    4.4416   88.7747
  46.0647 21512.8392  221.7253 -999.9000    0.0000    0.0000    5.5070   88.9472
  44.9691 21669.7186  221.9863 -999.9000    0.0000    0.0000    5.7424   88.9570
  43.8989 21826.5980  222.0298 -999.9000    0.0000    0.0000    5.3803   88.8369
  42.8525 21983.4774  221.9161 -999.9000    0.0000    0.0000    4.9372   88.6697
  41.8295 22140.3568  221.6933 -999.9000    0.0000    0.0000    4.7020   88.5214
  40.8309 22297.2362  221.3895 -999.9000    0.0000    0.0000    4.6123   88.4316
  39.8584 22454.1156  221.0340 -999.9000    0.0000    0.0000    4.5763   88.4374
  38.9104 22610.9950  221.4530 -999.9000    0.0000    0.0000    4.7417   88.5046
  37.9838 22767.8744  222.7399 -999.9000    0.0000    0.0000    5.1651   88.5579
  37.0791 22924.7538  223.4583 -999.9000    0.0000    0.0000    5.5148   88.6106
  36.1962 23081.6332  223.5769 -999.9000    0.0000    0.0000    5.7748   88.6649
  35.3349 23238.5126  223.3134 -999.9000    0.0000    0.0000    5.9845   88.7211
  34.4951 23395.3920  222.8853 -999.9000    0.0000    0.0000    6.1839   88.7793
  33.6765 23552.2714  222.5102 -999.9000    0.0000    0.0000    6.4125   88.8396
  32.8792 23709.1508  222.4054 -999.9000    0.0000    0.0000    6.7100   88.9021
  32.1025 23866.0302  222.7130 -999.9000    0.0000    0.0000    7.0889   88.9664
  31.3447 24022.9095  223.2952 -999.9000    0.0000    0.0000    7.4610   89.0294
  30.6036 24179.7889  223.9499 -999.9000    0.0000    0.0000    7.7150   89.0878
  29.8779 24336.6683  224.4495 -999.9000    0.0000    0.0000    7.7593   89.1301
  29.1715 24493.5477  224.5044 -999.9000    0.0000    0.0000    7.6982   89.0898
  28.4842 24650.4271  224.3624 -999.9000    0.0000    0.0000    7.5846   88.9796
  27.8138 24807.3065  224.3922 -999.9000    0.0000    0.0000    7.4325   88.8366
  27.1583 24964.1859  224.9607 -999.9000    0.0000    0.0000    7.2559   88.6979
  26.5173 25121.0653  226.1291 -999.9000    0.0000    0.0000    7.0752   88.5852
  25.8939 25277.9447  227.3095 -999.9000    0.0000    0.0000    6.9250   88.4883
  25.2914 25434.8241  227.8313 -999.9000    0.0000    0.0000    6.8420   88.3927
  24.7096 25591.7035  227.3285 -999.9000    0.0000    0.0000    6.9073   88.3136
  24.1354 25748.5829  226.7864 -999.9000    0.0000    0.0000    7.2817   88.3442
  23.5706 25905.4623  226.5383 -999.9000    0.0000    0.0000    7.8673   88.4419
  23.0189 26062.3417  226.7933 -999.9000    0.0000    0.0000    8.5392   88.5480
  22.4826 26219.2211  227.6172 -999.9000    0.0000    0.0000    9.1965   88.6216
  21.9608 26376.1005  228.7038 -999.9000    0.0000    0.0000    9.8007   88.6692
  21.4521 26532.9799  229.6889 -999.9000    0.0000    0.0000   10.3233   88.7041
  20.9548 26689.8593  230.2073 -999.9000    0.0000    0.0000   10.7359   88.7401
  20.4676 26846.7387  229.8945 -999.9000    0.0000    0.0000   11.0097   88.7908
  19.9891 27003.6181  228.4210 -999.9000    0.0000    0.0000   11.1095   88.8671
  19.5243 27160.4975  227.5084 -999.9000    0.0000    0.0000   10.6733   88.8331
  19.0752 27317.3769  227.9442 -999.9000    0.0000    0.0000    9.7730   88.6652
  18.6391 27474.2563  229.1481 -999.9000    0.0000    0.0000    8.8028   88.4541
  18.2135 27631.1357  230.5401 -999.9000    0.0000    0.0000    8.1573   88.2905
  17.7959 27788.0151  231.5488 -999.9000    0.0000    0.0000    8.2077   88.2601
  17.3864 27944.8945  231.8276 -999.9000    0.0000    0.0000    8.7751   88.3267
  16.9866 28101.7739  231.4026 -999.9000    0.0000    0.0000    9.3781   88.3867
  16.5963 28258.6533  230.5707 -999.9000    0.0000    0.0000    9.9819   88.4341
  16.2153 28415.5327  229.6560 -999.9000    0.0000    0.0000   10.6007   88.4734
  15.8432 28572.4121  228.9823 -999.9000    0.0000    0.0000   11.2491   88.5095
  15.4798 28729.2915  228.8676 -999.9000    0.0000    0.0000   11.9393   88.5468
  15.1246 28886.1709  229.2734 -999.9000    0.0000    0.0000   12.5690   88.5881
  14.7769 29043.0503  229.6428 -999.9000    0.0000    0.0000   12.8742   88.6333
  14.4368 29199.9296  229.8122 -999.9000    0.0000    0.0000   12.7900   88.6841
  14.1043 29356.8090  229.9191 -999.9000    0.0000    0.0000   12.3975   88.7433
  13.7798 29513.6884  230.1072 -999.9000    0.0000    0.0000   11.7814   88.8140
  13.4633 29670.5678  230.5200 -999.9000    0.0000    0.0000   11.0255   88.8992
  13.1552 29827.4472  231.3011 -999.9000    0.0000    0.0000   10.2143   89.0018
  12.8555 29984.3266  232.5371 -999.9000    0.0000    0.0000    9.4300   89.1215
  12.5638 30141.2060  233.9158 -999.9000    0.0000    0.0000    8.7405   89.2343
  12.2794 30298.0854  234.9555 -999.9000    0.0000    0.0000    8.2076   89.3059
  12.0018 30454.9648  235.1738 -999.9000    0.0000    0.0000    7.8934   89.3022
  11.7304 30611.8442  234.3428 -999.9000    0.0000    0.0000    7.8186   89.2026
  11.4650 30768.7236  233.2743 -999.9000    0.0000    0.0000    7.8379   89.0420
  11.2056 30925.6030  233.0450 -999.9000    0.0000    0.0000    7.7635   88.8691
  10.9522 31082.4824  234.3069 -999.9000    0.0000    0.0000    7.4751   88.7216
  10.7056 31239.3618  235.9000 -999.9000    0.0000    0.0000    7.1417   88.5894
  10.4661 31396.2412  236.5062 -999.9000    0.0000    0.0000    6.9602   88.4534
  10.2318 31553.1206  236.2059 -999.9000    0.0000    0.0000    6.9160   88.3118
  10.0000 31710.0000  235.4539 -999.9000    0.0000    0.0000    6.9379   88.1674
