# 06610 LSMP Payerne Observations at 12Z 30 Jul 2008
# Radiosonde file generated by raso.rb
#
  P [hPa],     Z [m],    T [K],   Td [K],   RH [%], r [g/kg], WS [m/s], WD [deg]
 962.0000   491.0000  297.8064 -999.9000   66.2166   13.6900    2.1208   93.0543
 944.6891   647.8794  295.7885 -999.9000   67.7775   12.6302    4.5392   92.6754
 927.6873   804.7588  294.4386 -999.9000   79.5216   13.9071    2.1330   92.9144
 911.0964   961.6382  293.1854 -999.9000   79.9813   14.4362    0.3251   92.0428
 894.7070  1118.5176  292.2850 -999.9000   79.9815   14.3064    1.2453   90.9797
 878.5406  1275.3970  292.0218 -999.9000   80.0468   13.3485    2.1977   90.6229
 862.6769  1432.2764  290.6716 -999.9000   80.9582   13.5129    2.4026   90.4248
 846.9845  1589.1558  289.4536 -999.9000   80.2760   13.9027    3.9875   90.3491
 831.5533  1746.0352  289.1261 -999.9000   80.7502   13.2228    4.8550   90.3950
 816.3570  1902.9146  287.8278 -999.9000   80.6344   11.9693    5.9488   90.4496
 801.3249  2059.7940  286.2501 -999.9000   80.3497   11.5640    6.5640   90.4939
 786.5365  2216.6734  284.9056 -999.9000   80.1897   10.4184    7.3070   90.5367
 771.9169  2373.5528  283.6815 -999.9000   80.5706    8.7627    8.4959   90.5644
 757.5041  2530.4322  282.6312 -999.9000   80.4306    8.5006    9.0269   90.6155
 743.3854  2687.3116  282.0641 -999.9000   77.7802    7.5803    7.9186   90.6080
 729.2940  2844.1910  280.9980 -999.9000   60.3855    5.5688    7.6766   90.6173
 715.5826  3001.0704  279.9591 -999.9000   50.1218    4.3807    9.2585   90.6971
 702.0616  3157.9497  278.7844 -999.9000   51.5992    4.2344   10.5425   90.7782
 688.7126  3314.8291  277.3162 -999.9000   58.9133    4.4448   10.6341   90.8007
 675.5482  3471.7085  275.6990 -999.9000   68.2007    4.6752   10.8861   90.8205
 662.5494  3628.5879  274.2328 -999.9000   74.1360    4.6607   11.4949   90.8487
 649.7305  3785.4673  273.2340 -999.9000   67.2599    4.0055   11.7925   90.8627
 637.1240  3942.3467  272.3915 -999.9000   55.1295    3.1437   11.1161   90.9118
 624.7467  4099.2261  271.3875 -999.9000   50.1534    2.7055    9.5731   91.0167
 612.5275  4256.1055  270.3382 -999.9000   50.0839    2.5464    9.1462   91.0465
 600.5160  4412.9849  269.7413 -999.9000   38.2002    1.8919    9.4330   91.0390
 588.7253  4569.8643  269.1573 -999.9000   22.7563    1.0986    9.6246   91.0433
 577.1128  4726.7437  267.8759 -999.9000   18.1620    0.8108    9.6835   91.0483
 565.6299  4883.6231  267.0524 -999.9000   17.0304    0.7276    9.6553   91.0538
 554.4053  5040.5025  266.5039 -999.9000   13.4959    0.5634    8.9765   91.1400
 543.3471  5197.3819  265.8429 -999.9000   12.8367    0.5190    8.2088   91.2153
 532.4739  5354.2613  264.8327 -999.9000   22.1983    0.8459    8.6258   91.2112
 521.8251  5511.1407  263.8011 -999.9000   24.0451    0.8613    9.3929   91.1806
 511.3144  5668.0201  263.0271 -999.9000   14.0983    0.4842   10.0854   91.1583
 500.9731  5824.8995  261.7028 -999.9000   12.9832    0.4090   10.7989   91.1344
 490.8286  5981.7789  260.1083 -999.9000   18.4156    0.5200   10.9652   91.1143
 480.7236  6138.6583  259.0114 -999.9000   29.2546    0.7703   11.3101   91.0832
 470.8214  6295.5377  257.7399 -999.9000   31.5213    0.7621   11.4180   91.0728
 461.0900  6452.4171  256.3284 -999.9000   30.8557    0.6762   11.1490   90.9894
 451.4963  6609.2965  255.0422 -999.9000   32.0313    0.6422   10.1489   90.8335
 442.0676  6766.1759  253.9800 -999.9000   32.6068    0.6091    9.2651   90.7116
 432.8253  6923.0553  253.0263 -999.9000   32.3238    0.5674   10.1802   90.6964
 423.7241  7079.9347  251.6262 -999.9000   36.0299    0.5712   11.0652   90.7318
 414.7432  7236.8141  249.9256 -999.9000   41.2549    0.5742   10.8654   90.7585
 405.9174  7393.6935  248.9325 -999.9000   31.8396    0.4138   11.0935   90.7794
 397.1974  7550.5729  247.6453 -999.9000   27.2531    0.3219   11.3578   90.7881
 388.6475  7707.4523  246.2498 -999.9000   31.1753    0.3308   11.4961   90.8405
 380.2876  7864.3317  245.2293 -999.9000   34.8234    0.3433   11.7221   90.9010
 372.0784  8021.2111  244.4057 -999.9000   39.0907    0.3645   11.8613   90.8924
 363.9826  8178.0905  243.6045 -999.9000   45.2125    0.3994   11.7599   90.7526
 356.0087  8334.9698  242.7419 -999.9000   54.4459    0.4529   11.7288   90.7678
 348.2042  8491.8492  241.8368 -999.9000   60.5651    0.5188   12.3150   91.3797
 340.5609  8648.7286  240.9722 -999.9000   64.9513    0.5272   12.5319   91.7004
 333.0575  8805.6080  240.0978 -999.9000   65.5562    0.4852   12.4572   91.6152
 325.6771  8962.4874  239.1133 -999.9000   64.9803    0.4338   12.7372   91.4555
 318.4095  9119.3668  237.9027 -999.9000   65.7676    0.3977   13.6408   91.4682
 311.2701  9276.2462  236.2563 -999.9000   60.6658    0.3338   13.7824   91.4746
 304.2599  9433.1256  234.6760 -999.9000   55.4871    0.2938   13.9894   91.4194
 297.3812  9590.0050  233.5834 -999.9000   50.6469    0.2688   14.4538   91.3896
 290.6045  9746.8844  232.3297 -999.9000   45.4434    0.2331   14.7642   91.3805
 283.9369  9903.7638  230.9269 -999.9000   45.7415    0.2031   15.1236   91.3479
 277.3870 10060.6432  229.4209 -999.9000   45.5928    0.1789   15.4945   91.3074
 270.9631 10217.5226  227.8515 -999.9000   45.5309    0.1538   15.7445   91.2950
 264.6694 10374.4020  226.2932 -999.9000   45.6418    0.1244   15.7838   91.3378
 258.4744 10531.2814  225.0529 -999.9000   45.1523    0.1097   15.9133   91.3756
 252.3757 10688.1608  224.0127 -999.9000   45.4702    0.1034   16.1620   91.3933
 246.3812 10845.0402  222.9438 -999.9000   40.1981    0.0916   16.4483   91.3978
 240.4896 11001.9196  221.7390 -999.9000   35.6479    0.0742   16.7191   91.3965
 234.6950 11158.7990  220.3934 -999.9000   35.9039    0.0604   16.9449   91.3968
 229.0082 11315.6784  219.0036 -999.9000   35.4507    0.0528   17.1201   91.3986
 223.4492 11472.5578  217.7174 -999.9000   34.9268    0.0500   17.2511   91.3982
 218.0236 11629.4372  216.5108 -999.9000   30.0895    0.0480   17.0562   91.4126
 212.6609 11786.3166  214.8351 -999.9000   25.5786    0.0350   15.3850   91.5070
 207.3913 11943.1960  214.0014 -999.9000   23.7492    0.0295   14.2175   91.4951
 202.2510 12100.0754  214.7043 -999.9000   17.9913    0.0410   13.9251   91.5711
 197.2536 12256.9548  216.1019 -999.9000    9.0920    0.0304   11.9384   92.1270
 192.4469 12413.8342  218.4930 -999.9000    2.6440    0.0062   12.4024   91.9985
 187.8076 12570.7136  218.3065 -999.9000    0.2369    0.0003   12.6584   91.9213
 183.2603 12727.5930  217.0668 -999.9000    0.2955    0.0003   12.3788   91.8946
 178.8033 12884.4724  216.6485 -999.9000    0.0000    0.0000   12.1574   91.8603
 174.4458 13041.3518  217.0453 -999.9000    0.0133    0.0000   12.3010   91.7991
 170.1876 13198.2312  217.2629 -999.9000    0.0000    0.0000   12.8355   91.6668
 166.0391 13355.1106  217.4219 -999.9000    0.0000    0.0000   13.4631   91.5392
 162.0101 13511.9899  217.0351 -999.9000    0.0002    0.0000   13.7685   91.4198
 158.0706 13668.8693  216.0383 -999.9000    0.0000    0.0000   13.3902   91.3880
 154.1974 13825.7487  215.1509 -999.9000    0.0000    0.0000   12.2320   91.4693
 150.4126 13982.6281  215.0685 -999.9000    0.0000    0.0000   10.3194   91.5650
 146.7292 14139.5075  215.9802 -999.9000    0.0000    0.0000   10.2404   91.5673
 143.1108 14296.3869  214.1845 -999.9000    0.0000    0.0000   10.1560   91.5696
 139.5597 14453.2663  216.5834 -999.9000    0.0000    0.0000   10.1178   91.5684
 136.1266 14610.1457  214.2285 -999.9000    0.0000    0.0000   10.1009   91.5540
 132.7619 14767.0251  213.3403 -999.9000    0.0000    0.0000   10.0870   91.5347
 129.4754 14923.9045  214.3221 -999.9000    0.0000    0.0000   10.0705   91.5197
 126.2897 15080.7839  215.4161 -999.9000    0.0000    0.0000   10.0427   91.5108
 123.1790 15237.6633  216.6346 -999.9000    0.0000    0.0000   10.0421   91.4644
 120.1481 15394.5427  217.1009 -999.9000    0.0000    0.0000    9.8825   91.3748
 117.2138 15551.4221  216.4520 -999.9000    0.0000    0.0000    9.5046   91.2661
 114.3435 15708.3015  216.3545 -999.9000    0.0000    0.0000    9.1659   91.1464
 111.5416 15865.1809  216.1094 -999.9000    0.0000    0.0000    8.5691   91.1933
 108.8149 16022.0603  217.4216 -999.9000    0.0000    0.0000    7.7403   91.4869
 106.1648 16178.9397  217.4751 -999.9000    0.0000    0.0000    7.2660   91.3484
 103.5767 16335.8191  217.1075 -999.9000    0.0000    0.0000    5.8246   91.9971
 101.0524 16492.6985  219.1511 -999.9000    0.0000    0.0000    1.3383   90.4089
  98.6148 16649.5779  217.7567 -999.9000    0.0000    0.0000    0.5567   90.4014
  96.2203 16806.4573  217.0128 -999.9000    0.0000    0.0000    0.2738   87.2598
  93.8688 16963.3367  216.2918 -999.9000    0.0000    0.0000    0.8072   90.4014
  91.5836 17120.2161  216.1649 -999.9000    0.0000    0.0000    1.6764   90.4014
  89.3567 17277.0955  216.1352 -999.9000    0.0000    0.0000    2.3147   90.4014
  87.1784 17433.9749  215.6547 -999.9000    0.0000    0.0000    3.0193   90.3927
  85.0453 17590.8543  214.8354 -999.9000    0.0000    0.0000    3.9569   90.0754
  82.9608 17747.7337  214.5007 -999.9000    0.0000    0.0000    5.1544   90.9865
  80.9282 17904.6131  215.1342 -999.9000    0.0000    0.0000    6.3285   90.6807
  78.9484 18061.4925  215.7661 -999.9000    0.0000    0.0000    6.2507   90.4907
  77.0217 18218.3719  216.4271 -999.9000    0.0000    0.0000    5.3240   90.6714
  75.1483 18375.2513  217.4744 -999.9000    0.0000    0.0000    4.4028   90.9237
  73.3271 18532.1307  218.5665 -999.9000    0.0000    0.0000    3.8172   91.0464
  71.5556 18689.0101  218.6836 -999.9000    0.0000    0.0000    3.3888   90.9336
  69.8260 18845.8894  217.5613 -999.9000    0.0000    0.0000    2.8111   91.0562
  68.1227 19002.7688  217.2659 -999.9000    0.0000    0.0000    1.7169   91.7656
  66.4601 19159.6482  217.6128 -999.9000    0.0000    0.0000    0.7367   89.5288
  64.8418 19316.5276  218.0956 -999.9000    0.0000    0.0000    0.4803   87.4851
  63.2670 19473.4070  218.5007 -999.9000    0.0000    0.0000    1.0773   87.9468
  61.7318 19630.2864  219.0663 -999.9000    0.0000    0.0000    1.7191   88.3028
  60.2355 19787.1658  219.2863 -999.9000    0.0000    0.0000    2.5184   88.5476
  58.7762 19944.0452  219.0005 -999.9000    0.0000    0.0000    3.4152   88.9105
  57.3501 20100.9246  218.6353 -999.9000    0.0000    0.0000    3.9047   89.0671
  55.9562 20257.8040  218.3850 -999.9000    0.0000    0.0000    3.8892   88.9446
  54.5968 20414.6834  218.1701 -999.9000    0.0000    0.0000    3.7337   88.7725
  53.2731 20571.5628  218.1425 -999.9000    0.0000    0.0000    3.6010   88.6461
  51.9860 20728.4422  218.6133 -999.9000    0.0000    0.0000    3.5077   88.5640
  50.7361 20885.3216  219.8960 -999.9000    0.0000    0.0000    3.4678   88.5228
  49.5229 21042.2010  221.7021 -999.9000    0.0000    0.0000    3.4644   88.5126
  48.3394 21199.0804  221.1219 -999.9000    0.0000    0.0000    3.8467   88.5757
  47.1874 21355.9598  221.2313 -999.9000    0.0000    0.0000    5.0129   88.7747
  46.0647 21512.8392  221.6683 -999.9000    0.0000    0.0000    6.0783   88.9472
  44.9691 21669.7186  221.9534 -999.9000    0.0000    0.0000    6.3102   88.9570
  43.8989 21826.5980  222.0232 -999.9000    0.0000    0.0000    5.9415   88.8369
  42.8525 21983.4774  221.9379 -999.9000    0.0000    0.0000    5.4886   88.6697
  41.8295 22140.3568  221.7451 -999.9000    0.0000    0.0000    5.2409   88.5214
  40.8309 22297.2362  221.4727 -999.9000    0.0000    0.0000    5.1360   88.4316
  39.8584 22454.1156  221.1497 -999.9000    0.0000    0.0000    5.0824   88.4374
  38.9104 22610.9950  221.6021 -999.9000    0.0000    0.0000    5.2281   88.5046
  37.9838 22767.8744  222.9230 -999.9000    0.0000    0.0000    5.6297   88.5579
  37.0791 22924.7538  223.6756 -999.9000    0.0000    0.0000    5.9558   88.6106
  36.1962 23081.6332  223.8284 -999.9000    0.0000    0.0000    6.1906   88.6649
  35.3349 23238.5126  223.5990 -999.9000    0.0000    0.0000    6.3738   88.7211
  34.4951 23395.3920  223.2043 -999.9000    0.0000    0.0000    6.5454   88.7793
  33.6765 23552.2714  222.8618 -999.9000    0.0000    0.0000    6.7452   88.8396
  32.8792 23709.1508  222.7886 -999.9000    0.0000    0.0000    7.0133   88.9021
  32.1025 23866.0302  223.1264 -999.9000    0.0000    0.0000    7.3621   88.9664
  31.3447 24022.9095  223.7371 -999.9000    0.0000    0.0000    7.7038   89.0294
  30.6036 24179.7889  224.4184 -999.9000    0.0000    0.0000    7.9273   89.0878
  29.8779 24336.6683  224.9423 -999.9000    0.0000    0.0000    7.9410   89.1301
  29.1715 24493.5477  225.0190 -999.9000    0.0000    0.0000    7.8497   89.0898
  28.4842 24650.4271  224.8962 -999.9000    0.0000    0.0000    7.7063   88.9796
  27.8138 24807.3065  224.9421 -999.9000    0.0000    0.0000    7.5252   88.8366
  27.1583 24964.1859  225.5234 -999.9000    0.0000    0.0000    7.3203   88.6979
  26.5173 25121.0653  226.7015 -999.9000    0.0000    0.0000    7.1122   88.5852
  25.8939 25277.9447  227.8886 -999.9000    0.0000    0.0000    6.9357   88.4883
  25.2914 25434.8241  228.4142 -999.9000    0.0000    0.0000    6.8273   88.3927
  24.7096 25591.7035  227.9124 -999.9000    0.0000    0.0000    6.8683   88.3136
  24.1354 25748.5829  227.3688 -999.9000    0.0000    0.0000    7.2195   88.3442
  23.5706 25905.4623  227.1165 -999.9000    0.0000    0.0000    7.7832   88.4419
  23.0189 26062.3417  227.3649 -999.9000    0.0000    0.0000    8.4344   88.5480
  22.4826 26219.2211  228.1798 -999.9000    0.0000    0.0000    9.0724   88.6216
  21.9608 26376.1005  229.2554 -999.9000    0.0000    0.0000    9.6586   88.6692
  21.4521 26532.9799  230.2273 -999.9000    0.0000    0.0000   10.1647   88.7041
  20.9548 26689.8593  230.7307 -999.9000    0.0000    0.0000   10.5621   88.7401
  20.4676 26846.7387  230.4009 -999.9000    0.0000    0.0000   10.8224   88.7908
  19.9891 27003.6181  228.9087 -999.9000    0.0000    0.0000   10.9103   88.8671
  19.5243 27160.4975  227.9758 -999.9000    0.0000    0.0000   10.4639   88.8331
  19.0752 27317.3769  228.3898 -999.9000    0.0000    0.0000    9.5550   88.6652
  18.6391 27474.2563  229.5705 -999.9000    0.0000    0.0000    8.5781   88.4541
  18.2135 27631.1357  230.9380 -999.9000    0.0000    0.0000    7.9277   88.2905
  17.7959 27788.0151  231.9212 -999.9000    0.0000    0.0000    7.9751   88.2601
  17.3864 27944.8945  232.1733 -999.9000    0.0000    0.0000    8.5415   88.3267
  16.9866 28101.7739  231.7208 -999.9000    0.0000    0.0000    9.1454   88.3867
  16.5963 28258.6533  230.8605 -999.9000    0.0000    0.0000    9.7523   88.4341
  16.2153 28415.5327  229.9168 -999.9000    0.0000    0.0000   10.3762   88.4734
  15.8432 28572.4121  229.2135 -999.9000    0.0000    0.0000   11.0320   88.5095
  15.4798 28729.2915  229.0688 -999.9000    0.0000    0.0000   11.7319   88.5468
  15.1246 28886.1709  229.4442 -999.9000    0.0000    0.0000   12.3735   88.5881
  14.7769 29043.0503  229.7831 -999.9000    0.0000    0.0000   12.6930   88.6333
  14.4368 29199.9296  229.9217 -999.9000    0.0000    0.0000   12.6255   88.6841
  14.1043 29356.8090  229.9980 -999.9000    0.0000    0.0000   12.2523   88.7433
  13.7798 29513.6884  230.1556 -999.9000    0.0000    0.0000   11.6579   88.8140
  13.4633 29670.5678  230.5381 -999.9000    0.0000    0.0000   10.9264   88.8992
  13.1552 29827.4472  231.2893 -999.9000    0.0000    0.0000   10.1423   89.0018
  12.8555 29984.3266  232.4959 -999.9000    0.0000    0.0000    9.3877   89.1215
  12.5638 30141.2060  233.8458 -999.9000    0.0000    0.0000    8.7307   89.2343
  12.2794 30298.0854  234.8574 -999.9000    0.0000    0.0000    8.2332   89.3059
  12.0018 30454.9648  235.0483 -999.9000    0.0000    0.0000    7.9572   89.3022
  11.7304 30611.8442  234.1909 -999.9000    0.0000    0.0000    7.9237   89.2026
  11.4650 30768.7236  233.0972 -999.9000    0.0000    0.0000    7.9872   89.0420
  11.2056 30925.6030  232.8438 -999.9000    0.0000    0.0000    7.9600   88.8691
  10.9522 31082.4824  234.0829 -999.9000    0.0000    0.0000    7.7220   88.7216
  10.7056 31239.3618  235.6546 -999.9000    0.0000    0.0000    7.4422   88.5894
  10.4661 31396.2412  236.2410 -999.9000    0.0000    0.0000    7.3176   88.4534
  10.2318 31553.1206  235.9224 -999.9000    0.0000    0.0000    7.3335   88.3118
  10.0000 31710.0000  235.1539 -999.9000    0.0000    0.0000    7.4190   88.1674
