# 06610 LSMP Payerne Observations at 12Z 30 Jul 2008
# Radiosonde file generated by raso.rb
#
  P [hPa],     Z [m],    T [K],   Td [K],   RH [%], r [g/kg], WS [m/s], WD [deg]
 962.0000   491.0000  297.9740 -999.9000   66.2738   13.6900    2.2999   93.0543
 944.6891   647.8794  295.9839 -999.9000   67.8334   12.6302    4.7371   92.6754
 927.6873   804.7588  294.6593 -999.9000   79.5840   13.9071    2.3465   92.9144
 911.0964   961.6382  293.4291 -999.9000   80.0407   14.4362    0.5511   92.0428
 894.7070  1118.5176  292.5494 -999.9000   80.0374   14.3064    1.4809   90.9797
 878.5406  1275.3970  292.3047 -999.9000   80.0993   13.3485    2.4401   90.6229
 862.6769  1432.2764  290.9708 -999.9000   81.0077   13.5129    2.6491   90.4248
 846.9845  1589.1558  289.7671 -999.9000   80.3214   13.9027    4.2356   90.3491
 831.5533  1746.0352  289.4520 -999.9000   80.7922   13.2228    5.1024   90.3950
 816.3570  1902.9146  288.1642 -999.9000   80.6727   11.9693    6.1931   90.4496
 801.3249  2059.7940  286.5951 -999.9000   80.3842   11.5640    6.8032   90.4939
 786.5365  2216.6734  285.2575 -999.9000   80.2205   10.4184    7.5392   90.5367
 771.9169  2373.5528  284.0386 -999.9000   80.5980    8.7627    8.7192   90.5644
 757.5041  2530.4322  282.9919 -999.9000   80.4545    8.5006    9.2398   90.6155
 743.3854  2687.3116  282.4270 -999.9000   77.8000    7.5803    8.1194   90.6080
 729.2940  2844.1910  281.3615 -999.9000   60.3983    5.5688    7.8639   90.6173
 715.5826  3001.0704  280.3219 -999.9000   50.1305    4.3807    9.4312   90.6971
 702.0616  3157.9497  279.1452 -999.9000   51.6061    4.2344   10.6994   90.7782
 688.7126  3314.8291  277.6738 -999.9000   58.9190    4.4448   10.7744   90.8007
 675.5482  3471.7085  276.0523 -999.9000   68.2050    4.6752   11.0088   90.8205
 662.5494  3628.5879  274.5807 -999.9000   74.1381    4.6607   11.5993   90.8487
 649.7305  3785.4673  273.5755 -999.9000   67.2598    4.0055   11.8782   90.8627
 637.1240  3942.3467  272.7257 -999.9000   55.1279    3.1437   11.1827   90.9118
 624.7467  4099.2261  271.7137 -999.9000   50.1506    2.7055    9.6204   91.0167
 612.5275  4256.1055  270.6554 -999.9000   50.0800    2.5464    9.1741   91.0465
 600.5160  4412.9849  270.0490 -999.9000   38.1964    1.8919    9.4414   91.0390
 588.7253  4569.8643  269.4549 -999.9000   22.7537    1.0986    9.6137   91.0433
 577.1128  4726.7437  268.1628 -999.9000   18.1597    0.8108    9.6538   91.0483
 565.6299  4883.6231  267.3281 -999.9000   17.0281    0.7276    9.6071   91.0538
 554.4053  5040.5025  266.7682 -999.9000   13.4940    0.5634    8.9105   91.1400
 543.3471  5197.3819  266.0954 -999.9000   12.8348    0.5190    8.1257   91.2153
 532.4739  5354.2613  265.0732 -999.9000   22.1952    0.8459    8.5265   91.2112
 521.8251  5511.1407  264.0295 -999.9000   24.0419    0.8613    9.2785   91.1806
 511.3144  5668.0201  263.2433 -999.9000   14.0966    0.4842    9.9570   91.1583
 500.9731  5824.8995  261.9068 -999.9000   12.9819    0.4090   10.6578   91.1344
 490.8286  5981.7789  260.3001 -999.9000   18.4141    0.5200   10.8129   91.1143
 480.7236  6138.6583  259.1913 -999.9000   29.2530    0.7703   11.1482   91.0832
 470.8214  6295.5377  257.9081 -999.9000   31.5207    0.7621   11.2482   91.0728
 461.0900  6452.4171  256.4851 -999.9000   30.8562    0.6762   10.9733   90.9894
 451.4963  6609.2965  255.1879 -999.9000   32.0332    0.6422    9.9692   90.8335
 442.0676  6766.1759  254.1151 -999.9000   32.6104    0.6091    9.0837   90.7116
 432.8253  6923.0553  253.1515 -999.9000   32.3292    0.5674    9.9994   90.6964
 423.7241  7079.9347  251.7419 -999.9000   36.0381    0.5712   10.8875   90.7318
 414.7432  7236.8141  250.0326 -999.9000   41.2673    0.5742   10.6932   90.7585
 405.9174  7393.6935  249.0316 -999.9000   31.8515    0.4138   10.9297   90.7794
 397.1974  7550.5729  247.7373 -999.9000   27.2655    0.3219   11.2052   90.7881
 388.6475  7707.4523  246.3355 -999.9000   31.1923    0.3308   11.3575   90.8405
 380.2876  7864.3317  245.3094 -999.9000   34.8458    0.3433   11.5997   90.9010
 372.0784  8021.2111  244.4807 -999.9000   39.1196    0.3645   11.7574   90.8924
 363.9826  8178.0905  243.6750 -999.9000   45.2505    0.3994   11.6762   90.7526
 356.0087  8334.9698  242.8082 -999.9000   54.4974    0.4529   11.6668   90.7678
 348.2042  8491.8492  241.8992 -999.9000   60.6287    0.5188   12.2761   91.3797
 340.5609  8648.7286  241.0309 -999.9000   65.0264    0.5272   12.5169   91.7004
 333.0575  8805.6080  240.1528 -999.9000   65.6389    0.4852   12.4668   91.6152
 325.6771  8962.4874  239.1647 -999.9000   65.0689    0.4338   12.7718   91.4555
 318.4095  9119.3668  237.9503 -999.9000   65.8639    0.3977   13.7005   91.4682
 311.2701  9276.2462  236.2998 -999.9000   60.7604    0.3338   13.8670   91.4746
 304.2599  9433.1256  234.7151 -999.9000   55.5787    0.2938   14.0984   91.4194
 297.3812  9590.0050  233.6178 -999.9000   50.7349    0.2688   14.5863   91.3896
 290.6045  9746.8844  232.3587 -999.9000   45.5259    0.2331   14.9192   91.3805
 283.9369  9903.7638  230.9499 -999.9000   45.8278    0.2031   15.2997   91.3479
 277.3870 10060.6432  229.4371 -999.9000   45.6816    0.1789   15.6901   91.3074
 270.9631 10217.5226  227.8602 -999.9000   45.6220    0.1538   15.9576   91.2950
 264.6694 10374.4020  226.2934 -999.9000   45.7350    0.1244   16.0122   91.3378
 258.4744 10531.2814  225.0435 -999.9000   45.2458    0.1097   16.1544   91.3756
 252.3757 10688.1608  223.9926 -999.9000   45.5651    0.1034   16.4130   91.3933
 246.3812 10845.0402  222.9117 -999.9000   40.2820    0.0916   16.7061   91.3978
 240.4896 11001.9196  221.6936 -999.9000   35.7219    0.0742   16.9803   91.3965
 234.6950 11158.7990  220.3335 -999.9000   35.9775    0.0604   17.2063   91.3968
 229.0082 11315.6784  218.9281 -999.9000   35.5219    0.0528   17.3786   91.3986
 223.4492 11472.5578  217.6253 -999.9000   34.9951    0.0500   17.5039   91.3982
 218.0236 11629.4372  216.4016 -999.9000   30.1466    0.0480   17.3007   91.4126
 212.6609 11786.3166  214.7082 -999.9000   25.6254    0.0350   15.6192   91.5070
 207.3913 11943.1960  213.8564 -999.9000   23.7907    0.0295   14.4393   91.4951
 202.2510 12100.0754  214.5412 -999.9000   18.0213    0.0410   14.1330   91.5711
 197.2536 12256.9548  215.9208 -999.9000    9.1063    0.0304   12.1309   92.1270
 192.4469 12413.8342  218.2941 -999.9000    2.6479    0.0062   12.5784   91.9985
 187.8076 12570.7136  218.0902 -999.9000    0.2372    0.0003   12.8171   91.9213
 183.2603 12727.5930  216.8337 -999.9000    0.2959    0.0003   12.5196   91.8946
 178.8033 12884.4724  216.3995 -999.9000    0.0000    0.0000   12.2800   91.8603
 174.4458 13041.3518  216.7813 -999.9000    0.0133    0.0000   12.4054   91.7991
 170.1876 13198.2312  216.9852 -999.9000    0.0000    0.0000   12.9219   91.6668
 166.0391 13355.1106  217.1319 -999.9000    0.0000    0.0000   13.5321   91.5392
 162.0101 13511.9899  216.7343 -999.9000    0.0002    0.0000   13.8209   91.4198
 158.0706 13668.8693  215.7285 -999.9000    0.0000    0.0000   13.4271   91.3880
 154.1974 13825.7487  214.8341 -999.9000    0.0000    0.0000   12.2548   91.4693
 150.4126 13982.6281  214.7467 -999.9000    0.0000    0.0000   10.3297   91.5650
 146.7292 14139.5075  215.6559 -999.9000    0.0000    0.0000   10.2401   91.5673
 143.1108 14296.3869  213.8601 -999.9000    0.0000    0.0000   10.1472   91.5696
 139.5597 14453.2663  216.2617 -999.9000    0.0000    0.0000   10.1031   91.5684
 136.1266 14610.1457  213.9122 -999.9000    0.0000    0.0000   10.0826   91.5540
 132.7619 14767.0251  213.0320 -999.9000    0.0000    0.0000   10.0675   91.5347
 129.4754 14923.9045  214.0242 -999.9000    0.0000    0.0000   10.0518   91.5197
 126.2897 15080.7839  215.1311 -999.9000    0.0000    0.0000   10.0266   91.5108
 123.1790 15237.6633  216.3646 -999.9000    0.0000    0.0000   10.0302   91.4644
 120.1481 15394.5427  216.8482 -999.9000    0.0000    0.0000    9.8763   91.3748
 117.2138 15551.4221  216.2185 -999.9000    0.0000    0.0000    9.5052   91.2661
 114.3435 15708.3015  216.1421 -999.9000    0.0000    0.0000    9.1744   91.1464
 111.5416 15865.1809  215.9198 -999.9000    0.0000    0.0000    8.5862   91.1933
 108.8149 16022.0603  217.2566 -999.9000    0.0000    0.0000    7.7665   91.4869
 106.1648 16178.9397  217.3362 -999.9000    0.0000    0.0000    7.3018   91.3484
 103.5767 16335.8191  216.9961 -999.9000    0.0000    0.0000    5.8701   91.9971
 101.0524 16492.6985  219.0685 -999.9000    0.0000    0.0000    1.3934   90.4089
  98.6148 16649.5779  217.7040 -999.9000    0.0000    0.0000    0.6211   90.4014
  96.2203 16806.4573  216.9911 -999.9000    0.0000    0.0000    0.2005   87.2598
  93.8688 16963.3367  216.3021 -999.9000    0.0000    0.0000    0.8886   90.4014
  91.5836 17120.2161  216.2079 -999.9000    0.0000    0.0000    1.7651   90.4014
  89.3567 17277.0955  216.2117 -999.9000    0.0000    0.0000    2.4095   90.4014
  87.1784 17433.9749  215.7652 -999.9000    0.0000    0.0000    3.1189   90.3927
  85.0453 17590.8543  214.9804 -999.9000    0.0000    0.0000    4.0597   90.0754
  82.9608 17747.7337  214.6807 -999.9000    0.0000    0.0000    5.2587   90.9865
  80.9282 17904.6131  215.3492 -999.9000    0.0000    0.0000    6.4323   90.6807
  78.9484 18061.4925  216.0162 -999.9000    0.0000    0.0000    6.3521   90.4907
  77.0217 18218.3719  216.7120 -999.9000    0.0000    0.0000    5.4212   90.6714
  75.1483 18375.2513  217.7937 -999.9000    0.0000    0.0000    4.4940   90.9237
  73.3271 18532.1307  218.9195 -999.9000    0.0000    0.0000    3.9010   91.0464
  71.5556 18689.0101  219.0693 -999.9000    0.0000    0.0000    3.4640   90.9336
  69.8260 18845.8894  217.9784 -999.9000    0.0000    0.0000    2.8764   91.0562
  68.1227 19002.7688  217.7129 -999.9000    0.0000    0.0000    1.7715   91.7656
  66.4601 19159.6482  218.0879 -999.9000    0.0000    0.0000    0.7798   89.5288
  64.8418 19316.5276  218.5968 -999.9000    0.0000    0.0000    0.5113   87.4851
  63.2670 19473.4070  219.0257 -999.9000    0.0000    0.0000    1.0959   87.9468
  61.7318 19630.2864  219.6125 -999.9000    0.0000    0.0000    1.7250   88.3028
  60.2355 19787.1658  219.8510 -999.9000    0.0000    0.0000    2.5115   88.5476
  58.7762 19944.0452  219.5806 -999.9000    0.0000    0.0000    3.3957   88.9105
  57.3501 20100.9246  219.2275 -999.9000    0.0000    0.0000    3.8729   89.0671
  55.9562 20257.8040  218.9857 -999.9000    0.0000    0.0000    3.8456   88.9446
  54.5968 20414.6834  218.7754 -999.9000    0.0000    0.0000    3.6790   88.7725
  53.2731 20571.5628  218.7484 -999.9000    0.0000    0.0000    3.5360   88.6461
  51.9860 20728.4422  219.2153 -999.9000    0.0000    0.0000    3.4334   88.5640
  50.7361 20885.3216  220.4896 -999.9000    0.0000    0.0000    3.3854   88.5228
  49.5229 21042.2010  222.2824 -999.9000    0.0000    0.0000    3.3752   88.5126
  48.3394 21199.0804  221.6837 -999.9000    0.0000    0.0000    3.7524   88.5757
  47.1874 21355.9598  221.7693 -999.9000    0.0000    0.0000    4.9152   88.7747
  46.0647 21512.8392  222.1771 -999.9000    0.0000    0.0000    5.9789   88.9472
  44.9691 21669.7186  222.4282 -999.9000    0.0000    0.0000    6.2108   88.9570
  43.8989 21826.5980  222.4596 -999.9000    0.0000    0.0000    5.8436   88.8369
  42.8525 21983.4774  222.3322 -999.9000    0.0000    0.0000    5.3935   88.6697
  41.8295 22140.3568  222.0941 -999.9000    0.0000    0.0000    5.1496   88.5214
  40.8309 22297.2362  221.7738 -999.9000    0.0000    0.0000    5.0496   88.4316
  39.8584 22454.1156  221.4007 -999.9000    0.0000    0.0000    5.0018   88.4374
  38.9104 22610.9950  221.8014 -999.9000    0.0000    0.0000    5.1539   88.5046
  37.9838 22767.8744  223.0695 -999.9000    0.0000    0.0000    5.5623   88.5579
  37.0791 22924.7538  223.7689 -999.9000    0.0000    0.0000    5.8956   88.6106
  36.1962 23081.6332  223.8685 -999.9000    0.0000    0.0000    6.1378   88.6649
  35.3349 23238.5126  223.5865 -999.9000    0.0000    0.0000    6.3285   88.7211
  34.4951 23395.3920  223.1403 -999.9000    0.0000    0.0000    6.5074   88.7793
  33.6765 23552.2714  222.7479 -999.9000    0.0000    0.0000    6.7141   88.8396
  32.8792 23709.1508  222.6271 -999.9000    0.0000    0.0000    6.9887   88.9021
  32.1025 23866.0302  222.9200 -999.9000    0.0000    0.0000    7.3434   88.9664
  31.3447 24022.9095  223.4891 -999.9000    0.0000    0.0000    7.6902   89.0294
  30.6036 24179.7889  224.1326 -999.9000    0.0000    0.0000    7.9178   89.0878
  29.8779 24336.6683  224.6231 -999.9000    0.0000    0.0000    7.9345   89.1301
  29.1715 24493.5477  224.6713 -999.9000    0.0000    0.0000    7.8449   89.0898
  28.4842 24650.4271  224.5255 -999.9000    0.0000    0.0000    7.7018   88.9796
  27.8138 24807.3065  224.5543 -999.9000    0.0000    0.0000    7.5194   88.8366
  27.1583 24964.1859  225.1249 -999.9000    0.0000    0.0000    7.3115   88.6979
  26.5173 25121.0653  226.2982 -999.9000    0.0000    0.0000    7.0988   88.5852
  25.8939 25277.9447  227.4862 -999.9000    0.0000    0.0000    6.9161   88.4883
  25.2914 25434.8241  228.0179 -999.9000    0.0000    0.0000    6.8003   88.3927
  24.7096 25591.7035  227.5271 -999.9000    0.0000    0.0000    6.8325   88.3136
  24.1354 25748.5829  226.9990 -999.9000    0.0000    0.0000    7.1739   88.3442
  23.5706 25905.4623  226.7664 -999.9000    0.0000    0.0000    7.7266   88.4419
  23.0189 26062.3417  227.0384 -999.9000    0.0000    0.0000    8.3659   88.5480
  22.4826 26219.2211  227.8802 -999.9000    0.0000    0.0000    8.9911   88.6216
  21.9608 26376.1005  228.9858 -999.9000    0.0000    0.0000    9.5638   88.6692
  21.4521 26532.9799  229.9904 -999.9000    0.0000    0.0000   10.0557   88.7041
  20.9548 26689.8593  230.5289 -999.9000    0.0000    0.0000   10.4386   88.7401
  20.4676 26846.7387  230.2362 -999.9000    0.0000    0.0000   10.6838   88.7908
  19.9891 27003.6181  228.7827 -999.9000    0.0000    0.0000   10.7564   88.8671
  19.5243 27160.4975  227.8898 -999.9000    0.0000    0.0000   10.2943   88.8331
  19.0752 27317.3769  228.3447 -999.9000    0.0000    0.0000    9.3698   88.6652
  18.6391 27474.2563  229.5668 -999.9000    0.0000    0.0000    8.3773   88.4541
  18.2135 27631.1357  230.9759 -999.9000    0.0000    0.0000    7.7114   88.2905
  17.7959 27788.0151  232.0005 -999.9000    0.0000    0.0000    7.7436   88.2601
  17.3864 27944.8945  232.2935 -999.9000    0.0000    0.0000    8.2950   88.3267
  16.9866 28101.7739  231.8810 -999.9000    0.0000    0.0000    8.8845   88.3867
  16.5963 28258.6533  231.0595 -999.9000    0.0000    0.0000    9.4774   88.4341
  16.2153 28415.5327  230.1528 -999.9000    0.0000    0.0000   10.0882   88.4734
  15.8432 28572.4121  229.4846 -999.9000    0.0000    0.0000   10.7315   88.5095
  15.4798 28729.2915  229.3727 -999.9000    0.0000    0.0000   11.4197   88.5468
  15.1246 28886.1709  229.7780 -999.9000    0.0000    0.0000   12.0507   88.5881
  14.7769 29043.0503  230.1438 -999.9000    0.0000    0.0000   12.3608   88.6333
  14.4368 29199.9296  230.3060 -999.9000    0.0000    0.0000   12.2850   88.6841
  14.1043 29356.8090  230.4019 -999.9000    0.0000    0.0000   11.9048   88.7433
  13.7798 29513.6884  230.5749 -999.9000    0.0000    0.0000   11.3048   88.8140
  13.4633 29670.5678  230.9684 -999.9000    0.0000    0.0000   10.5693   88.8992
  13.1552 29827.4472  231.7256 -999.9000    0.0000    0.0000    9.7827   89.0018
  12.8555 29984.3266  232.9331 -999.9000    0.0000    0.0000    9.0275   89.1215
  12.5638 30141.2060  234.2782 -999.9000    0.0000    0.0000    8.3717   89.2343
  12.2794 30298.0854  235.2789 -999.9000    0.0000    0.0000    7.8773   89.3059
  12.0018 30454.9648  235.4528 -999.9000    0.0000    0.0000    7.6065   89.3022
  11.7304 30611.8442  234.5715 -999.9000    0.0000    0.0000    7.5804   89.2026
  11.4650 30768.7236  233.4468 -999.9000    0.0000    0.0000    7.6535   89.0420
  11.2056 30925.6030  233.1551 -999.9000    0.0000    0.0000    7.6385   88.8691
  10.9522 31082.4824  234.3481 -999.9000    0.0000    0.0000    7.4150   88.7216
  10.7056 31239.3618  235.8655 -999.9000    0.0000    0.0000    7.1524   88.5894
  10.4661 31396.2412  236.3890 -999.9000    0.0000    0.0000    7.0476   88.4534
  10.2318 31553.1206  235.9987 -999.9000    0.0000    0.0000    7.0862   88.3118
  10.0000 31710.0000  235.1493 -999.9000    0.0000    0.0000    7.1973   88.1674
