# 06610 LSMP Payerne Observations at 12Z 30 Jul 2008
# Radiosonde file generated by raso.rb
#
  P [hPa],     Z [m],    T [K],   Td [K],   RH [%], r [g/kg], WS [m/s], WD [deg]
 962.0000   491.0000  298.3368 -999.9000   65.9946   13.6900    1.9579   93.0543
 944.6891   647.8794  296.2117 -999.9000   67.5675   12.6302    4.4759   92.6754
 927.6873   804.7588  294.7601 -999.9000   79.2939   13.9071    2.1599   92.9144
 911.0964   961.6382  293.4108 -999.9000   79.7697   14.4362    0.4330   92.0428
 894.7070  1118.5176  292.4197 -999.9000   79.7857   14.3064    1.4255   90.9797
 878.5406  1275.3970  292.0710 -999.9000   79.8655   13.3485    2.4418   90.6229
 862.6769  1432.2764  290.6405 -999.9000   80.7884   13.5129    2.7025   90.4248
 846.9845  1589.1558  289.3472 -999.9000   80.1197   13.9027    4.3355   90.3491
 831.5533  1746.0352  288.9493 -999.9000   80.6041   13.2228    5.2439   90.3950
 816.3570  1902.9146  287.5854 -999.9000   80.4983   11.9693    6.3715   90.4496
 801.3249  2059.7940  285.9468 -999.9000   80.2230   11.5640    7.0140   90.4939
 786.5365  2216.6734  284.5458 -999.9000   80.0711   10.4184    7.7780   90.5367
 771.9169  2373.5528  283.2697 -999.9000   80.4584    8.7627    8.9819   90.5644
 757.5041  2530.4322  282.1716 -999.9000   80.3247    8.5006    9.5225   90.6155
 743.3854  2687.3116  281.5609 -999.9000   77.6830    7.5803    8.4186   90.6080
 729.2940  2844.1910  280.4552 -999.9000   60.3134    5.5688    8.1761   90.6173
 715.5826  3001.0704  279.3806 -999.9000   50.0644    4.3807    9.7530   90.6971
 702.0616  3157.9497  278.1740 -999.9000   51.5423    4.2344   11.0279   90.7782
 688.7126  3314.8291  276.6775 -999.9000   58.8503    4.4448   11.1067   90.8007
 675.5482  3471.7085  275.0356 -999.9000   68.1297    4.6752   11.3424   90.8205
 662.5494  3628.5879  273.5481 -999.9000   74.0604    4.6607   11.9318   90.8487
 649.7305  3785.4673  272.5312 -999.9000   67.1925    4.0055   12.2074   90.8627
 637.1240  3942.3467  271.6738 -999.9000   55.0750    3.1437   11.5066   90.9118
 624.7467  4099.2261  270.6580 -999.9000   50.1043    2.7055    9.9374   91.0167
 612.5275  4256.1055  269.5997 -999.9000   50.0354    2.5464    9.4825   91.0465
 600.5160  4412.9849  268.9967 -999.9000   38.1634    1.8919    9.7400   91.0390
 588.7253  4569.8643  268.4092 -999.9000   22.7346    1.0986    9.9014   91.0433
 577.1128  4726.7437  267.1267 -999.9000   18.1448    0.8108    9.9296   91.0483
 565.6299  4883.6231  266.3047 -999.9000   17.0143    0.7276    9.8705   91.0538
 554.4053  5040.5025  265.7599 -999.9000   13.4832    0.5634    9.1609   91.1400
 543.3471  5197.3819  265.1048 -999.9000   12.8248    0.5190    8.3629   91.2153
 532.4739  5354.2613  264.1025 -999.9000   22.1780    0.8459    8.7505   91.2112
 521.8251  5511.1407  263.0807 -999.9000   24.0235    0.8613    9.4894   91.1806
 511.3144  5668.0201  262.3184 -999.9000   14.0859    0.4842   10.1553   91.1583
 500.9731  5824.8995  261.0073 -999.9000   12.9721    0.4090   10.8441   91.1344
 490.8286  5981.7789  259.4276 -999.9000   18.4005    0.5200   10.9880   91.1143
 480.7236  6138.6583  258.3469 -999.9000   29.2317    0.7703   11.3132   91.0832
 470.8214  6295.5377  257.0929 -999.9000   31.4981    0.7621   11.4043   91.0728
 461.0900  6452.4171  255.7001 -999.9000   30.8347    0.6762   11.1218   90.9894
 451.4963  6609.2965  254.4336 -999.9000   32.0114    0.6422   10.1121   90.8335
 442.0676  6766.1759  253.3920 -999.9000   32.5890    0.6091    9.2226   90.7116
 432.8253  6923.0553  252.4598 -999.9000   32.3088    0.5674   10.1366   90.6964
 423.7241  7079.9347  251.0817 -999.9000   36.0165    0.5712   11.0252   90.7318
 414.7432  7236.8141  249.4037 -999.9000   41.2440    0.5742   10.8341   90.7585
 405.9174  7393.6935  248.4336 -999.9000   31.8349    0.4138   11.0764   90.7794
 397.1974  7550.5729  247.1698 -999.9000   27.2527    0.3219   11.3607   90.7881
 388.6475  7707.4523  245.7977 -999.9000   31.1793    0.3308   11.5245   90.8405
 380.2876  7864.3317  244.8008 -999.9000   34.8334    0.3433   11.7808   90.9010
 372.0784  8021.2111  244.0005 -999.9000   39.1082    0.3645   11.9548   90.8924
 363.9826  8178.0905  243.2224 -999.9000   45.2404    0.3994   11.8919   90.7526
 356.0087  8334.9698  242.3825 -999.9000   54.4890    0.4529   11.9024   90.7678
 348.2042  8491.8492  241.4996 -999.9000   60.6238    0.5188   12.5330   91.3797
 340.5609  8648.7286  240.6565 -999.9000   65.0259    0.5272   12.7961   91.7004
 333.0575  8805.6080  239.8027 -999.9000   65.6431    0.4852   12.7691   91.6152
 325.6771  8962.4874  238.8379 -999.9000   65.0778    0.4338   13.0978   91.4555
 318.4095  9119.3668  237.6459 -999.9000   65.8775    0.3977   14.0504   91.4682
 311.2701  9276.2462  236.0169 -999.9000   60.7772    0.3338   14.2406   91.4746
 304.2599  9433.1256  234.4525 -999.9000   55.5977    0.2938   14.4955   91.4194
 297.3812  9590.0050  233.3744 -999.9000   50.7553    0.2688   15.0062   91.3896
 290.6045  9746.8844  232.1334 -999.9000   45.5467    0.2331   15.3612   91.3805
 283.9369  9903.7638  230.7416 -999.9000   45.8510    0.2031   15.7624   91.3479
 277.3870 10060.6432  229.2446 -999.9000   45.7068    0.1789   16.1720   91.3074
 270.9631 10217.5226  227.6822 -999.9000   45.6488    0.1538   16.4571   91.2950
 264.6694 10374.4020  226.1286 -999.9000   45.7632    0.1244   16.5271   91.3378
 258.4744 10531.2814  224.8907 -999.9000   45.2745    0.1097   16.6825   91.3756
 252.3757 10688.1608  223.8504 -999.9000   45.5944    0.1034   16.9516   91.3933
 246.3812 10845.0402  222.7787 -999.9000   40.3079    0.0916   17.2522   91.3978
 240.4896 11001.9196  221.5684 -999.9000   35.7443    0.0742   17.5309   91.3965
 234.6950 11158.7990  220.2147 -999.9000   35.9992    0.0604   17.7582   91.3968
 229.0082 11315.6784  218.8146 -999.9000   35.5421    0.0528   17.9289   91.3986
 223.4492 11472.5578  217.5162 -999.9000   35.0134    0.0500   18.0501   91.3982
 218.0236 11629.4372  216.2960 -999.9000   30.1607    0.0480   17.8404   91.4126
 212.6609 11786.3166  214.6056 -999.9000   25.6357    0.0350   16.1501   91.5070
 207.3913 11943.1960  213.7564 -999.9000   23.7987    0.0295   14.9597   91.4951
 202.2510 12100.0754  214.4435 -999.9000   18.0260    0.0410   14.6411   91.5711
 197.2536 12256.9548  215.8254 -999.9000    9.1079    0.0304   12.6254   92.1270
 192.4469 12413.8342  218.2011 -999.9000    2.6481    0.0062   13.0582   91.9985
 187.8076 12570.7136  217.9999 -999.9000    0.2372    0.0003   13.2811   91.9213
 183.2603 12727.5930  216.7467 -999.9000    0.2958    0.0003   12.9673   91.8946
 178.8033 12884.4724  216.3163 -999.9000    0.0000    0.0000   12.7110   91.8603
 174.4458 13041.3518  216.7029 -999.9000    0.0133    0.0000   12.8195   91.7991
 170.1876 13198.2312  216.9126 -999.9000    0.0000    0.0000   13.3192   91.6668
 166.0391 13355.1106  217.0663 -999.9000    0.0000    0.0000   13.9129   91.5392
 162.0101 13511.9899  216.6770 -999.9000    0.0002    0.0000   14.1858   91.4198
 158.0706 13668.8693  215.6812 -999.9000    0.0000    0.0000   13.7768   91.3880
 154.1974 13825.7487  214.7986 -999.9000    0.0000    0.0000   12.5905   91.4693
 150.4126 13982.6281  214.7249 -999.9000    0.0000    0.0000   10.6526   91.5650
 146.7292 14139.5075  215.6499 -999.9000    0.0000    0.0000   10.5518   91.5673
 143.1108 14296.3869  213.8723 -999.9000    0.0000    0.0000   10.4496   91.5696
 139.5597 14453.2663  216.2945 -999.9000    0.0000    0.0000   10.3981   91.5684
 136.1266 14610.1457  213.9678 -999.9000    0.0000    0.0000   10.3724   91.5540
 132.7619 14767.0251  213.1126 -999.9000    0.0000    0.0000   10.3538   91.5347
 129.4754 14923.9045  214.1313 -999.9000    0.0000    0.0000   10.3362   91.5197
 126.2897 15080.7839  215.2658 -999.9000    0.0000    0.0000   10.3106   91.5108
 123.1790 15237.6633  216.5279 -999.9000    0.0000    0.0000   10.3151   91.4644
 120.1481 15394.5427  217.0403 -999.9000    0.0000    0.0000   10.1631   91.3748
 117.2138 15551.4221  216.4396 -999.9000    0.0000    0.0000    9.7946   91.2661
 114.3435 15708.3015  216.3918 -999.9000    0.0000    0.0000    9.4671   91.1464
 111.5416 15865.1809  216.1974 -999.9000    0.0000    0.0000    8.8826   91.1933
 108.8149 16022.0603  217.5610 -999.9000    0.0000    0.0000    8.0668   91.4869
 106.1648 16178.9397  217.6657 -999.9000    0.0000    0.0000    7.6059   91.3484
 103.5767 16335.8191  217.3490 -999.9000    0.0000    0.0000    6.1779   91.9971
 101.0524 16492.6985  219.4423 -999.9000    0.0000    0.0000    1.7045   90.4089
  98.6148 16649.5779  218.0963 -999.9000    0.0000    0.0000    0.9349   90.4014
  96.2203 16806.4573  217.3987 -999.9000    0.0000    0.0000    0.1151   90.4014
  93.8688 16963.3367  216.7215 -999.9000    0.0000    0.0000    1.2050   90.4014
  91.5836 17120.2161  216.6354 -999.9000    0.0000    0.0000    2.0810   90.4014
  89.3567 17277.0955  216.6430 -999.9000    0.0000    0.0000    2.7236   90.4014
  87.1784 17433.9749  216.1957 -999.9000    0.0000    0.0000    3.4294   90.3927
  85.0453 17590.8543  215.4051 -999.9000    0.0000    0.0000    4.3649   90.0754
  82.9608 17747.7337  215.0941 -999.9000    0.0000    0.0000    5.5565   90.9865
  80.9282 17904.6131  215.7457 -999.9000    0.0000    0.0000    6.7205   90.6807
  78.9484 18061.4925  216.3901 -999.9000    0.0000    0.0000    6.6283   90.4907
  77.0217 18218.3719  217.0581 -999.9000    0.0000    0.0000    5.6834   90.6714
  75.1483 18375.2513  218.1073 -999.9000    0.0000    0.0000    4.7403   90.9237
  73.3271 18532.1307  219.1963 -999.9000    0.0000    0.0000    4.1297   91.0464
  71.5556 18689.0101  219.3058 -999.9000    0.0000    0.0000    3.6736   90.9336
  69.8260 18845.8894  218.1715 -999.9000    0.0000    0.0000    3.0658   91.0562
  68.1227 19002.7688  217.8601 -999.9000    0.0000    0.0000    1.9394   91.7656
  66.4601 19159.6482  218.1871 -999.9000    0.0000    0.0000    0.9254   89.5288
  64.8418 19316.5276  218.6464 -999.9000    0.0000    0.0000    0.6338   87.4851
  63.2670 19473.4070  219.0249 -999.9000    0.0000    0.0000    1.1949   87.9468
  61.7318 19630.2864  219.5608 -999.9000    0.0000    0.0000    1.8001   88.3028
  60.2355 19787.1658  219.7484 -999.9000    0.0000    0.0000    2.5628   88.5476
  58.7762 19944.0452  219.4278 -999.9000    0.0000    0.0000    3.4231   88.9105
  57.3501 20100.9246  219.0256 -999.9000    0.0000    0.0000    3.8768   89.0671
  55.9562 20257.8040  218.7364 -999.9000    0.0000    0.0000    3.8264   88.9446
  54.5968 20414.6834  218.4809 -999.9000    0.0000    0.0000    3.6375   88.7725
  53.2731 20571.5628  218.4114 -999.9000    0.0000    0.0000    3.4731   88.6461
  51.9860 20728.4422  218.8392 -999.9000    0.0000    0.0000    3.3501   88.5640
  50.7361 20885.3216  220.0781 -999.9000    0.0000    0.0000    3.2830   88.5228
  49.5229 21042.2010  221.8399 -999.9000    0.0000    0.0000    3.2553   88.5126
  48.3394 21199.0804  221.2150 -999.9000    0.0000    0.0000    3.6166   88.5757
  47.1874 21355.9598  221.2798 -999.9000    0.0000    0.0000    4.7654   88.7747
  46.0647 21512.8392  221.6724 -999.9000    0.0000    0.0000    5.8171   88.9472
  44.9691 21669.7186  221.9135 -999.9000    0.0000    0.0000    6.0389   88.9570
  43.8989 21826.5980  221.9398 -999.9000    0.0000    0.0000    5.6634   88.8369
  42.8525 21983.4774  221.8119 -999.9000    0.0000    0.0000    5.2069   88.6697
  41.8295 22140.3568  221.5773 -999.9000    0.0000    0.0000    4.9583   88.5214
  40.8309 22297.2362  221.2643 -999.9000    0.0000    0.0000    4.8553   88.4316
  39.8584 22454.1156  220.9019 -999.9000    0.0000    0.0000    4.8059   88.4374
  38.9104 22610.9950  221.3165 -999.9000    0.0000    0.0000    4.9580   88.5046
  37.9838 22767.8744  222.6010 -999.9000    0.0000    0.0000    5.3679   88.5579
  37.0791 22924.7538  223.3191 -999.9000    0.0000    0.0000    5.7041   88.6106
  36.1962 23081.6332  223.4394 -999.9000    0.0000    0.0000    5.9505   88.6649
  35.3349 23238.5126  223.1795 -999.9000    0.0000    0.0000    6.1465   88.7211
  34.4951 23395.3920  222.7567 -999.9000    0.0000    0.0000    6.3320   88.7793
  33.6765 23552.2714  222.3886 -999.9000    0.0000    0.0000    6.5464   88.8396
  32.8792 23709.1508  222.2924 -999.9000    0.0000    0.0000    6.8297   88.9021
  32.1025 23866.0302  222.6100 -999.9000    0.0000    0.0000    7.1940   88.9664
  31.3447 24022.9095  223.2035 -999.9000    0.0000    0.0000    7.5513   89.0294
  30.6036 24179.7889  223.8708 -999.9000    0.0000    0.0000    7.7903   89.0878
  29.8779 24336.6683  224.3840 -999.9000    0.0000    0.0000    7.8192   89.1301
  29.1715 24493.5477  224.4536 -999.9000    0.0000    0.0000    7.7425   89.0898
  28.4842 24650.4271  224.3273 -999.9000    0.0000    0.0000    7.6128   88.9796
  27.8138 24807.3065  224.3735 -999.9000    0.0000    0.0000    7.4444   88.8366
  27.1583 24964.1859  224.9592 -999.9000    0.0000    0.0000    7.2510   88.6979
  26.5173 25121.0653  226.1452 -999.9000    0.0000    0.0000    7.0532   88.5852
  25.8939 25277.9447  227.3436 -999.9000    0.0000    0.0000    6.8859   88.4883
  25.2914 25434.8241  227.8838 -999.9000    0.0000    0.0000    6.7857   88.3927
  24.7096 25591.7035  227.3994 -999.9000    0.0000    0.0000    6.8338   88.3136
  24.1354 25748.5829  226.8757 -999.9000    0.0000    0.0000    7.1913   88.3442
  23.5706 25905.4623  226.6458 -999.9000    0.0000    0.0000    7.7604   88.4419
  23.0189 26062.3417  226.9187 -999.9000    0.0000    0.0000    8.4160   88.5480
  22.4826 26219.2211  227.7598 -999.9000    0.0000    0.0000    9.0577   88.6216
  21.9608 26376.1005  228.8633 -999.9000    0.0000    0.0000    9.6468   88.6692
  21.4521 26532.9799  229.8643 -999.9000    0.0000    0.0000   10.1553   88.7041
  20.9548 26689.8593  230.3978 -999.9000    0.0000    0.0000   10.5544   88.7401
  20.4676 26846.7387  230.0989 -999.9000    0.0000    0.0000   10.8158   88.7908
  19.9891 27003.6181  228.6381 -999.9000    0.0000    0.0000   10.9043   88.8671
  19.5243 27160.4975  227.7369 -999.9000    0.0000    0.0000   10.4580   88.8331
  19.0752 27317.3769  228.1826 -999.9000    0.0000    0.0000    9.5489   88.6652
  18.6391 27474.2563  229.3946 -999.9000    0.0000    0.0000    8.5714   88.4541
  18.2135 27631.1357  230.7930 -999.9000    0.0000    0.0000    7.9200   88.2905
  17.7959 27788.0151  231.8062 -999.9000    0.0000    0.0000    7.9663   88.2601
  17.3864 27944.8945  232.0872 -999.9000    0.0000    0.0000    8.5313   88.3267
  16.9866 28101.7739  231.6624 -999.9000    0.0000    0.0000    9.1338   88.3867
  16.5963 28258.6533  230.8281 -999.9000    0.0000    0.0000    9.7391   88.4341
  16.2153 28415.5327  229.9085 -999.9000    0.0000    0.0000   10.3615   88.4734
  15.8432 28572.4121  229.2272 -999.9000    0.0000    0.0000   11.0157   88.5095
  15.4798 28729.2915  229.1022 -999.9000    0.0000    0.0000   11.7141   88.5468
  15.1246 28886.1709  229.4945 -999.9000    0.0000    0.0000   12.3544   88.5881
  14.7769 29043.0503  229.8475 -999.9000    0.0000    0.0000   12.6728   88.6333
  14.4368 29199.9296  229.9970 -999.9000    0.0000    0.0000   12.6044   88.6841
  14.1043 29356.8090  230.0807 -999.9000    0.0000    0.0000   12.2306   88.7433
  13.7798 29513.6884  230.2420 -999.9000    0.0000    0.0000   11.6359   88.8140
  13.4633 29670.5678  230.6242 -999.9000    0.0000    0.0000   10.9046   88.8992
  13.1552 29827.4472  231.3709 -999.9000    0.0000    0.0000   10.1211   89.0018
  12.8555 29984.3266  232.5685 -999.9000    0.0000    0.0000    9.3676   89.1215
  12.5638 30141.2060  233.9047 -999.9000    0.0000    0.0000    8.7123   89.2343
  12.2794 30298.0854  234.8975 -999.9000    0.0000    0.0000    8.2171   89.3059
  12.0018 30454.9648  235.0643 -999.9000    0.0000    0.0000    7.9442   89.3022
  11.7304 30611.8442  234.1773 -999.9000    0.0000    0.0000    7.9144   89.2026
  11.4650 30768.7236  233.0481 -999.9000    0.0000    0.0000    7.9824   89.0420
  11.2056 30925.6030  232.7532 -999.9000    0.0000    0.0000    7.9607   88.8691
  10.9522 31082.4824  233.9445 -999.9000    0.0000    0.0000    7.7289   88.7216
  10.7056 31239.3618  235.4617 -999.9000    0.0000    0.0000    7.4563   88.5894
  10.4661 31396.2412  235.9867 -999.9000    0.0000    0.0000    7.3399   88.4534
  10.2318 31553.1206  235.5997 -999.9000    0.0000    0.0000    7.3651   88.3118
  10.0000 31710.0000  234.7553 -999.9000    0.0000    0.0000    7.4609   88.1674
