# 06610 LSMP Payerne Observations at 12Z 30 Jul 2008
# Radiosonde file generated by raso.rb
#
  P [hPa],     Z [m],    T [K],   Td [K],   RH [%], r [g/kg], WS [m/s], WD [deg]
 962.0000   491.0000  298.1472 -999.9000   66.3942   13.6900    2.2702   93.0543
 944.6891   647.8794  296.1239 -999.9000   67.9335   12.6302    4.7705   92.6754
 927.6873   804.7588  294.7679 -999.9000   79.6765   13.9071    2.4363   92.9144
 911.0964   961.6382  293.5081 -999.9000   80.1111   14.4362    0.6909   92.0428
 894.7070  1118.5176  292.6004 -999.9000   80.0872   14.3064    1.6646   90.9797
 878.5406  1275.3970  292.3294 -999.9000   80.1306   13.3485    2.6618   90.6229
 862.6769  1432.2764  290.9710 -999.9000   81.0228   13.5129    2.9032   90.4248
 846.9845  1589.1558  289.7441 -999.9000   80.3218   13.9027    4.5167   90.3491
 831.5533  1746.0352  289.4073 -999.9000   80.7799   13.2228    5.4054   90.3950
 816.3570  1902.9146  288.0992 -999.9000   80.6494   11.9693    6.5131   90.4496
 801.3249  2059.7940  286.5114 -999.9000   80.3518   11.5640    7.1356   90.4939
 786.5365  2216.6734  285.1561 -999.9000   80.1807   10.4184    7.8796   90.5367
 771.9169  2373.5528  283.9209 -999.9000   80.5520    8.7627    9.0635   90.5644
 757.5041  2530.4322  282.8591 -999.9000   80.4041    8.5006    9.5840   90.6155
 743.3854  2687.3116  282.2801 -999.9000   77.7483    7.5803    8.4600   90.6080
 729.2940  2844.1910  281.2017 -999.9000   60.3569    5.5688    8.1975   90.6173
 715.5826  3001.0704  280.1502 -999.9000   50.0958    4.3807    9.7546   90.6971
 702.0616  3157.9497  278.9625 -999.9000   51.5709    4.2344   11.0097   90.7782
 688.7126  3314.8291  277.4810 -999.9000   58.8801    4.4448   11.0689   90.8007
 675.5482  3471.7085  275.8502 -999.9000   68.1623    4.6752   11.2853   90.8205
 662.5494  3628.5879  274.3702 -999.9000   74.0952    4.6607   11.8556   90.8487
 649.7305  3785.4673  273.3572 -999.9000   67.2247    4.0055   12.1123   90.8627
 637.1240  3942.3467  272.5004 -999.9000   55.1028    3.1437   11.3929   90.9118
 624.7467  4099.2261  271.4818 -999.9000   50.1316    2.7055    9.8055   91.0167
 612.5275  4256.1055  270.4176 -999.9000   50.0653    2.5464    9.3327   91.0465
 600.5160  4412.9849  269.8058 -999.9000   38.1887    1.8919    9.5728   91.0390
 588.7253  4569.8643  269.2066 -999.9000   22.7514    1.0986    9.7172   91.0433
 577.1128  4726.7437  267.9098 -999.9000   18.1597    0.8108    9.7289   91.0483
 565.6299  4883.6231  267.0708 -999.9000   17.0299    0.7276    9.6538   91.0538
 554.4053  5040.5025  266.5068 -999.9000   13.4969    0.5634    8.9287   91.1400
 543.3471  5197.3819  265.8301 -999.9000   12.8390    0.5190    8.1159   91.2153
 532.4739  5354.2613  264.8042 -999.9000   22.2049    0.8459    8.4892   91.2112
 521.8251  5511.1407  263.7567 -999.9000   24.0552    0.8613    9.2145   91.1806
 511.3144  5668.0201  262.9669 -999.9000   14.1060    0.4842    9.8674   91.1583
 500.9731  5824.8995  261.6266 -999.9000   12.9919    0.4090   10.5440   91.1344
 490.8286  5981.7789  260.0162 -999.9000   18.4303    0.5200   10.6764   91.1143
 480.7236  6138.6583  258.9034 -999.9000   29.2819    0.7703   10.9910   91.0832
 470.8214  6295.5377  257.6160 -999.9000   31.5549    0.7621   11.0722   91.0728
 461.0900  6452.4171  256.1886 -999.9000   30.8927    0.6762   10.7808   90.9894
 451.4963  6609.2965  254.8866 -999.9000   32.0738    0.6422    9.7629   90.8335
 442.0676  6766.1759  253.8087 -999.9000   32.6544    0.6091    8.8663   90.7116
 432.8253  6923.0553  252.8394 -999.9000   32.3751    0.5674    9.7740   90.6964
 423.7241  7079.9347  251.4238 -999.9000   36.0915    0.5712   10.6574   90.7318
 414.7432  7236.8141  249.7078 -999.9000   41.3305    0.5742   10.4621   90.7585
 405.9174  7393.6935  248.6995 -999.9000   31.9016    0.4138   10.7013   90.7794
 397.1974  7550.5729  247.3973 -999.9000   27.3092    0.3219   10.9835   90.7881
 388.6475  7707.4523  245.9869 -999.9000   31.2428    0.3308   11.1463   90.8405
 380.2876  7864.3317  244.9520 -999.9000   34.9024    0.3433   11.4027   90.9010
 372.0784  8021.2111  244.1142 -999.9000   39.1830    0.3645   11.5776   90.8924
 363.9826  8178.0905  243.2994 -999.9000   45.3232    0.3994   11.5165   90.7526
 356.0087  8334.9698  242.4238 -999.9000   54.5837    0.4529   11.5297   90.7678
 348.2042  8491.8492  241.5063 -999.9000   60.7229    0.5188   12.1637   91.3797
 340.5609  8648.7286  240.6300 -999.9000   65.1251    0.5272   12.4311   91.7004
 333.0575  8805.6080  239.7447 -999.9000   65.7358    0.4852   12.4090   91.6152
 325.6771  8962.4874  238.7503 -999.9000   65.1619    0.4338   12.7431   91.4555
 318.4095  9119.3668  237.5307 -999.9000   65.9547    0.3977   13.7017   91.4682
 311.2701  9276.2462  235.8763 -999.9000   60.8409    0.3338   13.8985   91.4746
 304.2599  9433.1256  234.2891 -999.9000   55.6493    0.2938   14.1604   91.4194
 297.3812  9590.0050  233.1910 -999.9000   50.7964    0.2688   14.6786   91.3896
 290.6045  9746.8844  231.9329 -999.9000   45.5785    0.2331   15.0412   91.3805
 283.9369  9903.7638  230.5272 -999.9000   45.8781    0.2031   15.4505   91.3479
 277.3870 10060.6432  229.0197 -999.9000   45.7292    0.1789   15.8683   91.3074
 270.9631 10217.5226  227.4505 -999.9000   45.6671    0.1538   16.1618   91.2950
 264.6694 10374.4020  225.8939 -999.9000   45.7779    0.1244   16.2403   91.3378
 258.4744 10531.2814  224.6569 -999.9000   45.2862    0.1097   16.4043   91.3756
 252.3757 10688.1608  223.6220 -999.9000   45.6038    0.1034   16.6820   91.3933
 246.3812 10845.0402  222.5602 -999.9000   40.3148    0.0916   16.9912   91.3978
 240.4896 11001.9196  221.3644 -999.9000   35.7500    0.0742   17.2783   91.3965
 234.6950 11158.7990  220.0297 -999.9000   36.0049    0.0604   17.5139   91.3968
 229.0082 11315.6784  218.6527 -999.9000   35.5484    0.0528   17.6928   91.3986
 223.4492 11472.5578  217.3808 -999.9000   35.0208    0.0500   17.8220   91.3982
 218.0236 11629.4372  216.1901 -999.9000   30.1684    0.0480   17.6202   91.4126
 212.6609 11786.3166  214.5317 -999.9000   25.6438    0.0350   15.9378   91.5070
 207.3913 11943.1960  213.7166 -999.9000   23.8077    0.0295   14.7551   91.4951
 202.2510 12100.0754  214.4393 -999.9000   18.0342    0.0410   14.4441   91.5711
 197.2536 12256.9548  215.8579 -999.9000    9.1128    0.0304   12.4359   92.1270
 192.4469 12413.8342  218.2708 -999.9000    2.6498    0.0062   12.8760   91.9985
 187.8076 12570.7136  218.1069 -999.9000    0.2374    0.0003   13.1062   91.9213
 183.2603 12727.5930  216.8905 -999.9000    0.2961    0.0003   12.7996   91.8946
 178.8033 12884.4724  216.4961 -999.9000    0.0000    0.0000   12.5503   91.8603
 174.4458 13041.3518  216.9172 -999.9000    0.0133    0.0000   12.6657   91.7991
 170.1876 13198.2312  217.1596 -999.9000    0.0000    0.0000   13.1723   91.6668
 166.0391 13355.1106  217.3436 -999.9000    0.0000    0.0000   13.7727   91.5392
 162.0101 13511.9899  216.9817 -999.9000    0.0002    0.0000   14.0523   91.4198
 158.0706 13668.8693  216.0100 -999.9000    0.0000    0.0000   13.6499   91.3880
 154.1974 13825.7487  215.1475 -999.9000    0.0000    0.0000   12.4700   91.4693
 150.4126 13982.6281  215.0897 -999.9000    0.0000    0.0000   10.5384   91.5650
 146.7292 14139.5075  216.0256 -999.9000    0.0000    0.0000   10.4439   91.5673
 143.1108 14296.3869  214.2537 -999.9000    0.0000    0.0000   10.3479   91.5696
 139.5597 14453.2663  216.6757 -999.9000    0.0000    0.0000   10.3025   91.5684
 136.1266 14610.1457  214.3432 -999.9000    0.0000    0.0000   10.2828   91.5540
 132.7619 14767.0251  213.4768 -999.9000    0.0000    0.0000   10.2701   91.5347
 129.4754 14923.9045  214.4795 -999.9000    0.0000    0.0000   10.2583   91.5197
 126.2897 15080.7839  215.5937 -999.9000    0.0000    0.0000   10.2384   91.5108
 123.1790 15237.6633  216.8315 -999.9000    0.0000    0.0000   10.2485   91.4644
 120.1481 15394.5427  217.3163 -999.9000    0.0000    0.0000   10.1019   91.3748
 117.2138 15551.4221  216.6850 -999.9000    0.0000    0.0000    9.7388   91.2661
 114.3435 15708.3015  216.6042 -999.9000    0.0000    0.0000    9.4164   91.1464
 111.5416 15865.1809  216.3748 -999.9000    0.0000    0.0000    8.8369   91.1933
 108.8149 16022.0603  217.7018 -999.9000    0.0000    0.0000    8.0260   91.4869
 106.1648 16178.9397  217.7689 -999.9000    0.0000    0.0000    7.5699   91.3484
 103.5767 16335.8191  217.4141 -999.9000    0.0000    0.0000    6.1464   91.9971
 101.0524 16492.6985  219.4692 -999.9000    0.0000    0.0000    1.6774   90.4089
  98.6148 16649.5779  218.0853 -999.9000    0.0000    0.0000    0.9120   90.4014
  96.2203 16806.4573  217.3507 -999.9000    0.0000    0.0000    0.0962   90.4014
  93.8688 16963.3367  216.6379 -999.9000    0.0000    0.0000    1.1900   90.4014
  91.5836 17120.2161  216.5179 -999.9000    0.0000    0.0000    2.0696   90.4014
  89.3567 17277.0955  216.4939 -999.9000    0.0000    0.0000    2.7157   90.4014
  87.1784 17433.9749  216.0177 -999.9000    0.0000    0.0000    3.4247   90.3927
  85.0453 17590.8543  215.2015 -999.9000    0.0000    0.0000    4.3632   90.0754
  82.9608 17747.7337  214.8686 -999.9000    0.0000    0.0000    5.5575   90.9865
  80.9282 17904.6131  215.5024 -999.9000    0.0000    0.0000    6.7240   90.6807
  78.9484 18061.4925  216.1333 -999.9000    0.0000    0.0000    6.6342   90.4907
  77.0217 18218.3719  216.7918 -999.9000    0.0000    0.0000    5.6913   90.6714
  75.1483 18375.2513  217.8353 -999.9000    0.0000    0.0000    4.7502   90.9237
  73.3271 18532.1307  218.9222 -999.9000    0.0000    0.0000    4.1414   91.0464
  71.5556 18689.0101  219.0328 -999.9000    0.0000    0.0000    3.6869   90.9336
  69.8260 18845.8894  217.9026 -999.9000    0.0000    0.0000    3.0805   91.0562
  68.1227 19002.7688  217.5981 -999.9000    0.0000    0.0000    1.9556   91.7656
  66.4601 19159.6482  217.9344 -999.9000    0.0000    0.0000    0.9429   89.5288
  64.8418 19316.5276  218.4054 -999.9000    0.0000    0.0000    0.6525   87.4851
  63.2670 19473.4070  218.7973 -999.9000    0.0000    0.0000    1.2148   87.9468
  61.7318 19630.2864  219.3484 -999.9000    0.0000    0.0000    1.8213   88.3028
  60.2355 19787.1658  219.5527 -999.9000    0.0000    0.0000    2.5852   88.5476
  58.7762 19944.0452  219.2499 -999.9000    0.0000    0.0000    3.4468   88.9105
  57.3501 20100.9246  218.8664 -999.9000    0.0000    0.0000    3.9017   89.0671
  55.9562 20257.8040  218.5966 -999.9000    0.0000    0.0000    3.8528   88.9446
  54.5968 20414.6834  218.3608 -999.9000    0.0000    0.0000    3.6653   88.7725
  53.2731 20571.5628  218.3113 -999.9000    0.0000    0.0000    3.5024   88.6461
  51.9860 20728.4422  218.7588 -999.9000    0.0000    0.0000    3.3812   88.5640
  50.7361 20885.3216  220.0170 -999.9000    0.0000    0.0000    3.3160   88.5228
  49.5229 21042.2010  221.7974 -999.9000    0.0000    0.0000    3.2904   88.5126
  48.3394 21199.0804  221.1903 -999.9000    0.0000    0.0000    3.6539   88.5757
  47.1874 21355.9598  221.2717 -999.9000    0.0000    0.0000    4.8052   88.7747
  46.0647 21512.8392  221.6794 -999.9000    0.0000    0.0000    5.8596   88.9472
  44.9691 21669.7186  221.9344 -999.9000    0.0000    0.0000    6.0842   88.9570
  43.8989 21826.5980  221.9732 -999.9000    0.0000    0.0000    5.7116   88.8369
  42.8525 21983.4774  221.8562 -999.9000    0.0000    0.0000    5.2579   88.6697
  41.8295 22140.3568  221.6313 -999.9000    0.0000    0.0000    5.0120   88.5214
  40.8309 22297.2362  221.3265 -999.9000    0.0000    0.0000    4.9115   88.4316
  39.8584 22454.1156  220.9708 -999.9000    0.0000    0.0000    4.8644   88.4374
  38.9104 22610.9950  221.3906 -999.9000    0.0000    0.0000    5.0183   88.5046
  37.9838 22767.8744  222.6789 -999.9000    0.0000    0.0000    5.4296   88.5579
  37.0791 22924.7538  223.3993 -999.9000    0.0000    0.0000    5.7666   88.6106
  36.1962 23081.6332  223.5204 -999.9000    0.0000    0.0000    6.0132   88.6649
  35.3349 23238.5126  223.2599 -999.9000    0.0000    0.0000    6.2088   88.7211
  34.4951 23395.3920  222.8349 -999.9000    0.0000    0.0000    6.3931   88.7793
  33.6765 23552.2714  222.4630 -999.9000    0.0000    0.0000    6.6054   88.8396
  32.8792 23709.1508  222.3614 -999.9000    0.0000    0.0000    6.8857   88.9021
  32.1025 23866.0302  222.6722 -999.9000    0.0000    0.0000    7.2460   88.9664
  31.3447 24022.9095  223.2572 -999.9000    0.0000    0.0000    7.5981   89.0294
  30.6036 24179.7889  223.9144 -999.9000    0.0000    0.0000    7.8307   89.0878
  29.8779 24336.6683  224.4160 -999.9000    0.0000    0.0000    7.8520   89.1301
  29.1715 24493.5477  224.4723 -999.9000    0.0000    0.0000    7.7662   89.0898
  28.4842 24650.4271  224.3311 -999.9000    0.0000    0.0000    7.6261   88.9796
  27.8138 24807.3065  224.3608 -999.9000    0.0000    0.0000    7.4458   88.8366
  27.1583 24964.1859  224.9283 -999.9000    0.0000    0.0000    7.2389   88.6979
  26.5173 25121.0653  226.0948 -999.9000    0.0000    0.0000    7.0262   88.5852
  25.8939 25277.9447  227.2726 -999.9000    0.0000    0.0000    6.8427   88.4883
  25.2914 25434.8241  227.7912 -999.9000    0.0000    0.0000    6.7252   88.3927
  24.7096 25591.7035  227.2846 -999.9000    0.0000    0.0000    6.7552   88.3136
  24.1354 25748.5829  226.7383 -999.9000    0.0000    0.0000    7.0936   88.3442
  23.5706 25905.4623  226.4856 -999.9000    0.0000    0.0000    7.6430   88.4419
  23.0189 26062.3417  226.7357 -999.9000    0.0000    0.0000    8.2784   88.5480
  22.4826 26219.2211  227.5544 -999.9000    0.0000    0.0000    8.8995   88.6216
  21.9608 26376.1005  228.6358 -999.9000    0.0000    0.0000    9.4678   88.6692
  21.4521 26532.9799  229.6156 -999.9000    0.0000    0.0000    9.9553   88.7041
  20.9548 26689.8593  230.1289 -999.9000    0.0000    0.0000   10.3336   88.7401
  20.4676 26846.7387  229.8110 -999.9000    0.0000    0.0000   10.5744   88.7908
  19.9891 27003.6181  228.3327 -999.9000    0.0000    0.0000   10.6427   88.8671
  19.5243 27160.4975  227.4156 -999.9000    0.0000    0.0000   10.1766   88.8331
  19.0752 27317.3769  227.8473 -999.9000    0.0000    0.0000    9.2484   88.6652
  18.6391 27474.2563  229.0476 -999.9000    0.0000    0.0000    8.2526   88.4541
  18.2135 27631.1357  230.4366 -999.9000    0.0000    0.0000    7.5839   88.2905
  17.7959 27788.0151  231.4431 -999.9000    0.0000    0.0000    7.6140   88.2601
  17.3864 27944.8945  231.7203 -999.9000    0.0000    0.0000    8.1640   88.3267
  16.9866 28101.7739  231.2946 -999.9000    0.0000    0.0000    8.7530   88.3867
  16.5963 28258.6533  230.4630 -999.9000    0.0000    0.0000    9.3462   88.4341
  16.2153 28415.5327  229.5496 -999.9000    0.0000    0.0000    9.9583   88.4734
  15.8432 28572.4121  228.8782 -999.9000    0.0000    0.0000   10.6040   88.5095
  15.4798 28729.2915  228.7672 -999.9000    0.0000    0.0000   11.2959   88.5468
  15.1246 28886.1709  229.1779 -999.9000    0.0000    0.0000   11.9318   88.5881
  14.7769 29043.0503  229.5536 -999.9000    0.0000    0.0000   12.2481   88.6333
  14.4368 29199.9296  229.7307 -999.9000    0.0000    0.0000   12.1800   88.6841
  14.1043 29356.8090  229.8470 -999.9000    0.0000    0.0000   11.8092   88.7433
  13.7798 29513.6884  230.0461 -999.9000    0.0000    0.0000   11.2201   88.8140
  13.4633 29670.5678  230.4716 -999.9000    0.0000    0.0000   10.4973   88.8992
  13.1552 29827.4472  231.2673 -999.9000    0.0000    0.0000    9.7254   89.0018
  12.8555 29984.3266  232.5198 -999.9000    0.0000    0.0000    8.9866   89.1215
  12.5638 30141.2060  233.9170 -999.9000    0.0000    0.0000    8.3493   89.2343
  12.2794 30298.0854  234.9773 -999.9000    0.0000    0.0000    7.8756   89.3059
  12.0018 30454.9648  235.2182 -999.9000    0.0000    0.0000    7.6278   89.3022
  11.7304 30611.8442  234.4122 -999.9000    0.0000    0.0000    7.6268   89.2026
  11.4650 30768.7236  233.3711 -999.9000    0.0000    0.0000    7.7276   89.0420
  11.2056 30925.6030  233.1716 -999.9000    0.0000    0.0000    7.7427   88.8691
  10.9522 31082.4824  234.4659 -999.9000    0.0000    0.0000    7.5519   88.7216
  10.7056 31239.3618  236.0940 -999.9000    0.0000    0.0000    7.3247   88.5894
  10.4661 31396.2412  236.7379 -999.9000    0.0000    0.0000    7.2581   88.4534
  10.2318 31553.1206  236.4780 -999.9000    0.0000    0.0000    7.3378   88.3118
  10.0000 31710.0000  235.7694 -999.9000    0.0000    0.0000    7.4930   88.1674
