# 06610 LSMP Payerne Observations at 12Z 30 Jul 2008
# Radiosonde file generated by raso.rb
#
  P [hPa],     Z [m],    T [K],   Td [K],   RH [%], r [g/kg], WS [m/s], WD [deg]
 962.0000   491.0000  298.4719 -999.9000   66.2590   13.6900    2.1525   93.0543
 944.6891   647.8794  296.4988 -999.9000   67.7994   12.6302    4.5416   92.6754
 927.6873   804.7588  295.1870 -999.9000   79.5248   13.9071    2.1091   92.9144
 911.0964   961.6382  293.9656 -999.9000   79.9646   14.4362    0.2775   92.0428
 894.7070  1118.5176  293.0909 -999.9000   79.9474   14.3064    1.1769   90.9797
 878.5406  1275.3970  292.8477 -999.9000   79.9979   13.3485    2.1110   90.6229
 862.6769  1432.2764  291.5118 -999.9000   80.8961   13.5129    2.3000   90.4248
 846.9845  1589.1558  290.3028 -999.9000   80.2042   13.9027    3.8715   90.3491
 831.5533  1746.0352  289.9793 -999.9000   80.6699   13.2228    4.7281   90.3950
 816.3570  1902.9146  288.6801 -999.9000   80.5482   11.9693    5.8130   90.4496
 801.3249  2059.7940  287.0970 -999.9000   80.2598   11.5640    6.4215   90.4939
 786.5365  2216.6734  285.7427 -999.9000   80.0979   10.4184    7.1600   90.5367
 771.9169  2373.5528  284.5048 -999.9000   80.4781    8.7627    8.3463   90.5644
 757.5041  2530.4322  283.4368 -999.9000   80.3397    8.5006    8.8766   90.6155
 743.3854  2687.3116  282.8485 -999.9000   77.6953    7.5803    7.7694   90.6080
 729.2940  2844.1910  281.7579 -999.9000   60.3229    5.5688    7.5302   90.6173
 715.5826  3001.0704  280.6913 -999.9000   50.0735    4.3807    9.1165   90.6971
 702.0616  3157.9497  279.4862 -999.9000   51.5541    4.2344   10.4064   90.7782
 688.7126  3314.8291  277.9849 -999.9000   58.8679    4.4448   10.5055   90.8007
 675.5482  3471.7085  276.3324 -999.9000   68.1562    4.6752   10.7662   90.8205
 662.5494  3628.5879  274.8288 -999.9000   74.0971    4.6607   11.3849   90.8487
 649.7305  3785.4673  273.7907 -999.9000   67.2341    4.0055   11.6937   90.8627
 637.1240  3942.3467  272.9074 -999.9000   55.1166    3.1437   11.0296   90.9118
 624.7467  4099.2261  271.8613 -999.9000   50.1496    2.7055    9.4999   91.0167
 612.5275  4256.1055  270.7688 -999.9000   50.0884    2.5464    9.0872   91.0465
 600.5160  4412.9849  270.1280 -999.9000   38.2101    1.8919    9.3889   91.0390
 588.7253  4569.8643  269.4994 -999.9000   22.7663    1.0986    9.5962   91.0433
 577.1128  4726.7437  268.1730 -999.9000   18.1733    0.8108    9.6715   91.0483
 565.6299  4883.6231  267.3045 -999.9000   17.0440    0.7276    9.6602   91.0538
 554.4053  5040.5025  266.7113 -999.9000   13.5091    0.5634    8.9987   91.1400
 543.3471  5197.3819  266.0060 -999.9000   12.8516    0.5190    8.2488   91.2153
 532.4739  5354.2613  264.9521 -999.9000   22.2281    0.8459    8.6837   91.2112
 521.8251  5511.1407  263.8778 -999.9000   24.0817    0.8613    9.4691   91.1806
 511.3144  5668.0201  263.0622 -999.9000   14.1222    0.4842   10.1799   91.1583
 500.9731  5824.8995  261.6978 -999.9000   13.0074    0.4090   10.9117   91.1344
 490.8286  5981.7789  260.0648 -999.9000   18.4529    0.5200   11.0962   91.1143
 480.7236  6138.6583  258.9315 -999.9000   29.3183    0.7703   11.4593   91.0832
 470.8214  6295.5377  257.6257 -999.9000   31.5945    0.7621   11.5850   91.0728
 461.0900  6452.4171  256.1823 -999.9000   30.9315    0.6762   11.3334   90.9894
 451.4963  6609.2965  254.8669 -999.9000   32.1138    0.6422   10.3504   90.8335
 442.0676  6766.1759  253.7784 -999.9000   32.6944    0.6091    9.4831   90.7116
 432.8253  6923.0553  252.8017 -999.9000   32.4137    0.5674   10.4142   90.6964
 423.7241  7079.9347  251.3819 -999.9000   36.1329    0.5712   11.3145   90.7318
 414.7432  7236.8141  249.6654 -999.9000   41.3755    0.5742   11.1291   90.7585
 405.9174  7393.6935  248.6603 -999.9000   31.9341    0.4138   11.3707   90.7794
 397.1974  7550.5729  247.3653 -999.9000   27.3346    0.3219   11.6477   90.7881
 388.6475  7707.4523  245.9659 -999.9000   31.2688    0.3308   11.7976   90.8405
 380.2876  7864.3317  244.9451 -999.9000   34.9276    0.3433   12.0343   90.9010
 372.0784  8021.2111  244.1245 -999.9000   39.2066    0.3645   12.1834   90.8924
 363.9826  8178.0905  243.3294 -999.9000   45.3446    0.3994   12.0910   90.7526
 356.0087  8334.9698  242.4755 -999.9000   54.6019    0.4529   12.0680   90.7678
 348.2042  8491.8492  241.5813 -999.9000   60.7345    0.5188   12.6617   91.3797
 340.5609  8648.7286  240.7296 -999.9000   65.1279    0.5272   12.8852   91.7004
 333.0575  8805.6080  239.8697 -999.9000   65.7285    0.4852   12.8164   91.6152
 325.6771  8962.4874  238.9010 -999.9000   65.1447    0.4338   13.1017   91.4555
 318.4095  9119.3668  237.7072 -999.9000   65.9269    0.3977   14.0099   91.4682
 311.2701  9276.2462  236.0781 -999.9000   60.8059    0.3338   14.1555   91.4746
 304.2599  9433.1256  234.5153 -999.9000   55.6087    0.2938   14.3660   91.4194
 297.3812  9590.0050  233.4403 -999.9000   50.7516    0.2688   14.8333   91.3896
 290.6045  9746.8844  232.2036 -999.9000   45.5317    0.2331   15.1461   91.3805
 283.9369  9903.7638  230.8171 -999.9000   45.8245    0.2031   15.5075   91.3479
 277.3870 10060.6432  229.3264 -999.9000   45.6697    0.1789   15.8799   91.3074
 270.9631 10217.5226  227.7708 -999.9000   45.6019    0.1538   16.1311   91.2950
 264.6694 10374.4020  226.2246 -999.9000   45.7072    0.1244   16.1711   91.3378
 258.4744 10531.2814  224.9942 -999.9000   45.2114    0.1097   16.3011   91.3756
 252.3757 10688.1608  223.9615 -999.9000   45.5243    0.1034   16.5499   91.3933
 246.3812 10845.0402  222.8973 -999.9000   40.2414    0.0916   16.8361   91.3978
 240.4896 11001.9196  221.6941 -999.9000   35.6825    0.0742   17.1066   91.3965
 234.6950 11158.7990  220.3472 -999.9000   35.9352    0.0604   17.3320   91.3968
 229.0082 11315.6784  218.9534 -999.9000   35.4783    0.0528   17.5067   91.3986
 223.4492 11472.5578  217.6609 -999.9000   34.9509    0.0500   17.6371   91.3982
 218.0236 11629.4372  216.4462 -999.9000   30.1078    0.0480   17.4418   91.4126
 212.6609 11786.3166  214.7607 -999.9000   25.5923    0.0350   15.7704   91.5070
 207.3913 11943.1960  213.9161 -999.9000   23.7601    0.0295   14.6030   91.4951
 202.2510 12100.0754  214.6072 -999.9000   17.9985    0.0410   14.3110   91.5711
 197.2536 12256.9548  215.9927 -999.9000    9.0950    0.0304   12.3252   92.1270
 192.4469 12413.8342  218.3714 -999.9000    2.6447    0.0062   12.7906   91.9985
 187.8076 12570.7136  218.1728 -999.9000    0.2370    0.0003   13.0486   91.9213
 183.2603 12727.5930  216.9216 -999.9000    0.2955    0.0003   12.7717   91.8946
 178.8033 12884.4724  216.4928 -999.9000    0.0000    0.0000   12.5538   91.8603
 174.4458 13041.3518  216.8804 -999.9000    0.0133    0.0000   12.7018   91.7991
 170.1876 13198.2312  217.0906 -999.9000    0.0000    0.0000   13.2415   91.6668
 166.0391 13355.1106  217.2442 -999.9000    0.0000    0.0000   13.8755   91.5392
 162.0101 13511.9899  216.8543 -999.9000    0.0002    0.0000   14.1883   91.4198
 158.0706 13668.8693  215.8573 -999.9000    0.0000    0.0000   13.8187   91.3880
 154.1974 13825.7487  214.9728 -999.9000    0.0000    0.0000   12.6705   91.4693
 150.4126 13982.6281  214.8968 -999.9000    0.0000    0.0000   10.7691   91.5650
 146.7292 14139.5075  215.8187 -999.9000    0.0000    0.0000   10.7029   91.5673
 143.1108 14296.3869  214.0375 -999.9000    0.0000    0.0000   10.6328   91.5696
 139.5597 14453.2663  216.4555 -999.9000    0.0000    0.0000   10.6105   91.5684
 136.1266 14610.1457  214.1240 -999.9000    0.0000    0.0000   10.6109   91.5540
 132.7619 14767.0251  213.2632 -999.9000    0.0000    0.0000   10.6155   91.5347
 129.4754 14923.9045  214.2757 -999.9000    0.0000    0.0000   10.6182   91.5197
 126.2897 15080.7839  215.4033 -999.9000    0.0000    0.0000   10.6100   91.5108
 123.1790 15237.6633  216.6578 -999.9000    0.0000    0.0000   10.6291   91.4644
 120.1481 15394.5427  217.1620 -999.9000    0.0000    0.0000   10.4889   91.3748
 117.2138 15551.4221  216.5522 -999.9000    0.0000    0.0000   10.1295   91.2661
 114.3435 15708.3015  216.4946 -999.9000    0.0000    0.0000    9.8085   91.1464
 111.5416 15865.1809  216.2896 -999.9000    0.0000    0.0000    9.2279   91.1933
 108.8149 16022.0603  217.6418 -999.9000    0.0000    0.0000    8.4136   91.4869
 106.1648 16178.9397  217.7344 -999.9000    0.0000    0.0000    7.9516   91.3484
 103.5767 16335.8191  217.4047 -999.9000    0.0000    0.0000    6.5201   91.9971
 101.0524 16492.6985  219.4842 -999.9000    0.0000    0.0000    2.0409   90.4089
  98.6148 16649.5779  218.1234 -999.9000    0.0000    0.0000    1.2632   90.4014
  96.2203 16806.4573  217.4103 -999.9000    0.0000    0.0000    0.4331   90.4014
  93.8688 16963.3367  216.7167 -999.9000    0.0000    0.0000    1.5106   90.4014
  91.5836 17120.2161  216.6132 -999.9000    0.0000    0.0000    2.3720   90.4014
  89.3567 17277.0955  216.6025 -999.9000    0.0000    0.0000    2.9980   90.4014
  87.1784 17433.9749  216.1359 -999.9000    0.0000    0.0000    3.6852   90.3927
  85.0453 17590.8543  215.3252 -999.9000    0.0000    0.0000    4.6002   90.0754
  82.9608 17747.7337  214.9930 -999.9000    0.0000    0.0000    5.7693   90.9865
  80.9282 17904.6131  215.6225 -999.9000    0.0000    0.0000    6.9091   90.6807
  78.9484 18061.4925  216.2438 -999.9000    0.0000    0.0000    6.7910   90.4907
  77.0217 18218.3719  216.8880 -999.9000    0.0000    0.0000    5.8188   90.6714
  75.1483 18375.2513  217.9129 -999.9000    0.0000    0.0000    4.8473   90.9237
  73.3271 18532.1307  218.9775 -999.9000    0.0000    0.0000    4.2074   91.0464
  71.5556 18689.0101  219.0625 -999.9000    0.0000    0.0000    3.7214   90.9336
  69.8260 18845.8894  217.9038 -999.9000    0.0000    0.0000    3.0832   91.0562
  68.1227 19002.7688  217.5683 -999.9000    0.0000    0.0000    1.9263   91.7656
  66.4601 19159.6482  217.8720 -999.9000    0.0000    0.0000    0.8820   89.5288
  64.8418 19316.5276  218.3088 -999.9000    0.0000    0.0000    0.5604   87.4851
  63.2670 19473.4070  218.6657 -999.9000    0.0000    0.0000    1.0922   87.9468
  61.7318 19630.2864  219.1813 -999.9000    0.0000    0.0000    1.6690   88.3028
  60.2355 19787.1658  219.3502 -999.9000    0.0000    0.0000    2.4044   88.5476
  58.7762 19944.0452  219.0125 -999.9000    0.0000    0.0000    3.2389   88.9105
  57.3501 20100.9246  218.5951 -999.9000    0.0000    0.0000    3.6684   89.0671
  55.9562 20257.8040  218.2928 -999.9000    0.0000    0.0000    3.5959   88.9446
  54.5968 20414.6834  218.0265 -999.9000    0.0000    0.0000    3.3869   88.7725
  53.2731 20571.5628  217.9489 -999.9000    0.0000    0.0000    3.2048   88.6461
  51.9860 20728.4422  218.3712 -999.9000    0.0000    0.0000    3.0670   88.5640
  50.7361 20885.3216  219.6077 -999.9000    0.0000    0.0000    2.9879   88.5228
  49.5229 21042.2010  221.3701 -999.9000    0.0000    0.0000    2.9515   88.5126
  48.3394 21199.0804  220.7494 -999.9000    0.0000    0.0000    3.3075   88.5757
  47.1874 21355.9598  220.8220 -999.9000    0.0000    0.0000    4.4548   88.7747
  46.0647 21512.8392  221.2259 -999.9000    0.0000    0.0000    5.5086   88.9472
  44.9691 21669.7186  221.4818 -999.9000    0.0000    0.0000    5.7361   88.9570
  43.8989 21826.5980  221.5258 -999.9000    0.0000    0.0000    5.3693   88.8369
  42.8525 21983.4774  221.4180 -999.9000    0.0000    0.0000    4.9242   88.6697
  41.8295 22140.3568  221.2058 -999.9000    0.0000    0.0000    4.6895   88.5214
  40.8309 22297.2362  220.9171 -999.9000    0.0000    0.0000    4.6023   88.4316
  39.8584 22454.1156  220.5805 -999.9000    0.0000    0.0000    4.5706   88.4374
  38.9104 22610.9950  221.0219 -999.9000    0.0000    0.0000    4.7417   88.5046
  37.9838 22767.8744  222.3340 -999.9000    0.0000    0.0000    5.1715   88.5579
  37.0791 22924.7538  223.0802 -999.9000    0.0000    0.0000    5.5284   88.6106
  36.1962 23081.6332  223.2286 -999.9000    0.0000    0.0000    5.7957   88.6649
  35.3349 23238.5126  222.9965 -999.9000    0.0000    0.0000    6.0127   88.7211
  34.4951 23395.3920  222.6008 -999.9000    0.0000    0.0000    6.2187   88.7793
  33.6765 23552.2714  222.2588 -999.9000    0.0000    0.0000    6.4530   88.8396
  32.8792 23709.1508  222.1873 -999.9000    0.0000    0.0000    6.7551   88.9021
  32.1025 23866.0302  222.5278 -999.9000    0.0000    0.0000    7.1368   88.9664
  31.3447 24022.9095  223.1421 -999.9000    0.0000    0.0000    7.5097   89.0294
  30.6036 24179.7889  223.8277 -999.9000    0.0000    0.0000    7.7623   89.0878
  29.8779 24336.6683  224.3564 -999.9000    0.0000    0.0000    7.8022   89.1301
  29.1715 24493.5477  224.4384 -999.9000    0.0000    0.0000    7.7338   89.0898
  28.4842 24650.4271  224.3208 -999.9000    0.0000    0.0000    7.6092   88.9796
  27.8138 24807.3065  224.3719 -999.9000    0.0000    0.0000    7.4425   88.8366
  27.1583 24964.1859  224.9582 -999.9000    0.0000    0.0000    7.2470   88.6979
  26.5173 25121.0653  226.1411 -999.9000    0.0000    0.0000    7.0438   88.5852
  25.8939 25277.9447  227.3327 -999.9000    0.0000    0.0000    6.8677   88.4883
  25.2914 25434.8241  227.8627 -999.9000    0.0000    0.0000    6.7556   88.3927
  24.7096 25591.7035  227.3650 -999.9000    0.0000    0.0000    6.7891   88.3136
  24.1354 25748.5829  226.8252 -999.9000    0.0000    0.0000    7.1293   88.3442
  23.5706 25905.4623  226.5764 -999.9000    0.0000    0.0000    7.6785   88.4419
  23.0189 26062.3417  226.8282 -999.9000    0.0000    0.0000    8.3122   88.5480
  22.4826 26219.2211  227.6461 -999.9000    0.0000    0.0000    8.9300   88.6216
  21.9608 26376.1005  228.7244 -999.9000    0.0000    0.0000    9.4934   88.6692
  21.4521 26532.9799  229.6987 -999.9000    0.0000    0.0000    9.9745   88.7041
  20.9548 26689.8593  230.2041 -999.9000    0.0000    0.0000   10.3449   88.7401
  20.4676 26846.7387  229.8762 -999.9000    0.0000    0.0000   10.5766   88.7908
  19.9891 27003.6181  228.3854 -999.9000    0.0000    0.0000   10.6344   88.8671
  19.5243 27160.4975  227.4536 -999.9000    0.0000    0.0000   10.1566   88.8331
  19.0752 27317.3769  227.8684 -999.9000    0.0000    0.0000    9.2156   88.6652
  18.6391 27474.2563  229.0495 -999.9000    0.0000    0.0000    8.2058   88.4541
  18.2135 27631.1357  230.4170 -999.9000    0.0000    0.0000    7.5222   88.2905
  17.7959 27788.0151  231.3999 -999.9000    0.0000    0.0000    7.5364   88.2601
  17.3864 27944.8945  231.6513 -999.9000    0.0000    0.0000    8.0696   88.3267
  16.9866 28101.7739  231.1977 -999.9000    0.0000    0.0000    8.6409   88.3867
  16.5963 28258.6533  230.3360 -999.9000    0.0000    0.0000    9.2157   88.4341
  16.2153 28415.5327  229.3903 -999.9000    0.0000    0.0000    9.8087   88.4734
  15.8432 28572.4121  228.6847 -999.9000    0.0000    0.0000   10.4348   88.5095
  15.4798 28729.2915  228.5372 -999.9000    0.0000    0.0000   11.1064   88.5468
  15.1246 28886.1709  228.9094 -999.9000    0.0000    0.0000   11.7215   88.5881
  14.7769 29043.0503  229.2446 -999.9000    0.0000    0.0000   12.0167   88.6333
  14.4368 29199.9296  229.3791 -999.9000    0.0000    0.0000   11.9271   88.6841
  14.1043 29356.8090  229.4509 -999.9000    0.0000    0.0000   11.5343   88.7433
  13.7798 29513.6884  229.6033 -999.9000    0.0000    0.0000   10.9233   88.8140
  13.4633 29670.5678  229.9803 -999.9000    0.0000    0.0000   10.1782   88.8992
  13.1552 29827.4472  230.7254 -999.9000    0.0000    0.0000    9.3839   89.0018
  12.8555 29984.3266  231.9255 -999.9000    0.0000    0.0000    8.6229   89.1215
  12.5638 30141.2060  233.2684 -999.9000    0.0000    0.0000    7.9633   89.2343
  12.2794 30298.0854  234.2724 -999.9000    0.0000    0.0000    7.4674   89.3059
  12.0018 30454.9648  234.4552 -999.9000    0.0000    0.0000    7.1975   89.3022
  11.7304 30611.8442  233.5892 -999.9000    0.0000    0.0000    7.1748   89.2026
  11.4650 30768.7236  232.4863 -999.9000    0.0000    0.0000    7.2541   89.0420
  11.2056 30925.6030  232.2231 -999.9000    0.0000    0.0000    7.2480   88.8691
  10.9522 31082.4824  233.4519 -999.9000    0.0000    0.0000    7.0366   88.7216
  10.7056 31239.3618  235.0127 -999.9000    0.0000    0.0000    6.7893   88.5894
  10.4661 31396.2412  235.5877 -999.9000    0.0000    0.0000    6.7031   88.4534
  10.2318 31553.1206  235.2570 -999.9000    0.0000    0.0000    6.7638   88.3118
  10.0000 31710.0000  234.4759 -999.9000    0.0000    0.0000    6.9007   88.1674
