# 06610 LSMP Payerne Observations at 12Z 30 Jul 2008
# Radiosonde file generated by raso.rb
#
  P [hPa],     Z [m],    T [K],   Td [K],   RH [%], r [g/kg], WS [m/s], WD [deg]
 962.0000   491.0000  297.9669 -999.9000   66.2342   13.6900    1.9572   93.0543
 944.6891   647.8794  295.9830 -999.9000   67.7900   12.6302    4.4159   92.6754
 927.6873   804.7588  294.6633 -999.9000   79.5306   13.9071    2.0489   92.9144
 911.0964   961.6382  293.4369 -999.9000   79.9852   14.4362    0.2790   92.0428
 894.7070  1118.5176  292.5599 -999.9000   79.9809   14.3064    1.2361   90.9797
 878.5406  1275.3970  292.3168 -999.9000   80.0423   13.3485    2.2242   90.6229
 862.6769  1432.2764  290.9837 -999.9000   80.9504   13.5129    2.4636   90.4248
 846.9845  1589.1558  289.7799 -999.9000   80.2654   13.9027    4.0818   90.3491
 831.5533  1746.0352  289.4638 -999.9000   80.7374   13.2228    4.9814   90.3950
 816.3570  1902.9146  288.1742 -999.9000   80.6199   11.9693    6.1060   90.4496
 801.3249  2059.7940  286.6027 -999.9000   80.3341   11.5640    6.7507   90.4939
 786.5365  2216.6734  285.2620 -999.9000   80.1735   10.4184    7.5221   90.5367
 771.9169  2373.5528  284.0396 -999.9000   80.5541    8.7627    8.7380   90.5644
 757.5041  2530.4322  282.9888 -999.9000   80.4144    8.5006    9.2948   90.6155
 743.3854  2687.3116  282.4194 -999.9000   77.7653    7.5803    8.2110   90.6080
 729.2940  2844.1910  281.3491 -999.9000   60.3746    5.5688    7.9921   90.6173
 715.5826  3001.0704  280.3044 -999.9000   50.1137    4.3807    9.5958   90.6971
 702.0616  3157.9497  279.1223 -999.9000   51.5921    4.2344   10.9003   90.7782
 688.7126  3314.8291  277.6454 -999.9000   58.9067    4.4448   11.0110   90.8007
 675.5482  3471.7085  276.0183 -999.9000   68.1952    4.6752   11.2807   90.8205
 662.5494  3628.5879  274.5411 -999.9000   74.1326    4.6607   11.9058   90.8487
 649.7305  3785.4673  273.5303 -999.9000   67.2593    4.0055   12.2184   90.8627
 637.1240  3942.3467  272.6751 -999.9000   55.1314    3.1437   11.5555   90.9118
 624.7467  4099.2261  271.6578 -999.9000   50.1572    2.7055   10.0247   91.0167
 612.5275  4256.1055  270.5946 -999.9000   50.0901    2.5464    9.6084   91.0465
 600.5160  4412.9849  269.9835 -999.9000   38.2068    1.8919    9.9044   91.0390
 588.7253  4569.8643  269.3851 -999.9000   22.7615    1.0986   10.1038   91.0433
 577.1128  4726.7437  268.0891 -999.9000   18.1671    0.8108   10.1690   91.0483
 565.6299  4883.6231  267.2511 -999.9000   17.0361    0.7276   10.1455   91.0538
 554.4053  5040.5025  266.6884 -999.9000   13.5011    0.5634    9.4700   91.1400
 543.3471  5197.3819  266.0136 -999.9000   12.8424    0.5190    8.7041   91.2153
 532.4739  5354.2613  264.9900 -999.9000   22.2095    0.8459    9.1212   91.2112
 521.8251  5511.1407  263.9456 -999.9000   24.0587    0.8613    9.8870   91.1806
 511.3144  5668.0201  263.1596 -999.9000   14.1071    0.4842   10.5766   91.1583
 500.9731  5824.8995  261.8243 -999.9000   12.9921    0.4090   11.2856   91.1344
 490.8286  5981.7789  260.2198 -999.9000   18.4293    0.5200   11.4458   91.1143
 480.7236  6138.6583  259.1141 -999.9000   29.2781    0.7703   11.7831   91.0832
 470.8214  6295.5377  257.8352 -999.9000   31.5484    0.7621   11.8817   91.0728
 461.0900  6452.4171  256.4178 -999.9000   30.8840    0.6762   11.6018   90.9894
 451.4963  6609.2965  255.1273 -999.9000   32.0624    0.6422   10.5891   90.8335
 442.0676  6766.1759  254.0626 -999.9000   32.6403    0.6091    9.6911   90.7116
 432.8253  6923.0553  253.1084 -999.9000   32.3587    0.5674   10.5903   90.6964
 423.7241  7079.9347  251.7098 -999.9000   36.0706    0.5712   11.4578   90.7318
 414.7432  7236.8141  250.0128 -999.9000   41.3035    0.5742   11.2386   90.7585
 405.9174  7393.6935  249.0259 -999.9000   31.8785    0.4138   11.4458   90.7794
 397.1974  7550.5729  247.7472 -999.9000   27.2876    0.3219   11.6874   90.7881
 388.6475  7707.4523  246.3626 -999.9000   31.2160    0.3308   11.8014   90.8405
 380.2876  7864.3317  245.3550 -999.9000   34.8702    0.3433   12.0017   90.9010
 372.0784  8021.2111  244.5460 -999.9000   39.1446    0.3645   12.1142   90.8924
 363.9826  8178.0905  243.7609 -999.9000   45.2762    0.3994   11.9851   90.7526
 356.0087  8334.9698  242.9156 -999.9000   54.5241    0.4529   11.9255   90.7678
 348.2042  8491.8492  242.0288 -999.9000   60.6537    0.5188   12.4828   91.3797
 340.5609  8648.7286  241.1831 -999.9000   65.0478    0.5272   12.6703   91.7004
 333.0575  8805.6080  240.3279 -999.9000   65.6549    0.4852   12.5662   91.6152
 325.6771  8962.4874  239.3628 -999.9000   65.0792    0.4338   12.8168   91.4555
 318.4095  9119.3668  238.1713 -999.9000   65.8686    0.3977   13.6914   91.4682
 311.2701  9276.2462  236.5435 -999.9000   60.7596    0.3338   13.8044   91.4746
 304.2599  9433.1256  234.9811 -999.9000   55.5733    0.2938   13.9836   91.4194
 297.3812  9590.0050  233.9054 -999.9000   50.7258    0.2688   14.4210   91.3896
 290.6045  9746.8844  232.6672 -999.9000   45.5143    0.2331   14.7057   91.3805
 283.9369  9903.7638  231.2784 -999.9000   45.8127    0.2031   15.0407   91.3479
 277.3870 10060.6432  229.7845 -999.9000   45.6636    0.1789   15.3886   91.3074
 270.9631 10217.5226  228.2251 -999.9000   45.6013    0.1538   15.6175   91.2950
 264.6694 10374.4020  226.6743 -999.9000   45.7118    0.1244   15.6376   91.3378
 258.4744 10531.2814  225.4387 -999.9000   45.2209    0.1097   15.7501   91.3756
 252.3757 10688.1608  224.4004 -999.9000   45.5385    0.1034   15.9841   91.3933
 246.3812 10845.0402  223.3301 -999.9000   40.2576    0.0916   16.2583   91.3978
 240.4896 11001.9196  222.1203 -999.9000   35.6999    0.0742   16.5197   91.3965
 234.6950 11158.7990  220.7663 -999.9000   35.9553    0.0604   16.7390   91.3968
 229.0082 11315.6784  219.3651 -999.9000   35.5004    0.0528   16.9103   91.3986
 223.4492 11472.5578  218.0645 -999.9000   34.9747    0.0500   17.0399   91.3982
 218.0236 11629.4372  216.8411 -999.9000   30.1298    0.0480   16.8459   91.4126
 212.6609 11786.3166  215.1464 -999.9000   25.6120    0.0350   15.1780   91.5070
 207.3913 11943.1960  214.2917 -999.9000   23.7793    0.0295   14.0159   91.4951
 202.2510 12100.0754  214.9721 -999.9000   18.0135    0.0410   13.7310   91.5711
 197.2536 12256.9548  216.3460 -999.9000    9.1029    0.0304   11.7536   92.1270
 192.4469 12413.8342  218.7124 -999.9000    2.6471    0.0062   12.2287   91.9985
 187.8076 12570.7136  218.5004 -999.9000    0.2372    0.0003   12.4974   91.9213
 183.2603 12727.5930  217.2349 -999.9000    0.2958    0.0003   12.2321   91.8946
 178.8033 12884.4724  216.7908 -999.9000    0.0000    0.0000   12.0263   91.8603
 174.4458 13041.3518  217.1620 -999.9000    0.0133    0.0000   12.1868   91.7991
 170.1876 13198.2312  217.3547 -999.9000    0.0000    0.0000   12.7393   91.6668
 166.0391 13355.1106  217.4896 -999.9000    0.0000    0.0000   13.3859   91.5392
 162.0101 13511.9899  217.0797 -999.9000    0.0002    0.0000   13.7113   91.4198
 158.0706 13668.8693  216.0615 -999.9000    0.0000    0.0000   13.3536   91.3880
 154.1974 13825.7487  215.1545 -999.9000    0.0000    0.0000   12.2168   91.4693
 150.4126 13982.6281  215.0545 -999.9000    0.0000    0.0000   10.3260   91.5650
 146.7292 14139.5075  215.9511 -999.9000    0.0000    0.0000   10.2692   91.5673
 143.1108 14296.3869  214.1429 -999.9000    0.0000    0.0000   10.2073   91.5696
 139.5597 14453.2663  216.5325 -999.9000    0.0000    0.0000   10.1916   91.5684
 136.1266 14610.1457  214.1712 -999.9000    0.0000    0.0000   10.1973   91.5540
 132.7619 14767.0251  213.2796 -999.9000    0.0000    0.0000   10.2060   91.5347
 129.4754 14923.9045  214.2606 -999.9000    0.0000    0.0000   10.2118   91.5197
 126.2897 15080.7839  215.3566 -999.9000    0.0000    0.0000   10.2060   91.5108
 123.1790 15237.6633  216.5793 -999.9000    0.0000    0.0000   10.2270   91.4644
 120.1481 15394.5427  217.0522 -999.9000    0.0000    0.0000   10.0886   91.3748
 117.2138 15551.4221  216.4119 -999.9000    0.0000    0.0000    9.7311   91.2661
 114.3435 15708.3015  216.3250 -999.9000    0.0000    0.0000    9.4122   91.1464
 111.5416 15865.1809  216.0922 -999.9000    0.0000    0.0000    8.8342   91.1933
 108.8149 16022.0603  217.4183 -999.9000    0.0000    0.0000    8.0234   91.4869
 106.1648 16178.9397  217.4871 -999.9000    0.0000    0.0000    7.5660   91.3484
 103.5767 16335.8191  217.1362 -999.9000    0.0000    0.0000    6.1403   91.9971
 101.0524 16492.6985  219.1975 -999.9000    0.0000    0.0000    1.6685   90.4089
  98.6148 16649.5779  217.8217 -999.9000    0.0000    0.0000    0.9000   90.4014
  96.2203 16806.4573  217.0972 -999.9000    0.0000    0.0000    0.0811   90.4014
  93.8688 16963.3367  216.3963 -999.9000    0.0000    0.0000    1.1721   90.4014
  91.5836 17120.2161  216.2898 -999.9000    0.0000    0.0000    2.0496   90.4014
  89.3567 17277.0955  216.2809 -999.9000    0.0000    0.0000    2.6945   90.4014
  87.1784 17433.9749  215.8212 -999.9000    0.0000    0.0000    3.4037   90.3927
  85.0453 17590.8543  215.0227 -999.9000    0.0000    0.0000    4.3439   90.0754
  82.9608 17747.7337  214.7087 -999.9000    0.0000    0.0000    5.5418   90.9865
  80.9282 17904.6131  215.3624 -999.9000    0.0000    0.0000    6.7142   90.6807
  78.9484 18061.4925  216.0140 -999.9000    0.0000    0.0000    6.6324   90.4907
  77.0217 18218.3719  216.6939 -999.9000    0.0000    0.0000    5.6996   90.6714
  75.1483 18375.2513  217.7593 -999.9000    0.0000    0.0000    4.7702   90.9237
  73.3271 18532.1307  218.8685 -999.9000    0.0000    0.0000    4.1745   91.0464
  71.5556 18689.0101  219.0015 -999.9000    0.0000    0.0000    3.7342   90.9336
  69.8260 18845.8894  217.8937 -999.9000    0.0000    0.0000    3.1428   91.0562
  68.1227 19002.7688  217.6113 -999.9000    0.0000    0.0000    2.0333   91.7656
  66.4601 19159.6482  217.9695 -999.9000    0.0000    0.0000    1.0362   89.5288
  64.8418 19316.5276  218.4617 -999.9000    0.0000    0.0000    0.7615   87.4851
  63.2670 19473.4070  218.8743 -999.9000    0.0000    0.0000    1.3389   87.9468
  61.7318 19630.2864  219.4451 -999.9000    0.0000    0.0000    1.9599   88.3028
  60.2355 19787.1658  219.6680 -999.9000    0.0000    0.0000    2.7372   88.5476
  58.7762 19944.0452  219.3825 -999.9000    0.0000    0.0000    3.6110   88.9105
  57.3501 20100.9246  219.0151 -999.9000    0.0000    0.0000    4.0765   89.0671
  55.9562 20257.8040  218.7596 -999.9000    0.0000    0.0000    4.0363   88.9446
  54.5968 20414.6834  218.5365 -999.9000    0.0000    0.0000    3.8553   88.7725
  53.2731 20571.5628  218.4977 -999.9000    0.0000    0.0000    3.6966   88.6461
  51.9860 20728.4422  218.9538 -999.9000    0.0000    0.0000    3.5766   88.5640
  50.7361 20885.3216  220.2183 -999.9000    0.0000    0.0000    3.5097   88.5228
  49.5229 21042.2010  222.0026 -999.9000    0.0000    0.0000    3.4789   88.5126
  48.3394 21199.0804  221.3968 -999.9000    0.0000    0.0000    3.8336   88.5757
  47.1874 21355.9598  221.4765 -999.9000    0.0000    0.0000    4.9722   88.7747
  46.0647 21512.8392  221.8799 -999.9000    0.0000    0.0000    6.0099   88.9472
  44.9691 21669.7186  222.1279 -999.9000    0.0000    0.0000    6.2142   88.9570
  43.8989 21826.5980  222.1575 -999.9000    0.0000    0.0000    5.8181   88.8369
  42.8525 21983.4774  222.0293 -999.9000    0.0000    0.0000    5.3381   88.6697
  41.8295 22140.3568  221.7914 -999.9000    0.0000    0.0000    5.0636   88.5214
  40.8309 22297.2362  221.4720 -999.9000    0.0000    0.0000    4.9324   88.4316
  39.8584 22454.1156  221.1006 -999.9000    0.0000    0.0000    4.8532   88.4374
  38.9104 22610.9950  221.5037 -999.9000    0.0000    0.0000    4.9739   88.5046
  37.9838 22767.8744  222.7746 -999.9000    0.0000    0.0000    5.3512   88.5579
  37.0791 22924.7538  223.4772 -999.9000    0.0000    0.0000    5.6540   88.6106
  36.1962 23081.6332  223.5803 -999.9000    0.0000    0.0000    5.8664   88.6649
  35.3349 23238.5126  223.3019 -999.9000    0.0000    0.0000    6.0283   88.7211
  34.4951 23395.3920  222.8593 -999.9000    0.0000    0.0000    6.1799   88.7793
  33.6765 23552.2714  222.4706 -999.9000    0.0000    0.0000    6.3609   88.8396
  32.8792 23709.1508  222.3531 -999.9000    0.0000    0.0000    6.6115   88.9021
  32.1025 23866.0302  222.6490 -999.9000    0.0000    0.0000    6.9444   88.9664
  31.3447 24022.9095  223.2207 -999.9000    0.0000    0.0000    7.2717   89.0294
  30.6036 24179.7889  223.8662 -999.9000    0.0000    0.0000    7.4824   89.0878
  29.8779 24336.6683  224.3581 -999.9000    0.0000    0.0000    7.4852   89.1301
  29.1715 24493.5477  224.4070 -999.9000    0.0000    0.0000    7.3849   89.0898
  28.4842 24650.4271  224.2608 -999.9000    0.0000    0.0000    7.2344   88.9796
  27.8138 24807.3065  224.2883 -999.9000    0.0000    0.0000    7.0482   88.8366
  27.1583 24964.1859  224.8565 -999.9000    0.0000    0.0000    6.8404   88.6979
  26.5173 25121.0653  226.0265 -999.9000    0.0000    0.0000    6.6315   88.5852
  25.8939 25277.9447  227.2102 -999.9000    0.0000    0.0000    6.4560   88.4883
  25.2914 25434.8241  227.7369 -999.9000    0.0000    0.0000    6.3505   88.3927
  24.7096 25591.7035  227.2405 -999.9000    0.0000    0.0000    6.3961   88.3136
  24.1354 25748.5829  226.7061 -999.9000    0.0000    0.0000    6.7536   88.3442
  23.5706 25905.4623  226.4668 -999.9000    0.0000    0.0000    7.3251   88.4419
  23.0189 26062.3417  226.7318 -999.9000    0.0000    0.0000    7.9855   88.5480
  22.4826 26219.2211  227.5664 -999.9000    0.0000    0.0000    8.6340   88.6216
  21.9608 26376.1005  228.6647 -999.9000    0.0000    0.0000    9.2319   88.6692
  21.4521 26532.9799  229.6619 -999.9000    0.0000    0.0000    9.7509   88.7041
  20.9548 26689.8593  230.1930 -999.9000    0.0000    0.0000   10.1624   88.7401
  20.4676 26846.7387  229.8932 -999.9000    0.0000    0.0000   10.4376   88.7908
  19.9891 27003.6181  228.4329 -999.9000    0.0000    0.0000   10.5412   88.8671
  19.5243 27160.4975  227.5336 -999.9000    0.0000    0.0000   10.1112   88.8331
  19.0752 27317.3769  227.9825 -999.9000    0.0000    0.0000    9.2194   88.6652
  18.6391 27474.2563  229.1994 -999.9000    0.0000    0.0000    8.2602   88.4541
  18.2135 27631.1357  230.6039 -999.9000    0.0000    0.0000    7.6278   88.2905
  17.7959 27788.0151  231.6248 -999.9000    0.0000    0.0000    7.6937   88.2601
  17.3864 27944.8945  231.9150 -999.9000    0.0000    0.0000    8.2787   88.3267
  16.9866 28101.7739  231.5007 -999.9000    0.0000    0.0000    8.9015   88.3867
  16.5963 28258.6533  230.6785 -999.9000    0.0000    0.0000    9.5272   88.4341
  16.2153 28415.5327  229.7725 -999.9000    0.0000    0.0000   10.1700   88.4734
  15.8432 28572.4121  229.1062 -999.9000    0.0000    0.0000   10.8445   88.5095
  15.4798 28729.2915  228.9977 -999.9000    0.0000    0.0000   11.5627   88.5468
  15.1246 28886.1709  229.4081 -999.9000    0.0000    0.0000   12.2224   88.5881
  14.7769 29043.0503  229.7806 -999.9000    0.0000    0.0000   12.5595   88.6333
  14.4368 29199.9296  229.9512 -999.9000    0.0000    0.0000   12.5091   88.6841
  14.1043 29356.8090  230.0576 -999.9000    0.0000    0.0000   12.1523   88.7433
  13.7798 29513.6884  230.2430 -999.9000    0.0000    0.0000   11.5735   88.8140
  13.4633 29670.5678  230.6509 -999.9000    0.0000    0.0000   10.8568   88.8992
  13.1552 29827.4472  231.4248 -999.9000    0.0000    0.0000   10.0865   89.0018
  12.8555 29984.3266  232.6512 -999.9000    0.0000    0.0000    9.3448   89.1215
  12.5638 30141.2060  234.0178 -999.9000    0.0000    0.0000    8.6994   89.2343
  12.2794 30298.0854  235.0425 -999.9000    0.0000    0.0000    8.2123   89.3059
  12.0018 30454.9648  235.2429 -999.9000    0.0000    0.0000    7.9454   89.3022
  11.7304 30611.8442  234.3910 -999.9000    0.0000    0.0000    7.9195   89.2026
  11.4650 30768.7236  233.2984 -999.9000    0.0000    0.0000    7.9891   89.0420
  11.2056 30925.6030  233.0418 -999.9000    0.0000    0.0000    7.9664   88.8691
  10.9522 31082.4824  234.2729 -999.9000    0.0000    0.0000    7.7311   88.7216
  10.7056 31239.3618  235.8317 -999.9000    0.0000    0.0000    7.4522   88.5894
  10.4661 31396.2412  236.3999 -999.9000    0.0000    0.0000    7.3264   88.4534
  10.2318 31553.1206  236.0576 -999.9000    0.0000    0.0000    7.3392   88.3118
  10.0000 31710.0000  235.2596 -999.9000    0.0000    0.0000    7.4194   88.1674
