# 06610 LSMP Payerne Observations at 12Z 30 Jul 2008
# Radiosonde file generated by raso.rb
#
  P [hPa],     Z [m],    T [K],   Td [K],   RH [%], r [g/kg], WS [m/s], WD [deg]
 962.0000   491.0000  298.0779 -999.9000   66.2984   13.6900    1.5005   93.0543
 944.6891   647.8794  296.0773 -999.9000   67.8454   12.6302    3.9502   92.6754
 927.6873   804.7588  294.7407 -999.9000   79.5846   13.9071    1.5740   92.9144
 911.0964   961.6382  293.4970 -999.9000   80.0298   14.4362    0.2054   88.9012
 894.7070  1118.5176  292.6025 -999.9000   80.0167   14.3064    0.7420   90.9797
 878.5406  1275.3970  292.3417 -999.9000   80.0706   13.3485    1.7204   90.6229
 862.6769  1432.2764  290.9908 -999.9000   80.9722   13.5129    1.9499   90.4248
 846.9845  1589.1558  289.7689 -999.9000   80.2814   13.9027    3.5582   90.3491
 831.5533  1746.0352  289.4347 -999.9000   80.7488   13.2228    4.4481   90.3950
 816.3570  1902.9146  288.1269 -999.9000   80.6273   11.9693    5.5629   90.4496
 801.3249  2059.7940  286.5373 -999.9000   80.3384   11.5640    6.1982   90.4939
 786.5365  2216.6734  285.1784 -999.9000   80.1755   10.4184    6.9602   90.5367
 771.9169  2373.5528  283.9378 -999.9000   80.5545    8.7627    8.1671   90.5644
 757.5041  2530.4322  282.8689 -999.9000   80.4138    8.5006    8.7151   90.6155
 743.3854  2687.3116  282.2815 -999.9000   77.7643    7.5803    7.6229   90.6080
 729.2940  2844.1910  281.1934 -999.9000   60.3741    5.5688    7.3960   90.6173
 715.5826  3001.0704  280.1310 -999.9000   50.1137    4.3807    8.9923   90.6971
 702.0616  3157.9497  278.9314 -999.9000   51.5927    4.2344   10.2898   90.7782
 688.7126  3314.8291  277.4373 -999.9000   58.9085    4.4448   10.3942   90.8007
 675.5482  3471.7085  275.7932 -999.9000   68.1989    4.6752   10.6582   90.8205
 662.5494  3628.5879  274.2994 -999.9000   74.1385    4.6607   11.2782   90.8487
 649.7305  3785.4673  273.2724 -999.9000   67.2666    4.0055   11.5866   90.8627
 637.1240  3942.3467  272.4012 -999.9000   55.1390    3.1437   10.9202   90.9118
 624.7467  4099.2261  271.3684 -999.9000   50.1659    2.7055    9.3868   91.0167
 612.5275  4256.1055  270.2901 -999.9000   50.1004    2.5464    8.9688   91.0465
 600.5160  4412.9849  269.6645 -999.9000   38.2159    1.8919    9.2641   91.0390
 588.7253  4569.8643  269.0520 -999.9000   22.7676    1.0986    9.4637   91.0433
 577.1128  4726.7437  267.7425 -999.9000   18.1726    0.8108    9.5303   91.0483
 565.6299  4883.6231  266.8916 -999.9000   17.0417    0.7276    9.5094   91.0538
 554.4053  5040.5025  266.3166 -999.9000   13.5060    0.5634    8.8375   91.1400
 543.3471  5197.3819  265.6300 -999.9000   12.8473    0.5190    8.0765   91.2153
 532.4739  5354.2613  264.5955 -999.9000   22.2185    0.8459    8.4998   91.2112
 521.8251  5511.1407  263.5409 -999.9000   24.0687    0.8613    9.2732   91.1806
 511.3144  5668.0201  262.7454 -999.9000   14.1132    0.4842    9.9717   91.1583
 500.9731  5824.8995  261.4014 -999.9000   12.9977    0.4090   10.6911   91.1344
 490.8286  5981.7789  259.7889 -999.9000   18.4372    0.5200   10.8632   91.1143
 480.7236  6138.6583  258.6763 -999.9000   29.2905    0.7703   11.2140   91.0832
 470.8214  6295.5377  257.3912 -999.9000   31.5612    0.7621   11.3276   91.0728
 461.0900  6452.4171  255.9686 -999.9000   30.8958    0.6762   11.0644   90.9894
 451.4963  6609.2965  254.6739 -999.9000   32.0735    0.6422   10.0702   90.8335
 442.0676  6766.1759  253.6059 -999.9000   32.6501    0.6091    9.1925   90.7116
 432.8253  6923.0553  252.6495 -999.9000   32.3667    0.5674   10.1138   90.6964
 423.7241  7079.9347  251.2497 -999.9000   36.0771    0.5712   11.0052   90.7318
 414.7432  7236.8141  249.5527 -999.9000   41.3078    0.5742   10.8120   90.7585
 405.9174  7393.6935  248.5668 -999.9000   31.8789    0.4138   11.0470   90.7794
 397.1974  7550.5729  247.2903 -999.9000   27.2851    0.3219   11.3186   90.7881
 388.6475  7707.4523  245.9090 -999.9000   31.2096    0.3308   11.4644   90.8405
 380.2876  7864.3317  244.9057 -999.9000   34.8587    0.3433   11.6981   90.9010
 372.0784  8021.2111  244.1018 -999.9000   39.1265    0.3645   11.8453   90.8924
 363.9826  8178.0905  243.3227 -999.9000   45.2490    0.3994   11.7520   90.7526
 356.0087  8334.9698  242.4841 -999.9000   54.4836    0.4529   11.7290   90.7678
 348.2042  8491.8492  241.6045 -999.9000   60.5998    0.5188   12.3236   91.3797
 340.5609  8648.7286  240.7665 -999.9000   64.9806    0.5272   12.5486   91.7004
 333.0575  8805.6080  239.9194 -999.9000   65.5776    0.4852   12.4821   91.6152
 325.6771  8962.4874  238.9627 -999.9000   64.9935    0.4338   12.7701   91.4555
 318.4095  9119.3668  237.7797 -999.9000   65.7730    0.3977   13.6816   91.4682
 311.2701  9276.2462  236.1605 -999.9000   60.6638    0.3338   13.8308   91.4746
 304.2599  9433.1256  234.6066 -999.9000   55.4792    0.2938   14.0453   91.4194
 297.3812  9590.0050  233.5394 -999.9000   50.6346    0.2688   14.5167   91.3896
 290.6045  9746.8844  232.3094 -999.9000   45.4282    0.2331   14.8339   91.3805
 283.9369  9903.7638  230.9284 -999.9000   45.7227    0.2031   15.1996   91.3479
 277.3870 10060.6432  229.4418 -999.9000   45.5711    0.1789   15.5764   91.3074
 270.9631 10217.5226  227.8893 -999.9000   45.5071    0.1538   15.8318   91.2950
 264.6694 10374.4020  226.3447 -999.9000   45.6166    0.1244   15.8758   91.3378
 258.4744 10531.2814  225.1146 -999.9000   45.1269    0.1097   16.0095   91.3756
 252.3757 10688.1608  224.0808 -999.9000   45.4452    0.1034   16.2617   91.3933
 246.3812 10845.0402  223.0141 -999.9000   40.1774    0.0916   16.5507   91.3978
 240.4896 11001.9196  221.8069 -999.9000   35.6318    0.0742   16.8236   91.3965
 234.6950 11158.7990  220.4545 -999.9000   35.8908    0.0604   17.0508   91.3968
 229.0082 11315.6784  219.0539 -999.9000   35.4416    0.0528   17.2268   91.3986
 223.4492 11472.5578  217.7533 -999.9000   34.9222    0.0500   17.3583   91.3982
 218.0236 11629.4372  216.5293 -999.9000   30.0899    0.0480   17.1636   91.4126
 212.6609 11786.3166  214.8335 -999.9000   25.5830    0.0350   15.4927   91.5070
 207.3913 11943.1960  213.9775 -999.9000   23.7572    0.0295   14.3256   91.4951
 202.2510 12100.0754  214.6563 -999.9000   18.0006    0.0410   14.0339   91.5711
 197.2536 12256.9548  216.0286 -999.9000    9.0983    0.0304   12.0484   92.1270
 192.4469 12413.8342  218.3934 -999.9000    2.6463    0.0062   12.5141   91.9985
 187.8076 12570.7136  218.1802 -999.9000    0.2372    0.0003   12.7726   91.9213
 183.2603 12727.5930  216.9138 -999.9000    0.2958    0.0003   12.4965   91.8946
 178.8033 12884.4724  216.4692 -999.9000    0.0000    0.0000   12.2797   91.8603
 174.4458 13041.3518  216.8407 -999.9000    0.0133    0.0000   12.4291   91.7991
 170.1876 13198.2312  217.0344 -999.9000    0.0000    0.0000   12.9708   91.6668
 166.0391 13355.1106  217.1712 -999.9000    0.0000    0.0000   13.6072   91.5392
 162.0101 13511.9899  216.7644 -999.9000    0.0002    0.0000   13.9232   91.4198
 158.0706 13668.8693  215.7504 -999.9000    0.0000    0.0000   13.5574   91.3880
 154.1974 13825.7487  214.8490 -999.9000    0.0000    0.0000   12.4138   91.4693
 150.4126 13982.6281  214.7560 -999.9000    0.0000    0.0000   10.5179   91.5650
 146.7292 14139.5075  215.6612 -999.9000    0.0000    0.0000   10.4580   91.5673
 143.1108 14296.3869  213.8635 -999.9000    0.0000    0.0000   10.3953   91.5696
 139.5597 14453.2663  216.2653 -999.9000    0.0000    0.0000   10.3815   91.5684
 136.1266 14610.1457  213.9181 -999.9000    0.0000    0.0000   10.3915   91.5540
 132.7619 14767.0251  213.0423 -999.9000    0.0000    0.0000   10.4066   91.5347
 129.4754 14923.9045  214.0405 -999.9000    0.0000    0.0000   10.4207   91.5197
 126.2897 15080.7839  215.1550 -999.9000    0.0000    0.0000   10.4247   91.5108
 123.1790 15237.6633  216.3973 -999.9000    0.0000    0.0000   10.4567   91.4644
 120.1481 15394.5427  216.8907 -999.9000    0.0000    0.0000   10.3300   91.3748
 117.2138 15551.4221  216.2717 -999.9000    0.0000    0.0000    9.9848   91.2661
 114.3435 15708.3015  216.2064 -999.9000    0.0000    0.0000    9.6783   91.1464
 111.5416 15865.1809  215.9957 -999.9000    0.0000    0.0000    9.1126   91.1933
 108.8149 16022.0603  217.3441 -999.9000    0.0000    0.0000    8.3134   91.4869
 106.1648 16178.9397  217.4351 -999.9000    0.0000    0.0000    7.8668   91.3484
 103.5767 16335.8191  217.1061 -999.9000    0.0000    0.0000    6.4507   91.9971
 101.0524 16492.6985  219.1889 -999.9000    0.0000    0.0000    1.9869   90.4089
  98.6148 16649.5779  217.8341 -999.9000    0.0000    0.0000    1.2246   90.4014
  96.2203 16806.4573  217.1298 -999.9000    0.0000    0.0000    0.4096   90.4014
  93.8688 16963.3367  216.4481 -999.9000    0.0000    0.0000    1.5020   90.4014
  91.5836 17120.2161  216.3596 -999.9000    0.0000    0.0000    2.3779   90.4014
  89.3567 17277.0955  216.3673 -999.9000    0.0000    0.0000    3.0180   90.4014
  87.1784 17433.9749  215.9228 -999.9000    0.0000    0.0000    3.7187   90.3927
  85.0453 17590.8543  215.1377 -999.9000    0.0000    0.0000    4.6466   90.0754
  82.9608 17747.7337  214.8352 -999.9000    0.0000    0.0000    5.8279   90.9865
  80.9282 17904.6131  215.4982 -999.9000    0.0000    0.0000    6.9791   90.6807
  78.9484 18061.4925  216.1571 -999.9000    0.0000    0.0000    6.8716   90.4907
  77.0217 18218.3719  216.8421 -999.9000    0.0000    0.0000    5.9090   90.6714
  75.1483 18375.2513  217.9107 -999.9000    0.0000    0.0000    4.9463   90.9237
  73.3271 18532.1307  219.0212 -999.9000    0.0000    0.0000    4.3144   91.0464
  71.5556 18689.0101  219.1537 -999.9000    0.0000    0.0000    3.8354   90.9336
  69.8260 18845.8894  218.0438 -999.9000    0.0000    0.0000    3.2034   91.0562
  68.1227 19002.7688  217.7576 -999.9000    0.0000    0.0000    2.0519   91.7656
  66.4601 19159.6482  218.1106 -999.9000    0.0000    0.0000    1.0119   89.5288
  64.8418 19316.5276  218.5962 -999.9000    0.0000    0.0000    0.6939   87.4851
  63.2670 19473.4070  219.0009 -999.9000    0.0000    0.0000    1.2284   87.9468
  61.7318 19630.2864  219.5626 -999.9000    0.0000    0.0000    1.8070   88.3028
  60.2355 19787.1658  219.7753 -999.9000    0.0000    0.0000    2.5433   88.5476
  58.7762 19944.0452  219.4788 -999.9000    0.0000    0.0000    3.3777   88.9105
  57.3501 20100.9246  219.0992 -999.9000    0.0000    0.0000    3.8063   89.0671
  55.9562 20257.8040  218.8309 -999.9000    0.0000    0.0000    3.7319   88.9446
  54.5968 20414.6834  218.5943 -999.9000    0.0000    0.0000    3.5201   88.7725
  53.2731 20571.5628  218.5412 -999.9000    0.0000    0.0000    3.3344   88.6461
  51.9860 20728.4422  218.9827 -999.9000    0.0000    0.0000    3.1920   88.5640
  50.7361 20885.3216  220.2322 -999.9000    0.0000    0.0000    3.1075   88.5228
  49.5229 21042.2010  222.0011 -999.9000    0.0000    0.0000    3.0646   88.5126
  48.3394 21199.0804  221.3796 -999.9000    0.0000    0.0000    3.4132   88.5757
  47.1874 21355.9598  221.4437 -999.9000    0.0000    0.0000    4.5522   88.7747
  46.0647 21512.8392  221.8314 -999.9000    0.0000    0.0000    5.5969   88.9472
  44.9691 21669.7186  222.0637 -999.9000    0.0000    0.0000    5.8145   88.9570
  43.8989 21826.5980  222.0777 -999.9000    0.0000    0.0000    5.4372   88.8369
  42.8525 21983.4774  221.9342 -999.9000    0.0000    0.0000    4.9813   88.6697
  41.8295 22140.3568  221.6813 -999.9000    0.0000    0.0000    4.7355   88.5214
  40.8309 22297.2362  221.3473 -999.9000    0.0000    0.0000    4.6371   88.4316
  39.8584 22454.1156  220.9618 -999.9000    0.0000    0.0000    4.5943   88.4374
  38.9104 22610.9950  221.3512 -999.9000    0.0000    0.0000    4.7545   88.5046
  37.9838 22767.8744  222.6091 -999.9000    0.0000    0.0000    5.1739   88.5579
  37.0791 22924.7538  223.2994 -999.9000    0.0000    0.0000    5.5208   88.6106
  36.1962 23081.6332  223.3910 -999.9000    0.0000    0.0000    5.7790   88.6649
  35.3349 23238.5126  223.1019 -999.9000    0.0000    0.0000    5.9876   88.7211
  34.4951 23395.3920  222.6497 -999.9000    0.0000    0.0000    6.1864   88.7793
  33.6765 23552.2714  222.2522 -999.9000    0.0000    0.0000    6.4146   88.8396
  32.8792 23709.1508  222.1271 -999.9000    0.0000    0.0000    6.7119   88.9021
  32.1025 23866.0302  222.4167 -999.9000    0.0000    0.0000    7.0905   88.9664
  31.3447 24022.9095  222.9832 -999.9000    0.0000    0.0000    7.4619   89.0294
  30.6036 24179.7889  223.6250 -999.9000    0.0000    0.0000    7.7147   89.0878
  29.8779 24336.6683  224.1145 -999.9000    0.0000    0.0000    7.7570   89.1301
  29.1715 24493.5477  224.1625 -999.9000    0.0000    0.0000    7.6930   89.0898
  28.4842 24650.4271  224.0171 -999.9000    0.0000    0.0000    7.5752   88.9796
  27.8138 24807.3065  224.0470 -999.9000    0.0000    0.0000    7.4177   88.8366
  27.1583 24964.1859  224.6193 -999.9000    0.0000    0.0000    7.2341   88.6979
  26.5173 25121.0653  225.7949 -999.9000    0.0000    0.0000    7.0450   88.5852
  25.8939 25277.9447  226.9858 -999.9000    0.0000    0.0000    6.8850   88.4883
  25.2914 25434.8241  227.5211 -999.9000    0.0000    0.0000    6.7911   88.3927
  24.7096 25591.7035  227.0345 -999.9000    0.0000    0.0000    6.8443   88.3136
  24.1354 25748.5829  226.5113 -999.9000    0.0000    0.0000    7.2056   88.3442
  23.5706 25905.4623  226.2842 -999.9000    0.0000    0.0000    7.7773   88.4419
  23.0189 26062.3417  226.5623 -999.9000    0.0000    0.0000    8.4344   88.5480
  22.4826 26219.2211  227.4110 -999.9000    0.0000    0.0000    9.0763   88.6216
  21.9608 26376.1005  228.5241 -999.9000    0.0000    0.0000    9.6644   88.6692
  21.4521 26532.9799  229.5368 -999.9000    0.0000    0.0000   10.1706   88.7041
  20.9548 26689.8593  230.0841 -999.9000    0.0000    0.0000   10.5662   88.7401
  20.4676 26846.7387  229.8008 -999.9000    0.0000    0.0000   10.8228   88.7908
  19.9891 27003.6181  228.3575 -999.9000    0.0000    0.0000   10.9053   88.8671
  19.5243 27160.4975  227.4754 -999.9000    0.0000    0.0000   10.4516   88.8331
  19.0752 27317.3769  227.9418 -999.9000    0.0000    0.0000    9.5338   88.6652
  18.6391 27474.2563  229.1761 -999.9000    0.0000    0.0000    8.5463   88.4541
  18.2135 27631.1357  230.5981 -999.9000    0.0000    0.0000    7.8837   88.2905
  17.7959 27788.0151  231.6363 -999.9000    0.0000    0.0000    7.9175   88.2601
  17.3864 27944.8945  231.9436 -999.9000    0.0000    0.0000    8.4686   88.3267
  16.9866 28101.7739  231.5461 -999.9000    0.0000    0.0000    9.0558   88.3867
  16.5963 28258.6533  230.7402 -999.9000    0.0000    0.0000    9.6445   88.4341
  16.2153 28415.5327  229.8499 -999.9000    0.0000    0.0000   10.2490   88.4734
  15.8432 28572.4121  229.1988 -999.9000    0.0000    0.0000   10.8839   88.5095
  15.4798 28729.2915  229.1047 -999.9000    0.0000    0.0000   11.5616   88.5468
  15.1246 28886.1709  229.5286 -999.9000    0.0000    0.0000   12.1799   88.5881
  14.7769 29043.0503  229.9137 -999.9000    0.0000    0.0000   12.4748   88.6333
  14.4368 29199.9296  230.0958 -999.9000    0.0000    0.0000   12.3816   88.6841
  14.1043 29356.8090  230.2125 -999.9000    0.0000    0.0000   11.9815   88.7433
  13.7798 29513.6884  230.4071 -999.9000    0.0000    0.0000   11.3592   88.8140
  13.4633 29670.5678  230.8228 -999.9000    0.0000    0.0000   10.5987   88.8992
  13.1552 29827.4472  231.6030 -999.9000    0.0000    0.0000    9.7847   89.0018
  12.8555 29984.3266  232.8341 -999.9000    0.0000    0.0000    8.9992   89.1215
  12.5638 30141.2060  234.2037 -999.9000    0.0000    0.0000    8.3105   89.2343
  12.2794 30298.0854  235.2297 -999.9000    0.0000    0.0000    7.7804   89.3059
  12.0018 30454.9648  235.4295 -999.9000    0.0000    0.0000    7.4710   89.3022
  11.7304 30611.8442  234.5751 -999.9000    0.0000    0.0000    7.4034   89.2026
  11.4650 30768.7236  233.4779 -999.9000    0.0000    0.0000    7.4321   89.0420
  11.2056 30925.6030  233.2145 -999.9000    0.0000    0.0000    7.3695   88.8691
  10.9522 31082.4824  234.4366 -999.9000    0.0000    0.0000    7.0953   88.7216
  10.7056 31239.3618  235.9839 -999.9000    0.0000    0.0000    6.7789   88.5894
  10.4661 31396.2412  236.5381 -999.9000    0.0000    0.0000    6.6170   88.4534
  10.2318 31553.1206  236.1793 -999.9000    0.0000    0.0000    6.5952   88.3118
  10.0000 31710.0000  235.3621 -999.9000    0.0000    0.0000    6.6426   88.1674
