# 06610 LSMP Payerne Observations at 12Z 30 Jul 2008
# Radiosonde file generated by raso.rb
#
  P [hPa],     Z [m],    T [K],   Td [K],   RH [%], r [g/kg], WS [m/s], WD [deg]
 962.0000   491.0000  298.2577 -999.9000   66.3162   13.6900    2.1541   93.0543
 944.6891   647.8794  296.2211 -999.9000   67.8664   12.6302    4.6452   92.6754
 927.6873   804.7588  294.8527 -999.9000   79.6110   13.9071    2.3027   92.9144
 911.0964   961.6382  293.5814 -999.9000   80.0568   14.4362    0.5498   92.0428
 894.7070  1118.5176  292.6632 -999.9000   80.0429   14.3064    1.5167   90.9797
 878.5406  1275.3970  292.3826 -999.9000   80.0947   13.3485    2.5078   90.6229
 862.6769  1432.2764  291.0153 -999.9000   80.9934   13.5129    2.7438   90.4248
 846.9845  1589.1558  289.7804 -999.9000   80.2982   13.9027    4.3525   90.3491
 831.5533  1746.0352  289.4364 -999.9000   80.7604   13.2228    5.2371   90.3950
 816.3570  1902.9146  288.1219 -999.9000   80.6328   11.9693    6.3413   90.4496
 801.3249  2059.7940  286.5283 -999.9000   80.3370   11.5640    6.9608   90.4939
 786.5365  2216.6734  285.1681 -999.9000   80.1665   10.4184    7.7023   90.5367
 771.9169  2373.5528  283.9287 -999.9000   80.5372    8.7627    8.8843   90.5644
 757.5041  2530.4322  282.8632 -999.9000   80.3878    8.5006    9.4033   90.6155
 743.3854  2687.3116  282.2813 -999.9000   77.7302    7.5803    8.2783   90.6080
 729.2940  2844.1910  281.2006 -999.9000   60.3403    5.5688    8.0151   90.6173
 715.5826  3001.0704  280.1473 -999.9000   50.0795    4.3807    9.5719   90.6971
 702.0616  3157.9497  278.9584 -999.9000   51.5510    4.2344   10.8272   90.7782
 688.7126  3314.8291  277.4763 -999.9000   58.8534    4.4448   10.8868   90.8007
 675.5482  3471.7085  275.8455 -999.9000   68.1262    4.6752   11.1038   90.8205
 662.5494  3628.5879  274.3658 -999.9000   74.0500    4.6607   11.6750   90.8487
 649.7305  3785.4673  273.3537 -999.9000   67.1779    4.0055   11.9329   90.8627
 637.1240  3942.3467  272.4982 -999.9000   55.0595    3.1437   11.2149   90.9118
 624.7467  4099.2261  271.4813 -999.9000   50.0874    2.7055    9.6290   91.0167
 612.5275  4256.1055  270.4193 -999.9000   50.0163    2.5464    9.1579   91.0465
 600.5160  4412.9849  269.8100 -999.9000   38.1476    1.8919    9.3997   91.0390
 588.7253  4569.8643  269.2136 -999.9000   22.7246    1.0986    9.5460   91.0433
 577.1128  4726.7437  267.9200 -999.9000   18.1365    0.8108    9.5596   91.0483
 565.6299  4883.6231  267.0845 -999.9000   17.0064    0.7276    9.4863   91.0538
 554.4053  5040.5025  266.5242 -999.9000   13.4770    0.5634    8.7631   91.1400
 543.3471  5197.3819  265.8515 -999.9000   12.8189    0.5190    7.9521   91.2153
 532.4739  5354.2613  264.8297 -999.9000   22.1681    0.8459    8.3271   91.2112
 521.8251  5511.1407  263.7867 -999.9000   24.0132    0.8613    9.0541   91.1806
 511.3144  5668.0201  263.0013 -999.9000   14.0802    0.4842    9.7085   91.1583
 500.9731  5824.8995  261.6658 -999.9000   12.9672    0.4090   10.3864   91.1344
 490.8286  5981.7789  260.0602 -999.9000   18.3940    0.5200   10.5199   91.1143
 480.7236  6138.6583  258.9523 -999.9000   29.2225    0.7703   10.8354   91.0832
 470.8214  6295.5377  257.6699 -999.9000   31.4893    0.7621   10.9172   91.0728
 461.0900  6452.4171  256.2475 -999.9000   30.8271    0.6762   10.6261   90.9894
 451.4963  6609.2965  254.9506 -999.9000   32.0048    0.6422    9.6082   90.8335
 442.0676  6766.1759  253.8777 -999.9000   32.5835    0.6091    8.7113   90.7116
 432.8253  6923.0553  252.9134 -999.9000   32.3046    0.5674    9.6183   90.6964
 423.7241  7079.9347  251.5027 -999.9000   36.0132    0.5712   10.5005   90.7318
 414.7432  7236.8141  249.7916 -999.9000   41.2416    0.5742   10.3035   90.7585
 405.9174  7393.6935  248.7881 -999.9000   31.8342    0.4138   10.5407   90.7794
 397.1974  7550.5729  247.4904 -999.9000   27.2528    0.3219   10.8203   90.7881
 388.6475  7707.4523  246.0845 -999.9000   31.1804    0.3308   10.9801   90.8405
 380.2876  7864.3317  245.0538 -999.9000   34.8354    0.3433   11.2331   90.9010
 372.0784  8021.2111  244.2199 -999.9000   39.1114    0.3645   11.4044   90.8924
 363.9826  8178.0905  243.4085 -999.9000   45.2451    0.3994   11.3396   90.7526
 356.0087  8334.9698  242.5359 -999.9000   54.4956    0.4529   11.3489   90.7678
 348.2042  8491.8492  241.6209 -999.9000   60.6322    0.5188   11.9792   91.3797
 340.5609  8648.7286  240.7465 -999.9000   65.0360    0.5272   12.2429   91.7004
 333.0575  8805.6080  239.8625 -999.9000   65.6543    0.4852   12.2174   91.6152
 325.6771  8962.4874  238.8686 -999.9000   65.0899    0.4338   12.5484   91.4555
 318.4095  9119.3668  237.6487 -999.9000   65.8906    0.3977   13.5044   91.4682
 311.2701  9276.2462  235.9932 -999.9000   60.7901    0.3338   13.6991   91.4746
 304.2599  9433.1256  234.4040 -999.9000   55.6102    0.2938   13.9594   91.4194
 297.3812  9590.0050  233.3028 -999.9000   50.7674    0.2688   14.4768   91.3896
 290.6045  9746.8844  232.0407 -999.9000   45.5583    0.2331   14.8394   91.3805
 283.9369  9903.7638  230.6298 -999.9000   45.8633    0.2031   15.2496   91.3479
 277.3870 10060.6432  229.1159 -999.9000   45.7198    0.1789   15.6693   91.3074
 270.9631 10217.5226  227.5390 -999.9000   45.6625    0.1538   15.9658   91.2950
 264.6694 10374.4020  225.9735 -999.9000   45.7777    0.1244   16.0485   91.3378
 258.4744 10531.2814  224.7262 -999.9000   45.2898    0.1097   16.2179   91.3756
 252.3757 10688.1608  223.6795 -999.9000   45.6108    0.1034   16.5025   91.3933
 246.3812 10845.0402  222.6044 -999.9000   40.3234    0.0916   16.8200   91.3978
 240.4896 11001.9196  221.3937 -999.9000   35.7590    0.0742   17.1170   91.3965
 234.6950 11158.7990  220.0427 -999.9000   36.0150    0.0604   17.3640   91.3968
 229.0082 11315.6784  218.6481 -999.9000   35.5588    0.0528   17.5558   91.3986
 223.4492 11472.5578  217.3576 -999.9000   35.0310    0.0500   17.6991   91.3982
 218.0236 11629.4372  216.1476 -999.9000   30.1768    0.0480   17.5127   91.4126
 212.6609 11786.3166  214.4692 -999.9000   25.6504    0.0350   15.8466   91.5070
 207.3913 11943.1960  213.6338 -999.9000   23.8131    0.0295   14.6812   91.4951
 202.2510 12100.0754  214.3360 -999.9000   18.0375    0.0410   14.3885   91.5711
 197.2536 12256.9548  215.7341 -999.9000    9.1140    0.0304   12.3992   92.1270
 192.4469 12413.8342  218.1269 -999.9000    2.6500    0.0062   12.8588   91.9985
 187.8076 12570.7136  217.9434 -999.9000    0.2374    0.0003   13.1090   91.9213
 183.2603 12727.5930  216.7082 -999.9000    0.2961    0.0003   12.8228   91.8946
 178.8033 12884.4724  216.2959 -999.9000    0.0000    0.0000   12.5942   91.8603
 174.4458 13041.3518  216.7003 -999.9000    0.0133    0.0000   12.7304   91.7991
 170.1876 13198.2312  216.9273 -999.9000    0.0000    0.0000   13.2578   91.6668
 166.0391 13355.1106  217.0975 -999.9000    0.0000    0.0000   13.8790   91.5392
 162.0101 13511.9899  216.7238 -999.9000    0.0002    0.0000   14.1791   91.4198
 158.0706 13668.8693  215.7421 -999.9000    0.0000    0.0000   13.7969   91.3880
 154.1974 13825.7487  214.8721 -999.9000    0.0000    0.0000   12.6369   91.4693
 150.4126 13982.6281  214.8092 -999.9000    0.0000    0.0000   10.7246   91.5650
 146.7292 14139.5075  215.7427 -999.9000    0.0000    0.0000   10.6487   91.5673
 143.1108 14296.3869  213.9713 -999.9000    0.0000    0.0000   10.5706   91.5696
 139.5597 14453.2663  216.3971 -999.9000    0.0000    0.0000   10.5421   91.5684
 136.1266 14610.1457  214.0713 -999.9000    0.0000    0.0000   10.5384   91.5540
 132.7619 14767.0251  213.2144 -999.9000    0.0000    0.0000   10.5407   91.5347
 129.4754 14923.9045  214.2293 -999.9000    0.0000    0.0000   10.5429   91.5197
 126.2897 15080.7839  215.3579 -999.9000    0.0000    0.0000   10.5358   91.5108
 123.1790 15237.6633  216.6121 -999.9000    0.0000    0.0000   10.5575   91.4644
 120.1481 15394.5427  217.1151 -999.9000    0.0000    0.0000   10.4214   91.3748
 117.2138 15551.4221  216.5034 -999.9000    0.0000    0.0000   10.0675   91.2661
 114.3435 15708.3015  216.4433 -999.9000    0.0000    0.0000    9.7530   91.1464
 111.5416 15865.1809  216.2356 -999.9000    0.0000    0.0000    9.1801   91.1933
 108.8149 16022.0603  217.5850 -999.9000    0.0000    0.0000    8.3743   91.4869
 106.1648 16178.9397  217.6749 -999.9000    0.0000    0.0000    7.9219   91.3484
 103.5767 16335.8191  217.3429 -999.9000    0.0000    0.0000    6.5006   91.9971
 101.0524 16492.6985  219.4208 -999.9000    0.0000    0.0000    2.0322   90.4089
  98.6148 16649.5779  218.0591 -999.9000    0.0000    0.0000    1.2658   90.4014
  96.2203 16806.4573  217.3460 -999.9000    0.0000    0.0000    0.4474   90.4014
  93.8688 16963.3367  216.6538 -999.9000    0.0000    0.0000    1.5369   90.4014
  91.5836 17120.2161  216.5531 -999.9000    0.0000    0.0000    2.4104   90.4014
  89.3567 17277.0955  216.5468 -999.9000    0.0000    0.0000    3.0486   90.4014
  87.1784 17433.9749  216.0867 -999.9000    0.0000    0.0000    3.7480   90.3927
  85.0453 17590.8543  215.2844 -999.9000    0.0000    0.0000    4.6748   90.0754
  82.9608 17747.7337  214.9631 -999.9000    0.0000    0.0000    5.8557   90.9865
  80.9282 17904.6131  215.6059 -999.9000    0.0000    0.0000    7.0067   90.6807
  78.9484 18061.4925  216.2431 -999.9000    0.0000    0.0000    6.8994   90.4907
  77.0217 18218.3719  216.9054 -999.9000    0.0000    0.0000    5.9374   90.6714
  75.1483 18375.2513  217.9504 -999.9000    0.0000    0.0000    4.9757   90.9237
  73.3271 18532.1307  219.0366 -999.9000    0.0000    0.0000    4.3450   91.0464
  71.5556 18689.0101  219.1445 -999.9000    0.0000    0.0000    3.8677   90.9336
  69.8260 18845.8894  218.0098 -999.9000    0.0000    0.0000    3.2376   91.0562
  68.1227 19002.7688  217.6991 -999.9000    0.0000    0.0000    2.0883   91.7656
  66.4601 19159.6482  218.0278 -999.9000    0.0000    0.0000    1.0510   89.5288
  64.8418 19316.5276  218.4897 -999.9000    0.0000    0.0000    0.7359   87.4851
  63.2670 19473.4070  218.8716 -999.9000    0.0000    0.0000    1.2734   87.9468
  61.7318 19630.2864  219.4116 -999.9000    0.0000    0.0000    1.8555   88.3028
  60.2355 19787.1658  219.6040 -999.9000    0.0000    0.0000    2.5954   88.5476
  58.7762 19944.0452  219.2887 -999.9000    0.0000    0.0000    3.4339   88.9105
  57.3501 20100.9246  218.8923 -999.9000    0.0000    0.0000    3.8666   89.0671
  55.9562 20257.8040  218.6092 -999.9000    0.0000    0.0000    3.7966   88.9446
  54.5968 20414.6834  218.3601 -999.9000    0.0000    0.0000    3.5895   88.7725
  53.2731 20571.5628  218.2973 -999.9000    0.0000    0.0000    3.4087   88.6461
  51.9860 20728.4422  218.7317 -999.9000    0.0000    0.0000    3.2713   88.5640
  50.7361 20885.3216  219.9773 -999.9000    0.0000    0.0000    3.1920   88.5228
  49.5229 21042.2010  221.7457 -999.9000    0.0000    0.0000    3.1546   88.5126
  48.3394 21199.0804  221.1273 -999.9000    0.0000    0.0000    3.5088   88.5757
  47.1874 21355.9598  221.1982 -999.9000    0.0000    0.0000    4.6535   88.7747
  46.0647 21512.8392  221.5966 -999.9000    0.0000    0.0000    5.7041   88.9472
  44.9691 21669.7186  221.8432 -999.9000    0.0000    0.0000    5.9276   88.9570
  43.8989 21826.5980  221.8748 -999.9000    0.0000    0.0000    5.5564   88.8369
  42.8525 21983.4774  221.7517 -999.9000    0.0000    0.0000    5.1063   88.6697
  41.8295 22140.3568  221.5217 -999.9000    0.0000    0.0000    4.8663   88.5214
  40.8309 22297.2362  221.2129 -999.9000    0.0000    0.0000    4.7735   88.4316
  39.8584 22454.1156  220.8544 -999.9000    0.0000    0.0000    4.7359   88.4374
  38.9104 22610.9950  221.2725 -999.9000    0.0000    0.0000    4.9011   88.5046
  37.9838 22767.8744  222.5602 -999.9000    0.0000    0.0000    5.3250   88.5579
  37.0791 22924.7538  223.2813 -999.9000    0.0000    0.0000    5.6760   88.6106
  36.1962 23081.6332  223.4042 -999.9000    0.0000    0.0000    5.9376   88.6649
  35.3349 23238.5126  223.1466 -999.9000    0.0000    0.0000    6.1492   88.7211
  34.4951 23395.3920  222.7258 -999.9000    0.0000    0.0000    6.3501   88.7793
  33.6765 23552.2714  222.3593 -999.9000    0.0000    0.0000    6.5798   88.8396
  32.8792 23709.1508  222.2644 -999.9000    0.0000    0.0000    6.8778   88.9021
  32.1025 23866.0302  222.5831 -999.9000    0.0000    0.0000    7.2561   88.9664
  31.3447 24022.9095  223.1773 -999.9000    0.0000    0.0000    7.6263   89.0294
  30.6036 24179.7889  223.8449 -999.9000    0.0000    0.0000    7.8769   89.0878
  29.8779 24336.6683  224.3582 -999.9000    0.0000    0.0000    7.9159   89.1301
  29.1715 24493.5477  224.4276 -999.9000    0.0000    0.0000    7.8475   89.0898
  28.4842 24650.4271  224.3007 -999.9000    0.0000    0.0000    7.7241   88.9796
  27.8138 24807.3065  224.3461 -999.9000    0.0000    0.0000    7.5596   88.8366
  27.1583 24964.1859  224.9306 -999.9000    0.0000    0.0000    7.3677   88.6979
  26.5173 25121.0653  226.1152 -999.9000    0.0000    0.0000    7.1692   88.5852
  25.8939 25277.9447  227.3122 -999.9000    0.0000    0.0000    6.9987   88.4883
  25.2914 25434.8241  227.8507 -999.9000    0.0000    0.0000    6.8933   88.3927
  24.7096 25591.7035  227.3646 -999.9000    0.0000    0.0000    6.9343   88.3136
  24.1354 25748.5829  226.8393 -999.9000    0.0000    0.0000    7.2826   88.3442
  23.5706 25905.4623  226.6078 -999.9000    0.0000    0.0000    7.8407   88.4419
  23.0189 26062.3417  226.8793 -999.9000    0.0000    0.0000    8.4838   88.5480
  22.4826 26219.2211  227.7194 -999.9000    0.0000    0.0000    9.1114   88.6216
  21.9608 26376.1005  228.8220 -999.9000    0.0000    0.0000    9.6849   88.6692
  21.4521 26532.9799  229.8225 -999.9000    0.0000    0.0000   10.1764   88.7041
  20.9548 26689.8593  230.3560 -999.9000    0.0000    0.0000   10.5574   88.7401
  20.4676 26846.7387  230.0576 -999.9000    0.0000    0.0000   10.7996   88.7908
  19.9891 27003.6181  228.5979 -999.9000    0.0000    0.0000   10.8679   88.8671
  19.5243 27160.4975  227.6984 -999.9000    0.0000    0.0000   10.4005   88.8331
  19.0752 27317.3769  228.1465 -999.9000    0.0000    0.0000    9.4695   88.6652
  18.6391 27474.2563  229.3617 -999.9000    0.0000    0.0000    8.4695   88.4541
  18.2135 27631.1357  230.7640 -999.9000    0.0000    0.0000    7.7951   88.2905
  17.7959 27788.0151  231.7821 -999.9000    0.0000    0.0000    7.8179   88.2601
  17.3864 27944.8945  232.0690 -999.9000    0.0000    0.0000    8.3592   88.3267
  16.9866 28101.7739  231.6511 -999.9000    0.0000    0.0000    8.9377   88.3867
  16.5963 28258.6533  230.8248 -999.9000    0.0000    0.0000    9.5190   88.4341
  16.2153 28415.5327  229.9144 -999.9000    0.0000    0.0000   10.1174   88.4734
  15.8432 28572.4121  229.2435 -999.9000    0.0000    0.0000   10.7478   88.5095
  15.4798 28729.2915  229.1302 -999.9000    0.0000    0.0000   11.4226   88.5468
  15.1246 28886.1709  229.5356 -999.9000    0.0000    0.0000   12.0397   88.5881
  14.7769 29043.0503  229.9030 -999.9000    0.0000    0.0000   12.3353   88.6333
  14.4368 29199.9296  230.0686 -999.9000    0.0000    0.0000   12.2448   88.6841
  14.1043 29356.8090  230.1699 -999.9000    0.0000    0.0000   11.8497   88.7433
  13.7798 29513.6884  230.3503 -999.9000    0.0000    0.0000   11.2344   88.8140
  13.4633 29670.5678  230.7535 -999.9000    0.0000    0.0000   10.4835   88.8992
  13.1552 29827.4472  231.5228 -999.9000    0.0000    0.0000    9.6814   89.0018
  12.8555 29984.3266  232.7450 -999.9000    0.0000    0.0000    8.9106   89.1215
  12.5638 30141.2060  234.1075 -999.9000    0.0000    0.0000    8.2393   89.2343
  12.2794 30298.0854  235.1287 -999.9000    0.0000    0.0000    7.7294   89.3059
  12.0018 30454.9648  235.3260 -999.9000    0.0000    0.0000    7.4433   89.3022
  11.7304 30611.8442  234.4715 -999.9000    0.0000    0.0000    7.4019   89.2026
  11.4650 30768.7236  233.3770 -999.9000    0.0000    0.0000    7.4602   89.0420
  11.2056 30925.6030  233.1190 -999.9000    0.0000    0.0000    7.4305   88.8691
  10.9522 31082.4824  234.3494 -999.9000    0.0000    0.0000    7.1928   88.7216
  10.7056 31239.3618  235.9082 -999.9000    0.0000    0.0000    6.9164   88.5894
  10.4661 31396.2412  236.4773 -999.9000    0.0000    0.0000    6.7983   88.4534
  10.2318 31553.1206  236.1368 -999.9000    0.0000    0.0000    6.8241   88.3118
  10.0000 31710.0000  235.3415 -999.9000    0.0000    0.0000    6.9230   88.1674
