# 06610 LSMP Payerne Observations at 12Z 30 Jul 2008
# Radiosonde file generated by raso.rb
#
  P [hPa],     Z [m],    T [K],   Td [K],   RH [%], r [g/kg], WS [m/s], WD [deg]
 962.0000   491.0000  298.0207 -999.9000   66.1734   13.6900    2.2738   93.0543
 944.6891   647.8794  296.0295 -999.9000   67.7280   12.6302    4.7545   92.6754
 927.6873   804.7588  294.7030 -999.9000   79.4577   13.9071    2.4037   92.9144
 911.0964   961.6382  293.4704 -999.9000   79.9114   14.4362    0.6444   92.0428
 894.7070  1118.5176  292.5876 -999.9000   79.9062   14.3064    1.6068   90.9797
 878.5406  1275.3970  292.3392 -999.9000   79.9663   13.3485    2.5952   90.6229
 862.6769  1432.2764  291.0012 -999.9000   80.8719   13.5129    2.8301   90.4248
 846.9845  1589.1558  289.7927 -999.9000   80.1858   13.9027    4.4393   90.3491
 831.5533  1746.0352  289.4723 -999.9000   80.6552   13.2228    5.3256   90.3950
 816.3570  1902.9146  288.1788 -999.9000   80.5355   11.9693    6.4329   90.4496
 801.3249  2059.7940  286.6036 -999.9000   80.2475   11.5640    7.0566   90.4939
 786.5365  2216.6734  285.2594 -999.9000   80.0844   10.4184    7.8034   90.5367
 771.9169  2373.5528  284.0337 -999.9000   80.4618    8.7627    8.9916   90.5644
 757.5041  2530.4322  282.9797 -999.9000   80.3194    8.5006    9.5176   90.6155
 743.3854  2687.3116  282.4072 -999.9000   77.6705    7.5803    8.4003   90.6080
 729.2940  2844.1910  281.3339 -999.9000   60.2988    5.5688    8.1454   90.6173
 715.5826  3001.0704  280.2862 -999.9000   50.0488    4.3807    9.7109   90.6971
 702.0616  3157.9497  279.1011 -999.9000   51.5233    4.2344   10.9752   90.7782
 688.7126  3314.8291  277.6212 -999.9000   58.8260    4.4448   11.0441   90.8007
 675.5482  3471.7085  275.9910 -999.9000   68.0992    4.6752   11.2705   90.8205
 662.5494  3628.5879  274.5106 -999.9000   74.0255    4.6607   11.8511   90.8487
 649.7305  3785.4673  273.4964 -999.9000   67.1599    4.0055   12.1182   90.8627
 637.1240  3942.3467  272.6377 -999.9000   55.0481    3.1437   11.4092   90.9118
 624.7467  4099.2261  271.6166 -999.9000   50.0799    2.7055    9.8319   91.0167
 612.5275  4256.1055  270.5493 -999.9000   50.0115    2.5464    9.3689   91.0465
 600.5160  4412.9849  269.9339 -999.9000   38.1459    1.8919    9.6183   91.0390
 588.7253  4569.8643  269.3307 -999.9000   22.7247    1.0986    9.7714   91.0433
 577.1128  4726.7437  268.0297 -999.9000   18.1374    0.8108    9.7909   91.0483
 565.6299  4883.6231  267.1862 -999.9000   17.0080    0.7276    9.7227   91.0538
 554.4053  5040.5025  266.6176 -999.9000   13.4787    0.5634    9.0035   91.1400
 543.3471  5197.3819  265.9363 -999.9000   12.8210    0.5190    8.1953   91.2153
 532.4739  5354.2613  264.9058 -999.9000   22.1725    0.8459    8.5718   91.2112
 521.8251  5511.1407  263.8540 -999.9000   24.0187    0.8613    9.2988   91.1806
 511.3144  5668.0201  263.0600 -999.9000   14.0838    0.4842    9.9518   91.1583
 500.9731  5824.8995  261.7159 -999.9000   12.9708    0.4090   10.6265   91.1344
 490.8286  5981.7789  260.1020 -999.9000   18.3995    0.5200   10.7552   91.1143
 480.7236  6138.6583  258.9864 -999.9000   29.2317    0.7703   11.0638   91.0832
 470.8214  6295.5377  257.6966 -999.9000   31.4996    0.7621   11.1369   91.0728
 461.0900  6452.4171  256.2676 -999.9000   30.8376    0.6762   10.8349   90.9894
 451.4963  6609.2965  254.9648 -999.9000   32.0159    0.6422    9.8039   90.8335
 442.0676  6766.1759  253.8868 -999.9000   32.5949    0.6091    8.8914   90.7116
 432.8253  6923.0553  252.9185 -999.9000   32.3159    0.5674    9.7805   90.6964
 423.7241  7079.9347  251.5048 -999.9000   36.0256    0.5712   10.6421   90.7318
 414.7432  7236.8141  249.7919 -999.9000   41.2556    0.5742   10.4219   90.7585
 405.9174  7393.6935  248.7879 -999.9000   31.8446    0.4138   10.6329   90.7794
 397.1974  7550.5729  247.4912 -999.9000   27.2614    0.3219   10.8836   90.7881
 388.6475  7707.4523  246.0876 -999.9000   31.1896    0.3308   11.0117   90.8405
 380.2876  7864.3317  245.0605 -999.9000   34.8450    0.3433   11.2306   90.9010
 372.0784  8021.2111  244.2315 -999.9000   39.1213    0.3645   11.3659   90.8924
 363.9826  8178.0905  243.4261 -999.9000   45.2553    0.3994   11.2633   90.7526
 356.0087  8334.9698  242.5605 -999.9000   54.5063    0.4529   11.2336   90.7678
 348.2042  8491.8492  241.6535 -999.9000   60.6421    0.5188   11.8238   91.3797
 340.5609  8648.7286  240.7880 -999.9000   65.0443    0.5272   12.0468   91.7004
 333.0575  8805.6080  239.9137 -999.9000   65.6603    0.4852   11.9803   91.6152
 325.6771  8962.4874  238.9301 -999.9000   65.0932    0.4338   12.2704   91.4555
 318.4095  9119.3668  237.7213 -999.9000   65.8912    0.3977   13.1858   91.4682
 311.2701  9276.2462  236.0773 -999.9000   60.7880    0.3338   13.3406   91.4746
 304.2599  9433.1256  234.5001 -999.9000   55.6057    0.2938   13.5622   91.4194
 297.3812  9590.0050  233.4113 -999.9000   50.7609    0.2688   14.0421   91.3896
 290.6045  9746.8844  232.1618 -999.9000   45.5502    0.2331   14.3691   91.3805
 283.9369  9903.7638  230.7637 -999.9000   45.8529    0.2031   14.7458   91.3479
 277.3870 10060.6432  229.2628 -999.9000   45.7070    0.1789   15.1344   91.3074
 270.9631 10217.5226  227.6989 -999.9000   45.6473    0.1538   15.4026   91.2950
 264.6694 10374.4020  226.1462 -999.9000   45.7600    0.1244   15.4601   91.3378
 258.4744 10531.2814  224.9117 -999.9000   45.2698    0.1097   15.6078   91.3756
 252.3757 10688.1608  223.8775 -999.9000   45.5880    0.1034   15.8744   91.3933
 246.3812 10845.0402  222.8146 -999.9000   40.3009    0.0916   16.1782   91.3978
 240.4896 11001.9196  221.6157 -999.9000   35.7371    0.0742   16.4658   91.3965
 234.6950 11158.7990  220.2761 -999.9000   35.9908    0.0604   16.7079   91.3968
 229.0082 11315.6784  218.8922 -999.9000   35.5329    0.0528   16.8986   91.3986
 223.4492 11472.5578  217.6118 -999.9000   35.0034    0.0500   17.0445   91.3982
 218.0236 11629.4372  216.4112 -999.9000   30.1513    0.0480   16.8639   91.4126
 212.6609 11786.3166  214.7414 -999.9000   25.6272    0.0350   15.2065   91.5070
 207.3913 11943.1960  213.9137 -999.9000   23.7901    0.0295   14.0522   91.4951
 202.2510 12100.0754  214.6226 -999.9000   18.0191    0.0410   13.7725   91.5711
 197.2536 12256.9548  216.0265 -999.9000    9.1042    0.0304   11.7980   92.1270
 192.4469 12413.8342  218.4239 -999.9000    2.6470    0.0062   12.2737   91.9985
 187.8076 12570.7136  218.2438 -999.9000    0.2371    0.0003   12.5410   91.9213
 183.2603 12727.5930  217.0106 -999.9000    0.2957    0.0003   12.2723   91.8946
 178.8033 12884.4724  216.5991 -999.9000    0.0000    0.0000   12.0614   91.8603
 174.4458 13041.3518  217.0028 -999.9000    0.0133    0.0000   12.2151   91.7991
 170.1876 13198.2312  217.2276 -999.9000    0.0000    0.0000   12.7593   91.6668
 166.0391 13355.1106  217.3940 -999.9000    0.0000    0.0000   13.3964   91.5392
 162.0101 13511.9899  217.0148 -999.9000    0.0002    0.0000   13.7110   91.4198
 158.0706 13668.8693  216.0259 -999.9000    0.0000    0.0000   13.3416   91.3880
 154.1974 13825.7487  215.1468 -999.9000    0.0000    0.0000   12.1922   91.4693
 150.4126 13982.6281  215.0729 -999.9000    0.0000    0.0000   10.2880   91.5650
 146.7292 14139.5075  215.9935 -999.9000    0.0000    0.0000   10.2174   91.5673
 143.1108 14296.3869  214.2070 -999.9000    0.0000    0.0000   10.1412   91.5696
 139.5597 14453.2663  216.6155 -999.9000    0.0000    0.0000   10.1110   91.5684
 136.1266 14610.1457  214.2705 -999.9000    0.0000    0.0000   10.1019   91.5540
 132.7619 14767.0251  213.3925 -999.9000    0.0000    0.0000   10.0956   91.5347
 129.4754 14923.9045  214.3846 -999.9000    0.0000    0.0000   10.0861   91.5197
 126.2897 15080.7839  215.4891 -999.9000    0.0000    0.0000   10.0648   91.5108
 123.1790 15237.6633  216.7180 -999.9000    0.0000    0.0000   10.0699   91.4644
 120.1481 15394.5427  217.1947 -999.9000    0.0000    0.0000    9.9153   91.3748
 117.2138 15551.4221  216.5560 -999.9000    0.0000    0.0000    9.5413   91.2661
 114.3435 15708.3015  216.4685 -999.9000    0.0000    0.0000    9.2054   91.1464
 111.5416 15865.1809  216.2330 -999.9000    0.0000    0.0000    8.6101   91.1933
 108.8149 16022.0603  217.5545 -999.9000    0.0000    0.0000    7.7814   91.4869
 106.1648 16178.9397  217.6167 -999.9000    0.0000    0.0000    7.3057   91.3484
 103.5767 16335.8191  217.2574 -999.9000    0.0000    0.0000    5.8613   91.9971
 101.0524 16492.6985  219.3085 -999.9000    0.0000    0.0000    1.3702   90.4089
  98.6148 16649.5779  217.9209 -999.9000    0.0000    0.0000    0.5818   90.4014
  96.2203 16806.4573  217.1830 -999.9000    0.0000    0.0000    0.2576   87.2598
  93.8688 16963.3367  216.4671 -999.9000    0.0000    0.0000    0.8124   90.4014
  91.5836 17120.2161  216.3442 -999.9000    0.0000    0.0000    1.6682   90.4014
  89.3567 17277.0955  216.3176 -999.9000    0.0000    0.0000    2.2907   90.4014
  87.1784 17433.9749  215.8390 -999.9000    0.0000    0.0000    2.9768   90.3927
  85.0453 17590.8543  215.0203 -999.9000    0.0000    0.0000    3.8932   90.0754
  82.9608 17747.7337  214.6851 -999.9000    0.0000    0.0000    5.0666   90.9865
  80.9282 17904.6131  215.3165 -999.9000    0.0000    0.0000    6.2137   90.6807
  78.9484 18061.4925  215.9450 -999.9000    0.0000    0.0000    6.1060   90.4907
  77.0217 18218.3719  216.6011 -999.9000    0.0000    0.0000    5.1470   90.6714
  75.1483 18375.2513  217.6424 -999.9000    0.0000    0.0000    4.1913   90.9237
  73.3271 18532.1307  218.7271 -999.9000    0.0000    0.0000    3.5696   91.0464
  71.5556 18689.0101  218.8358 -999.9000    0.0000    0.0000    3.1039   90.9336
  69.8260 18845.8894  217.7038 -999.9000    0.0000    0.0000    2.4880   91.0562
  68.1227 19002.7688  217.3978 -999.9000    0.0000    0.0000    1.3552   91.7656
  66.4601 19159.6482  217.7331 -999.9000    0.0000    0.0000    0.3364   89.5288
  64.8418 19316.5276  218.2033 -999.9000    0.0000    0.0000    0.0417   87.4851
  63.2670 19473.4070  218.5949 -999.9000    0.0000    0.0000    0.6014   87.9468
  61.7318 19630.2864  219.1462 -999.9000    0.0000    0.0000    1.2070   88.3028
  60.2355 19787.1658  219.3512 -999.9000    0.0000    0.0000    1.9718   88.5476
  58.7762 19944.0452  219.0497 -999.9000    0.0000    0.0000    2.8361   88.9105
  57.3501 20100.9246  218.6682 -999.9000    0.0000    0.0000    3.2956   89.0671
  55.9562 20257.8040  218.4010 -999.9000    0.0000    0.0000    3.2530   88.9446
  54.5968 20414.6834  218.1687 -999.9000    0.0000    0.0000    3.0737   88.7725
  53.2731 20571.5628  218.1233 -999.9000    0.0000    0.0000    2.9209   88.6461
  51.9860 20728.4422  218.5758 -999.9000    0.0000    0.0000    2.8116   88.5640
  50.7361 20885.3216  219.8399 -999.9000    0.0000    0.0000    2.7602   88.5228
  49.5229 21042.2010  221.6272 -999.9000    0.0000    0.0000    2.7503   88.5126
  48.3394 21199.0804  221.0279 -999.9000    0.0000    0.0000    3.1314   88.5757
  47.1874 21355.9598  221.1181 -999.9000    0.0000    0.0000    4.3023   88.7747
  46.0647 21512.8392  221.5358 -999.9000    0.0000    0.0000    5.3780   88.9472
  44.9691 21669.7186  221.8017 -999.9000    0.0000    0.0000    5.6259   88.9570
  43.8989 21826.5980  221.8524 -999.9000    0.0000    0.0000    5.2779   88.8369
  42.8525 21983.4774  221.7483 -999.9000    0.0000    0.0000    4.8504   88.6697
  41.8295 22140.3568  221.5370 -999.9000    0.0000    0.0000    4.6319   88.5214
  40.8309 22297.2362  221.2467 -999.9000    0.0000    0.0000    4.5599   88.4316
  39.8584 22454.1156  220.9063 -999.9000    0.0000    0.0000    4.5423   88.4374
  38.9104 22610.9950  221.3421 -999.9000    0.0000    0.0000    4.7266   88.5046
  37.9838 22767.8744  222.6470 -999.9000    0.0000    0.0000    5.1688   88.5579
  37.0791 22924.7538  223.3847 -999.9000    0.0000    0.0000    5.5374   88.6106
  36.1962 23081.6332  223.5236 -999.9000    0.0000    0.0000    5.8158   88.6649
  35.3349 23238.5126  223.2814 -999.9000    0.0000    0.0000    6.0434   88.7211
  34.4951 23395.3920  222.8752 -999.9000    0.0000    0.0000    6.2597   88.7793
  33.6765 23552.2714  222.5225 -999.9000    0.0000    0.0000    6.5040   88.8396
  32.8792 23709.1508  222.4406 -999.9000    0.0000    0.0000    6.8159   88.9021
  32.1025 23866.0302  222.7713 -999.9000    0.0000    0.0000    7.2075   88.9664
  31.3447 24022.9095  223.3766 -999.9000    0.0000    0.0000    7.5903   89.0294
  30.6036 24179.7889  224.0542 -999.9000    0.0000    0.0000    7.8529   89.0878
  29.8779 24336.6683  224.5763 -999.9000    0.0000    0.0000    7.9033   89.1301
  29.1715 24493.5477  224.6534 -999.9000    0.0000    0.0000    7.8456   89.0898
  28.4842 24650.4271  224.5330 -999.9000    0.0000    0.0000    7.7323   88.9796
  27.8138 24807.3065  224.5835 -999.9000    0.0000    0.0000    7.5775   88.8366
  27.1583 24964.1859  225.1718 -999.9000    0.0000    0.0000    7.3947   88.6979
  26.5173 25121.0653  226.3590 -999.9000    0.0000    0.0000    7.2047   88.5852
  25.8939 25277.9447  227.5574 -999.9000    0.0000    0.0000    7.0424   88.4883
  25.2914 25434.8241  228.0964 -999.9000    0.0000    0.0000    6.9448   88.3927
  24.7096 25591.7035  227.6098 -999.9000    0.0000    0.0000    6.9932   88.3136
  24.1354 25748.5829  227.0831 -999.9000    0.0000    0.0000    7.3488   88.3442
  23.5706 25905.4623  226.8496 -999.9000    0.0000    0.0000    7.9139   88.4419
  23.0189 26062.3417  227.1184 -999.9000    0.0000    0.0000    8.5638   88.5480
  22.4826 26219.2211  227.9552 -999.9000    0.0000    0.0000    9.1981   88.6216
  21.9608 26376.1005  229.0541 -999.9000    0.0000    0.0000    9.7783   88.6692
  21.4521 26532.9799  230.0507 -999.9000    0.0000    0.0000   10.2765   88.7041
  20.9548 26689.8593  230.5799 -999.9000    0.0000    0.0000   10.6643   88.7401
  20.4676 26846.7387  230.2772 -999.9000    0.0000    0.0000   10.9134   88.7908
  19.9891 27003.6181  228.8131 -999.9000    0.0000    0.0000   10.9887   88.8671
  19.5243 27160.4975  227.9092 -999.9000    0.0000    0.0000   10.5285   88.8331
  19.0752 27317.3769  228.3531 -999.9000    0.0000    0.0000    9.6051   88.6652
  18.6391 27474.2563  229.5644 -999.9000    0.0000    0.0000    8.6130   88.4541
  18.2135 27631.1357  230.9632 -999.9000    0.0000    0.0000    7.9468   88.2905
  17.7959 27788.0151  231.9782 -999.9000    0.0000    0.0000    7.9784   88.2601
  17.3864 27944.8945  232.2626 -999.9000    0.0000    0.0000    8.5289   88.3267
  16.9866 28101.7739  231.8428 -999.9000    0.0000    0.0000    9.1172   88.3867
  16.5963 28258.6533  231.0155 -999.9000    0.0000    0.0000    9.7088   88.4341
  16.2153 28415.5327  230.1049 -999.9000    0.0000    0.0000   10.3183   88.4734
  15.8432 28572.4121  229.4347 -999.9000    0.0000    0.0000   10.9604   88.5095
  15.4798 28729.2915  229.3232 -999.9000    0.0000    0.0000   11.6477   88.5468
  15.1246 28886.1709  229.7316 -999.9000    0.0000    0.0000   12.2782   88.5881
  14.7769 29043.0503  230.1033 -999.9000    0.0000    0.0000   12.5881   88.6333
  14.4368 29199.9296  230.2744 -999.9000    0.0000    0.0000   12.5128   88.6841
  14.1043 29356.8090  230.3828 -999.9000    0.0000    0.0000   12.1338   88.7433
  13.7798 29513.6884  230.5719 -999.9000    0.0000    0.0000   11.5358   88.8140
  13.4633 29670.5678  230.9854 -999.9000    0.0000    0.0000   10.8031   88.8992
  13.1552 29827.4472  231.7668 -999.9000    0.0000    0.0000   10.0205   89.0018
  12.8555 29984.3266  233.0029 -999.9000    0.0000    0.0000    9.2704   89.1215
  12.5638 30141.2060  234.3814 -999.9000    0.0000    0.0000    8.6210   89.2343
  12.2794 30298.0854  235.4205 -999.9000    0.0000    0.0000    8.1344   89.3059
  12.0018 30454.9648  235.6379 -999.9000    0.0000    0.0000    7.8729   89.3022
  11.7304 30611.8442  234.8058 -999.9000    0.0000    0.0000    7.8576   89.2026
  11.4650 30768.7236  233.7361 -999.9000    0.0000    0.0000    7.9434   89.0420
  11.2056 30925.6030  233.5053 -999.9000    0.0000    0.0000    7.9428   88.8691
  10.9522 31082.4824  234.7655 -999.9000    0.0000    0.0000    7.7358   88.7216
  10.7056 31239.3618  236.3568 -999.9000    0.0000    0.0000    7.4917   88.5894
  10.4661 31396.2412  236.9611 -999.9000    0.0000    0.0000    7.4076   88.4534
  10.2318 31553.1206  236.6586 -999.9000    0.0000    0.0000    7.4692   88.3118
  10.0000 31710.0000  235.9044 -999.9000    0.0000    0.0000    7.6057   88.1674
