# 06610 LSMP Payerne Observations at 12Z 30 Jul 2008
# Radiosonde file generated by raso.rb
#
  P [hPa],     Z [m],    T [K],   Td [K],   RH [%], r [g/kg], WS [m/s], WD [deg]
 962.0000   491.0000  297.6788 -999.9000   66.1517   13.6900    2.1789   93.0543
 944.6891   647.8794  295.6156 -999.9000   67.7255   12.6302    4.6155   92.6754
 927.6873   804.7588  294.2236 -999.9000   79.4755   13.9071    2.2235   92.9144
 911.0964   961.6382  292.9316 -999.9000   79.9481   14.4362    0.4259   92.0428
 894.7070  1118.5176  291.9954 -999.9000   79.9595   14.3064    1.3528   90.9797
 878.5406  1275.3970  291.6995 -999.9000   80.0344   13.3485    2.3085   90.6229
 862.6769  1432.2764  290.3195 -999.9000   80.9537   13.5129    2.5134   90.4248
 846.9845  1589.1558  289.0746 -999.9000   80.2779   13.9027    4.0952   90.3491
 831.5533  1746.0352  288.7230 -999.9000   80.7572   13.2228    4.9568   90.3950
 816.3570  1902.9146  287.4032 -999.9000   80.6450   11.9693    6.0418   90.4496
 801.3249  2059.7940  285.8067 -999.9000   80.3627   11.5640    6.6458   90.4939
 786.5365  2216.6734  284.4458 -999.9000   80.2039   10.4184    7.3752   90.5367
 771.9169  2373.5528  283.2077 -999.9000   80.5850    8.7627    8.5484   90.5644
 757.5041  2530.4322  282.1458 -999.9000   80.4441    8.5006    9.0618   90.6155
 743.3854  2687.3116  281.5693 -999.9000   77.7916    7.5803    7.9340   90.6080
 729.2940  2844.1910  280.4959 -999.9000   60.3924    5.5688    7.6708   90.6173
 715.5826  3001.0704  279.4518 -999.9000   50.1255    4.3807    9.2303   90.6971
 702.0616  3157.9497  278.2738 -999.9000   51.6005    4.2344   10.4905   90.7782
 688.7126  3314.8291  276.8043 -999.9000   58.9115    4.4448   10.5574   90.8007
 675.5482  3471.7085  275.1875 -999.9000   68.1946    4.6752   10.7837   90.8205
 662.5494  3628.5879  273.7235 -999.9000   74.1245    4.6607   11.3661   90.8487
 649.7305  3785.4673  272.7283 -999.9000   67.2448    4.0055   11.6369   90.8627
 637.1240  3942.3467  271.8911 -999.9000   55.1133    3.1437   10.9333   90.9118
 624.7467  4099.2261  270.8938 -999.9000   50.1350    2.7055    9.3631   91.0167
 612.5275  4256.1055  269.8525 -999.9000   50.0620    2.5464    8.9089   91.0465
 600.5160  4412.9849  269.2649 -999.9000   38.1808    1.8919    9.1687   91.0390
 588.7253  4569.8643  268.6914 -999.9000   22.7433    1.0986    9.3337   91.0433
 577.1128  4726.7437  267.4215 -999.9000   18.1505    0.8108    9.3667   91.0483
 565.6299  4883.6231  266.6105 -999.9000   17.0185    0.7276    9.3134   91.0538
 554.4053  5040.5025  266.0754 -999.9000   13.4858    0.5634    8.6104   91.1400
 543.3471  5197.3819  265.4287 -999.9000   12.8264    0.5190    7.8197   91.2153
 532.4739  5354.2613  264.4334 -999.9000   22.1798    0.8459    8.2150   91.2112
 521.8251  5511.1407  263.4174 -999.9000   24.0243    0.8613    8.9620   91.1806
 511.3144  5668.0201  262.6595 -999.9000   14.0859    0.4842    9.6361   91.1583
 500.9731  5824.8995  261.3518 -999.9000   12.9716    0.4090   10.3330   91.1344
 490.8286  5981.7789  259.7742 -999.9000   18.3993    0.5200   10.4848   91.1143
 480.7236  6138.6583  258.6945 -999.9000   29.2293    0.7703   10.8177   91.0832
 470.8214  6295.5377  257.4405 -999.9000   31.4951    0.7621   10.9158   91.0728
 461.0900  6452.4171  256.0464 -999.9000   30.8316    0.6762   10.6397   90.9894
 451.4963  6609.2965  254.7777 -999.9000   32.0084    0.6422    9.6354   90.8335
 442.0676  6766.1759  253.7329 -999.9000   32.5863    0.6091    8.7503   90.7116
 432.8253  6923.0553  252.7966 -999.9000   32.3069    0.5674    9.6675   90.6964
 423.7241  7079.9347  251.4134 -999.9000   36.0155    0.5712   10.5578   90.7318
 414.7432  7236.8141  249.7295 -999.9000   41.2446    0.5742   10.3669   90.7585
 405.9174  7393.6935  248.7526 -999.9000   31.8370    0.4138   10.6076   90.7794
 397.1974  7550.5729  247.4811 -999.9000   27.2561    0.3219   10.8885   90.7881
 388.6475  7707.4523  246.1008 -999.9000   31.1855    0.3308   11.0470   90.8405
 380.2876  7864.3317  245.0948 -999.9000   34.8431    0.3433   11.2965   90.9010
 372.0784  8021.2111  244.2849 -999.9000   39.1226    0.3645   11.4624   90.8924
 363.9826  8178.0905  243.4968 -999.9000   45.2613    0.3994   11.3901   90.7526
 356.0087  8334.9698  242.6465 -999.9000   54.5196    0.4529   11.3904   90.7678
 348.2042  8491.8492  241.7529 -999.9000   60.6641    0.5188   12.0101   91.3797
 340.5609  8648.7286  240.8988 -999.9000   65.0761    0.5272   12.2618   91.7004
 333.0575  8805.6080  240.0341 -999.9000   65.7010    0.4852   12.2232   91.6152
 325.6771  8962.4874  239.0583 -999.9000   65.1423    0.4338   12.5401   91.4555
 318.4095  9119.3668  237.8553 -999.9000   65.9500    0.3977   13.4812   91.4682
 311.2701  9276.2462  236.2154 -999.9000   60.8506    0.3338   13.6603   91.4746
 304.2599  9433.1256  234.6404 -999.9000   55.6707    0.2938   13.9047   91.4194
 297.3812  9590.0050  233.5521 -999.9000   50.8272    0.2688   14.4057   91.3896
 290.6045  9746.8844  232.3013 -999.9000   45.6157    0.2331   14.7520   91.3805
 283.9369  9903.7638  230.9002 -999.9000   45.9247    0.2031   15.1458   91.3479
 277.3870 10060.6432  229.3945 -999.9000   45.7841    0.1789   15.5495   91.3074
 270.9631 10217.5226  227.8241 -999.9000   45.7295    0.1538   15.8304   91.2950
 264.6694 10374.4020  226.2633 -999.9000   45.8471    0.1244   15.8981   91.3378
 258.4744 10531.2814  225.0190 -999.9000   45.3602    0.1097   16.0533   91.3756
 252.3757 10688.1608  223.9733 -999.9000   45.6828    0.1034   16.3246   91.3933
 246.3812 10845.0402  222.8973 -999.9000   40.3874    0.0916   16.6300   91.3978
 240.4896 11001.9196  221.6837 -999.9000   35.8156    0.0742   16.9162   91.3965
 234.6950 11158.7990  220.3280 -999.9000   36.0712    0.0604   17.1537   91.3968
 229.0082 11315.6784  218.9268 -999.9000   35.6130    0.0528   17.3372   91.3986
 223.4492 11472.5578  217.6283 -999.9000   35.0827    0.0500   17.4734   91.3982
 218.0236 11629.4372  216.4090 -999.9000   30.2194    0.0480   17.2809   91.4126
 212.6609 11786.3166  214.7201 -999.9000   25.6847    0.0350   15.6098   91.5070
 207.3913 11943.1960  213.8732 -999.9000   23.8429    0.0295   14.4403   91.4951
 202.2510 12100.0754  214.5633 -999.9000   18.0584    0.0410   14.1441   91.5711
 197.2536 12256.9548  215.9487 -999.9000    9.1236    0.0304   12.1522   92.1270
 192.4469 12413.8342  218.3283 -999.9000    2.6525    0.0062   12.6098   91.9985
 187.8076 12570.7136  218.1316 -999.9000    0.2376    0.0003   12.8585   91.9213
 183.2603 12727.5930  216.8830 -999.9000    0.2963    0.0003   12.5712   91.8946
 178.8033 12884.4724  216.4576 -999.9000    0.0000    0.0000   12.3420   91.8603
 174.4458 13041.3518  216.8493 -999.9000    0.0133    0.0000   12.4778   91.7991
 170.1876 13198.2312  217.0643 -999.9000    0.0000    0.0000   13.0050   91.6668
 166.0391 13355.1106  217.2232 -999.9000    0.0000    0.0000   13.6262   91.5392
 162.0101 13511.9899  216.8391 -999.9000    0.0002    0.0000   13.9263   91.4198
 158.0706 13668.8693  215.8483 -999.9000    0.0000    0.0000   13.5441   91.3880
 154.1974 13825.7487  214.9704 -999.9000    0.0000    0.0000   12.3838   91.4693
 150.4126 13982.6281  214.9012 -999.9000    0.0000    0.0000   10.4711   91.5650
 146.7292 14139.5075  215.8302 -999.9000    0.0000    0.0000   10.3944   91.5673
 143.1108 14296.3869  214.0562 -999.9000    0.0000    0.0000   10.3151   91.5696
 139.5597 14453.2663  216.4814 -999.9000    0.0000    0.0000   10.2850   91.5684
 136.1266 14610.1457  214.1573 -999.9000    0.0000    0.0000   10.2791   91.5540
 132.7619 14767.0251  213.3039 -999.9000    0.0000    0.0000   10.2789   91.5347
 129.4754 14923.9045  214.3240 -999.9000    0.0000    0.0000   10.2783   91.5197
 126.2897 15080.7839  215.4595 -999.9000    0.0000    0.0000   10.2682   91.5108
 123.1790 15237.6633  216.7219 -999.9000    0.0000    0.0000   10.2868   91.4644
 120.1481 15394.5427  217.2343 -999.9000    0.0000    0.0000   10.1476   91.3748
 117.2138 15551.4221  216.6331 -999.9000    0.0000    0.0000    9.7906   91.2661
 114.3435 15708.3015  216.5844 -999.9000    0.0000    0.0000    9.4732   91.1464
 111.5416 15865.1809  216.3887 -999.9000    0.0000    0.0000    8.8977   91.1933
 108.8149 16022.0603  217.7505 -999.9000    0.0000    0.0000    8.0897   91.4869
 106.1648 16178.9397  217.8532 -999.9000    0.0000    0.0000    7.6354   91.3484
 103.5767 16335.8191  217.5341 -999.9000    0.0000    0.0000    6.2128   91.9971
 101.0524 16492.6985  219.6248 -999.9000    0.0000    0.0000    1.7438   90.4089
  98.6148 16649.5779  218.2758 -999.9000    0.0000    0.0000    0.9775   90.4014
  96.2203 16806.4573  217.5750 -999.9000    0.0000    0.0000    0.1600   90.4014
  93.8688 16963.3367  216.8944 -999.9000    0.0000    0.0000    1.2513   90.4014
  91.5836 17120.2161  216.8045 -999.9000    0.0000    0.0000    2.1277   90.4014
  89.3567 17277.0955  216.8082 -999.9000    0.0000    0.0000    2.7697   90.4014
  87.1784 17433.9749  216.3569 -999.9000    0.0000    0.0000    3.4742   90.3927
  85.0453 17590.8543  215.5621 -999.9000    0.0000    0.0000    4.4074   90.0754
  82.9608 17747.7337  215.2468 -999.9000    0.0000    0.0000    5.5960   90.9865
  80.9282 17904.6131  215.8939 -999.9000    0.0000    0.0000    6.7562   90.6807
  78.9484 18061.4925  216.5337 -999.9000    0.0000    0.0000    6.6596   90.4907
  77.0217 18218.3719  217.1970 -999.9000    0.0000    0.0000    5.7096   90.6714
  75.1483 18375.2513  218.2414 -999.9000    0.0000    0.0000    4.7609   90.9237
  73.3271 18532.1307  219.3255 -999.9000    0.0000    0.0000    4.1444   91.0464
  71.5556 18689.0101  219.4300 -999.9000    0.0000    0.0000    3.6820   90.9336
  69.8260 18845.8894  218.2905 -999.9000    0.0000    0.0000    3.0676   91.0562
  68.1227 19002.7688  217.9737 -999.9000    0.0000    0.0000    1.9346   91.7656
  66.4601 19159.6482  218.2952 -999.9000    0.0000    0.0000    0.9140   89.5288
  64.8418 19316.5276  218.7489 -999.9000    0.0000    0.0000    0.6158   87.4851
  63.2670 19473.4070  219.1215 -999.9000    0.0000    0.0000    1.1705   87.9468
  61.7318 19630.2864  219.6514 -999.9000    0.0000    0.0000    1.7696   88.3028
  60.2355 19787.1658  219.8328 -999.9000    0.0000    0.0000    2.5265   88.5476
  58.7762 19944.0452  219.5057 -999.9000    0.0000    0.0000    3.3816   88.9105
  57.3501 20100.9246  219.0970 -999.9000    0.0000    0.0000    3.8305   89.0671
  55.9562 20257.8040  218.8009 -999.9000    0.0000    0.0000    3.7761   88.9446
  54.5968 20414.6834  218.5383 -999.9000    0.0000    0.0000    3.5837   88.7725
  53.2731 20571.5628  218.4616 -999.9000    0.0000    0.0000    3.4168   88.6461
  51.9860 20728.4422  218.8818 -999.9000    0.0000    0.0000    3.2923   88.5640
  50.7361 20885.3216  220.1130 -999.9000    0.0000    0.0000    3.2247   88.5228
  49.5229 21042.2010  221.8667 -999.9000    0.0000    0.0000    3.1977   88.5126
  48.3394 21199.0804  221.2335 -999.9000    0.0000    0.0000    3.5608   88.5757
  47.1874 21355.9598  221.2897 -999.9000    0.0000    0.0000    4.7128   88.7747
  46.0647 21512.8392  221.6735 -999.9000    0.0000    0.0000    5.7690   88.9472
  44.9691 21669.7186  221.9056 -999.9000    0.0000    0.0000    5.9965   88.9570
  43.8989 21826.5980  221.9230 -999.9000    0.0000    0.0000    5.6279   88.8369
  42.8525 21983.4774  221.7860 -999.9000    0.0000    0.0000    5.1791   88.6697
  41.8295 22140.3568  221.5426 -999.9000    0.0000    0.0000    4.9391   88.5214
  40.8309 22297.2362  221.2210 -999.9000    0.0000    0.0000    4.8454   88.4316
  39.8584 22454.1156  220.8503 -999.9000    0.0000    0.0000    4.8059   88.4374
  38.9104 22610.9950  221.2570 -999.9000    0.0000    0.0000    4.9682   88.5046
  37.9838 22767.8744  222.5342 -999.9000    0.0000    0.0000    5.3887   88.5579
  37.0791 22924.7538  223.2456 -999.9000    0.0000    0.0000    5.7355   88.6106
  36.1962 23081.6332  223.3598 -999.9000    0.0000    0.0000    5.9926   88.6649
  35.3349 23238.5126  223.0948 -999.9000    0.0000    0.0000    6.1993   88.7211
  34.4951 23395.3920  222.6677 -999.9000    0.0000    0.0000    6.3952   88.7793
  33.6765 23552.2714  222.2962 -999.9000    0.0000    0.0000    6.6197   88.8396
  32.8792 23709.1508  222.1978 -999.9000    0.0000    0.0000    6.9124   88.9021
  32.1025 23866.0302  222.5144 -999.9000    0.0000    0.0000    7.2857   88.9664
  31.3447 24022.9095  223.1081 -999.9000    0.0000    0.0000    7.6512   89.0294
  30.6036 24179.7889  223.7770 -999.9000    0.0000    0.0000    7.8974   89.0878
  29.8779 24336.6683  224.2933 -999.9000    0.0000    0.0000    7.9325   89.1301
  29.1715 24493.5477  224.3676 -999.9000    0.0000    0.0000    7.8608   89.0898
  28.4842 24650.4271  224.2476 -999.9000    0.0000    0.0000    7.7349   88.9796
  27.8138 24807.3065  224.3020 -999.9000    0.0000    0.0000    7.5688   88.8366
  27.1583 24964.1859  224.8975 -999.9000    0.0000    0.0000    7.3762   88.6979
  26.5173 25121.0653  226.0951 -999.9000    0.0000    0.0000    7.1779   88.5852
  25.8939 25277.9447  227.3067 -999.9000    0.0000    0.0000    7.0086   88.4883
  25.2914 25434.8241  227.8613 -999.9000    0.0000    0.0000    6.9052   88.3927
  24.7096 25591.7035  227.3927 -999.9000    0.0000    0.0000    6.9489   88.3136
  24.1354 25748.5829  226.8860 -999.9000    0.0000    0.0000    7.3009   88.3442
  23.5706 25905.4623  226.6739 -999.9000    0.0000    0.0000    7.8634   88.4419
  23.0189 26062.3417  226.9657 -999.9000    0.0000    0.0000    8.5116   88.5480
  22.4826 26219.2211  227.8264 -999.9000    0.0000    0.0000    9.1450   88.6216
  21.9608 26376.1005  228.9500 -999.9000    0.0000    0.0000    9.7250   88.6692
  21.4521 26532.9799  229.9717 -999.9000    0.0000    0.0000   10.2236   88.7041
  20.9548 26689.8593  230.5262 -999.9000    0.0000    0.0000   10.6123   88.7401
  20.4676 26846.7387  230.2485 -999.9000    0.0000    0.0000   10.8628   88.7908
  19.9891 27003.6181  228.8091 -999.9000    0.0000    0.0000   10.9399   88.8671
  19.5243 27160.4975  227.9291 -999.9000    0.0000    0.0000   10.4817   88.8331
  19.0752 27317.3769  228.3958 -999.9000    0.0000    0.0000    9.5605   88.6652
  18.6391 27474.2563  229.6287 -999.9000    0.0000    0.0000    8.5707   88.4541
  18.2135 27631.1357  231.0473 -999.9000    0.0000    0.0000    7.9069   88.2905
  17.7959 27788.0151  232.0802 -999.9000    0.0000    0.0000    7.9407   88.2601
  17.3864 27944.8945  232.3803 -999.9000    0.0000    0.0000    8.4932   88.3267
  16.9866 28101.7739  231.9736 -999.9000    0.0000    0.0000    9.0834   88.3867
  16.5963 28258.6533  231.1565 -999.9000    0.0000    0.0000    9.6765   88.4341
  16.2153 28415.5327  230.2530 -999.9000    0.0000    0.0000   10.2870   88.4734
  15.8432 28572.4121  229.5865 -999.9000    0.0000    0.0000   10.9297   88.5095
  15.4798 28729.2915  229.4749 -999.9000    0.0000    0.0000   11.6170   88.5468
  15.1246 28886.1709  229.8792 -999.9000    0.0000    0.0000   12.2466   88.5881
  14.7769 29043.0503  230.2425 -999.9000    0.0000    0.0000   12.5550   88.6333
  14.4368 29199.9296  230.4005 -999.9000    0.0000    0.0000   12.4773   88.6841
  14.1043 29356.8090  230.4908 -999.9000    0.0000    0.0000   12.0949   88.7433
  13.7798 29513.6884  230.6567 -999.9000    0.0000    0.0000   11.4925   88.8140
  13.4633 29670.5678  231.0413 -999.9000    0.0000    0.0000   10.7544   88.8992
  13.1552 29827.4472  231.7881 -999.9000    0.0000    0.0000    9.9650   89.0018
  12.8555 29984.3266  232.9834 -999.9000    0.0000    0.0000    9.2068   89.1215
  12.5638 30141.2060  234.3146 -999.9000    0.0000    0.0000    8.5479   89.2343
  12.2794 30298.0854  235.2998 -999.9000    0.0000    0.0000    8.0504   89.3059
  12.0018 30454.9648  235.4562 -999.9000    0.0000    0.0000    7.7764   89.3022
  11.7304 30611.8442  234.5558 -999.9000    0.0000    0.0000    7.7470   89.2026
  11.4650 30768.7236  233.4101 -999.9000    0.0000    0.0000    7.8169   89.0420
  11.2056 30925.6030  233.0954 -999.9000    0.0000    0.0000    7.7986   88.8691
  10.9522 31082.4824  234.2636 -999.9000    0.0000    0.0000    7.5720   88.7216
  10.7056 31239.3618  235.7542 -999.9000    0.0000    0.0000    7.3062   88.5894
  10.4661 31396.2412  236.2490 -999.9000    0.0000    0.0000    7.1984   88.4534
  10.2318 31553.1206  235.8279 -999.9000    0.0000    0.0000    7.2341   88.3118
  10.0000 31710.0000  234.9456 -999.9000    0.0000    0.0000    7.3424   88.1674
