# 06610 LSMP Payerne Observations at 12Z 30 Jul 2008
# Radiosonde file generated by raso.rb
#
  P [hPa],     Z [m],    T [K],   Td [K],   RH [%], r [g/kg], WS [m/s], WD [deg]
 962.0000   491.0000  297.9440 -999.9000   66.2184   13.6900    2.2650   93.0543
 944.6891   647.8794  295.9743 -999.9000   67.7736   12.6302    4.6839   92.6754
 927.6873   804.7588  294.6683 -999.9000   79.5109   13.9071    2.2779   92.9144
 911.0964   961.6382  293.4550 -999.9000   79.9649   14.4362    0.4698   92.0428
 894.7070  1118.5176  292.5903 -999.9000   79.9600   14.3064    1.3897   90.9797
 878.5406  1275.3970  292.3590 -999.9000   80.0208   13.3485    2.3415   90.6229
 862.6769  1432.2764  291.0369 -999.9000   80.9278   13.5129    2.5456   90.4248
 846.9845  1589.1558  289.8433 -999.9000   80.2423   13.9027    4.1294   90.3491
 831.5533  1746.0352  289.5367 -999.9000   80.7132   13.2228    4.9959   90.3950
 816.3570  1902.9146  288.2558 -999.9000   80.5947   11.9693    6.0883   90.4496
 801.3249  2059.7940  286.6922 -999.9000   80.3080   11.5640    6.7020   90.4939
 786.5365  2216.6734  285.3585 -999.9000   80.1463   10.4184    7.4435   90.5367
 771.9169  2373.5528  284.1422 -999.9000   80.5256    8.7627    8.6308   90.5644
 757.5041  2530.4322  283.0967 -999.9000   80.3846    8.5006    9.1603   90.6155
 743.3854  2687.3116  282.5316 -999.9000   77.7351    7.5803    8.0503   90.6080
 729.2940  2844.1910  281.4647 -999.9000   60.3502    5.5688    7.8066   90.6173
 715.5826  3001.0704  280.4223 -999.9000   50.0925    4.3807    9.3869   90.6971
 702.0616  3157.9497  279.2416 -999.9000   51.5692    4.2344   10.6693   90.7782
 688.7126  3314.8291  277.7651 -999.9000   58.8793    4.4448   10.7595   90.8007
 675.5482  3471.7085  276.1373 -999.9000   68.1620    4.6752   11.0100   90.8205
 662.5494  3628.5879  274.6583 -999.9000   74.0948    4.6607   11.6175   90.8487
 649.7305  3785.4673  273.6446 -999.9000   67.2235    4.0055   11.9140   90.8627
 637.1240  3942.3467  272.7853 -999.9000   55.1006    3.1437   11.2366   90.9118
 624.7467  4099.2261  271.7628 -999.9000   50.1280    2.7055    9.6929   91.0167
 612.5275  4256.1055  270.6931 -999.9000   50.0596    2.5464    9.2655   91.0465
 600.5160  4412.9849  270.0744 -999.9000   38.1824    1.8919    9.5519   91.0390
 588.7253  4569.8643  269.4670 -999.9000   22.7463    1.0986    9.7435   91.0433
 577.1128  4726.7437  268.1609 -999.9000   18.1545    0.8108    9.8026   91.0483
 565.6299  4883.6231  267.3114 -999.9000   17.0237    0.7276    9.7750   91.0538
 554.4053  5040.5025  266.7359 -999.9000   13.4909    0.5634    9.0971   91.1400
 543.3471  5197.3819  266.0469 -999.9000   12.8323    0.5190    8.3307   91.2153
 532.4739  5354.2613  265.0077 -999.9000   22.1913    0.8459    8.7492   91.2112
 521.8251  5511.1407  263.9464 -999.9000   24.0381    0.8613    9.5184   91.1806
 511.3144  5668.0201  263.1420 -999.9000   14.0945    0.4842   10.2134   91.1583
 500.9731  5824.8995  261.7868 -999.9000   12.9800    0.4090   10.9298   91.1344
 490.8286  5981.7789  260.1609 -999.9000   18.4115    0.5200   11.0995   91.1143
 480.7236  6138.6583  259.0324 -999.9000   29.2487    0.7703   11.4484   91.0832
 470.8214  6295.5377  257.7291 -999.9000   31.5156    0.7621   11.5607   91.0728
 461.0900  6452.4171  256.2856 -999.9000   30.8506    0.6762   11.2967   90.9894
 451.4963  6609.2965  254.9675 -999.9000   32.0264    0.6422   10.3021   90.8335
 442.0676  6766.1759  253.8736 -999.9000   32.6023    0.6091    9.4245   90.7116
 432.8253  6923.0553  252.8885 -999.9000   32.3197    0.5674   10.3465   90.6964
 423.7241  7079.9347  251.4573 -999.9000   36.0255    0.5712   11.2389   90.7318
 414.7432  7236.8141  249.7261 -999.9000   41.2501    0.5742   11.0472   90.7585
 405.9174  7393.6935  248.7032 -999.9000   31.8359    0.4138   11.2841   90.7794
 397.1974  7550.5729  247.3868 -999.9000   27.2498    0.3219   11.5580   90.7881
 388.6475  7707.4523  245.9629 -999.9000   31.1713    0.3308   11.7064   90.8405
 380.2876  7864.3317  244.9149 -999.9000   34.8187    0.3433   11.9429   90.9010
 372.0784  8021.2111  244.0647 -999.9000   39.0848    0.3645   12.0931   90.8924
 363.9826  8178.0905  243.2379 -999.9000   45.2049    0.3994   12.0027   90.7526
 356.0087  8334.9698  242.3509 -999.9000   54.4356    0.4529   11.9825   90.7678
 348.2042  8491.8492  241.4225 -999.9000   60.5522    0.5188   12.5797   91.3797
 340.5609  8648.7286  240.5357 -999.9000   64.9357    0.5272   12.8071   91.7004
 333.0575  8805.6080  239.6405 -999.9000   65.5385    0.4852   12.7425   91.6152
 325.6771  8962.4874  238.6365 -999.9000   64.9606    0.4338   13.0320   91.4555
 318.4095  9119.3668  237.4078 -999.9000   65.7453    0.3977   13.9443   91.4682
 311.2701  9276.2462  235.7447 -999.9000   60.6429    0.3338   14.0936   91.4746
 304.2599  9433.1256  234.1492 -999.9000   55.4639    0.2938   14.3074   91.4194
 297.3812  9590.0050  233.0432 -999.9000   50.6235    0.2688   14.7772   91.3896
 290.6045  9746.8844  231.7775 -999.9000   45.4203    0.2331   15.0918   91.3805
 283.9369  9903.7638  230.3646 -999.9000   45.7160    0.2031   15.4538   91.3479
 277.3870 10060.6432  228.8502 -999.9000   45.5651    0.1789   15.8256   91.3074
 270.9631 10217.5226  227.2744 -999.9000   45.5008    0.1538   16.0747   91.2950
 264.6694 10374.4020  225.7115 -999.9000   45.6092    0.1244   16.1111   91.3378
 258.4744 10531.2814  224.4685 -999.9000   45.1174    0.1097   16.2355   91.3756
 252.3757 10688.1608  223.4278 -999.9000   45.4324    0.1034   16.4768   91.3933
 246.3812 10845.0402  222.3605 -999.9000   40.1622    0.0916   16.7533   91.3978
 240.4896 11001.9196  221.1594 -999.9000   35.6139    0.0742   17.0117   91.3965
 234.6950 11158.7990  219.8197 -999.9000   35.8674    0.0604   17.2228   91.3968
 229.0082 11315.6784  218.4378 -999.9000   35.4124    0.0528   17.3812   91.3986
 223.4492 11472.5578  217.1612 -999.9000   34.8867    0.0500   17.4937   91.3982
 218.0236 11629.4372  215.9662 -999.9000   30.0531    0.0480   17.2789   91.4126
 212.6609 11786.3166  214.3036 -999.9000   25.5461    0.0350   15.5870   91.5070
 207.3913 11943.1960  213.4845 -999.9000   23.7174    0.0295   14.3982   91.4951
 202.2510 12100.0754  214.2034 -999.9000   17.9662    0.0410   14.0843   91.5711
 197.2536 12256.9548  215.6184 -999.9000    9.0787    0.0304   12.0763   92.1270
 192.4469 12413.8342  218.0280 -999.9000    2.6400    0.0062   12.5194   91.9985
 187.8076 12570.7136  217.8610 -999.9000    0.2365    0.0003   12.7554   91.9213
 183.2603 12727.5930  216.6416 -999.9000    0.2950    0.0003   12.4572   91.8946
 178.8033 12884.4724  216.2445 -999.9000    0.0000    0.0000   12.2187   91.8603
 174.4458 13041.3518  216.6631 -999.9000    0.0133    0.0000   12.3472   91.7991
 170.1876 13198.2312  216.9032 -999.9000    0.0000    0.0000   12.8690   91.6668
 166.0391 13355.1106  217.0850 -999.9000    0.0000    0.0000   13.4866   91.5392
 162.0101 13511.9899  216.7213 -999.9000    0.0002    0.0000   13.7851   91.4198
 158.0706 13668.8693  215.7478 -999.9000    0.0000    0.0000   13.4033   91.3880
 154.1974 13825.7487  214.8838 -999.9000    0.0000    0.0000   12.2456   91.4693
 150.4126 13982.6281  214.8246 -999.9000    0.0000    0.0000   10.3374   91.5650
 146.7292 14139.5075  215.7595 -999.9000    0.0000    0.0000   10.2676   91.5673
 143.1108 14296.3869  213.9866 -999.9000    0.0000    0.0000   10.1972   91.5696
 139.5597 14453.2663  216.4079 -999.9000    0.0000    0.0000   10.1783   91.5684
 136.1266 14610.1457  214.0749 -999.9000    0.0000    0.0000   10.1857   91.5540
 132.7619 14767.0251  213.2081 -999.9000    0.0000    0.0000   10.2006   91.5347
 129.4754 14923.9045  214.2107 -999.9000    0.0000    0.0000   10.2167   91.5197
 126.2897 15080.7839  215.3251 -999.9000    0.0000    0.0000   10.2247   91.5108
 123.1790 15237.6633  216.5633 -999.9000    0.0000    0.0000   10.2625   91.4644
 120.1481 15394.5427  217.0488 -999.9000    0.0000    0.0000   10.1432   91.3748
 117.2138 15551.4221  216.4185 -999.9000    0.0000    0.0000    9.8068   91.2661
 114.3435 15708.3015  216.3390 -999.9000    0.0000    0.0000    9.5103   91.1464
 111.5416 15865.1809  216.1112 -999.9000    0.0000    0.0000    8.9556   91.1933
 108.8149 16022.0603  217.4401 -999.9000    0.0000    0.0000    8.1683   91.4869
 106.1648 16178.9397  217.5096 -999.9000    0.0000    0.0000    7.7342   91.3484
 103.5767 16335.8191  217.1574 -999.9000    0.0000    0.0000    6.3311   91.9971
 101.0524 16492.6985  219.2155 -999.9000    0.0000    0.0000    1.8806   90.4089
  98.6148 16649.5779  217.8350 -999.9000    0.0000    0.0000    1.1316   90.4014
  96.2203 16806.4573  217.1042 -999.9000    0.0000    0.0000    0.3298   90.4014
  93.8688 16963.3367  216.3957 -999.9000    0.0000    0.0000    1.4350   90.4014
  91.5836 17120.2161  216.2803 -999.9000    0.0000    0.0000    2.3234   90.4014
  89.3567 17277.0955  216.2614 -999.9000    0.0000    0.0000    2.9751   90.4014
  87.1784 17433.9749  215.7909 -999.9000    0.0000    0.0000    3.6867   90.3927
  85.0453 17590.8543  214.9807 -999.9000    0.0000    0.0000    4.6243   90.0754
  82.9608 17747.7337  214.6544 -999.9000    0.0000    0.0000    5.8141   90.9865
  80.9282 17904.6131  215.2953 -999.9000    0.0000    0.0000    6.9722   90.6807
  78.9484 18061.4925  215.9337 -999.9000    0.0000    0.0000    6.8702   90.4907
  77.0217 18218.3719  216.6003 -999.9000    0.0000    0.0000    5.9118   90.6714
  75.1483 18375.2513  217.6522 -999.9000    0.0000    0.0000    4.9520   90.9237
  73.3271 18532.1307  218.7478 -999.9000    0.0000    0.0000    4.3218   91.0464
  71.5556 18689.0101  218.8675 -999.9000    0.0000    0.0000    3.8435   90.9336
  69.8260 18845.8894  217.7466 -999.9000    0.0000    0.0000    3.2113   91.0562
  68.1227 19002.7688  217.4515 -999.9000    0.0000    0.0000    2.0588   91.7656
  66.4601 19159.6482  217.7975 -999.9000    0.0000    0.0000    1.0173   89.5288
  64.8418 19316.5276  218.2781 -999.9000    0.0000    0.0000    0.6973   87.4851
  63.2670 19473.4070  218.6799 -999.9000    0.0000    0.0000    1.2292   87.9468
  61.7318 19630.2864  219.2407 -999.9000    0.0000    0.0000    1.8051   88.3028
  60.2355 19787.1658  219.4547 -999.9000    0.0000    0.0000    2.5384   88.5476
  58.7762 19944.0452  219.1615 -999.9000    0.0000    0.0000    3.3700   88.9105
  57.3501 20100.9246  218.7875 -999.9000    0.0000    0.0000    3.7958   89.0671
  55.9562 20257.8040  218.5269 -999.9000    0.0000    0.0000    3.7188   88.9446
  54.5968 20414.6834  218.3001 -999.9000    0.0000    0.0000    3.5048   88.7725
  53.2731 20571.5628  218.2592 -999.9000    0.0000    0.0000    3.3174   88.6461
  51.9860 20728.4422  218.7151 -999.9000    0.0000    0.0000    3.1738   88.5640
  50.7361 20885.3216  219.9813 -999.9000    0.0000    0.0000    3.0889   88.5228
  49.5229 21042.2010  221.7691 -999.9000    0.0000    0.0000    3.0465   88.5126
  48.3394 21199.0804  221.1690 -999.9000    0.0000    0.0000    3.3965   88.5757
  47.1874 21355.9598  221.2567 -999.9000    0.0000    0.0000    4.5380   88.7747
  46.0647 21512.8392  221.6703 -999.9000    0.0000    0.0000    5.5863   88.9472
  44.9691 21669.7186  221.9306 -999.9000    0.0000    0.0000    5.8086   88.9570
  43.8989 21826.5980  221.9742 -999.9000    0.0000    0.0000    5.4371   88.8369
  42.8525 21983.4774  221.8616 -999.9000    0.0000    0.0000    4.9877   88.6697
  41.8295 22140.3568  221.6407 -999.9000    0.0000    0.0000    4.7493   88.5214
  40.8309 22297.2362  221.3394 -999.9000    0.0000    0.0000    4.6590   88.4316
  39.8584 22454.1156  220.9871 -999.9000    0.0000    0.0000    4.6248   88.4374
  38.9104 22610.9950  221.4099 -999.9000    0.0000    0.0000    4.7941   88.5046
  37.9838 22767.8744  222.7009 -999.9000    0.0000    0.0000    5.2230   88.5579
  37.0791 22924.7538  223.4239 -999.9000    0.0000    0.0000    5.5797   88.6106
  36.1962 23081.6332  223.5475 -999.9000    0.0000    0.0000    5.8479   88.6649
  35.3349 23238.5126  223.2892 -999.9000    0.0000    0.0000    6.0667   88.7211
  34.4951 23395.3920  222.8665 -999.9000    0.0000    0.0000    6.2757   88.7793
  33.6765 23552.2714  222.4968 -999.9000    0.0000    0.0000    6.5140   88.8396
  32.8792 23709.1508  222.3975 -999.9000    0.0000    0.0000    6.8213   88.9021
  32.1025 23866.0302  222.7105 -999.9000    0.0000    0.0000    7.2096   88.9664
  31.3447 24022.9095  223.2980 -999.9000    0.0000    0.0000    7.5903   89.0294
  30.6036 24179.7889  223.9577 -999.9000    0.0000    0.0000    7.8521   89.0878
  29.8779 24336.6683  224.4620 -999.9000    0.0000    0.0000    7.9027   89.1301
  29.1715 24493.5477  224.5213 -999.9000    0.0000    0.0000    7.8465   89.0898
  28.4842 24650.4271  224.3833 -999.9000    0.0000    0.0000    7.7357   88.9796
  27.8138 24807.3065  224.4166 -999.9000    0.0000    0.0000    7.5845   88.8366
  27.1583 24964.1859  224.9879 -999.9000    0.0000    0.0000    7.4062   88.6979
  26.5173 25121.0653  226.1585 -999.9000    0.0000    0.0000    7.2216   88.5852
  25.8939 25277.9447  227.3406 -999.9000    0.0000    0.0000    7.0655   88.4883
  25.2914 25434.8241  227.8636 -999.9000    0.0000    0.0000    6.9748   88.3927
  24.7096 25591.7035  227.3613 -999.9000    0.0000    0.0000    7.0307   88.3136
  24.1354 25748.5829  226.8193 -999.9000    0.0000    0.0000    7.3942   88.3442
  23.5706 25905.4623  226.5707 -999.9000    0.0000    0.0000    7.9677   88.4419
  23.0189 26062.3417  226.8246 -999.9000    0.0000    0.0000    8.6263   88.5480
  22.4826 26219.2211  227.6469 -999.9000    0.0000    0.0000    9.2694   88.6216
  21.9608 26376.1005  228.7314 -999.9000    0.0000    0.0000    9.8586   88.6692
  21.4521 26532.9799  229.7138 -999.9000    0.0000    0.0000   10.3658   88.7041
  20.9548 26689.8593  230.2291 -999.9000    0.0000    0.0000   10.7624   88.7401
  20.4676 26846.7387  229.9127 -999.9000    0.0000    0.0000   11.0201   88.7908
  19.9891 27003.6181  228.4350 -999.9000    0.0000    0.0000   11.1038   88.8671
  19.5243 27160.4975  227.5177 -999.9000    0.0000    0.0000   10.6516   88.8331
  19.0752 27317.3769  227.9484 -999.9000    0.0000    0.0000    9.7356   88.6652
  18.6391 27474.2563  229.1466 -999.9000    0.0000    0.0000    8.7504   88.4541
  18.2135 27631.1357  230.5324 -999.9000    0.0000    0.0000    8.0905   88.2905
  17.7959 27788.0151  231.5346 -999.9000    0.0000    0.0000    8.1274   88.2601
  17.3864 27944.8945  231.8063 -999.9000    0.0000    0.0000    8.6824   88.3267
  16.9866 28101.7739  231.3738 -999.9000    0.0000    0.0000    9.2743   88.3867
  16.5963 28258.6533  230.5339 -999.9000    0.0000    0.0000    9.8684   88.4341
  16.2153 28415.5327  229.6108 -999.9000    0.0000    0.0000   10.4791   88.4734
  15.8432 28572.4121  228.9282 -999.9000    0.0000    0.0000   11.1213   88.5095
  15.4798 28729.2915  228.8042 -999.9000    0.0000    0.0000   11.8073   88.5468
  15.1246 28886.1709  229.2002 -999.9000    0.0000    0.0000   12.4348   88.5881
  14.7769 29043.0503  229.5595 -999.9000    0.0000    0.0000   12.7404   88.6333
  14.4368 29199.9296  229.7182 -999.9000    0.0000    0.0000   12.6590   88.6841
  14.1043 29356.8090  229.8142 -999.9000    0.0000    0.0000   12.2721   88.7433
  13.7798 29513.6884  229.9909 -999.9000    0.0000    0.0000   11.6644   88.8140
  13.4633 29670.5678  230.3918 -999.9000    0.0000    0.0000   10.9201   88.8992
  13.1552 29827.4472  231.1607 -999.9000    0.0000    0.0000   10.1237   89.0018
  12.8555 29984.3266  232.3842 -999.9000    0.0000    0.0000    9.3577   89.1215
  12.5638 30141.2060  233.7500 -999.9000    0.0000    0.0000    8.6901   89.2343
  12.2794 30298.0854  234.7763 -999.9000    0.0000    0.0000    8.1830   89.3059
  12.0018 30454.9648  234.9808 -999.9000    0.0000    0.0000    7.8985   89.3022
  11.7304 30611.8442  234.1357 -999.9000    0.0000    0.0000    7.8577   89.2026
  11.4650 30768.7236  233.0528 -999.9000    0.0000    0.0000    7.9153   89.0420
  11.2056 30925.6030  232.8087 -999.9000    0.0000    0.0000    7.8838   88.8691
  10.9522 31082.4824  234.0555 -999.9000    0.0000    0.0000    7.6430   88.7216
  10.7056 31239.3618  235.6331 -999.9000    0.0000    0.0000    7.3622   88.5894
  10.4661 31396.2412  236.2235 -999.9000    0.0000    0.0000    7.2383   88.4534
  10.2318 31553.1206  235.9070 -999.9000    0.0000    0.0000    7.2570   88.3118
  10.0000 31710.0000  235.1385 -999.9000    0.0000    0.0000    7.3474   88.1674
