# 06610 LSMP Payerne Observations at 12Z 30 Jul 2008
# Radiosonde file generated by raso.rb
#
  P [hPa],     Z [m],    T [K],   Td [K],   RH [%], r [g/kg], WS [m/s], WD [deg]
 962.0000   491.0000  297.9856 -999.9000   66.2020   13.6900    2.1971   93.0543
 944.6891   647.8794  295.9004 -999.9000   67.7856   12.6302    4.5663   92.6754
 927.6873   804.7588  294.4910 -999.9000   79.5554   13.9071    2.1168   92.9144
 911.0964   961.6382  293.1859 -999.9000   80.0371   14.4362    0.2711   92.0428
 894.7070  1118.5176  292.2408 -999.9000   80.0564   14.3064    1.1591   90.9797
 878.5406  1275.3970  291.9398 -999.9000   80.1386   13.3485    2.0844   90.6229
 862.6769  1432.2764  290.5583 -999.9000   81.0657   13.5129    2.2671   90.4248
 846.9845  1589.1558  289.3153 -999.9000   80.3948   13.9027    3.8346   90.3491
 831.5533  1746.0352  288.9688 -999.9000   80.8800   13.2228    4.6892   90.3950
 816.3570  1902.9146  287.6570 -999.9000   80.7720   11.9693    5.7743   90.4496
 801.3249  2059.7940  286.0712 -999.9000   80.4930   11.5640    6.3849   90.4939
 786.5365  2216.6734  284.7234 -999.9000   80.3371   10.4184    7.1271   90.5367
 771.9169  2373.5528  283.5007 -999.9000   80.7213    8.7627    8.3188   90.5644
 757.5041  2530.4322  282.4561 -999.9000   80.5820    8.5006    8.8560   90.6155
 743.3854  2687.3116  281.8987 -999.9000   77.9262    7.5803    7.7570   90.6080
 729.2940  2844.1910  280.8458 -999.9000   60.4973    5.5688    7.5271   90.6173
 715.5826  3001.0704  279.8235 -999.9000   50.2126    4.3807    9.1238   90.6971
 702.0616  3157.9497  278.6684 -999.9000   51.6898    4.2344   10.4251   90.7782
 688.7126  3314.8291  277.2225 -999.9000   59.0126    4.4448   10.5362   90.8007
 675.5482  3471.7085  275.6299 -999.9000   68.3101    4.6752   10.8096   90.8205
 662.5494  3628.5879  274.1903 -999.9000   74.2479    4.6607   11.4415   90.8487
 649.7305  3785.4673  273.2197 -999.9000   67.3545    4.0055   11.7639   90.8627
 637.1240  3942.3467  272.4069 -999.9000   55.2009    3.1437   11.1134   90.9118
 624.7467  4099.2261  271.4336 -999.9000   50.2123    2.7055    9.5976   91.0167
 612.5275  4256.1055  270.4157 -999.9000   50.1365    2.5464    9.1986   91.0465
 600.5160  4412.9849  269.8506 -999.9000   38.2353    1.8919    9.5138   91.0390
 588.7253  4569.8643  269.2984 -999.9000   22.7742    1.0986    9.7343   91.0433
 577.1128  4726.7437  268.0485 -999.9000   18.1738    0.8108    9.8223   91.0483
 565.6299  4883.6231  267.2560 -999.9000   17.0391    0.7276    9.8230   91.0538
 554.4053  5040.5025  266.7376 -999.9000   13.5009    0.5634    9.1728   91.1400
 543.3471  5197.3819  266.1054 -999.9000   12.8397    0.5190    8.4332   91.2153
 532.4739  5354.2613  265.1225 -999.9000   22.2007    0.8459    8.8775   91.2112
 521.8251  5511.1407  264.1162 -999.9000   24.0445    0.8613    9.6710   91.1806
 511.3144  5668.0201  263.3653 -999.9000   14.0963    0.4842   10.3886   91.1583
 500.9731  5824.8995  262.0616 -999.9000   12.9798    0.4090   11.1257   91.1344
 490.8286  5981.7789  260.4847 -999.9000   18.4087    0.5200   11.3139   91.1143
 480.7236  6138.6583  259.4023 -999.9000   29.2409    0.7703   11.6789   91.0832
 470.8214  6295.5377  258.1418 -999.9000   31.5037    0.7621   11.8046   91.0728
 461.0900  6452.4171  256.7373 -999.9000   30.8361    0.6762   11.5511   90.9894
 451.4963  6609.2965  255.4540 -999.9000   32.0088    0.6422   10.5639   90.8335
 442.0676  6766.1759  254.3902 -999.9000   32.5824    0.6091    9.6902   90.7116
 432.8253  6923.0553  253.4302 -999.9000   32.2984    0.5674   10.6124   90.6964
 423.7241  7079.9347  252.0184 -999.9000   36.0010    0.5712   11.5011   90.7318
 414.7432  7236.8141  250.3007 -999.9000   41.2219    0.5742   11.3015   90.7585
 405.9174  7393.6935  249.2848 -999.9000   31.8148    0.4138   11.5260   90.7794
 397.1974  7550.5729  247.9687 -999.9000   27.2329    0.3219   11.7829   90.7881
 388.6475  7707.4523  246.5385 -999.9000   31.1541    0.3308   11.9100   90.8405
 380.2876  7864.3317  245.4784 -999.9000   34.8026    0.3433   12.1214   90.9010
 372.0784  8021.2111  244.6106 -999.9000   39.0710    0.3645   12.2431   90.8924
 363.9826  8178.0905  243.7616 -999.9000   45.1945    0.3994   12.1216   90.7526
 356.0087  8334.9698  242.8481 -999.9000   54.4307    0.4529   12.0681   90.7678
 348.2042  8491.8492  241.8897 -999.9000   60.5560    0.5188   12.6302   91.3797
 340.5609  8648.7286  240.9700 -999.9000   64.9505    0.5272   12.8214   91.7004
 333.0575  8805.6080  240.0393 -999.9000   65.5648    0.4852   12.7200   91.6152
 325.6771  8962.4874  238.9981 -999.9000   64.9984    0.4338   12.9725   91.4555
 318.4095  9119.3668  237.7309 -999.9000   65.7957    0.3977   13.8484   91.4682
 311.2701  9276.2462  236.0288 -999.9000   60.7007    0.3338   13.9622   91.4746
 304.2599  9433.1256  234.3942 -999.9000   55.5273    0.2938   14.1420   91.4194
 297.3812  9590.0050  233.2495 -999.9000   50.6908    0.2688   14.5799   91.3896
 290.6045  9746.8844  231.9464 -999.9000   45.4891    0.2331   14.8651   91.3805
 283.9369  9903.7638  230.4977 -999.9000   45.7934    0.2031   15.2007   91.3479
 277.3870 10060.6432  228.9499 -999.9000   45.6501    0.1789   15.5498   91.3074
 270.9631 10217.5226  227.3435 -999.9000   45.5931    0.1538   15.7804   91.2950
 264.6694 10374.4020  225.7535 -999.9000   45.7085    0.1244   15.8030   91.3378
 258.4744 10531.2814  224.4876 -999.9000   45.2219    0.1097   15.9188   91.3756
 252.3757 10688.1608  223.4285 -999.9000   45.5431    0.1034   16.1573   91.3933
 246.3812 10845.0402  222.3481 -999.9000   40.2643    0.0916   16.4372   91.3978
 240.4896 11001.9196  221.1397 -999.9000   35.7074    0.0742   16.7058   91.3965
 234.6950 11158.7990  219.7983 -999.9000   35.9639    0.0604   16.9336   91.3968
 229.0082 11315.6784  218.4199 -999.9000   35.5093    0.0528   17.1147   91.3986
 223.4492 11472.5578  217.1516 -999.9000   34.9833    0.0500   17.2551   91.3982
 218.0236 11629.4372  215.9690 -999.9000   30.1367    0.0480   17.0729   91.4126
 212.6609 11786.3166  214.3225 -999.9000   25.6172    0.0350   15.4174   91.5070
 207.3913 11943.1960  213.5228 -999.9000   23.7832    0.0295   14.2684   91.4951
 202.2510 12100.0754  214.2638 -999.9000   18.0156    0.0410   13.9970   91.5711
 197.2536 12256.9548  215.7030 -999.9000    9.1034    0.0304   12.0335   92.1270
 192.4469 12413.8342  218.1386 -999.9000    2.6470    0.0062   12.5225   91.9985
 187.8076 12570.7136  217.9987 -999.9000    0.2372    0.0003   12.8051   91.9213
 183.2603 12727.5930  216.8073 -999.9000    0.2958    0.0003   12.5535   91.8946
 178.8033 12884.4724  216.4383 -999.9000    0.0000    0.0000   12.3612   91.8603
 174.4458 13041.3518  216.8848 -999.9000    0.0133    0.0000   12.5346   91.7991
 170.1876 13198.2312  217.1519 -999.9000    0.0000    0.0000   13.0993   91.6668
 166.0391 13355.1106  217.3596 -999.9000    0.0000    0.0000   13.7574   91.5392
 162.0101 13511.9899  217.0199 -999.9000    0.0002    0.0000   14.0932   91.4198
 158.0706 13668.8693  216.0682 -999.9000    0.0000    0.0000   13.7450   91.3880
 154.1974 13825.7487  215.2232 -999.9000    0.0000    0.0000   12.6162   91.4693
 150.4126 13982.6281  215.1798 -999.9000    0.0000    0.0000   10.7320   91.5650
 146.7292 14139.5075  216.1266 -999.9000    0.0000    0.0000   10.6803   91.5673
 143.1108 14296.3869  214.3615 -999.9000    0.0000    0.0000   10.6217   91.5696
 139.5597 14453.2663  216.7858 -999.9000    0.0000    0.0000   10.6075   91.5684
 136.1266 14610.1457  214.4511 -999.9000    0.0000    0.0000   10.6126   91.5540
 132.7619 14767.0251  213.5782 -999.9000    0.0000    0.0000   10.6188   91.5347
 129.4754 14923.9045  214.5707 -999.9000    0.0000    0.0000   10.6202   91.5197
 126.2897 15080.7839  215.6715 -999.9000    0.0000    0.0000   10.6082   91.5108
 123.1790 15237.6633  216.8928 -999.9000    0.0000    0.0000   10.6212   91.4644
 120.1481 15394.5427  217.3587 -999.9000    0.0000    0.0000   10.4729   91.3748
 117.2138 15551.4221  216.7064 -999.9000    0.0000    0.0000   10.1037   91.2661
 114.3435 15708.3015  216.6028 -999.9000    0.0000    0.0000    9.7715   91.1464
 111.5416 15865.1809  216.3494 -999.9000    0.0000    0.0000    9.1785   91.1933
 108.8149 16022.0603  217.6514 -999.9000    0.0000    0.0000    8.3509   91.4869
 106.1648 16178.9397  217.6932 -999.9000    0.0000    0.0000    7.8751   91.3484
 103.5767 16335.8191  217.3128 -999.9000    0.0000    0.0000    6.4294   91.9971
 101.0524 16492.6985  219.3428 -999.9000    0.0000    0.0000    1.9360   90.4089
  98.6148 16649.5779  217.9344 -999.9000    0.0000    0.0000    1.1444   90.4014
  96.2203 16806.4573  217.1766 -999.9000    0.0000    0.0000    0.3009   90.4014
  93.8688 16963.3367  216.4420 -999.9000    0.0000    0.0000    1.3658   90.4014
  91.5836 17120.2161  216.3022 -999.9000    0.0000    0.0000    2.2158   90.4014
  89.3567 17277.0955  216.2608 -999.9000    0.0000    0.0000    2.8316   90.4014
  87.1784 17433.9749  215.7701 -999.9000    0.0000    0.0000    3.5104   90.3927
  85.0453 17590.8543  214.9424 -999.9000    0.0000    0.0000    4.4189   90.0754
  82.9608 17747.7337  214.6017 -999.9000    0.0000    0.0000    5.5838   90.9865
  80.9282 17904.6131  215.2316 -999.9000    0.0000    0.0000    6.7218   90.6807
  78.9484 18061.4925  215.8627 -999.9000    0.0000    0.0000    6.6045   90.4907
  77.0217 18218.3719  216.5253 -999.9000    0.0000    0.0000    5.6354   90.6714
  75.1483 18375.2513  217.5764 -999.9000    0.0000    0.0000    4.6690   90.9237
  73.3271 18532.1307  218.6742 -999.9000    0.0000    0.0000    4.0359   91.0464
  71.5556 18689.0101  218.7987 -999.9000    0.0000    0.0000    3.5583   90.9336
  69.8260 18845.8894  217.6852 -999.9000    0.0000    0.0000    2.9297   91.0562
  68.1227 19002.7688  217.3997 -999.9000    0.0000    0.0000    1.7836   91.7656
  66.4601 19159.6482  217.7573 -999.9000    0.0000    0.0000    0.7506   89.5288
  64.8418 19316.5276  218.2514 -999.9000    0.0000    0.0000    0.4410   87.4851
  63.2670 19473.4070  218.6682 -999.9000    0.0000    0.0000    0.9850   87.9468
  61.7318 19630.2864  219.2454 -999.9000    0.0000    0.0000    1.5740   88.3028
  60.2355 19787.1658  219.4770 -999.9000    0.0000    0.0000    2.3212   88.5476
  58.7762 19944.0452  219.2023 -999.9000    0.0000    0.0000    3.1671   88.9105
  57.3501 20100.9246  218.8474 -999.9000    0.0000    0.0000    3.6072   89.0671
  55.9562 20257.8040  218.6065 -999.9000    0.0000    0.0000    3.5441   88.9446
  54.5968 20414.6834  218.3996 -999.9000    0.0000    0.0000    3.3433   88.7725
  53.2731 20571.5628  218.3786 -999.9000    0.0000    0.0000    3.1680   88.6461
  51.9860 20728.4422  218.8542 -999.9000    0.0000    0.0000    3.0350   88.5640
  50.7361 20885.3216  220.1396 -999.9000    0.0000    0.0000    2.9587   88.5228
  49.5229 21042.2010  221.9461 -999.9000    0.0000    0.0000    2.9228   88.5126
  48.3394 21199.0804  221.3638 -999.9000    0.0000    0.0000    3.2766   88.5757
  47.1874 21355.9598  221.4682 -999.9000    0.0000    0.0000    4.4190   88.7747
  46.0647 21512.8392  221.8972 -999.9000    0.0000    0.0000    5.4650   88.9472
  44.9691 21669.7186  222.1717 -999.9000    0.0000    0.0000    5.6820   88.9570
  43.8989 21826.5980  222.2283 -999.9000    0.0000    0.0000    5.3025   88.8369
  42.8525 21983.4774  222.1275 -999.9000    0.0000    0.0000    4.8426   88.6697
  41.8295 22140.3568  221.9171 -999.9000    0.0000    0.0000    4.5913   88.5214
  40.8309 22297.2362  221.6252 -999.9000    0.0000    0.0000    4.4862   88.4316
  39.8584 22454.1156  221.2810 -999.9000    0.0000    0.0000    4.4353   88.4374
  38.9104 22610.9950  221.7107 -999.9000    0.0000    0.0000    4.5863   88.5046
  37.9838 22767.8744  223.0076 -999.9000    0.0000    0.0000    4.9956   88.5579
  37.0791 22924.7538  223.7352 -999.9000    0.0000    0.0000    5.3315   88.6106
  36.1962 23081.6332  223.8622 -999.9000    0.0000    0.0000    5.5780   88.6649
  35.3349 23238.5126  223.6063 -999.9000    0.0000    0.0000    5.7744   88.7211
  34.4951 23395.3920  223.1847 -999.9000    0.0000    0.0000    5.9604   88.7793
  33.6765 23552.2714  222.8150 -999.9000    0.0000    0.0000    6.1756   88.8396
  32.8792 23709.1508  222.7146 -999.9000    0.0000    0.0000    6.4597   88.9021
  32.1025 23866.0302  223.0254 -999.9000    0.0000    0.0000    6.8250   88.9664
  31.3447 24022.9095  223.6095 -999.9000    0.0000    0.0000    7.1832   89.0294
  30.6036 24179.7889  224.2648 -999.9000    0.0000    0.0000    7.4230   89.0878
  29.8779 24336.6683  224.7635 -999.9000    0.0000    0.0000    7.4527   89.1301
  29.1715 24493.5477  224.8162 -999.9000    0.0000    0.0000    7.3765   89.0898
  28.4842 24650.4271  224.6704 -999.9000    0.0000    0.0000    7.2472   88.9796
  27.8138 24807.3065  224.6949 -999.9000    0.0000    0.0000    7.0789   88.8366
  27.1583 24964.1859  225.2564 -999.9000    0.0000    0.0000    6.8853   88.6979
  26.5173 25121.0653  226.4162 -999.9000    0.0000    0.0000    6.6871   88.5852
  25.8939 25277.9447  227.5867 -999.9000    0.0000    0.0000    6.5190   88.4883
  25.2914 25434.8241  228.0973 -999.9000    0.0000    0.0000    6.4179   88.3927
  24.7096 25591.7035  227.5821 -999.9000    0.0000    0.0000    6.4650   88.3136
  24.1354 25748.5829  227.0265 -999.9000    0.0000    0.0000    6.8212   88.3442
  23.5706 25905.4623  226.7639 -999.9000    0.0000    0.0000    7.3889   88.4419
  23.0189 26062.3417  227.0037 -999.9000    0.0000    0.0000    8.0431   88.5480
  22.4826 26219.2211  227.8114 -999.9000    0.0000    0.0000    8.6833   88.6216
  21.9608 26376.1005  228.8814 -999.9000    0.0000    0.0000    9.2709   88.6692
  21.4521 26532.9799  229.8491 -999.9000    0.0000    0.0000    9.7778   88.7041
  20.9548 26689.8593  230.3499 -999.9000    0.0000    0.0000   10.1754   88.7401
  20.4676 26846.7387  230.0191 -999.9000    0.0000    0.0000   10.4355   88.7908
  19.9891 27003.6181  228.5274 -999.9000    0.0000    0.0000   10.5227   88.8671
  19.5243 27160.4975  227.5965 -999.9000    0.0000    0.0000   10.0752   88.8331
  19.0752 27317.3769  228.0141 -999.9000    0.0000    0.0000    9.1651   88.6652
  18.6391 27474.2563  229.1998 -999.9000    0.0000    0.0000    8.1868   88.4541
  18.2135 27631.1357  230.5738 -999.9000    0.0000    0.0000    7.5348   88.2905
  17.7959 27788.0151  231.5650 -999.9000    0.0000    0.0000    7.5808   88.2601
  17.3864 27944.8945  231.8266 -999.9000    0.0000    0.0000    8.1458   88.3267
  16.9866 28101.7739  231.3850 -999.9000    0.0000    0.0000    8.7486   88.3867
  16.5963 28258.6533  230.5372 -999.9000    0.0000    0.0000    9.3545   88.4341
  16.2153 28415.5327  229.6074 -999.9000    0.0000    0.0000    9.9780   88.4734
  15.8432 28572.4121  228.9194 -999.9000    0.0000    0.0000   10.6337   88.5095
  15.4798 28729.2915  228.7915 -999.9000    0.0000    0.0000   11.3340   88.5468
  15.1246 28886.1709  229.1851 -999.9000    0.0000    0.0000   11.9766   88.5881
  14.7769 29043.0503  229.5436 -999.9000    0.0000    0.0000   12.2979   88.6333
  14.4368 29199.9296  229.7033 -999.9000    0.0000    0.0000   12.2330   88.6841
  14.1043 29356.8090  229.8021 -999.9000    0.0000    0.0000   11.8632   88.7433
  13.7798 29513.6884  229.9835 -999.9000    0.0000    0.0000   11.2732   88.8140
  13.4633 29670.5678  230.3913 -999.9000    0.0000    0.0000   10.5471   88.8992
  13.1552 29827.4472  231.1692 -999.9000    0.0000    0.0000    9.7695   89.0018
  12.8555 29984.3266  232.4039 -999.9000    0.0000    0.0000    9.0227   89.1215
  12.5638 30141.2060  233.7833 -999.9000    0.0000    0.0000    8.3747   89.2343
  12.2794 30298.0854  234.8257 -999.9000    0.0000    0.0000    7.8877   89.3059
  12.0018 30454.9648  235.0489 -999.9000    0.0000    0.0000    7.6236   89.3022
  11.7304 30611.8442  234.2251 -999.9000    0.0000    0.0000    7.6036   89.2026
  11.4650 30768.7236  233.1662 -999.9000    0.0000    0.0000    7.6822   89.0420
  11.2056 30925.6030  232.9491 -999.9000    0.0000    0.0000    7.6719   88.8691
  10.9522 31082.4824  234.2258 -999.9000    0.0000    0.0000    7.4526   88.7216
  10.7056 31239.3618  235.8365 -999.9000    0.0000    0.0000    7.1934   88.5894
  10.4661 31396.2412  236.4632 -999.9000    0.0000    0.0000    7.0913   88.4534
  10.2318 31553.1206  236.1862 -999.9000    0.0000    0.0000    7.1318   88.3118
  10.0000 31710.0000  235.4606 -999.9000    0.0000    0.0000    7.2440   88.1674
