# 06610 LSMP Payerne Observations at 12Z 30 Jul 2008
# Radiosonde file generated by raso.rb
#
  P [hPa],     Z [m],    T [K],   Td [K],   RH [%], r [g/kg], WS [m/s], WD [deg]
 962.0000   491.0000  298.0612 -999.9000   66.2066   13.6900    2.1936   93.0543
 944.6891   647.8794  296.0130 -999.9000   67.7821   12.6302    4.6113   92.6754
 927.6873   804.7588  294.6352 -999.9000   79.5427   13.9071    2.2029   92.9144
 911.0964   961.6382  293.3569 -999.9000   80.0165   14.4362    0.3914   92.0428
 894.7070  1118.5176  292.4337 -999.9000   80.0289   14.3064    1.3069   90.9797
 878.5406  1275.3970  292.1501 -999.9000   80.1050   13.3485    2.2533   90.6229
 862.6769  1432.2764  290.7817 -999.9000   81.0263   13.5129    2.4512   90.4248
 846.9845  1589.1558  289.5477 -999.9000   80.3512   13.9027    4.0280   90.3491
 831.5533  1746.0352  289.2061 -999.9000   80.8322   13.2228    4.8866   90.3950
 816.3570  1902.9146  287.8956 -999.9000   80.7212   11.9693    5.9705   90.4496
 801.3249  2059.7940  286.3075 -999.9000   80.4400   11.5640    6.5751   90.4939
 786.5365  2216.6734  284.9541 -999.9000   80.2823   10.4184    7.3068   90.5367
 771.9169  2373.5528  283.7228 -999.9000   80.6652    8.7627    8.4838   90.5644
 757.5041  2530.4322  282.6666 -999.9000   80.5255    8.5006    9.0024   90.6155
 743.3854  2687.3116  282.0950 -999.9000   77.8715    7.5803    7.8812   90.6080
 729.2940  2844.1910  281.0255 -999.9000   60.4553    5.5688    7.6259   90.6173
 715.5826  3001.0704  279.9843 -999.9000   50.1784    4.3807    9.1943   90.6971
 702.0616  3157.9497  278.8083 -999.9000   51.6556    4.2344   10.4646   90.7782
 688.7126  3314.8291  277.3396 -999.9000   58.9750    4.4448   10.5424   90.8007
 675.5482  3471.7085  275.7226 -999.9000   68.2687    4.6752   10.7804   90.8205
 662.5494  3628.5879  274.2573 -999.9000   74.2056    4.6607   11.3753   90.8487
 649.7305  3785.4673  273.2597 -999.9000   67.3188    4.0055   11.6592   90.8627
 637.1240  3942.3467  272.4190 -999.9000   55.1740    3.1437   10.9692   90.9118
 624.7467  4099.2261  271.4170 -999.9000   50.1903    2.7055    9.4130   91.0167
 612.5275  4256.1055  270.3697 -999.9000   50.1171    2.5464    8.9732   91.0465
 600.5160  4412.9849  269.7750 -999.9000   38.2226    1.8919    9.2475   91.0390
 588.7253  4569.8643  269.1931 -999.9000   22.7680    1.0986    9.4271   91.0433
 577.1128  4726.7437  267.9135 -999.9000   18.1699    0.8108    9.4747   91.0483
 565.6299  4883.6231  267.0916 -999.9000   17.0365    0.7276    9.4358   91.0538
 554.4053  5040.5025  266.5443 -999.9000   13.4998    0.5634    8.7471   91.1400
 543.3471  5197.3819  265.8839 -999.9000   12.8395    0.5190    7.9704   91.2153
 532.4739  5354.2613  264.8736 -999.9000   22.2017    0.8459    8.3792   91.2112
 521.8251  5511.1407  263.8412 -999.9000   24.0473    0.8613    9.1392   91.1806
 511.3144  5668.0201  263.0655 -999.9000   14.0988    0.4842    9.8256   91.1583
 500.9731  5824.8995  261.7384 -999.9000   12.9830    0.4090   10.5342   91.1344
 490.8286  5981.7789  260.1400 -999.9000   18.4146    0.5200   10.6968   91.1143
 480.7236  6138.6583  259.0381 -999.9000   29.2521    0.7703   11.0395   91.0832
 470.8214  6295.5377  257.7602 -999.9000   31.5179    0.7621   11.1464   91.0728
 461.0900  6452.4171  256.3407 -999.9000   30.8519    0.6762   10.8780   90.9894
 451.4963  6609.2965  255.0451 -999.9000   32.0273    0.6422    9.8800   90.8335
 442.0676  6766.1759  253.9717 -999.9000   32.6031    0.6091    9.0000   90.7116
 432.8253  6923.0553  253.0051 -999.9000   32.3209    0.5674    9.9207   90.6964
 423.7241  7079.9347  251.5901 -999.9000   36.0280    0.5712   10.8131   90.7318
 414.7432  7236.8141  249.8725 -999.9000   41.2550    0.5742   10.6224   90.7585
 405.9174  7393.6935  248.8604 -999.9000   31.8418    0.4138   10.8618   90.7794
 397.1974  7550.5729  247.5518 -999.9000   27.2573    0.3219   11.1393   90.7881
 388.6475  7707.4523  246.1330 -999.9000   31.1833    0.3308   11.2928   90.8405
 380.2876  7864.3317  245.0874 -999.9000   34.8364    0.3433   11.5359   90.9010
 372.0784  8021.2111  244.2372 -999.9000   39.1102    0.3645   11.6941   90.8924
 363.9826  8178.0905  243.4084 -999.9000   45.2412    0.3994   11.6132   90.7526
 356.0087  8334.9698  242.5175 -999.9000   54.4883    0.4529   11.6043   90.7678
 348.2042  8491.8492  241.5836 -999.9000   60.6214    0.5188   12.2142   91.3797
 340.5609  8648.7286  240.6900 -999.9000   65.0217    0.5272   12.4560   91.7004
 333.0575  8805.6080  239.7869 -999.9000   65.6376    0.4852   12.4076   91.6152
 325.6771  8962.4874  238.7742 -999.9000   65.0712    0.4338   12.7151   91.4555
 318.4095  9119.3668  237.5362 -999.9000   65.8699    0.3977   13.6473   91.4682
 311.2701  9276.2462  235.8635 -999.9000   60.7694    0.3338   13.8183   91.4746
 304.2599  9433.1256  234.2583 -999.9000   55.5900    0.2938   14.0557   91.4194
 297.3812  9590.0050  233.1428 -999.9000   50.7480    0.2688   14.5512   91.3896
 290.6045  9746.8844  231.8681 -999.9000   45.5400    0.2331   14.8934   91.3805
 283.9369  9903.7638  230.4468 -999.9000   45.8443    0.2031   15.2851   91.3479
 277.3870 10060.6432  228.9251 -999.9000   45.7001    0.1789   15.6888   91.3074
 270.9631 10217.5226  227.3431 -999.9000   45.6423    0.1538   15.9719   91.2950
 264.6694 10374.4020  225.7754 -999.9000   45.7570    0.1244   16.0446   91.3378
 258.4744 10531.2814  224.5295 -999.9000   45.2688    0.1097   16.2076   91.3756
 252.3757 10688.1608  223.4878 -999.9000   45.5892    0.1034   16.4899   91.3933
 246.3812 10845.0402  222.4217 -999.9000   40.3038    0.0916   16.8096   91.3978
 240.4896 11001.9196  221.2242 -999.9000   35.7413    0.0742   17.1137   91.3965
 234.6950 11158.7990  219.8906 -999.9000   35.9968    0.0604   17.3726   91.3968
 229.0082 11315.6784  218.5169 -999.9000   35.5405    0.0528   17.5803   91.3986
 223.4492 11472.5578  217.2505 -999.9000   35.0126    0.0500   17.7432   91.3982
 218.0236 11629.4372  216.0673 -999.9000   30.1607    0.0480   17.5793   91.4126
 212.6609 11786.3166  214.4180 -999.9000   25.6365    0.0350   15.9382   91.5070
 207.3913 11943.1960  213.6134 -999.9000   23.8000    0.0295   14.7996   91.4951
 202.2510 12100.0754  214.3477 -999.9000   18.0275    0.0410   14.5348   91.5711
 197.2536 12256.9548  215.7789 -999.9000    9.1090    0.0304   12.5742   92.1270
 192.4469 12413.8342  218.2050 -999.9000    2.6485    0.0062   13.0626   91.9985
 187.8076 12570.7136  218.0549 -999.9000    0.2373    0.0003   13.3412   91.9213
 183.2603 12727.5930  216.8524 -999.9000    0.2959    0.0003   13.0822   91.8946
 178.8033 12884.4724  216.4719 -999.9000    0.0000    0.0000   12.8792   91.8603
 174.4458 13041.3518  216.9066 -999.9000    0.0133    0.0000   13.0388   91.7991
 170.1876 13198.2312  217.1621 -999.9000    0.0000    0.0000   13.5868   91.6668
 166.0391 13355.1106  217.3583 -999.9000    0.0000    0.0000   14.2253   91.5392
 162.0101 13511.9899  217.0078 -999.9000    0.0002    0.0000   14.5387   91.4198
 158.0706 13668.8693  216.0461 -999.9000    0.0000    0.0000   14.1653   91.3880
 154.1974 13825.7487  215.1922 -999.9000    0.0000    0.0000   13.0089   91.4693
 150.4126 13982.6281  215.1412 -999.9000    0.0000    0.0000   11.0947   91.5650
 146.7292 14139.5075  216.0820 -999.9000    0.0000    0.0000   11.0106   91.5673
 143.1108 14296.3869  214.3126 -999.9000    0.0000    0.0000   10.9173   91.5696
 139.5597 14453.2663  216.7349 -999.9000    0.0000    0.0000   10.8664   91.5684
 136.1266 14610.1457  214.4002 -999.9000    0.0000    0.0000   10.8331   91.5540
 132.7619 14767.0251  213.5293 -999.9000    0.0000    0.0000   10.7992   91.5347
 129.4754 14923.9045  214.5258 -999.9000    0.0000    0.0000   10.7596   91.5197
 126.2897 15080.7839  215.6322 -999.9000    0.0000    0.0000   10.7058   91.5108
 123.1790 15237.6633  216.8608 -999.9000    0.0000    0.0000   10.6766   91.4644
 120.1481 15394.5427  217.3355 -999.9000    0.0000    0.0000   10.4863   91.3748
 117.2138 15551.4221  216.6932 -999.9000    0.0000    0.0000   10.0756   91.2661
 114.3435 15708.3015  216.6009 -999.9000    0.0000    0.0000    9.7025   91.1464
 111.5416 15865.1809  216.3598 -999.9000    0.0000    0.0000    9.0698   91.1933
 108.8149 16022.0603  217.6752 -999.9000    0.0000    0.0000    8.2042   91.4869
 106.1648 16178.9397  217.7311 -999.9000    0.0000    0.0000    7.6923   91.3484
 103.5767 16335.8191  217.3656 -999.9000    0.0000    0.0000    6.2128   91.9971
 101.0524 16492.6985  219.4109 -999.9000    0.0000    0.0000    1.6884   90.4089
  98.6148 16649.5779  218.0183 -999.9000    0.0000    0.0000    0.8687   90.4014
  96.2203 16806.4573  217.2765 -999.9000    0.0000    0.0000    0.0007   90.4014
  93.8688 16963.3367  216.5582 -999.9000    0.0000    0.0000    1.0448   90.4014
  91.5836 17120.2161  216.4346 -999.9000    0.0000    0.0000    1.8783   90.4014
  89.3567 17277.0955  216.4093 -999.9000    0.0000    0.0000    2.4822   90.4014
  87.1784 17433.9749  215.9344 -999.9000    0.0000    0.0000    3.1541   90.3927
  85.0453 17590.8543  215.1222 -999.9000    0.0000    0.0000    4.0609   90.0754
  82.9608 17747.7337  214.7964 -999.9000    0.0000    0.0000    5.2299   90.9865
  80.9282 17904.6131  215.4407 -999.9000    0.0000    0.0000    6.3782   90.6807
  78.9484 18061.4925  216.0854 -999.9000    0.0000    0.0000    6.2771   90.4907
  77.0217 18218.3719  216.7608 -999.9000    0.0000    0.0000    5.3296   90.6714
  75.1483 18375.2513  217.8239 -999.9000    0.0000    0.0000    4.3897   90.9237
  73.3271 18532.1307  218.9327 -999.9000    0.0000    0.0000    3.7874   91.0464
  71.5556 18689.0101  219.0674 -999.9000    0.0000    0.0000    3.3440   90.9336
  69.8260 18845.8894  217.9630 -999.9000    0.0000    0.0000    2.7527   91.0562
  68.1227 19002.7688  217.6857 -999.9000    0.0000    0.0000    1.6461   91.7656
  66.4601 19159.6482  218.0504 -999.9000    0.0000    0.0000    0.6545   89.5288
  64.8418 19316.5276  218.5505 -999.9000    0.0000    0.0000    0.3874   87.4851
  63.2670 19473.4070  218.9721 -999.9000    0.0000    0.0000    0.9743   87.9468
  61.7318 19630.2864  219.5530 -999.9000    0.0000    0.0000    1.6062   88.3028
  60.2355 19787.1658  219.7869 -999.9000    0.0000    0.0000    2.3957   88.5476
  58.7762 19944.0452  219.5132 -999.9000    0.0000    0.0000    3.2824   88.9105
  57.3501 20100.9246  219.1581 -999.9000    0.0000    0.0000    3.7614   89.0671
  55.9562 20257.8040  218.9155 -999.9000    0.0000    0.0000    3.7348   88.9446
  54.5968 20414.6834  218.7055 -999.9000    0.0000    0.0000    3.5672   88.7725
  53.2731 20571.5628  218.6799 -999.9000    0.0000    0.0000    3.4213   88.6461
  51.9860 20728.4422  219.1493 -999.9000    0.0000    0.0000    3.3134   88.5640
  50.7361 20885.3216  220.4270 -999.9000    0.0000    0.0000    3.2572   88.5228
  49.5229 21042.2010  222.2242 -999.9000    0.0000    0.0000    3.2357   88.5126
  48.3394 21199.0804  221.6308 -999.9000    0.0000    0.0000    3.5978   88.5757
  47.1874 21355.9598  221.7225 -999.9000    0.0000    0.0000    4.7415   88.7747
  46.0647 21512.8392  222.1371 -999.9000    0.0000    0.0000    5.7819   88.9472
  44.9691 21669.7186  222.3958 -999.9000    0.0000    0.0000    5.9869   88.9570
  43.8989 21826.5980  222.4354 -999.9000    0.0000    0.0000    5.5895   88.8369
  42.8525 21983.4774  222.3168 -999.9000    0.0000    0.0000    5.1066   88.6697
  41.8295 22140.3568  222.0878 -999.9000    0.0000    0.0000    4.8278   88.5214
  40.8309 22297.2362  221.7771 -999.9000    0.0000    0.0000    4.6911   88.4316
  39.8584 22454.1156  221.4138 -999.9000    0.0000    0.0000    4.6054   88.4374
  38.9104 22610.9950  221.8247 -999.9000    0.0000    0.0000    4.7190   88.5046
  37.9838 22767.8744  223.1030 -999.9000    0.0000    0.0000    5.0887   88.5579
  37.0791 22924.7538  223.8127 -999.9000    0.0000    0.0000    5.3836   88.6106
  36.1962 23081.6332  223.9227 -999.9000    0.0000    0.0000    5.5882   88.6649
  35.3349 23238.5126  223.6508 -999.9000    0.0000    0.0000    5.7425   88.7211
  34.4951 23395.3920  223.2147 -999.9000    0.0000    0.0000    5.8870   88.7793
  33.6765 23552.2714  222.8322 -999.9000    0.0000    0.0000    6.0616   88.8396
  32.8792 23709.1508  222.7209 -999.9000    0.0000    0.0000    6.3068   88.9021
  32.1025 23866.0302  223.0230 -999.9000    0.0000    0.0000    6.6355   88.9664
  31.3447 24022.9095  223.6007 -999.9000    0.0000    0.0000    6.9600   89.0294
  30.6036 24179.7889  224.2523 -999.9000    0.0000    0.0000    7.1697   89.0878
  29.8779 24336.6683  224.7503 -999.9000    0.0000    0.0000    7.1733   89.1301
  29.1715 24493.5477  224.8054 -999.9000    0.0000    0.0000    7.0759   89.0898
  28.4842 24650.4271  224.6656 -999.9000    0.0000    0.0000    6.9308   88.9796
  27.8138 24807.3065  224.6996 -999.9000    0.0000    0.0000    6.7527   88.8366
  27.1583 24964.1859  225.2745 -999.9000    0.0000    0.0000    6.5556   88.6979
  26.5173 25121.0653  226.4512 -999.9000    0.0000    0.0000    6.3600   88.5852
  25.8939 25277.9447  227.6417 -999.9000    0.0000    0.0000    6.2001   88.4883
  25.2914 25434.8241  228.1753 -999.9000    0.0000    0.0000    6.1124   88.3927
  24.7096 25591.7035  227.6857 -999.9000    0.0000    0.0000    6.1778   88.3136
  24.1354 25748.5829  227.1581 -999.9000    0.0000    0.0000    6.5568   88.3442
  23.5706 25905.4623  226.9254 -999.9000    0.0000    0.0000    7.1514   88.4419
  23.0189 26062.3417  227.1967 -999.9000    0.0000    0.0000    7.8362   88.5480
  22.4826 26219.2211  228.0375 -999.9000    0.0000    0.0000    8.5102   88.6216
  21.9608 26376.1005  229.1415 -999.9000    0.0000    0.0000    9.1346   88.6692
  21.4521 26532.9799  230.1441 -999.9000    0.0000    0.0000    9.6808   88.7041
  20.9548 26689.8593  230.6803 -999.9000    0.0000    0.0000   10.1199   88.7401
  20.4676 26846.7387  230.3850 -999.9000    0.0000    0.0000   10.4231   88.7908
  19.9891 27003.6181  228.9287 -999.9000    0.0000    0.0000   10.5548   88.8671
  19.5243 27160.4975  228.0327 -999.9000    0.0000    0.0000   10.1528   88.8331
  19.0752 27317.3769  228.4844 -999.9000    0.0000    0.0000    9.2887   88.6652
  18.6391 27474.2563  229.7033 -999.9000    0.0000    0.0000    8.3566   88.4541
  18.2135 27631.1357  231.1091 -999.9000    0.0000    0.0000    7.7507   88.2905
  17.7959 27788.0151  232.1305 -999.9000    0.0000    0.0000    7.8421   88.2601
  17.3864 27944.8945  232.4203 -999.9000    0.0000    0.0000    8.4515   88.3267
  16.9866 28101.7739  232.0047 -999.9000    0.0000    0.0000    9.0974   88.3867
  16.5963 28258.6533  231.1802 -999.9000    0.0000    0.0000    9.7446   88.4341
  16.2153 28415.5327  230.2708 -999.9000    0.0000    0.0000   10.4071   88.4734
  15.8432 28572.4121  229.6002 -999.9000    0.0000    0.0000   11.0994   88.5095
  15.4798 28729.2915  229.4861 -999.9000    0.0000    0.0000   11.8333   88.5468
  15.1246 28886.1709  229.8898 -999.9000    0.0000    0.0000   12.5062   88.5881
  14.7769 29043.0503  230.2543 -999.9000    0.0000    0.0000   12.8541   88.6333
  14.4368 29199.9296  230.4156 -999.9000    0.0000    0.0000   12.8116   88.6841
  14.1043 29356.8090  230.5112 -999.9000    0.0000    0.0000   12.4598   88.7433
  13.7798 29513.6884  230.6845 -999.9000    0.0000    0.0000   11.8828   88.8140
  13.4633 29670.5678  231.0789 -999.9000    0.0000    0.0000   11.1645   88.8992
  13.1552 29827.4472  231.8377 -999.9000    0.0000    0.0000   10.3890   89.0018
  12.8555 29984.3266  233.0475 -999.9000    0.0000    0.0000    9.6382   89.1215
  12.5638 30141.2060  234.3957 -999.9000    0.0000    0.0000    8.9799   89.2343
  12.2794 30298.0854  235.4004 -999.9000    0.0000    0.0000    8.4755   89.3059
  12.0018 30454.9648  235.5790 -999.9000    0.0000    0.0000    8.1870   89.3022
  11.7304 30611.8442  234.7035 -999.9000    0.0000    0.0000    8.1348   89.2026
  11.4650 30768.7236  233.5856 -999.9000    0.0000    0.0000    8.1733   89.0420
  11.2056 30925.6030  233.3016 -999.9000    0.0000    0.0000    8.1145   88.8691
  10.9522 31082.4824  234.5035 -999.9000    0.0000    0.0000    7.8379   88.7216
  10.7056 31239.3618  236.0309 -999.9000    0.0000    0.0000    7.5121   88.5894
  10.4661 31396.2412  236.5657 -999.9000    0.0000    0.0000    7.3339   88.4534
  10.2318 31553.1206  236.1878 -999.9000    0.0000    0.0000    7.2884   88.3118
  10.0000 31710.0000  235.3521 -999.9000    0.0000    0.0000    7.3043   88.1674
