# 06610 LSMP Payerne Observations at 12Z 30 Jul 2008
# Radiosonde file generated by raso.rb
#
  P [hPa],     Z [m],    T [K],   Td [K],   RH [%], r [g/kg], WS [m/s], WD [deg]
 962.0000   491.0000  298.3713 -999.9000   66.2541   13.6900    1.9251   93.0543
 944.6891   647.8794  296.3646 -999.9000   67.8145   12.6302    4.4616   92.6754
 927.6873   804.7588  295.0237 -999.9000   79.5628   13.9071    2.1641   92.9144
 911.0964   961.6382  293.7776 -999.9000   80.0199   14.4362    0.4556   92.0428
 894.7070  1118.5176  292.8822 -999.9000   80.0167   14.3064    1.4664   90.9797
 878.5406  1275.3970  292.6221 -999.9000   80.0782   13.3485    2.5008   90.6229
 862.6769  1432.2764  291.2731 -999.9000   80.9856   13.5129    2.7795   90.4248
 846.9845  1589.1558  290.0545 -999.9000   80.2983   13.9027    4.4302   90.3491
 831.5533  1746.0352  289.7246 -999.9000   80.7676   13.2228    5.3560   90.3950
 816.3570  1902.9146  288.4222 -999.9000   80.6462   11.9693    6.5006   90.4496
 801.3249  2059.7940  286.8387 -999.9000   80.3557   11.5640    7.1597   90.4939
 786.5365  2216.6734  285.4866 -999.9000   80.1898   10.4184    7.9399   90.5367
 771.9169  2373.5528  284.2535 -999.9000   80.5645    8.7627    9.1596   90.5644
 757.5041  2530.4322  283.1925 -999.9000   80.4182    8.5006    9.7154   90.6155
 743.3854  2687.3116  282.6133 -999.9000   77.7621    7.5803    8.6261   90.6080
 729.2940  2844.1910  281.5337 -999.9000   60.3665    5.5688    8.3976   90.6173
 715.5826  3001.0704  280.4798 -999.9000   50.1020    4.3807    9.9879   90.6971
 702.0616  3157.9497  279.2888 -999.9000   51.5747    4.2344   11.2755   90.7782
 688.7126  3314.8291  277.8029 -999.9000   58.8805    4.4448   11.3662   90.8007
 675.5482  3471.7085  276.1669 -999.9000   68.1575    4.6752   11.6131   90.8205
 662.5494  3628.5879  274.6806 -999.9000   74.0833    4.6607   12.2128   90.8487
 649.7305  3785.4673  273.6606 -999.9000   67.2071    4.0055   12.4978   90.8627
 637.1240  3942.3467  272.7957 -999.9000   55.0823    3.1437   11.8055   90.9118
 624.7467  4099.2261  271.7684 -999.9000   50.1070    2.7055   10.2437   91.0167
 612.5275  4256.1055  270.6947 -999.9000   50.0345    2.5464    9.7953   91.0465
 600.5160  4412.9849  270.0725 -999.9000   38.1602    1.8919   10.0583   91.0390
 588.7253  4569.8643  269.4622 -999.9000   22.7313    1.0986   10.2240   91.0433
 577.1128  4726.7437  268.1537 -999.9000   18.1412    0.8108   10.2554   91.0483
 565.6299  4883.6231  267.3023 -999.9000   17.0102    0.7276   10.1982   91.0538
 554.4053  5040.5025  266.7252 -999.9000   13.4794    0.5634    9.4893   91.1400
 543.3471  5197.3819  266.0348 -999.9000   12.8206    0.5190    8.6908   91.2153
 532.4739  5354.2613  264.9946 -999.9000   22.1701    0.8459    9.0765   91.2112
 521.8251  5511.1407  263.9323 -999.9000   24.0143    0.8613    9.8121   91.1806
 511.3144  5668.0201  263.1271 -999.9000   14.0802    0.4842   10.4733   91.1583
 500.9731  5824.8995  261.7711 -999.9000   12.9666    0.4090   11.1559   91.1344
 490.8286  5981.7789  260.1443 -999.9000   18.3924    0.5200   11.2921   91.1143
 480.7236  6138.6583  259.0149 -999.9000   29.2187    0.7703   11.6081   91.0832
 470.8214  6295.5377  257.7104 -999.9000   31.4838    0.7621   11.6883   91.0728
 461.0900  6452.4171  256.2656 -999.9000   30.8206    0.6762   11.3934   90.9894
 451.4963  6609.2965  254.9459 -999.9000   31.9968    0.6422   10.3694   90.8335
 442.0676  6766.1759  253.8499 -999.9000   32.5742    0.6091    9.4640   90.7116
 432.8253  6923.0553  252.8623 -999.9000   32.2944    0.5674   10.3603   90.6964
 423.7241  7079.9347  251.4281 -999.9000   36.0008    0.5712   11.2293   90.7318
 414.7432  7236.8141  249.6933 -999.9000   41.2265    0.5742   11.0167   90.7585
 405.9174  7393.6935  248.6661 -999.9000   31.8219    0.4138   11.2357   90.7794
 397.1974  7550.5729  247.3448 -999.9000   27.2419    0.3219   11.4948   90.7881
 388.6475  7707.4523  245.9154 -999.9000   31.1676    0.3308   11.6315   90.8405
 380.2876  7864.3317  244.8614 -999.9000   34.8209    0.3433   11.8592   90.9010
 372.0784  8021.2111  244.0048 -999.9000   39.0951    0.3645   12.0034   90.8924
 363.9826  8178.0905  243.1715 -999.9000   45.2262    0.3994   11.9097   90.7526
 356.0087  8334.9698  242.2777 -999.9000   54.4731    0.4529   11.8887   90.7678
 348.2042  8491.8492  241.3426 -999.9000   60.6075    0.5188   12.4873   91.3797
 340.5609  8648.7286  240.4494 -999.9000   65.0099    0.5272   12.7183   91.7004
 333.0575  8805.6080  239.5479 -999.9000   65.6285    0.4852   12.6593   91.6152
 325.6771  8962.4874  238.5382 -999.9000   65.0648    0.4338   12.9563   91.4555
 318.4095  9119.3668  237.3043 -999.9000   65.8658    0.3977   13.8778   91.4682
 311.2701  9276.2462  235.6367 -999.9000   60.7676    0.3338   14.0379   91.4746
 304.2599  9433.1256  234.0376 -999.9000   55.5900    0.2938   14.2637   91.4194
 297.3812  9590.0050  232.9288 -999.9000   50.7492    0.2688   14.7468   91.3896
 290.6045  9746.8844  231.6615 -999.9000   45.5420    0.2331   15.0758   91.3805
 283.9369  9903.7638  230.2482 -999.9000   45.8469    0.2031   15.4530   91.3479
 277.3870 10060.6432  228.7348 -999.9000   45.7032    0.1789   15.8408   91.3074
 270.9631 10217.5226  227.1614 -999.9000   45.6456    0.1538   16.1066   91.2950
 264.6694 10374.4020  225.6026 -999.9000   45.7602    0.1244   16.1600   91.3378
 258.4744 10531.2814  224.3654 -999.9000   45.2717    0.1097   16.3017   91.3756
 252.3757 10688.1608  223.3324 -999.9000   45.5916    0.1034   16.5605   91.3933
 246.3812 10845.0402  222.2748 -999.9000   40.3052    0.0916   16.8544   91.3978
 240.4896 11001.9196  221.0856 -999.9000   35.7417    0.0742   17.1300   91.3965
 234.6950 11158.7990  219.7598 -999.9000   35.9960    0.0604   17.3580   91.3968
 229.0082 11315.6784  218.3937 -999.9000   35.5384    0.0528   17.5329   91.3986
 223.4492 11472.5578  217.1347 -999.9000   35.0092    0.0500   17.6613   91.3982
 218.0236 11629.4372  215.9587 -999.9000   30.1563    0.0480   17.4620   91.4126
 212.6609 11786.3166  214.3165 -999.9000   25.6315    0.0350   15.7847   91.5070
 207.3913 11943.1960  213.5190 -999.9000   23.7941    0.0295   14.6098   91.4951
 202.2510 12100.0754  214.2604 -999.9000   18.0220    0.0410   14.3089   91.5711
 197.2536 12256.9548  215.6988 -999.9000    9.1057    0.0304   12.3129   92.1270
 192.4469 12413.8342  218.1323 -999.9000    2.6474    0.0062   12.7670   91.9985
 187.8076 12570.7136  217.9896 -999.9000    0.2372    0.0003   13.0127   91.9213
 183.2603 12727.5930  216.7950 -999.9000    0.2957    0.0003   12.7229   91.8946
 178.8033 12884.4724  216.4225 -999.9000    0.0000    0.0000   12.4916   91.8603
 174.4458 13041.3518  216.8657 -999.9000    0.0133    0.0000   12.6257   91.7991
 170.1876 13198.2312  217.1301 -999.9000    0.0000    0.0000   13.1515   91.6668
 166.0391 13355.1106  217.3358 -999.9000    0.0000    0.0000   13.7715   91.5392
 162.0101 13511.9899  216.9952 -999.9000    0.0002    0.0000   14.0706   91.4198
 158.0706 13668.8693  216.0441 -999.9000    0.0000    0.0000   13.6875   91.3880
 154.1974 13825.7487  215.2014 -999.9000    0.0000    0.0000   12.5265   91.4693
 150.4126 13982.6281  215.1624 -999.9000    0.0000    0.0000   10.6132   91.5650
 146.7292 14139.5075  216.1160 -999.9000    0.0000    0.0000   10.5359   91.5673
 143.1108 14296.3869  214.3602 -999.9000    0.0000    0.0000   10.4558   91.5696
 139.5597 14453.2663  216.7970 -999.9000    0.0000    0.0000   10.4249   91.5684
 136.1266 14610.1457  214.4776 -999.9000    0.0000    0.0000   10.4181   91.5540
 132.7619 14767.0251  213.6227 -999.9000    0.0000    0.0000   10.4167   91.5347
 129.4754 14923.9045  214.6354 -999.9000    0.0000    0.0000   10.4148   91.5197
 126.2897 15080.7839  215.7580 -999.9000    0.0000    0.0000   10.4032   91.5108
 123.1790 15237.6633  217.0028 -999.9000    0.0000    0.0000   10.4200   91.4644
 120.1481 15394.5427  217.4932 -999.9000    0.0000    0.0000   10.2788   91.3748
 117.2138 15551.4221  216.8661 -999.9000    0.0000    0.0000    9.9196   91.2661
 114.3435 15708.3015  216.7880 -999.9000    0.0000    0.0000    9.5997   91.1464
 111.5416 15865.1809  216.5601 -999.9000    0.0000    0.0000    9.0213   91.1933
 108.8149 16022.0603  217.8872 -999.9000    0.0000    0.0000    8.2101   91.4869
 106.1648 16178.9397  217.9533 -999.9000    0.0000    0.0000    7.7523   91.3484
 103.5767 16335.8191  217.5961 -999.9000    0.0000    0.0000    6.3259   91.9971
 101.0524 16492.6985  219.6477 -999.9000    0.0000    0.0000    1.8526   90.4089
  98.6148 16649.5779  218.2591 -999.9000    0.0000    0.0000    1.0816   90.4014
  96.2203 16806.4573  217.5187 -999.9000    0.0000    0.0000    0.2589   90.4014
  93.8688 16963.3367  216.7990 -999.9000    0.0000    0.0000    1.3446   90.4014
  91.5836 17120.2161  216.6710 -999.9000    0.0000    0.0000    2.2150   90.4014
  89.3567 17277.0955  216.6380 -999.9000    0.0000    0.0000    2.8505   90.4014
  87.1784 17433.9749  216.1519 -999.9000    0.0000    0.0000    3.5479   90.3927
  85.0453 17590.8543  215.3248 -999.9000    0.0000    0.0000    4.4735   90.0754
  82.9608 17747.7337  214.9801 -999.9000    0.0000    0.0000    5.6539   90.9865
  80.9282 17904.6131  215.6012 -999.9000    0.0000    0.0000    6.8054   90.6807
  78.9484 18061.4925  216.2186 -999.9000    0.0000    0.0000    6.6995   90.4907
  77.0217 18218.3719  216.8629 -999.9000    0.0000    0.0000    5.7396   90.6714
  75.1483 18375.2513  217.8914 -999.9000    0.0000    0.0000    4.7805   90.9237
  73.3271 18532.1307  218.9627 -999.9000    0.0000    0.0000    4.1530   91.0464
  71.5556 18689.0101  219.0571 -999.9000    0.0000    0.0000    3.6792   90.9336
  69.8260 18845.8894  217.9102 -999.9000    0.0000    0.0000    3.0528   91.0562
  68.1227 19002.7688  217.5885 -999.9000    0.0000    0.0000    1.9074   91.7656
  66.4601 19159.6482  217.9073 -999.9000    0.0000    0.0000    0.8738   89.5288
  64.8418 19316.5276  218.3604 -999.9000    0.0000    0.0000    0.5622   87.4851
  63.2670 19473.4070  218.7342 -999.9000    0.0000    0.0000    1.1031   87.9468
  61.7318 19630.2864  219.2670 -999.9000    0.0000    0.0000    1.6880   88.3028
  60.2355 19787.1658  219.4528 -999.9000    0.0000    0.0000    2.4302   88.5476
  58.7762 19944.0452  219.1315 -999.9000    0.0000    0.0000    3.2702   88.9105
  57.3501 20100.9246  218.7295 -999.9000    0.0000    0.0000    3.7037   89.0671
  55.9562 20257.8040  218.4412 -999.9000    0.0000    0.0000    3.6335   88.9446
  54.5968 20414.6834  218.1871 -999.9000    0.0000    0.0000    3.4250   88.7725
  53.2731 20571.5628  218.1194 -999.9000    0.0000    0.0000    3.2416   88.6461
  51.9860 20728.4422  218.5490 -999.9000    0.0000    0.0000    3.1004   88.5640
  50.7361 20885.3216  219.7896 -999.9000    0.0000    0.0000    3.0157   88.5228
  49.5229 21042.2010  221.5528 -999.9000    0.0000    0.0000    2.9713   88.5126
  48.3394 21199.0804  220.9289 -999.9000    0.0000    0.0000    3.3168   88.5757
  47.1874 21355.9598  220.9940 -999.9000    0.0000    0.0000    4.4509   88.7747
  46.0647 21512.8392  221.3860 -999.9000    0.0000    0.0000    5.4891   88.9472
  44.9691 21669.7186  221.6259 -999.9000    0.0000    0.0000    5.6985   88.9570
  43.8989 21826.5980  221.6504 -999.9000    0.0000    0.0000    5.3118   88.8369
  42.8525 21983.4774  221.5201 -999.9000    0.0000    0.0000    4.8452   88.6697
  41.8295 22140.3568  221.2828 -999.9000    0.0000    0.0000    4.5877   88.5214
  40.8309 22297.2362  220.9666 -999.9000    0.0000    0.0000    4.4769   88.4316
  39.8584 22454.1156  220.6009 -999.9000    0.0000    0.0000    4.4211   88.4374
  38.9104 22610.9950  221.0118 -999.9000    0.0000    0.0000    4.5678   88.5046
  37.9838 22767.8744  222.2927 -999.9000    0.0000    0.0000    4.9734   88.5579
  37.0791 22924.7538  223.0072 -999.9000    0.0000    0.0000    5.3066   88.6106
  36.1962 23081.6332  223.1239 -999.9000    0.0000    0.0000    5.5511   88.6649
  35.3349 23238.5126  222.8607 -999.9000    0.0000    0.0000    5.7465   88.7211
  34.4951 23395.3920  222.4349 -999.9000    0.0000    0.0000    5.9325   88.7793
  33.6765 23552.2714  222.0640 -999.9000    0.0000    0.0000    6.1486   88.8396
  32.8792 23709.1508  221.9655 -999.9000    0.0000    0.0000    6.4347   88.9021
  32.1025 23866.0302  222.2814 -999.9000    0.0000    0.0000    6.8032   88.9664
  31.3447 24022.9095  222.8739 -999.9000    0.0000    0.0000    7.1658   89.0294
  30.6036 24179.7889  223.5407 -999.9000    0.0000    0.0000    7.4113   89.0878
  29.8779 24336.6683  224.0544 -999.9000    0.0000    0.0000    7.4478   89.1301
  29.1715 24493.5477  224.1253 -999.9000    0.0000    0.0000    7.3800   89.0898
  28.4842 24650.4271  224.0013 -999.9000    0.0000    0.0000    7.2604   88.9796
  27.8138 24807.3065  224.0510 -999.9000    0.0000    0.0000    7.1032   88.8366
  27.1583 24964.1859  224.6411 -999.9000    0.0000    0.0000    6.9223   88.6979
  26.5173 25121.0653  225.8327 -999.9000    0.0000    0.0000    6.7381   88.5852
  25.8939 25277.9447  227.0377 -999.9000    0.0000    0.0000    6.5853   88.4883
  25.2914 25434.8241  227.5853 -999.9000    0.0000    0.0000    6.5004   88.3927
  24.7096 25591.7035  227.1093 -999.9000    0.0000    0.0000    6.5647   88.3136
  24.1354 25748.5829  226.5948 -999.9000    0.0000    0.0000    6.9390   88.3442
  23.5706 25905.4623  226.3748 -999.9000    0.0000    0.0000    7.5253   88.4419
  23.0189 26062.3417  226.6584 -999.9000    0.0000    0.0000    8.1987   88.5480
  22.4826 26219.2211  227.5108 -999.9000    0.0000    0.0000    8.8583   88.6216
  21.9608 26376.1005  228.6261 -999.9000    0.0000    0.0000    9.4657   88.6692
  21.4521 26532.9799  229.6394 -999.9000    0.0000    0.0000    9.9924   88.7041
  20.9548 26689.8593  230.1857 -999.9000    0.0000    0.0000   10.4098   88.7401
  20.4676 26846.7387  229.9000 -999.9000    0.0000    0.0000   10.6894   88.7908
  19.9891 27003.6181  228.4527 -999.9000    0.0000    0.0000   10.7958   88.8671
  19.5243 27160.4975  227.5652 -999.9000    0.0000    0.0000   10.3670   88.8331
  19.0752 27317.3769  228.0247 -999.9000    0.0000    0.0000    9.4749   88.6652
  18.6391 27474.2563  229.2508 -999.9000    0.0000    0.0000    8.5139   88.4541
  18.2135 27631.1357  230.6633 -999.9000    0.0000    0.0000    7.8784   88.2905
  17.7959 27788.0151  231.6906 -999.9000    0.0000    0.0000    7.9397   88.2601
  17.3864 27944.8945  231.9857 -999.9000    0.0000    0.0000    8.5188   88.3267
  16.9866 28101.7739  231.5747 -999.9000    0.0000    0.0000    9.1345   88.3867
  16.5963 28258.6533  230.7542 -999.9000    0.0000    0.0000    9.7517   88.4341
  16.2153 28415.5327  229.8481 -999.9000    0.0000    0.0000   10.3849   88.4734
  15.8432 28572.4121  229.1799 -999.9000    0.0000    0.0000   11.0485   88.5095
  15.4798 28729.2915  229.0677 -999.9000    0.0000    0.0000   11.7549   88.5468
  15.1246 28886.1709  229.4724 -999.9000    0.0000    0.0000   12.4016   88.5881
  14.7769 29043.0503  229.8372 -999.9000    0.0000    0.0000   12.7247   88.6333
  14.4368 29199.9296  229.9980 -999.9000    0.0000    0.0000   12.6593   88.6841
  14.1043 29356.8090  230.0924 -999.9000    0.0000    0.0000   12.2865   88.7433
  13.7798 29513.6884  230.2636 -999.9000    0.0000    0.0000   11.6910   88.8140
  13.4633 29670.5678  230.6551 -999.9000    0.0000    0.0000   10.9566   88.8992
  13.1552 29827.4472  231.4102 -999.9000    0.0000    0.0000   10.1678   89.0018
  12.8555 29984.3266  232.6154 -999.9000    0.0000    0.0000    9.4067   89.1215
  12.5638 30141.2060  233.9581 -999.9000    0.0000    0.0000    8.7414   89.2343
  12.2794 30298.0854  234.9566 -999.9000    0.0000    0.0000    8.2336   89.3059
  12.0018 30454.9648  235.1280 -999.9000    0.0000    0.0000    7.9454   89.3022
  11.7304 30611.8442  234.2444 -999.9000    0.0000    0.0000    7.8976   89.2026
  11.4650 30768.7236  233.1174 -999.9000    0.0000    0.0000    7.9447   89.0420
  11.2056 30925.6030  232.8235 -999.9000    0.0000    0.0000    7.8991   88.8691
  10.9522 31082.4824  234.0144 -999.9000    0.0000    0.0000    7.6404   88.7216
  10.7056 31239.3618  235.5300 -999.9000    0.0000    0.0000    7.3376   88.5894
  10.4661 31396.2412  236.0519 -999.9000    0.0000    0.0000    7.1876   88.4534
  10.2318 31553.1206  235.6602 -999.9000    0.0000    0.0000    7.1758   88.3118
  10.0000 31710.0000  234.8097 -999.9000    0.0000    0.0000    7.2312   88.1674
