# 06610 LSMP Payerne Observations at 12Z 30 Jul 2008
# Radiosonde file generated by raso.rb
#
  P [hPa],     Z [m],    T [K],   Td [K],   RH [%], r [g/kg], WS [m/s], WD [deg]
 962.0000   491.0000  297.9699 -999.9000   66.2573   13.6900    1.9082   93.0543
 944.6891   647.8794  295.9907 -999.9000   67.8031   12.6302    4.3793   92.6754
 927.6873   804.7588  294.6764 -999.9000   79.5346   13.9071    2.0216   92.9144
 911.0964   961.6382  293.4560 -999.9000   79.9793   14.4362    0.2579   92.0428
 894.7070  1118.5176  292.5855 -999.9000   79.9661   14.3064    1.2184   90.9797
 878.5406  1275.3970  292.3495 -999.9000   80.0197   13.3485    2.2070   90.6229
 862.6769  1432.2764  291.0239 -999.9000   80.9207   13.5129    2.4444   90.4248
 846.9845  1589.1558  289.8278 -999.9000   80.2304   13.9027    4.0580   90.3491
 831.5533  1746.0352  289.5198 -999.9000   80.6975   13.2228    4.9509   90.3950
 816.3570  1902.9146  288.2386 -999.9000   80.5763   11.9693    6.0665   90.4496
 801.3249  2059.7940  286.6758 -999.9000   80.2879   11.5640    6.7003   90.4939
 786.5365  2216.6734  285.3438 -999.9000   80.1254   10.4184    7.4587   90.5367
 771.9169  2373.5528  284.1301 -999.9000   80.5048    8.7627    8.6601   90.5644
 757.5041  2530.4322  283.0881 -999.9000   80.3649    8.5006    9.2007   90.6155
 743.3854  2687.3116  282.5274 -999.9000   77.7178    7.5803    8.0993   90.6080
 729.2940  2844.1910  281.4658 -999.9000   60.3387    5.5688    7.8614   90.6173
 715.5826  3001.0704  280.4296 -999.9000   50.0851    4.3807    9.4451   90.6971
 702.0616  3157.9497  279.2558 -999.9000   51.5642    4.2344   10.7285   90.7782
 688.7126  3314.8291  277.7869 -999.9000   58.8771    4.4448   10.8173   90.8007
 675.5482  3471.7085  276.1675 -999.9000   68.1640    4.6752   11.0643   90.8205
 662.5494  3628.5879  274.6976 -999.9000   74.1024    4.6607   11.6662   90.8487
 649.7305  3785.4673  273.6936 -999.9000   67.2358    4.0055   11.9552   90.8627
 637.1240  3942.3467  272.8447 -999.9000   55.1154    3.1437   11.2684   90.9118
 624.7467  4099.2261  271.8331 -999.9000   50.1461    2.7055    9.7135   91.0167
 612.5275  4256.1055  270.7750 -999.9000   50.0825    2.5464    9.2732   91.0465
 600.5160  4412.9849  270.1684 -999.9000   38.2038    1.8919    9.5453   91.0390
 588.7253  4569.8643  269.5736 -999.9000   22.7614    1.0986    9.7211   91.0433
 577.1128  4726.7437  268.2805 -999.9000   18.1685    0.8108    9.7632   91.0483
 565.6299  4883.6231  267.4445 -999.9000   17.0388    0.7276    9.7173   91.0538
 554.4053  5040.5025  266.8829 -999.9000   13.5044    0.5634    9.0199   91.1400
 543.3471  5197.3819  266.2082 -999.9000   12.8466    0.5190    8.2331   91.2153
 532.4739  5354.2613  265.1837 -999.9000   22.2186    0.8459    8.6304   91.2112
 521.8251  5511.1407  264.1373 -999.9000   24.0705    0.8613    9.3775   91.1806
 511.3144  5668.0201  263.3481 -999.9000   14.1152    0.4842   10.0498   91.1583
 500.9731  5824.8995  262.0084 -999.9000   13.0006    0.4090   10.7428   91.1344
 490.8286  5981.7789  260.3982 -999.9000   18.4429    0.5200   10.8888   91.1143
 480.7236  6138.6583  259.2855 -999.9000   29.3020    0.7703   11.2135   91.0832
 470.8214  6295.5377  257.9982 -999.9000   31.5766    0.7621   11.3015   91.0728
 461.0900  6452.4171  256.5709 -999.9000   30.9138    0.6762   11.0130   90.9894
 451.4963  6609.2965  255.2691 -999.9000   32.0955    0.6422    9.9939   90.8335
 442.0676  6766.1759  254.1915 -999.9000   32.6761    0.6091    9.0919   90.7116
 432.8253  6923.0553  253.2228 -999.9000   32.3960    0.5674    9.9896   90.6964
 423.7241  7079.9347  251.8079 -999.9000   36.1141    0.5712   10.8581   90.7318
 414.7432  7236.8141  250.0930 -999.9000   41.3554    0.5742   10.6428   90.7585
 405.9174  7393.6935  249.0863 -999.9000   31.9199    0.4138   10.8567   90.7794
 397.1974  7550.5729  247.7860 -999.9000   27.3239    0.3219   11.1082   90.7881
 388.6475  7707.4523  246.3781 -999.9000   31.2584    0.3308   11.2350   90.8405
 380.2876  7864.3317  245.3457 -999.9000   34.9183    0.3433   11.4508   90.9010
 372.0784  8021.2111  244.5106 -999.9000   39.1992    0.3645   11.5814   90.8924
 363.9826  8178.0905  243.6985 -999.9000   45.3398    0.3994   11.4727   90.7526
 356.0087  8334.9698  242.8253 -999.9000   54.6009    0.4529   11.4357   90.7678
 348.2042  8491.8492  241.9099 -999.9000   60.7391    0.5188   12.0177   91.3797
 340.5609  8648.7286  241.0352 -999.9000   65.1391    0.5272   12.2316   91.7004
 333.0575  8805.6080  240.1509 -999.9000   65.7465    0.4852   12.1555   91.6152
 325.6771  8962.4874  239.1567 -999.9000   65.1693    0.4338   12.4356   91.4555
 318.4095  9119.3668  237.9364 -999.9000   65.9588    0.3977   13.3408   91.4682
 311.2701  9276.2462  236.2803 -999.9000   60.8417    0.3338   13.4855   91.4746
 304.2599  9433.1256  234.6902 -999.9000   55.6474    0.2938   13.6972   91.4194
 297.3812  9590.0050  233.5878 -999.9000   50.7924    0.2688   14.1678   91.3896
 290.6045  9746.8844  232.3241 -999.9000   45.5730    0.2331   14.4860   91.3805
 283.9369  9903.7638  230.9110 -999.9000   45.8708    0.2031   14.8548   91.3479
 277.3870 10060.6432  229.3944 -999.9000   45.7204    0.1789   15.2367   91.3074
 270.9631 10217.5226  227.8141 -999.9000   45.6569    0.1538   15.4994   91.2950
 264.6694 10374.4020  226.2444 -999.9000   45.7666    0.1244   15.5529   91.3378
 258.4744 10531.2814  224.9922 -999.9000   45.2741    0.1097   15.6983   91.3756
 252.3757 10688.1608  223.9396 -999.9000   45.5911    0.1034   15.9646   91.3933
 246.3812 10845.0402  222.8577 -999.9000   40.3034    0.0916   16.2701   91.3978
 240.4896 11001.9196  221.6393 -999.9000   35.7398    0.0742   16.5618   91.3965
 234.6950 11158.7990  220.2794 -999.9000   35.9950    0.0604   16.8101   91.3968
 229.0082 11315.6784  218.8751 -999.9000   35.5392    0.0528   17.0091   91.3986
 223.4492 11472.5578  217.5741 -999.9000   35.0124    0.0500   17.1649   91.3982
 218.0236 11629.4372  216.3529 -999.9000   30.1620    0.0480   16.9958   91.4126
 212.6609 11786.3166  214.6627 -999.9000   25.6391    0.0350   15.3511   91.5070
 207.3913 11943.1960  213.8150 -999.9000   23.8042    0.0295   14.2105   91.4951
 202.2510 12100.0754  214.5046 -999.9000   18.0322    0.0410   13.9453   91.5711
 197.2536 12256.9548  215.8898 -999.9000    9.1122    0.0304   11.9858   92.1270
 192.4469 12413.8342  218.2694 -999.9000    2.6497    0.0062   12.4768   91.9985
 187.8076 12570.7136  218.0727 -999.9000    0.2374    0.0003   12.7594   91.9213
 183.2603 12727.5930  216.8242 -999.9000    0.2961    0.0003   12.5057   91.8946
 178.8033 12884.4724  216.3987 -999.9000    0.0000    0.0000   12.3094   91.8603
 174.4458 13041.3518  216.7902 -999.9000    0.0133    0.0000   12.4770   91.7991
 170.1876 13198.2312  217.0046 -999.9000    0.0000    0.0000   13.0342   91.6668
 166.0391 13355.1106  217.1626 -999.9000    0.0000    0.0000   13.6830   91.5392
 162.0101 13511.9899  216.7772 -999.9000    0.0002    0.0000   14.0079   91.4198
 158.0706 13668.8693  215.7845 -999.9000    0.0000    0.0000   13.6471   91.3880
 154.1974 13825.7487  214.9041 -999.9000    0.0000    0.0000   12.5044   91.4693
 150.4126 13982.6281  214.8316 -999.9000    0.0000    0.0000   10.6047   91.5650
 146.7292 14139.5075  215.7565 -999.9000    0.0000    0.0000   10.5361   91.5673
 143.1108 14296.3869  213.9774 -999.9000    0.0000    0.0000   10.4592   91.5696
 139.5597 14453.2663  216.3966 -999.9000    0.0000    0.0000   10.4256   91.5684
 136.1266 14610.1457  214.0655 -999.9000    0.0000    0.0000   10.4101   91.5540
 132.7619 14767.0251  213.2041 -999.9000    0.0000    0.0000   10.3949   91.5347
 129.4754 14923.9045  214.2154 -999.9000    0.0000    0.0000   10.3742   91.5197
 126.2897 15080.7839  215.3413 -999.9000    0.0000    0.0000   10.3398   91.5108
 123.1790 15237.6633  216.5934 -999.9000    0.0000    0.0000   10.3301   91.4644
 120.1481 15394.5427  217.0950 -999.9000    0.0000    0.0000   10.1594   91.3748
 117.2138 15551.4221  216.4823 -999.9000    0.0000    0.0000    9.7681   91.2661
 114.3435 15708.3015  216.4217 -999.9000    0.0000    0.0000    9.4143   91.1464
 111.5416 15865.1809  216.2137 -999.9000    0.0000    0.0000    8.8006   91.1933
 108.8149 16022.0603  217.5629 -999.9000    0.0000    0.0000    7.9534   91.4869
 106.1648 16178.9397  217.6528 -999.9000    0.0000    0.0000    7.4593   91.3484
 103.5767 16335.8191  217.3207 -999.9000    0.0000    0.0000    5.9968   91.9971
 101.0524 16492.6985  219.3983 -999.9000    0.0000    0.0000    1.4885   90.4089
  98.6148 16649.5779  218.0362 -999.9000    0.0000    0.0000    0.6839   90.4014
  96.2203 16806.4573  217.3224 -999.9000    0.0000    0.0000    0.1702   87.2598
  93.8688 16963.3367  216.6290 -999.9000    0.0000    0.0000    0.8865   90.4014
  91.5836 17120.2161  216.5265 -999.9000    0.0000    0.0000    1.7311   90.4014
  89.3567 17277.0955  216.5180 -999.9000    0.0000    0.0000    2.3447   90.4014
  87.1784 17433.9749  216.0547 -999.9000    0.0000    0.0000    3.0244   90.3927
  85.0453 17590.8543  215.2485 -999.9000    0.0000    0.0000    3.9372   90.0754
  82.9608 17747.7337  214.9223 -999.9000    0.0000    0.0000    5.1102   90.9865
  80.9282 17904.6131  215.5591 -999.9000    0.0000    0.0000    6.2603   90.6807
  78.9484 18061.4925  216.1893 -999.9000    0.0000    0.0000    6.1591   90.4907
  77.0217 18218.3719  216.8437 -999.9000    0.0000    0.0000    5.2096   90.6714
  75.1483 18375.2513  217.8799 -999.9000    0.0000    0.0000    4.2661   90.9237
  73.3271 18532.1307  218.9567 -999.9000    0.0000    0.0000    3.6590   91.0464
  71.5556 18689.0101  219.0545 -999.9000    0.0000    0.0000    3.2099   90.9336
  69.8260 18845.8894  217.9092 -999.9000    0.0000    0.0000    2.6122   91.0562
  68.1227 19002.7688  217.5874 -999.9000    0.0000    0.0000    1.4988   91.7656
  66.4601 19159.6482  217.9049 -999.9000    0.0000    0.0000    0.5002   89.5288
  64.8418 19316.5276  218.3554 -999.9000    0.0000    0.0000    0.2263   87.4851
  63.2670 19473.4070  218.7257 -999.9000    0.0000    0.0000    0.8069   87.9468
  61.7318 19630.2864  219.2543 -999.9000    0.0000    0.0000    1.4331   88.3028
  60.2355 19787.1658  219.4355 -999.9000    0.0000    0.0000    2.2179   88.5476
  58.7762 19944.0452  219.1092 -999.9000    0.0000    0.0000    3.1013   88.9105
  57.3501 20100.9246  218.7022 -999.9000    0.0000    0.0000    3.5784   89.0671
  55.9562 20257.8040  218.4089 -999.9000    0.0000    0.0000    3.5517   88.9446
  54.5968 20414.6834  218.1504 -999.9000    0.0000    0.0000    3.3863   88.7725
  53.2731 20571.5628  218.0787 -999.9000    0.0000    0.0000    3.2448   88.6461
  51.9860 20728.4422  218.5052 -999.9000    0.0000    0.0000    3.1440   88.5640
  50.7361 20885.3216  219.7438 -999.9000    0.0000    0.0000    3.0979   88.5228
  49.5229 21042.2010  221.5062 -999.9000    0.0000    0.0000    3.0897   88.5126
  48.3394 21199.0804  220.8830 -999.9000    0.0000    0.0000    3.4685   88.5757
  47.1874 21355.9598  220.9504 -999.9000    0.0000    0.0000    4.6328   88.7747
  46.0647 21512.8392  221.3466 -999.9000    0.0000    0.0000    5.6976   88.9472
  44.9691 21669.7186  221.5924 -999.9000    0.0000    0.0000    5.9303   88.9570
  43.8989 21826.5980  221.6245 -999.9000    0.0000    0.0000    5.5636   88.8369
  42.8525 21983.4774  221.5033 -999.9000    0.0000    0.0000    5.1139   88.6697
  41.8295 22140.3568  221.2766 -999.9000    0.0000    0.0000    4.8703   88.5214
  40.8309 22297.2362  220.9726 -999.9000    0.0000    0.0000    4.7706   88.4316
  39.8584 22454.1156  220.6202 -999.9000    0.0000    0.0000    4.7230   88.4374
  38.9104 22610.9950  221.0459 -999.9000    0.0000    0.0000    4.8754   88.5046
  37.9838 22767.8744  222.3427 -999.9000    0.0000    0.0000    5.2843   88.5579
  37.0791 22924.7538  223.0742 -999.9000    0.0000    0.0000    5.6183   88.6106
  36.1962 23081.6332  223.2091 -999.9000    0.0000    0.0000    5.8614   88.6649
  35.3349 23238.5126  222.9649 -999.9000    0.0000    0.0000    6.0534   88.7211
  34.4951 23395.3920  222.5590 -999.9000    0.0000    0.0000    6.2339   88.7793
  33.6765 23552.2714  222.2090 -999.9000    0.0000    0.0000    6.4428   88.8396
  32.8792 23709.1508  222.1320 -999.9000    0.0000    0.0000    6.7201   88.9021
  32.1025 23866.0302  222.4701 -999.9000    0.0000    0.0000    7.0780   88.9664
  31.3447 24022.9095  223.0853 -999.9000    0.0000    0.0000    7.4286   89.0294
  30.6036 24179.7889  223.7755 -999.9000    0.0000    0.0000    7.6608   89.0878
  29.8779 24336.6683  224.3129 -999.9000    0.0000    0.0000    7.6829   89.1301
  29.1715 24493.5477  224.4079 -999.9000    0.0000    0.0000    7.5995   89.0898
  28.4842 24650.4271  224.3083 -999.9000    0.0000    0.0000    7.4635   88.9796
  27.8138 24807.3065  224.3825 -999.9000    0.0000    0.0000    7.2891   88.8366
  27.1583 24964.1859  224.9973 -999.9000    0.0000    0.0000    7.0902   88.6979
  26.5173 25121.0653  226.2137 -999.9000    0.0000    0.0000    6.8875   88.5852
  25.8939 25277.9447  227.4435 -999.9000    0.0000    0.0000    6.7156   88.4883
  25.2914 25434.8241  228.0158 -999.9000    0.0000    0.0000    6.6113   88.3927
  24.7096 25591.7035  227.5642 -999.9000    0.0000    0.0000    6.6558   88.3136
  24.1354 25748.5829  227.0739 -999.9000    0.0000    0.0000    7.0101   88.3442
  23.5706 25905.4623  226.8778 -999.9000    0.0000    0.0000    7.5763   88.4419
  23.0189 26062.3417  227.1847 -999.9000    0.0000    0.0000    8.2294   88.5480
  22.4826 26219.2211  228.0601 -999.9000    0.0000    0.0000    8.8689   88.6216
  21.9608 26376.1005  229.1977 -999.9000    0.0000    0.0000    9.4563   88.6692
  21.4521 26532.9799  230.2327 -999.9000    0.0000    0.0000    9.9632   88.7041
  20.9548 26689.8593  230.7999 -999.9000    0.0000    0.0000   10.3611   88.7401
  20.4676 26846.7387  230.5344 -999.9000    0.0000    0.0000   10.6215   88.7908
  19.9891 27003.6181  229.1063 -999.9000    0.0000    0.0000   10.7093   88.8671
  19.5243 27160.4975  228.2370 -999.9000    0.0000    0.0000   10.2625   88.8331
  19.0752 27317.3769  228.7138 -999.9000    0.0000    0.0000    9.3531   88.6652
  18.6391 27474.2563  229.9560 -999.9000    0.0000    0.0000    8.3754   88.4541
  18.2135 27631.1357  231.3832 -999.9000    0.0000    0.0000    7.7241   88.2905
  17.7959 27788.0151  232.4241 -999.9000    0.0000    0.0000    7.7706   88.2601
  17.3864 27944.8945  232.7314 -999.9000    0.0000    0.0000    8.3359   88.3267
  16.9866 28101.7739  232.3312 -999.9000    0.0000    0.0000    8.9389   88.3867
  16.5963 28258.6533  231.5199 -999.9000    0.0000    0.0000    9.5446   88.4341
  16.2153 28415.5327  230.6213 -999.9000    0.0000    0.0000   10.1676   88.4734
  15.8432 28572.4121  229.9591 -999.9000    0.0000    0.0000   10.8224   88.5095
  15.4798 28729.2915  229.8510 -999.9000    0.0000    0.0000   11.5215   88.5468
  15.1246 28886.1709  230.2580 -999.9000    0.0000    0.0000   12.1624   88.5881
  14.7769 29043.0503  230.6232 -999.9000    0.0000    0.0000   12.4814   88.6333
  14.4368 29199.9296  230.7824 -999.9000    0.0000    0.0000   12.4136   88.6841
  14.1043 29356.8090  230.8731 -999.9000    0.0000    0.0000   12.0403   88.7433
  13.7798 29513.6884  231.0384 -999.9000    0.0000    0.0000   11.4461   88.8140
  13.4633 29670.5678  231.4218 -999.9000    0.0000    0.0000   10.7152   88.8992
  13.1552 29827.4472  232.1665 -999.9000    0.0000    0.0000    9.9319   89.0018
  12.8555 29984.3266  233.3588 -999.9000    0.0000    0.0000    9.1785   89.1215
  12.5638 30141.2060  234.6863 -999.9000    0.0000    0.0000    8.5232   89.2343
  12.2794 30298.0854  235.6668 -999.9000    0.0000    0.0000    8.0278   89.3059
  12.0018 30454.9648  235.8177 -999.9000    0.0000    0.0000    7.7544   89.3022
  11.7304 30611.8442  234.9110 -999.9000    0.0000    0.0000    7.7239   89.2026
  11.4650 30768.7236  233.7580 -999.9000    0.0000    0.0000    7.7911   89.0420
  11.2056 30925.6030  233.4351 -999.9000    0.0000    0.0000    7.7682   88.8691
  10.9522 31082.4824  234.5942 -999.9000    0.0000    0.0000    7.5350   88.7216
  10.7056 31239.3618  236.0749 -999.9000    0.0000    0.0000    7.2607   88.5894
  10.4661 31396.2412  236.5588 -999.9000    0.0000    0.0000    7.1423   88.4534
  10.2318 31553.1206  236.1260 -999.9000    0.0000    0.0000    7.1651   88.3118
  10.0000 31710.0000  235.2310 -999.9000    0.0000    0.0000    7.2582   88.1674
