# 06610 LSMP Payerne Observations at 12Z 30 Jul 2008
# Radiosonde file generated by raso.rb
#
  P [hPa],     Z [m],    T [K],   Td [K],   RH [%], r [g/kg], WS [m/s], WD [deg]
 962.0000   491.0000  297.9421 -999.9000   66.2336   13.6900    2.0746   93.0543
 944.6891   647.8794  295.8661 -999.9000   67.7974   12.6302    4.5253   92.6754
 927.6873   804.7588  294.4635 -999.9000   79.5478   13.9071    2.1475   92.9144
 911.0964   961.6382  293.1631 -999.9000   80.0104   14.4362    0.3643   92.0428
 894.7070  1118.5176  292.2206 -999.9000   80.0131   14.3064    1.3057   90.9797
 878.5406  1275.3970  291.9203 -999.9000   80.0808   13.3485    2.2759   90.6229
 862.6769  1432.2764  290.5378 -999.9000   80.9949   13.5129    2.4954   90.4248
 846.9845  1589.1558  289.2919 -999.9000   80.3145   13.9027    4.0918   90.3491
 831.5533  1746.0352  288.9410 -999.9000   80.7910   13.2228    4.9680   90.3950
 816.3570  1902.9146  287.6234 -999.9000   80.6771   11.9693    6.0677   90.4496
 801.3249  2059.7940  286.0303 -999.9000   80.3941   11.5640    6.6863   90.4939
 786.5365  2216.6734  284.6741 -999.9000   80.2357   10.4184    7.4303   90.5367
 771.9169  2373.5528  283.4419 -999.9000   80.6185    8.7627    8.6180   90.5644
 757.5041  2530.4322  282.3867 -999.9000   80.4801    8.5006    9.1458   90.6155
 743.3854  2687.3116  281.8179 -999.9000   77.8296    7.5803    8.0324   90.6080
 729.2940  2844.1910  280.7530 -999.9000   60.4249    5.5688    7.7834   90.6173
 715.5826  3001.0704  279.7179 -999.9000   50.1554    4.3807    9.3569   90.6971
 702.0616  3157.9497  278.5495 -999.9000   51.6347    4.2344   10.6310   90.7782
 688.7126  3314.8291  277.0900 -999.9000   58.9548    4.4448   10.7116   90.8007
 675.5482  3471.7085  275.4834 -999.9000   68.2499    4.6752   10.9514   90.8205
 662.5494  3628.5879  274.0298 -999.9000   74.1905    4.6607   11.5471   90.8487
 649.7305  3785.4673  273.0452 -999.9000   67.3104    4.0055   11.8309   90.8627
 637.1240  3942.3467  272.2184 -999.9000   55.1718    3.1437   11.1400   90.9118
 624.7467  4099.2261  271.2313 -999.9000   50.1926    2.7055    9.5823   91.0167
 612.5275  4256.1055  270.1999 -999.9000   50.1239    2.5464    9.1403   91.0465
 600.5160  4412.9849  269.6219 -999.9000   38.2313    1.8919    9.4119   91.0390
 588.7253  4569.8643  269.0573 -999.9000   22.7752    1.0986    9.5885   91.0433
 577.1128  4726.7437  267.7957 -999.9000   18.1774    0.8108    9.6326   91.0483
 565.6299  4883.6231  266.9923 -999.9000   17.0451    0.7276    9.5899   91.0538
 554.4053  5040.5025  266.4639 -999.9000   13.5078    0.5634    8.8973   91.1400
 543.3471  5197.3819  265.8228 -999.9000   12.8482    0.5190    8.1165   91.2153
 532.4739  5354.2613  264.8321 -999.9000   22.2187    0.8459    8.5212   91.2112
 521.8251  5511.1407  263.8194 -999.9000   24.0676    0.8613    9.2772   91.1806
 511.3144  5668.0201  263.0635 -999.9000   14.1118    0.4842    9.9598   91.1583
 500.9731  5824.8995  261.7562 -999.9000   12.9959    0.4090   10.6647   91.1344
 490.8286  5981.7789  260.1775 -999.9000   18.4340    0.5200   10.8240   91.1143
 480.7236  6138.6583  259.0950 -999.9000   29.2846    0.7703   11.1638   91.0832
 470.8214  6295.5377  257.8363 -999.9000   31.5544    0.7621   11.2682   91.0728
 461.0900  6452.4171  256.4357 -999.9000   30.8889    0.6762   10.9979   90.9894
 451.4963  6609.2965  255.1583 -999.9000   32.0666    0.6422    9.9987   90.8335
 442.0676  6766.1759  254.1027 -999.9000   32.6438    0.6091    9.1182   90.7116
 432.8253  6923.0553  253.1532 -999.9000   32.3614    0.5674   10.0392   90.6964
 423.7241  7079.9347  251.7545 -999.9000   36.0730    0.5712   10.9328   90.7318
 414.7432  7236.8141  250.0525 -999.9000   41.3057    0.5742   10.7443   90.7585
 405.9174  7393.6935  249.0550 -999.9000   31.8799    0.4138   10.9869   90.7794
 397.1974  7550.5729  247.7600 -999.9000   27.2886    0.3219   11.2688   90.7881
 388.6475  7707.4523  246.3536 -999.9000   31.2172    0.3308   11.4277   90.8405
 380.2876  7864.3317  245.3194 -999.9000   34.8717    0.3433   11.6768   90.9010
 372.0784  8021.2111  244.4793 -999.9000   39.1465    0.3645   11.8415   90.8924
 363.9826  8178.0905  243.6593 -999.9000   45.2789    0.3994   11.7674   90.7526
 356.0087  8334.9698  242.7757 -999.9000   54.5280    0.4529   11.7652   90.7678
 348.2042  8491.8492  241.8478 -999.9000   60.6589    0.5188   12.3815   91.3797
 340.5609  8648.7286  240.9586 -999.9000   65.0544    0.5272   12.6292   91.7004
 333.0575  8805.6080  240.0583 -999.9000   65.6627    0.4852   12.5859   91.6152
 325.6771  8962.4874  239.0467 -999.9000   65.0880    0.4338   12.8974   91.4555
 318.4095  9119.3668  237.8081 -999.9000   65.8786    0.3977   13.8324   91.4682
 311.2701  9276.2462  236.1330 -999.9000   60.7698    0.3338   14.0046   91.4746
 304.2599  9433.1256  234.5236 -999.9000   55.5835    0.2938   14.2414   91.4194
 297.3812  9590.0050  233.4017 -999.9000   50.7358    0.2688   14.7342   91.3896
 290.6045  9746.8844  232.1188 -999.9000   45.5237    0.2331   15.0715   91.3805
 283.9369  9903.7638  230.6871 -999.9000   45.8227    0.2031   15.4557   91.3479
 277.3870 10060.6432  229.1528 -999.9000   45.6738    0.1789   15.8490   91.3074
 270.9631 10217.5226  227.5560 -999.9000   45.6115    0.1538   16.1188   91.2950
 264.6694 10374.4020  225.9712 -999.9000   45.7220    0.1244   16.1748   91.3378
 258.4744 10531.2814  224.7058 -999.9000   45.2306    0.1097   16.3176   91.3756
 252.3757 10688.1608  223.6420 -999.9000   45.5477    0.1034   16.5758   91.3933
 246.3812 10845.0402  222.5514 -999.9000   40.2650    0.0916   16.8674   91.3978
 240.4896 11001.9196  221.3269 -999.9000   35.7056    0.0742   17.1391   91.3965
 234.6950 11158.7990  219.9637 -999.9000   35.9599    0.0604   17.3615   91.3968
 229.0082 11315.6784  218.5585 -999.9000   35.5037    0.0528   17.5295   91.3986
 223.4492 11472.5578  217.2589 -999.9000   34.9765    0.0500   17.6498   91.3982
 218.0236 11629.4372  216.0412 -999.9000   30.1300    0.0480   17.4413   91.4126
 212.6609 11786.3166  214.3564 -999.9000   25.6110    0.0350   15.7541   91.5070
 207.3913 11943.1960  213.5157 -999.9000   23.7771    0.0295   14.5685   91.4951
 202.2510 12100.0754  214.2136 -999.9000   18.0109    0.0410   14.2565   91.5711
 197.2536 12256.9548  215.6085 -999.9000    9.1010    0.0304   12.2490   92.1270
 192.4469 12413.8342  217.9989 -999.9000    2.6464    0.0062   12.6915   91.9985
 187.8076 12570.7136  217.8138 -999.9000    0.2371    0.0003   12.9258   91.9213
 183.2603 12727.5930  216.5775 -999.9000    0.2957    0.0003   12.6248   91.8946
 178.8033 12884.4724  216.1647 -999.9000    0.0000    0.0000   12.3826   91.8603
 174.4458 13041.3518  216.5690 -999.9000    0.0133    0.0000   12.5066   91.7991
 170.1876 13198.2312  216.7963 -999.9000    0.0000    0.0000   13.0231   91.6668
 166.0391 13355.1106  216.9670 -999.9000    0.0000    0.0000   13.6347   91.5392
 162.0101 13511.9899  216.5939 -999.9000    0.0002    0.0000   13.9267   91.4198
 158.0706 13668.8693  215.6129 -999.9000    0.0000    0.0000   13.5378   91.3880
 154.1974 13825.7487  214.7433 -999.9000    0.0000    0.0000   12.3726   91.4693
 150.4126 13982.6281  214.6807 -999.9000    0.0000    0.0000   10.4567   91.5650
 146.7292 14139.5075  215.6143 -999.9000    0.0000    0.0000   10.3788   91.5673
 143.1108 14296.3869  213.8425 -999.9000    0.0000    0.0000   10.3003   91.5696
 139.5597 14453.2663  216.2673 -999.9000    0.0000    0.0000   10.2732   91.5684
 136.1266 14610.1457  213.9402 -999.9000    0.0000    0.0000   10.2724   91.5540
 132.7619 14767.0251  213.0815 -999.9000    0.0000    0.0000   10.2791   91.5347
 129.4754 14923.9045  214.0943 -999.9000    0.0000    0.0000   10.2870   91.5197
 126.2897 15080.7839  215.2208 -999.9000    0.0000    0.0000   10.2869   91.5108
 123.1790 15237.6633  216.4728 -999.9000    0.0000    0.0000   10.3166   91.4644
 120.1481 15394.5427  216.9737 -999.9000    0.0000    0.0000   10.1893   91.3748
 117.2138 15551.4221  216.3601 -999.9000    0.0000    0.0000    9.8451   91.2661
 114.3435 15708.3015  216.2986 -999.9000    0.0000    0.0000    9.5408   91.1464
 111.5416 15865.1809  216.0898 -999.9000    0.0000    0.0000    8.9786   91.1933
 108.8149 16022.0603  217.4387 -999.9000    0.0000    0.0000    8.1839   91.4869
 106.1648 16178.9397  217.5288 -999.9000    0.0000    0.0000    7.7427   91.3484
 103.5767 16335.8191  217.1978 -999.9000    0.0000    0.0000    6.3326   91.9971
 101.0524 16492.6985  219.2776 -999.9000    0.0000    0.0000    1.8753   90.4089
  98.6148 16649.5779  217.9189 -999.9000    0.0000    0.0000    1.1198   90.4014
  96.2203 16806.4573  217.2101 -999.9000    0.0000    0.0000    0.3118   90.4014
  93.8688 16963.3367  216.5233 -999.9000    0.0000    0.0000    1.4111   90.4014
  91.5836 17120.2161  216.4294 -999.9000    0.0000    0.0000    2.2938   90.4014
  89.3567 17277.0955  216.4316 -999.9000    0.0000    0.0000    2.9403   90.4014
  87.1784 17433.9749  215.9815 -999.9000    0.0000    0.0000    3.6470   90.3927
  85.0453 17590.8543  215.1911 -999.9000    0.0000    0.0000    4.5800   90.0754
  82.9608 17747.7337  214.8835 -999.9000    0.0000    0.0000    5.7657   90.9865
  80.9282 17904.6131  215.5420 -999.9000    0.0000    0.0000    6.9202   90.6807
  78.9484 18061.4925  216.1969 -999.9000    0.0000    0.0000    6.8149   90.4907
  77.0217 18218.3719  216.8787 -999.9000    0.0000    0.0000    5.8535   90.6714
  75.1483 18375.2513  217.9447 -999.9000    0.0000    0.0000    4.8910   90.9237
  73.3271 18532.1307  219.0532 -999.9000    0.0000    0.0000    4.2584   91.0464
  71.5556 18689.0101  219.1847 -999.9000    0.0000    0.0000    3.7779   90.9336
  69.8260 18845.8894  218.0744 -999.9000    0.0000    0.0000    3.1437   91.0562
  68.1227 19002.7688  217.7887 -999.9000    0.0000    0.0000    1.9893   91.7656
  66.4601 19159.6482  218.1430 -999.9000    0.0000    0.0000    0.9459   89.5288
  64.8418 19316.5276  218.6309 -999.9000    0.0000    0.0000    0.6239   87.4851
  63.2670 19473.4070  219.0387 -999.9000    0.0000    0.0000    1.1539   87.9468
  61.7318 19630.2864  219.6046 -999.9000    0.0000    0.0000    1.7277   88.3028
  60.2355 19787.1658  219.8225 -999.9000    0.0000    0.0000    2.4589   88.5476
  58.7762 19944.0452  219.5321 -999.9000    0.0000    0.0000    3.2881   88.9105
  57.3501 20100.9246  219.1599 -999.9000    0.0000    0.0000    3.7111   89.0671
  55.9562 20257.8040  218.9000 -999.9000    0.0000    0.0000    3.6312   88.9446
  54.5968 20414.6834  218.6729 -999.9000    0.0000    0.0000    3.4139   88.7725
  53.2731 20571.5628  218.6306 -999.9000    0.0000    0.0000    3.2227   88.6461
  51.9860 20728.4422  219.0840 -999.9000    0.0000    0.0000    3.0749   88.5640
  50.7361 20885.3216  220.3467 -999.9000    0.0000    0.0000    2.9852   88.5228
  49.5229 21042.2010  222.1302 -999.9000    0.0000    0.0000    2.9375   88.5126
  48.3394 21199.0804  221.5246 -999.9000    0.0000    0.0000    3.2816   88.5757
  47.1874 21355.9598  221.6059 -999.9000    0.0000    0.0000    4.4165   88.7747
  46.0647 21512.8392  222.0121 -999.9000    0.0000    0.0000    5.4576   88.9472
  44.9691 21669.7186  222.2641 -999.9000    0.0000    0.0000    5.6721   88.9570
  43.8989 21826.5980  222.2987 -999.9000    0.0000    0.0000    5.2921   88.8369
  42.8525 21983.4774  222.1765 -999.9000    0.0000    0.0000    4.8339   88.6697
  41.8295 22140.3568  221.9454 -999.9000    0.0000    0.0000    4.5861   88.5214
  40.8309 22297.2362  221.6335 -999.9000    0.0000    0.0000    4.4862   88.4316
  39.8584 22454.1156  221.2701 -999.9000    0.0000    0.0000    4.4421   88.4374
  38.9104 22610.9950  221.6816 -999.9000    0.0000    0.0000    4.6014   88.5046
  37.9838 22767.8744  222.9612 -999.9000    0.0000    0.0000    5.0201   88.5579
  37.0791 22924.7538  223.6727 -999.9000    0.0000    0.0000    5.3666   88.6106
  36.1962 23081.6332  223.7847 -999.9000    0.0000    0.0000    5.6245   88.6649
  35.3349 23238.5126  223.5152 -999.9000    0.0000    0.0000    5.8332   88.7211
  34.4951 23395.3920  223.0813 -999.9000    0.0000    0.0000    6.0321   88.7793
  33.6765 23552.2714  222.7008 -999.9000    0.0000    0.0000    6.2606   88.8396
  32.8792 23709.1508  222.5912 -999.9000    0.0000    0.0000    6.5584   88.9021
  32.1025 23866.0302  222.8944 -999.9000    0.0000    0.0000    6.9375   88.9664
  31.3447 24022.9095  223.4726 -999.9000    0.0000    0.0000    7.3096   89.0294
  30.6036 24179.7889  224.1239 -999.9000    0.0000    0.0000    7.5631   89.0878
  29.8779 24336.6683  224.6205 -999.9000    0.0000    0.0000    7.6060   89.1301
  29.1715 24493.5477  224.6730 -999.9000    0.0000    0.0000    7.5428   89.0898
  28.4842 24650.4271  224.5293 -999.9000    0.0000    0.0000    7.4257   88.9796
  27.8138 24807.3065  224.5580 -999.9000    0.0000    0.0000    7.2688   88.8366
  27.1583 24964.1859  225.1258 -999.9000    0.0000    0.0000    7.0858   88.6979
  26.5173 25121.0653  226.2941 -999.9000    0.0000    0.0000    6.8973   88.5852
  25.8939 25277.9447  227.4749 -999.9000    0.0000    0.0000    6.7380   88.4883
  25.2914 25434.8241  227.9974 -999.9000    0.0000    0.0000    6.6448   88.3927
  24.7096 25591.7035  227.4956 -999.9000    0.0000    0.0000    6.6991   88.3136
  24.1354 25748.5829  226.9548 -999.9000    0.0000    0.0000    7.0616   88.3442
  23.5706 25905.4623  226.7080 -999.9000    0.0000    0.0000    7.6348   88.4419
  23.0189 26062.3417  226.9645 -999.9000    0.0000    0.0000    8.2937   88.5480
  22.4826 26219.2211  227.7898 -999.9000    0.0000    0.0000    8.9378   88.6216
  21.9608 26376.1005  228.8778 -999.9000    0.0000    0.0000    9.5287   88.6692
  21.4521 26532.9799  229.8641 -999.9000    0.0000    0.0000   10.0380   88.7041
  20.9548 26689.8593  230.3835 -999.9000    0.0000    0.0000   10.4374   88.7401
  20.4676 26846.7387  230.0714 -999.9000    0.0000    0.0000   10.6985   88.7908
  19.9891 27003.6181  228.5982 -999.9000    0.0000    0.0000   10.7861   88.8671
  19.5243 27160.4975  227.6855 -999.9000    0.0000    0.0000   10.3383   88.8331
  19.0752 27317.3769  228.1206 -999.9000    0.0000    0.0000    9.4273   88.6652
  18.6391 27474.2563  229.3231 -999.9000    0.0000    0.0000    8.4474   88.4541
  18.2135 27631.1357  230.7131 -999.9000    0.0000    0.0000    7.7933   88.2905
  17.7959 27788.0151  231.7192 -999.9000    0.0000    0.0000    7.8365   88.2601
  17.3864 27944.8945  231.9943 -999.9000    0.0000    0.0000    8.3981   88.3267
  16.9866 28101.7739  231.5649 -999.9000    0.0000    0.0000    8.9970   88.3867
  16.5963 28258.6533  230.7276 -999.9000    0.0000    0.0000    9.5984   88.4341
  16.2153 28415.5327  229.8064 -999.9000    0.0000    0.0000   10.2169   88.4734
  15.8432 28572.4121  229.1250 -999.9000    0.0000    0.0000   10.8670   88.5095
  15.4798 28729.2915  229.0016 -999.9000    0.0000    0.0000   11.5614   88.5468
  15.1246 28886.1709  229.3972 -999.9000    0.0000    0.0000   12.1975   88.5881
  14.7769 29043.0503  229.7552 -999.9000    0.0000    0.0000   12.5119   88.6333
  14.4368 29199.9296  229.9116 -999.9000    0.0000    0.0000   12.4395   88.6841
  14.1043 29356.8090  230.0042 -999.9000    0.0000    0.0000   12.0619   88.7433
  13.7798 29513.6884  230.1763 -999.9000    0.0000    0.0000   11.4637   88.8140
  13.4633 29670.5678  230.5715 -999.9000    0.0000    0.0000   10.7290   88.8992
  13.1552 29827.4472  231.3332 -999.9000    0.0000    0.0000    9.9424   89.0018
  12.8555 29984.3266  232.5482 -999.9000    0.0000    0.0000    9.1862   89.1215
  12.5638 30141.2060  233.9039 -999.9000    0.0000    0.0000    8.5286   89.2343
  12.2794 30298.0854  234.9186 -999.9000    0.0000    0.0000    8.0315   89.3059
  12.0018 30454.9648  235.1099 -999.9000    0.0000    0.0000    7.7572   89.3022
  11.7304 30611.8442  234.2497 -999.9000    0.0000    0.0000    7.7265   89.2026
  11.4650 30768.7236  233.1500 -999.9000    0.0000    0.0000    7.7942   89.0420
  11.2056 30925.6030  232.8872 -999.9000    0.0000    0.0000    7.7728   88.8691
  10.9522 31082.4824  234.1132 -999.9000    0.0000    0.0000    7.5421   88.7216
  10.7056 31239.3618  235.6681 -999.9000    0.0000    0.0000    7.2713   88.5894
  10.4661 31396.2412  236.2336 -999.9000    0.0000    0.0000    7.1574   88.4534
  10.2318 31553.1206  235.8900 -999.9000    0.0000    0.0000    7.1859   88.3118
  10.0000 31710.0000  235.0921 -999.9000    0.0000    0.0000    7.2860   88.1674
