# 06610 LSMP Payerne Observations at 12Z 30 Jul 2008
# Radiosonde file generated by raso.rb
#
  P [hPa],     Z [m],    T [K],   Td [K],   RH [%], r [g/kg], WS [m/s], WD [deg]
 962.0000   491.0000  297.9715 -999.9000   66.2594   13.6900    2.1605   93.0543
 944.6891   647.8794  295.9692 -999.9000   67.8289   12.6302    4.6634   92.6754
 927.6873   804.7588  294.6335 -999.9000   79.5889   13.9071    2.3330   92.9144
 911.0964   961.6382  293.3932 -999.9000   80.0543   14.4362    0.5925   92.0428
 894.7070  1118.5176  292.5044 -999.9000   80.0579   14.3064    1.5723   90.9797
 878.5406  1275.3970  292.2517 -999.9000   80.1252   13.3485    2.5765   90.6229
 862.6769  1432.2764  290.9107 -999.9000   81.0378   13.5129    2.8257   90.4248
 846.9845  1589.1558  289.7006 -999.9000   80.3538   13.9027    4.4480   90.3491
 831.5533  1746.0352  289.3800 -999.9000   80.8260   13.2228    5.3463   90.3950
 816.3570  1902.9146  288.0874 -999.9000   80.7062   11.9693    6.4643   90.4496
 801.3249  2059.7940  286.5144 -999.9000   80.4162   11.5640    7.0978   90.4939
 786.5365  2216.6734  285.1734 -999.9000   80.2500   10.4184    7.8533   90.5367
 771.9169  2373.5528  283.9518 -999.9000   80.6240    8.7627    9.0493   90.5644
 757.5041  2530.4322  282.9030 -999.9000   80.4758    8.5006    9.5824   90.6155
 743.3854  2687.3116  282.3364 -999.9000   77.8154    7.5803    8.4714   90.6080
 729.2940  2844.1910  281.2699 -999.9000   60.4055    5.5688    8.2221   90.6173
 715.5826  3001.0704  280.2296 -999.9000   50.1319    4.3807    9.7927   90.6971
 702.0616  3157.9497  279.0526 -999.9000   51.6026    4.2344   11.0616   90.7782
 688.7126  3314.8291  277.5812 -999.9000   58.9088    4.4448   11.1347   90.8007
 675.5482  3471.7085  275.9600 -999.9000   68.1855    4.6752   11.3650   90.8205
 662.5494  3628.5879  274.4890 -999.9000   74.1082    4.6607   11.9492   90.8487
 649.7305  3785.4673  273.4846 -999.9000   67.2244    4.0055   12.2198   90.8627
 637.1240  3942.3467  272.6357 -999.9000   55.0918    3.1437   11.5142   90.9118
 624.7467  4099.2261  271.6246 -999.9000   50.1112    2.7055    9.9402   91.0167
 612.5275  4256.1055  270.5674 -999.9000   50.0340    2.5464    9.4807   91.0465
 600.5160  4412.9849  269.9621 -999.9000   38.1562    1.8919    9.7337   91.0390
 588.7253  4569.8643  269.3690 -999.9000   22.7267    1.0986    9.8907   91.0433
 577.1128  4726.7437  268.0778 -999.9000   18.1357    0.8108    9.9144   91.0483
 565.6299  4883.6231  267.2439 -999.9000   17.0033    0.7276    9.8508   91.0538
 554.4053  5040.5025  266.6846 -999.9000   13.4726    0.5634    9.1367   91.1400
 543.3471  5197.3819  266.0121 -999.9000   12.8128    0.5190    8.3341   91.2153
 532.4739  5354.2613  264.9900 -999.9000   22.1544    0.8459    8.7169   91.2112
 521.8251  5511.1407  263.9460 -999.9000   23.9948    0.8613    9.4510   91.1806
 511.3144  5668.0201  263.1591 -999.9000   14.0674    0.4842   10.1118   91.1583
 500.9731  5824.8995  261.8215 -999.9000   12.9536    0.4090   10.7953   91.1344
 490.8286  5981.7789  260.2132 -999.9000   18.3721    0.5200   10.9336   91.1143
 480.7236  6138.6583  259.1023 -999.9000   29.1837    0.7703   11.2530   91.0832
 470.8214  6295.5377  257.8164 -999.9000   31.4434    0.7621   11.3380   91.0728
 461.0900  6452.4171  256.3902 -999.9000   30.7785    0.6762   11.0491   90.9894
 451.4963  6609.2965  255.0890 -999.9000   31.9505    0.6422   10.0325   90.8335
 442.0676  6766.1759  254.0115 -999.9000   32.5247    0.6091    9.1358   90.7116
 432.8253  6923.0553  253.0424 -999.9000   32.2431    0.5674   10.0421   90.6964
 423.7241  7079.9347  251.6266 -999.9000   35.9415    0.5712   10.9226   90.7318
 414.7432  7236.8141  249.9102 -999.9000   41.1563    0.5742   10.7228   90.7585
 405.9174  7393.6935  248.9012 -999.9000   31.7662    0.4138   10.9559   90.7794
 397.1974  7550.5729  247.5979 -999.9000   27.1932    0.3219   11.2305   90.7881
 388.6475  7707.4523  246.1862 -999.9000   31.1110    0.3308   11.3841   90.8405
 380.2876  7864.3317  245.1496 -999.9000   34.7569    0.3433   11.6299   90.9010
 372.0784  8021.2111  244.3098 -999.9000   39.0226    0.3645   11.7933   90.8924
 363.9826  8178.0905  243.4924 -999.9000   45.1420    0.3994   11.7197   90.7526
 356.0087  8334.9698  242.6139 -999.9000   54.3717    0.4529   11.7198   90.7678
 348.2042  8491.8492  241.6929 -999.9000   60.4951    0.5188   12.3403   91.3797
 340.5609  8648.7286  240.8126 -999.9000   64.8901    0.5272   12.5938   91.7004
 333.0575  8805.6080  239.9227 -999.9000   65.5089    0.4852   12.5579   91.6152
 325.6771  8962.4874  238.9231 -999.9000   64.9478    0.4338   12.8784   91.4555
 318.4095  9119.3668  237.6975 -999.9000   65.7494    0.3977   13.8238   91.4682
 311.2701  9276.2462  236.0366 -999.9000   60.6625    0.3338   14.0080   91.4746
 304.2599  9433.1256  234.4421 -999.9000   55.4961    0.2938   14.2582   91.4194
 297.3812  9590.0050  233.3358 -999.9000   50.6659    0.2688   14.7656   91.3896
 290.6045  9746.8844  232.0688 -999.9000   45.4696    0.2331   15.1188   91.3805
 283.9369  9903.7638  230.6532 -999.9000   45.7766    0.2031   15.5201   91.3479
 277.3870 10060.6432  229.1351 -999.9000   45.6359    0.1789   15.9317   91.3074
 270.9631 10217.5226  227.5541 -999.9000   45.5813    0.1538   16.2208   91.2950
 264.6694 10374.4020  225.9849 -999.9000   45.6988    0.1244   16.2971   91.3378
 258.4744 10531.2814  224.7343 -999.9000   45.2142    0.1097   16.4611   91.3756
 252.3757 10688.1608  223.6846 -999.9000   45.5370    0.1034   16.7414   91.3933
 246.3812 10845.0402  222.6069 -999.9000   40.2600    0.0916   17.0560   91.3978
 240.4896 11001.9196  221.3942 -999.9000   35.7045    0.0742   17.3514   91.3965
 234.6950 11158.7990  220.0415 -999.9000   35.9615    0.0604   17.5981   91.3968
 229.0082 11315.6784  218.6456 -999.9000   35.5074    0.0528   17.7908   91.3986
 223.4492 11472.5578  217.3541 -999.9000   34.9815    0.0500   17.9360   91.3982
 218.0236 11629.4372  216.1434 -999.9000   30.1351    0.0480   17.7523   91.4126
 212.6609 11786.3166  214.4646 -999.9000   25.6156    0.0350   16.0897   91.5070
 207.3913 11943.1960  213.6290 -999.9000   23.7814    0.0295   14.9282   91.4951
 202.2510 12100.0754  214.3312 -999.9000   18.0140    0.0410   14.6396   91.5711
 197.2536 12256.9548  215.7294 -999.9000    9.1024    0.0304   12.6547   92.1270
 192.4469 12413.8342  218.1223 -999.9000    2.6467    0.0062   13.1187   91.9985
 187.8076 12570.7136  217.9391 -999.9000    0.2371    0.0003   13.3732   91.9213
 183.2603 12727.5930  216.7040 -999.9000    0.2957    0.0003   13.0908   91.8946
 178.8033 12884.4724  216.2918 -999.9000    0.0000    0.0000   12.8656   91.8603
 174.4458 13041.3518  216.6963 -999.9000    0.0133    0.0000   13.0046   91.7991
 170.1876 13198.2312  216.9232 -999.9000    0.0000    0.0000   13.5339   91.6668
 166.0391 13355.1106  217.0932 -999.9000    0.0000    0.0000   14.1560   91.5392
 162.0101 13511.9899  216.7190 -999.9000    0.0002    0.0000   14.4559   91.4198
 158.0706 13668.8693  215.7366 -999.9000    0.0000    0.0000   14.0722   91.3880
 154.1974 13825.7487  214.8655 -999.9000    0.0000    0.0000   12.9091   91.4693
 150.4126 13982.6281  214.8012 -999.9000    0.0000    0.0000   10.9922   91.5650
 146.7292 14139.5075  215.7330 -999.9000    0.0000    0.0000   10.9098   91.5673
 143.1108 14296.3869  213.9594 -999.9000    0.0000    0.0000   10.8232   91.5696
 139.5597 14453.2663  216.3824 -999.9000    0.0000    0.0000   10.7841   91.5684
 136.1266 14610.1457  214.0536 -999.9000    0.0000    0.0000   10.7676   91.5540
 132.7619 14767.0251  213.1932 -999.9000    0.0000    0.0000   10.7552   91.5347
 129.4754 14923.9045  214.2042 -999.9000    0.0000    0.0000   10.7409   91.5197
 126.2897 15080.7839  215.3288 -999.9000    0.0000    0.0000   10.7158   91.5108
 123.1790 15237.6633  216.5789 -999.9000    0.0000    0.0000   10.7180   91.4644
 120.1481 15394.5427  217.0777 -999.9000    0.0000    0.0000   10.5610   91.3748
 117.2138 15551.4221  216.4619 -999.9000    0.0000    0.0000   10.1852   91.2661
 114.3435 15708.3015  216.3978 -999.9000    0.0000    0.0000    9.8479   91.1464
 111.5416 15865.1809  216.1862 -999.9000    0.0000    0.0000    9.2514   91.1933
 108.8149 16022.0603  217.5320 -999.9000    0.0000    0.0000    8.4215   91.4869
 106.1648 16178.9397  217.6186 -999.9000    0.0000    0.0000    7.9445   91.3484
 103.5767 16335.8191  217.2837 -999.9000    0.0000    0.0000    6.4984   91.9971
 101.0524 16492.6985  219.3592 -999.9000    0.0000    0.0000    2.0051   90.4089
  98.6148 16649.5779  217.9957 -999.9000    0.0000    0.0000    1.2139   90.4014
  96.2203 16806.4573  217.2815 -999.9000    0.0000    0.0000    0.3710   90.4014
  93.8688 16963.3367  216.5888 -999.9000    0.0000    0.0000    1.4364   90.4014
  91.5836 17120.2161  216.4885 -999.9000    0.0000    0.0000    2.2865   90.4014
  89.3567 17277.0955  216.4836 -999.9000    0.0000    0.0000    2.9020   90.4014
  87.1784 17433.9749  216.0257 -999.9000    0.0000    0.0000    3.5796   90.3927
  85.0453 17590.8543  215.2267 -999.9000    0.0000    0.0000    4.4859   90.0754
  82.9608 17747.7337  214.9098 -999.9000    0.0000    0.0000    5.6474   90.9865
  80.9282 17904.6131  215.5582 -999.9000    0.0000    0.0000    6.7805   90.6807
  78.9484 18061.4925  216.2023 -999.9000    0.0000    0.0000    6.6570   90.4907
  77.0217 18218.3719  216.8726 -999.9000    0.0000    0.0000    5.6803   90.6714
  75.1483 18375.2513  217.9267 -999.9000    0.0000    0.0000    4.7053   90.9237
  73.3271 18532.1307  219.0229 -999.9000    0.0000    0.0000    4.0629   91.0464
  71.5556 18689.0101  219.1419 -999.9000    0.0000    0.0000    3.5752   90.9336
  69.8260 18845.8894  218.0190 -999.9000    0.0000    0.0000    2.9363   91.0562
  68.1227 19002.7688  217.7209 -999.9000    0.0000    0.0000    1.7797   91.7656
  66.4601 19159.6482  218.0630 -999.9000    0.0000    0.0000    0.7363   89.5288
  64.8418 19316.5276  218.5390 -999.9000    0.0000    0.0000    0.4166   87.4851
  63.2670 19473.4070  218.9355 -999.9000    0.0000    0.0000    0.9510   87.9468
  61.7318 19630.2864  219.4906 -999.9000    0.0000    0.0000    1.5311   88.3028
  60.2355 19787.1658  219.6986 -999.9000    0.0000    0.0000    2.2705   88.5476
  58.7762 19944.0452  219.3992 -999.9000    0.0000    0.0000    3.1097   88.9105
  57.3501 20100.9246  219.0190 -999.9000    0.0000    0.0000    3.5445   89.0671
  55.9562 20257.8040  218.7524 -999.9000    0.0000    0.0000    3.4779   88.9446
  54.5968 20414.6834  218.5199 -999.9000    0.0000    0.0000    3.2753   88.7725
  53.2731 20571.5628  218.4738 -999.9000    0.0000    0.0000    3.1002   88.6461
  51.9860 20728.4422  218.9250 -999.9000    0.0000    0.0000    2.9698   88.5640
  50.7361 20885.3216  220.1872 -999.9000    0.0000    0.0000    2.8987   88.5228
  49.5229 21042.2010  221.9721 -999.9000    0.0000    0.0000    2.8707   88.5126
  48.3394 21199.0804  221.3700 -999.9000    0.0000    0.0000    3.2354   88.5757
  47.1874 21355.9598  221.4570 -999.9000    0.0000    0.0000    4.3917   88.7747
  46.0647 21512.8392  221.8712 -999.9000    0.0000    0.0000    5.4550   88.9472
  44.9691 21669.7186  222.1332 -999.9000    0.0000    0.0000    5.6922   88.9570
  43.8989 21826.5980  222.1798 -999.9000    0.0000    0.0000    5.3354   88.8369
  42.8525 21983.4774  222.0713 -999.9000    0.0000    0.0000    4.9005   88.6697
  41.8295 22140.3568  221.8556 -999.9000    0.0000    0.0000    4.6762   88.5214
  40.8309 22297.2362  221.5606 -999.9000    0.0000    0.0000    4.5996   88.4316
  39.8584 22454.1156  221.2154 -999.9000    0.0000    0.0000    4.5787   88.4374
  38.9104 22610.9950  221.6464 -999.9000    0.0000    0.0000    4.7606   88.5046
  37.9838 22767.8744  222.9465 -999.9000    0.0000    0.0000    5.2014   88.5579
  37.0791 22924.7538  223.6793 -999.9000    0.0000    0.0000    5.5692   88.6106
  36.1962 23081.6332  223.8135 -999.9000    0.0000    0.0000    5.8476   88.6649
  35.3349 23238.5126  223.5666 -999.9000    0.0000    0.0000    6.0756   88.7211
  34.4951 23395.3920  223.1559 -999.9000    0.0000    0.0000    6.2927   88.7793
  33.6765 23552.2714  222.7989 -999.9000    0.0000    0.0000    6.5380   88.8396
  32.8792 23709.1508  222.7129 -999.9000    0.0000    0.0000    6.8509   88.9021
  32.1025 23866.0302  223.0397 -999.9000    0.0000    0.0000    7.2434   88.9664
  31.3447 24022.9095  223.6414 -999.9000    0.0000    0.0000    7.6270   89.0294
  30.6036 24179.7889  224.3158 -999.9000    0.0000    0.0000    7.8900   89.0878
  29.8779 24336.6683  224.8351 -999.9000    0.0000    0.0000    7.9402   89.1301
  29.1715 24493.5477  224.9098 -999.9000    0.0000    0.0000    7.8818   89.0898
  28.4842 24650.4271  224.7875 -999.9000    0.0000    0.0000    7.7671   88.9796
  27.8138 24807.3065  224.8365 -999.9000    0.0000    0.0000    7.6098   88.8366
  27.1583 24964.1859  225.4239 -999.9000    0.0000    0.0000    7.4236   88.6979
  26.5173 25121.0653  226.6106 -999.9000    0.0000    0.0000    7.2293   88.5852
  25.8939 25277.9447  227.8088 -999.9000    0.0000    0.0000    7.0617   88.4883
  25.2914 25434.8241  228.3477 -999.9000    0.0000    0.0000    6.9579   88.3927
  24.7096 25591.7035  227.8613 -999.9000    0.0000    0.0000    6.9994   88.3136
  24.1354 25748.5829  227.3348 -999.9000    0.0000    0.0000    7.3471   88.3442
  23.5706 25905.4623  227.1014 -999.9000    0.0000    0.0000    7.9037   88.4419
  23.0189 26062.3417  227.3702 -999.9000    0.0000    0.0000    8.5443   88.5480
  22.4826 26219.2211  228.2067 -999.9000    0.0000    0.0000    9.1686   88.6216
  21.9608 26376.1005  229.3050 -999.9000    0.0000    0.0000    9.7382   88.6692
  21.4521 26532.9799  230.3004 -999.9000    0.0000    0.0000   10.2252   88.7041
  20.9548 26689.8593  230.8280 -999.9000    0.0000    0.0000   10.6012   88.7401
  20.4676 26846.7387  230.5229 -999.9000    0.0000    0.0000   10.8380   88.7908
  19.9891 27003.6181  229.0557 -999.9000    0.0000    0.0000   10.9005   88.8671
  19.5243 27160.4975  228.1480 -999.9000    0.0000    0.0000   10.4272   88.8331
  19.0752 27317.3769  228.5870 -999.9000    0.0000    0.0000    9.4901   88.6652
  18.6391 27474.2563  229.7925 -999.9000    0.0000    0.0000    8.4840   88.4541
  18.2135 27631.1357  231.1843 -999.9000    0.0000    0.0000    7.8036   88.2905
  17.7959 27788.0151  232.1911 -999.9000    0.0000    0.0000    7.8206   88.2601
  17.3864 27944.8945  232.4660 -999.9000    0.0000    0.0000    8.3563   88.3267
  16.9866 28101.7739  232.0352 -999.9000    0.0000    0.0000    8.9297   88.3867
  16.5963 28258.6533  231.1954 -999.9000    0.0000    0.0000    9.5061   88.4341
  16.2153 28415.5327  230.2707 -999.9000    0.0000    0.0000   10.1004   88.4734
  15.8432 28572.4121  229.5848 -999.9000    0.0000    0.0000   10.7272   88.5095
  15.4798 28729.2915  229.4557 -999.9000    0.0000    0.0000   11.3992   88.5468
  15.1246 28886.1709  229.8446 -999.9000    0.0000    0.0000   12.0143   88.5881
  14.7769 29043.0503  230.1948 -999.9000    0.0000    0.0000   12.3089   88.6333
  14.4368 29199.9296  230.3423 -999.9000    0.0000    0.0000   12.2184   88.6841
  14.1043 29356.8090  230.4249 -999.9000    0.0000    0.0000   11.8243   88.7433
  13.7798 29513.6884  230.5860 -999.9000    0.0000    0.0000   11.2114   88.8140
  13.4633 29670.5678  230.9690 -999.9000    0.0000    0.0000   10.4640   88.8992
  13.1552 29827.4472  231.7175 -999.9000    0.0000    0.0000    9.6670   89.0018
  12.8555 29984.3266  232.9181 -999.9000    0.0000    0.0000    8.9027   89.1215
  12.5638 30141.2060  234.2584 -999.9000    0.0000    0.0000    8.2395   89.2343
  12.2794 30298.0854  235.2566 -999.9000    0.0000    0.0000    7.7394   89.3059
  12.0018 30454.9648  235.4302 -999.9000    0.0000    0.0000    7.4649   89.3022
  11.7304 30611.8442  234.5513 -999.9000    0.0000    0.0000    7.4370   89.2026
  11.4650 30768.7236  233.4317 -999.9000    0.0000    0.0000    7.5108   89.0420
  11.2056 30925.6030  233.1479 -999.9000    0.0000    0.0000    7.4986   88.8691
  10.9522 31082.4824  234.3519 -999.9000    0.0000    0.0000    7.2806   88.7216
  10.7056 31239.3618  235.8836 -999.9000    0.0000    0.0000    7.0262   88.5894
  10.4661 31396.2412  236.4248 -999.9000    0.0000    0.0000    6.9324   88.4534
  10.2318 31553.1206  236.0557 -999.9000    0.0000    0.0000    6.9850   88.3118
  10.0000 31710.0000  235.2313 -999.9000    0.0000    0.0000    7.1132   88.1674
