# 06610 LSMP Payerne Observations at 12Z 30 Jul 2008
# Radiosonde file generated by raso.rb
#
  P [hPa],     Z [m],    T [K],   Td [K],   RH [%], r [g/kg], WS [m/s], WD [deg]
 962.0000   491.0000  298.1895 -999.9000   66.2480   13.6900    2.0448   93.0543
 944.6891   647.8794  296.1844 -999.9000   67.7984   12.6302    4.4825   92.6754
 927.6873   804.7588  294.8447 -999.9000   79.5342   13.9071    2.0942   92.9144
 911.0964   961.6382  293.5994 -999.9000   79.9833   14.4362    0.3028   92.0428
 894.7070  1118.5176  292.7044 -999.9000   79.9740   14.3064    1.2382   90.9797
 878.5406  1275.3970  292.4445 -999.9000   80.0310   13.3485    2.2045   90.6229
 862.6769  1432.2764  291.0954 -999.9000   80.9350   13.5129    2.4221   90.4248
 846.9845  1589.1558  289.8765 -999.9000   80.2468   13.9027    4.0186   90.3491
 831.5533  1746.0352  289.5461 -999.9000   80.7158   13.2228    4.8967   90.3950
 816.3570  1902.9146  288.2430 -999.9000   80.5958   11.9693    5.9999   90.4496
 801.3249  2059.7940  286.6589 -999.9000   80.3081   11.5640    6.6236   90.4939
 786.5365  2216.6734  285.3061 -999.9000   80.1460   10.4184    7.3743   90.5367
 771.9169  2373.5528  284.0723 -999.9000   80.5253    8.7627    8.5699   90.5644
 757.5041  2530.4322  283.0107 -999.9000   80.3848    8.5006    9.1070   90.6155
 743.3854  2687.3116  282.4310 -999.9000   77.7361    7.5803    8.0040   90.6080
 729.2940  2844.1910  281.3509 -999.9000   60.3519    5.5688    7.7666   90.6173
 715.5826  3001.0704  280.2968 -999.9000   50.0949    4.3807    9.3525   90.6971
 702.0616  3157.9497  279.1058 -999.9000   51.5729    4.2344   10.6400   90.7782
 688.7126  3314.8291  277.6202 -999.9000   58.8853    4.4448   10.7346   90.8007
 675.5482  3471.7085  275.9848 -999.9000   68.1710    4.6752   10.9891   90.8205
 662.5494  3628.5879  274.4995 -999.9000   74.1071    4.6607   11.6001   90.8487
 649.7305  3785.4673  273.4808 -999.9000   67.2372    4.0055   11.8996   90.8627
 637.1240  3942.3467  272.6178 -999.9000   55.1140    3.1437   11.2248   90.9118
 624.7467  4099.2261  271.5928 -999.9000   50.1423    2.7055    9.6834   91.0167
 612.5275  4256.1055  270.5219 -999.9000   50.0760    2.5464    9.2578   91.0465
 600.5160  4412.9849  269.9031 -999.9000   38.1967    1.8919    9.5458   91.0390
 588.7253  4569.8643  269.2969 -999.9000   22.7558    1.0986    9.7387   91.0433
 577.1128  4726.7437  267.9930 -999.9000   18.1629    0.8108    9.7989   91.0483
 565.6299  4883.6231  267.1470 -999.9000   17.0325    0.7276    9.7722   91.0538
 554.4053  5040.5025  266.5761 -999.9000   13.4985    0.5634    9.0950   91.1400
 543.3471  5197.3819  265.8927 -999.9000   12.8401    0.5190    8.3291   91.2153
 532.4739  5354.2613  264.8603 -999.9000   22.2058    0.8459    8.7482   91.2112
 521.8251  5511.1407  263.8067 -999.9000   24.0549    0.8613    9.5178   91.1806
 511.3144  5668.0201  263.0111 -999.9000   14.1051    0.4842   10.2132   91.1583
 500.9731  5824.8995  261.6657 -999.9000   12.9903    0.4090   10.9300   91.1344
 490.8286  5981.7789  260.0505 -999.9000   18.4268    0.5200   11.1002   91.1143
 480.7236  6138.6583  258.9338 -999.9000   29.2742    0.7703   11.4496   91.0832
 470.8214  6295.5377  257.6431 -999.9000   31.5442    0.7621   11.5626   91.0728
 461.0900  6452.4171  256.2131 -999.9000   30.8796    0.6762   11.2994   90.9894
 451.4963  6609.2965  254.9095 -999.9000   32.0575    0.6422   10.3059   90.8335
 442.0676  6766.1759  253.8308 -999.9000   32.6349    0.6091    9.4295   90.7116
 432.8253  6923.0553  252.8619 -999.9000   32.3527    0.5674   10.3530   90.6964
 423.7241  7079.9347  251.4476 -999.9000   36.0630    0.5712   11.2473   90.7318
 414.7432  7236.8141  249.7341 -999.9000   41.2936    0.5742   11.0577   90.7585
 405.9174  7393.6935  248.7296 -999.9000   31.8698    0.4138   11.2971   90.7794
 397.1974  7550.5729  247.4325 -999.9000   27.2789    0.3219   11.5739   90.7881
 388.6475  7707.4523  246.0284 -999.9000   31.2046    0.3308   11.7257   90.8405
 380.2876  7864.3317  245.0008 -999.9000   34.8557    0.3433   11.9659   90.9010
 372.0784  8021.2111  244.1713 -999.9000   39.1260    0.3645   12.1202   90.8924
 363.9826  8178.0905  243.3655 -999.9000   45.2519    0.3994   12.0343   90.7526
 356.0087  8334.9698  242.4994 -999.9000   54.4913    0.4529   12.0191   90.7678
 348.2042  8491.8492  241.5920 -999.9000   60.6130    0.5188   12.6215   91.3797
 340.5609  8648.7286  240.7260 -999.9000   64.9995    0.5272   12.8545   91.7004
 333.0575  8805.6080  239.8512 -999.9000   65.6012    0.4852   12.7959   91.6152
 325.6771  8962.4874  238.8673 -999.9000   65.0209    0.4338   13.0917   91.4555
 318.4095  9119.3668  237.6580 -999.9000   65.8044    0.3977   14.0107   91.4682
 311.2701  9276.2462  236.0136 -999.9000   60.6956    0.3338   14.1670   91.4746
 304.2599  9433.1256  234.4359 -999.9000   55.5103    0.2938   14.3881   91.4194
 297.3812  9590.0050  233.3467 -999.9000   50.6643    0.2688   14.8656   91.3896
 290.6045  9746.8844  232.0968 -999.9000   45.4554    0.2331   15.1881   91.3805
 283.9369  9903.7638  230.6983 -999.9000   45.7499    0.2031   15.5583   91.3479
 277.3870 10060.6432  229.1969 -999.9000   45.5974    0.1789   15.9386   91.3074
 270.9631 10217.5226  227.6326 -999.9000   45.5317    0.1538   16.1965   91.2950
 264.6694 10374.4020  226.0795 -999.9000   45.6387    0.1244   16.2420   91.3378
 258.4744 10531.2814  224.8446 -999.9000   45.1454    0.1097   16.3758   91.3756
 252.3757 10688.1608  223.8099 -999.9000   45.4593    0.1034   16.6267   91.3933
 246.3812 10845.0402  222.7466 -999.9000   40.1850    0.0916   16.9130   91.3978
 240.4896 11001.9196  221.5473 -999.9000   35.6334    0.0742   17.1815   91.3965
 234.6950 11158.7990  220.2072 -999.9000   35.8863    0.0604   17.4029   91.3968
 229.0082 11315.6784  218.8231 -999.9000   35.4305    0.0528   17.5716   91.3986
 223.4492 11472.5578  217.5426 -999.9000   34.9041    0.0500   17.6943   91.3982
 218.0236 11629.4372  216.3420 -999.9000   30.0678    0.0480   17.4896   91.4126
 212.6609 11786.3166  214.6726 -999.9000   25.5584    0.0350   15.8075   91.5070
 207.3913 11943.1960  213.8457 -999.9000   23.7288    0.0295   14.6280   91.4951
 202.2510 12100.0754  214.5558 -999.9000   17.9748    0.0410   14.3229   91.5711
 197.2536 12256.9548  215.9613 -999.9000    9.0831    0.0304   12.3230   92.1270
 192.4469 12413.8342  218.3609 -999.9000    2.6413    0.0062   12.7736   91.9985
 187.8076 12570.7136  218.1836 -999.9000    0.2366    0.0003   13.0161   91.9213
 183.2603 12727.5930  216.9540 -999.9000    0.2952    0.0003   12.7234   91.8946
 178.8033 12884.4724  216.5467 -999.9000    0.0000    0.0000   12.4893   91.8603
 174.4458 13041.3518  216.9554 -999.9000    0.0133    0.0000   12.6210   91.7991
 170.1876 13198.2312  217.1862 -999.9000    0.0000    0.0000   13.1445   91.6668
 166.0391 13355.1106  217.3595 -999.9000    0.0000    0.0000   13.7625   91.5392
 162.0101 13511.9899  216.9881 -999.9000    0.0002    0.0000   14.0598   91.4198
 158.0706 13668.8693  216.0081 -999.9000    0.0000    0.0000   13.6751   91.3880
 154.1974 13825.7487  215.1391 -999.9000    0.0000    0.0000   12.5126   91.4693
 150.4126 13982.6281  215.0764 -999.9000    0.0000    0.0000   10.5979   91.5650
 146.7292 14139.5075  216.0095 -999.9000    0.0000    0.0000   10.5193   91.5673
 143.1108 14296.3869  214.2368 -999.9000    0.0000    0.0000   10.4381   91.5696
 139.5597 14453.2663  216.6605 -999.9000    0.0000    0.0000   10.4060   91.5684
 136.1266 14610.1457  214.3320 -999.9000    0.0000    0.0000   10.3981   91.5540
 132.7619 14767.0251  213.4717 -999.9000    0.0000    0.0000   10.3957   91.5347
 129.4754 14923.9045  214.4825 -999.9000    0.0000    0.0000   10.3927   91.5197
 126.2897 15080.7839  215.6066 -999.9000    0.0000    0.0000   10.3799   91.5108
 123.1790 15237.6633  216.8559 -999.9000    0.0000    0.0000   10.3954   91.4644
 120.1481 15394.5427  217.3536 -999.9000    0.0000    0.0000   10.2528   91.3748
 117.2138 15551.4221  216.7363 -999.9000    0.0000    0.0000    9.8919   91.2661
 114.3435 15708.3015  216.6705 -999.9000    0.0000    0.0000    9.5702   91.1464
 111.5416 15865.1809  216.4569 -999.9000    0.0000    0.0000    8.9897   91.1933
 108.8149 16022.0603  217.8003 -999.9000    0.0000    0.0000    8.1761   91.4869
 106.1648 16178.9397  217.8843 -999.9000    0.0000    0.0000    7.7155   91.3484
 103.5767 16335.8191  217.5465 -999.9000    0.0000    0.0000    6.2859   91.9971
 101.0524 16492.6985  219.6187 -999.9000    0.0000    0.0000    1.8090   90.4089
  98.6148 16649.5779  218.2516 -999.9000    0.0000    0.0000    1.0341   90.4014
  96.2203 16806.4573  217.5335 -999.9000    0.0000    0.0000    0.2069   90.4014
  93.8688 16963.3367  216.8366 -999.9000    0.0000    0.0000    1.2876   90.4014
  91.5836 17120.2161  216.7317 -999.9000    0.0000    0.0000    2.1523   90.4014
  89.3567 17277.0955  216.7218 -999.9000    0.0000    0.0000    2.7817   90.4014
  87.1784 17433.9749  216.2587 -999.9000    0.0000    0.0000    3.4722   90.3927
  85.0453 17590.8543  215.4542 -999.9000    0.0000    0.0000    4.3903   90.0754
  82.9608 17747.7337  215.1314 -999.9000    0.0000    0.0000    5.5625   90.9865
  80.9282 17904.6131  215.7735 -999.9000    0.0000    0.0000    6.7050   90.6807
  78.9484 18061.4925  216.4109 -999.9000    0.0000    0.0000    6.5893   90.4907
  77.0217 18218.3719  217.0742 -999.9000    0.0000    0.0000    5.6193   90.6714
  75.1483 18375.2513  218.1207 -999.9000    0.0000    0.0000    4.6497   90.9237
  73.3271 18532.1307  219.2090 -999.9000    0.0000    0.0000    4.0116   91.0464
  71.5556 18689.0101  219.3193 -999.9000    0.0000    0.0000    3.5273   90.9336
  69.8260 18845.8894  218.1871 -999.9000    0.0000    0.0000    2.8907   91.0562
  68.1227 19002.7688  217.8791 -999.9000    0.0000    0.0000    1.7356   91.7656
  66.4601 19159.6482  218.2105 -999.9000    0.0000    0.0000    0.6929   89.5288
  64.8418 19316.5276  218.6750 -999.9000    0.0000    0.0000    0.3732   87.4851
  63.2670 19473.4070  219.0591 -999.9000    0.0000    0.0000    0.9070   87.9468
  61.7318 19630.2864  219.6009 -999.9000    0.0000    0.0000    1.4861   88.3028
  60.2355 19787.1658  219.7947 -999.9000    0.0000    0.0000    2.2240   88.5476
  58.7762 19944.0452  219.4801 -999.9000    0.0000    0.0000    3.0613   88.9105
  57.3501 20100.9246  219.0836 -999.9000    0.0000    0.0000    3.4939   89.0671
  55.9562 20257.8040  218.7996 -999.9000    0.0000    0.0000    3.4250   88.9446
  54.5968 20414.6834  218.5485 -999.9000    0.0000    0.0000    3.2200   88.7725
  53.2731 20571.5628  218.4825 -999.9000    0.0000    0.0000    3.0426   88.6461
  51.9860 20728.4422  218.9126 -999.9000    0.0000    0.0000    2.9099   88.5640
  50.7361 20885.3216  220.1524 -999.9000    0.0000    0.0000    2.8367   88.5228
  49.5229 21042.2010  221.9135 -999.9000    0.0000    0.0000    2.8067   88.5126
  48.3394 21199.0804  221.2861 -999.9000    0.0000    0.0000    3.1699   88.5757
  47.1874 21355.9598  221.3464 -999.9000    0.0000    0.0000    4.3252   88.7747
  46.0647 21512.8392  221.7323 -999.9000    0.0000    0.0000    5.3879   88.9472
  44.9691 21669.7186  221.9649 -999.9000    0.0000    0.0000    5.6250   88.9570
  43.8989 21826.5980  221.9812 -999.9000    0.0000    0.0000    5.2687   88.8369
  42.8525 21983.4774  221.8417 -999.9000    0.0000    0.0000    4.8349   88.6697
  41.8295 22140.3568  221.5945 -999.9000    0.0000    0.0000    4.6123   88.5214
  40.8309 22297.2362  221.2679 -999.9000    0.0000    0.0000    4.5382   88.4316
  39.8584 22454.1156  220.8913 -999.9000    0.0000    0.0000    4.5204   88.4374
  38.9104 22610.9950  221.2911 -999.9000    0.0000    0.0000    4.7062   88.5046
  37.9838 22767.8744  222.5607 -999.9000    0.0000    0.0000    5.1516   88.5579
  37.0791 22924.7538  223.2639 -999.9000    0.0000    0.0000    5.5249   88.6106
  36.1962 23081.6332  223.3695 -999.9000    0.0000    0.0000    5.8096   88.6649
  35.3349 23238.5126  223.0955 -999.9000    0.0000    0.0000    6.0449   88.7211
  34.4951 23395.3920  222.6593 -999.9000    0.0000    0.0000    6.2701   88.7793
  33.6765 23552.2714  222.2787 -999.9000    0.0000    0.0000    6.5244   88.8396
  32.8792 23709.1508  222.1712 -999.9000    0.0000    0.0000    6.8474   88.9021
  32.1025 23866.0302  222.4790 -999.9000    0.0000    0.0000    7.2511   88.9664
  31.3447 24022.9095  223.0643 -999.9000    0.0000    0.0000    7.6468   89.0294
  30.6036 24179.7889  223.7253 -999.9000    0.0000    0.0000    7.9230   89.0878
  29.8779 24336.6683  224.2344 -999.9000    0.0000    0.0000    7.9876   89.1301
  29.1715 24493.5477  224.3023 -999.9000    0.0000    0.0000    7.9448   89.0898
  28.4842 24650.4271  224.1768 -999.9000    0.0000    0.0000    7.8468   88.9796
  27.8138 24807.3065  224.2268 -999.9000    0.0000    0.0000    7.7075   88.8366
  27.1583 24964.1859  224.8190 -999.9000    0.0000    0.0000    7.5405   88.6979
  26.5173 25121.0653  226.0146 -999.9000    0.0000    0.0000    7.3664   88.5852
  25.8939 25277.9447  227.2252 -999.9000    0.0000    0.0000    7.2199   88.4883
  25.2914 25434.8241  227.7800 -999.9000    0.0000    0.0000    7.1378   88.3927
  24.7096 25591.7035  227.3127 -999.9000    0.0000    0.0000    7.2015   88.3136
  24.1354 25748.5829  226.8083 -999.9000    0.0000    0.0000    7.5718   88.3442
  23.5706 25905.4623  226.5996 -999.9000    0.0000    0.0000    8.1509   88.4419
  23.0189 26062.3417  226.8957 -999.9000    0.0000    0.0000    8.8141   88.5480
  22.4826 26219.2211  227.7618 -999.9000    0.0000    0.0000    9.4607   88.6216
  21.9608 26376.1005  228.8917 -999.9000    0.0000    0.0000   10.0522   88.6692
  21.4521 26532.9799  229.9205 -999.9000    0.0000    0.0000   10.5604   88.7041
  20.9548 26689.8593  230.4832 -999.9000    0.0000    0.0000   10.9568   88.7401
  20.4676 26846.7387  230.2146 -999.9000    0.0000    0.0000   11.2131   88.7908
  19.9891 27003.6181  228.7850 -999.9000    0.0000    0.0000   11.2939   88.8671
  19.5243 27160.4975  227.9157 -999.9000    0.0000    0.0000   10.8374   88.8331
  19.0752 27317.3769  228.3939 -999.9000    0.0000    0.0000    9.9157   88.6652
  18.6391 27474.2563  229.6390 -999.9000    0.0000    0.0000    8.9232   88.4541
  18.2135 27631.1357  231.0707 -999.9000    0.0000    0.0000    8.2545   88.2905
  17.7959 27788.0151  232.1174 -999.9000    0.0000    0.0000    8.2811   88.2601
  17.3864 27944.8945  232.4319 -999.9000    0.0000    0.0000    8.8241   88.3267
  16.9866 28101.7739  232.0403 -999.9000    0.0000    0.0000    9.4022   88.3867
  16.5963 28258.6533  231.2391 -999.9000    0.0000    0.0000    9.9809   88.4341
  16.2153 28415.5327  230.3519 -999.9000    0.0000    0.0000   10.5744   88.4734
  15.8432 28572.4121  229.7025 -999.9000    0.0000    0.0000   11.1975   88.5095
  15.4798 28729.2915  229.6085 -999.9000    0.0000    0.0000   11.8626   88.5468
  15.1246 28886.1709  230.0308 -999.9000    0.0000    0.0000   12.4674   88.5881
  14.7769 29043.0503  230.4127 -999.9000    0.0000    0.0000   12.7481   88.6333
  14.4368 29199.9296  230.5899 -999.9000    0.0000    0.0000   12.6399   88.6841
  14.1043 29356.8090  230.6999 -999.9000    0.0000    0.0000   12.2242   88.7433
  13.7798 29513.6884  230.8858 -999.9000    0.0000    0.0000   11.5856   88.8140
  13.4633 29670.5678  231.2909 -999.9000    0.0000    0.0000   10.8082   88.8992
  13.1552 29827.4472  232.0585 -999.9000    0.0000    0.0000    9.9766   89.0018
  12.8555 29984.3266  233.2751 -999.9000    0.0000    0.0000    9.1731   89.1215
  12.5638 30141.2060  234.6279 -999.9000    0.0000    0.0000    8.4657   89.2343
  12.2794 30298.0854  235.6350 -999.9000    0.0000    0.0000    7.9164   89.3059
  12.0018 30454.9648  235.8136 -999.9000    0.0000    0.0000    7.5875   89.3022
  11.7304 30611.8442  234.9356 -999.9000    0.0000    0.0000    7.4998   89.2026
  11.4650 30768.7236  233.8126 -999.9000    0.0000    0.0000    7.5080   89.0420
  11.2056 30925.6030  233.5208 -999.9000    0.0000    0.0000    7.4246   88.8691
  10.9522 31082.4824  234.7120 -999.9000    0.0000    0.0000    7.1294   88.7216
  10.7056 31239.3618  236.2259 -999.9000    0.0000    0.0000    6.7915   88.5894
  10.4661 31396.2412  236.7441 -999.9000    0.0000    0.0000    6.6079   88.4534
  10.2318 31553.1206  236.3466 -999.9000    0.0000    0.0000    6.5642   88.3118
  10.0000 31710.0000  235.4879 -999.9000    0.0000    0.0000    6.5895   88.1674
