# 06610 LSMP Payerne Observations at 12Z 30 Jul 2008
# Radiosonde file generated by raso.rb
#
  P [hPa],     Z [m],    T [K],   Td [K],   RH [%], r [g/kg], WS [m/s], WD [deg]
 962.0000   491.0000  297.8234 -999.9000   66.2787   13.6900    1.9099   93.0543
 944.6891   647.8794  295.8355 -999.9000   67.8083   12.6302    4.3972   92.6754
 927.6873   804.7588  294.5129 -999.9000   79.5230   13.9071    2.0547   92.9144
 911.0964   961.6382  293.2847 -999.9000   79.9513   14.4362    0.3052   92.0428
 894.7070  1118.5176  292.4066 -999.9000   79.9234   14.3064    1.2790   90.9797
 878.5406  1275.3970  292.1635 -999.9000   79.9638   13.3485    2.2801   90.6229
 862.6769  1432.2764  290.8311 -999.9000   80.8523   13.5129    2.5290   90.4248
 846.9845  1589.1558  289.6287 -999.9000   80.1522   13.9027    4.1535   90.3491
 831.5533  1746.0352  289.3147 -999.9000   80.6097   13.2228    5.0564   90.3950
 816.3570  1902.9146  288.0279 -999.9000   80.4809   11.9693    6.1814   90.4496
 801.3249  2059.7940  286.4598 -999.9000   80.1863   11.5640    6.8238   90.4939
 786.5365  2216.6734  285.1230 -999.9000   80.0187   10.4184    7.5904   90.5367
 771.9169  2373.5528  283.9048 -999.9000   80.3933    8.7627    8.7992   90.5644
 757.5041  2530.4322  282.8587 -999.9000   80.2504    8.5006    9.3468   90.6155
 743.3854  2687.3116  282.2942 -999.9000   77.6050    7.5803    8.2517   90.6080
 729.2940  2844.1910  281.2292 -999.9000   60.2501    5.5688    8.0198   90.6173
 715.5826  3001.0704  280.1899 -999.9000   50.0112    4.3807    9.6090   90.6971
 702.0616  3157.9497  279.0135 -999.9000   51.4884    4.2344   10.8976   90.7782
 688.7126  3314.8291  277.5423 -999.9000   58.7913    4.4448   10.9912   90.8007
 675.5482  3471.7085  275.9208 -999.9000   68.0662    4.6752   11.2428   90.8205
 662.5494  3628.5879  274.4494 -999.9000   73.9983    4.6607   11.8489   90.8487
 649.7305  3785.4673  273.4442 -999.9000   67.1437    4.0055   12.1419   90.8627
 637.1240  3942.3467  272.5944 -999.9000   55.0423    3.1437   11.4589   90.9118
 624.7467  4099.2261  271.5822 -999.9000   50.0820    2.7055    9.9078   91.0167
 612.5275  4256.1055  270.5239 -999.9000   50.0211    2.5464    9.4712   91.0465
 600.5160  4412.9849  269.9174 -999.9000   38.1591    1.8919    9.7469   91.0390
 588.7253  4569.8643  269.3231 -999.9000   22.7362    1.0986    9.9262   91.0433
 577.1128  4726.7437  268.0308 -999.9000   18.1495    0.8108    9.9719   91.0483
 565.6299  4883.6231  267.1961 -999.9000   17.0220    0.7276    9.9296   91.0538
 554.4053  5040.5025  266.6360 -999.9000   13.4920    0.5634    9.2361   91.1400
 543.3471  5197.3819  265.9631 -999.9000   12.8356    0.5190    8.4532   91.2153
 532.4739  5354.2613  264.9407 -999.9000   22.2010    0.8459    8.8546   91.2112
 521.8251  5511.1407  263.8968 -999.9000   24.0529    0.8613    9.6061   91.1806
 511.3144  5668.0201  263.1105 -999.9000   14.1058    0.4842   10.2830   91.1583
 500.9731  5824.8995  261.7740 -999.9000   12.9926    0.4090   10.9811   91.1344
 490.8286  5981.7789  260.1673 -999.9000   18.4325    0.5200   11.1323   91.1143
 480.7236  6138.6583  259.0585 -999.9000   29.2869    0.7703   11.4628   91.0832
 470.8214  6295.5377  257.7753 -999.9000   31.5617    0.7621   11.5569   91.0728
 461.0900  6452.4171  256.3525 -999.9000   30.9004    0.6762   11.2750   90.9894
 451.4963  6609.2965  255.0555 -999.9000   32.0825    0.6422   10.2631   90.8335
 442.0676  6766.1759  253.9830 -999.9000   32.6636    0.6091    9.3688   90.7116
 432.8253  6923.0553  253.0197 -999.9000   32.3841    0.5674   10.2749   90.6964
 423.7241  7079.9347  251.6106 -999.9000   36.1011    0.5712   11.1524   90.7318
 414.7432  7236.8141  249.9017 -999.9000   41.3402    0.5742   10.9467   90.7585
 405.9174  7393.6935  248.9014 -999.9000   31.9077    0.4138   11.1711   90.7794
 397.1974  7550.5729  247.6078 -999.9000   27.3127    0.3219   11.4336   90.7881
 388.6475  7707.4523  246.2068 -999.9000   31.2445    0.3308   11.5722   90.8405
 380.2876  7864.3317  245.1817 -999.9000   34.9011    0.3433   11.8002   90.9010
 372.0784  8021.2111  244.3542 -999.9000   39.1777    0.3645   11.9433   90.8924
 363.9826  8178.0905  243.5500 -999.9000   45.3120    0.3994   11.8470   90.7526
 356.0087  8334.9698  242.6850 -999.9000   54.5636    0.4529   11.8223   90.7678
 348.2042  8491.8492  241.7781 -999.9000   60.6929    0.5188   12.4161   91.3797
 340.5609  8648.7286  240.9123 -999.9000   65.0842    0.5272   12.6414   91.7004
 333.0575  8805.6080  240.0371 -999.9000   65.6853    0.4852   12.5758   91.6152
 325.6771  8962.4874  239.0524 -999.9000   65.1026    0.4338   12.8655   91.4555
 318.4095  9119.3668  237.8418 -999.9000   65.8851    0.3977   13.7792   91.4682
 311.2701  9276.2462  236.1958 -999.9000   60.7680    0.3338   13.9309   91.4746
 304.2599  9433.1256  234.6161 -999.9000   55.5746    0.2938   14.1481   91.4194
 297.3812  9590.0050  233.5244 -999.9000   50.7210    0.2688   14.6224   91.3896
 290.6045  9746.8844  232.2715 -999.9000   45.5046    0.2331   14.9424   91.3805
 283.9369  9903.7638  230.8697 -999.9000   45.7976    0.2031   15.3107   91.3479
 277.3870 10060.6432  229.3647 -999.9000   45.6433    0.1789   15.6898   91.3074
 270.9631 10217.5226  227.7963 -999.9000   45.5759    0.1538   15.9471   91.2950
 264.6694 10374.4020  226.2388 -999.9000   45.6816    0.1244   15.9925   91.3378
 258.4744 10531.2814  224.9992 -999.9000   45.1865    0.1097   16.1268   91.3756
 252.3757 10688.1608  223.9594 -999.9000   45.4996    0.1034   16.3788   91.3933
 246.3812 10845.0402  222.8906 -999.9000   40.2199    0.0916   16.6667   91.3978
 240.4896 11001.9196  221.6856 -999.9000   35.6638    0.0742   16.9372   91.3965
 234.6950 11158.7990  220.3394 -999.9000   35.9167    0.0604   17.1611   91.3968
 229.0082 11315.6784  218.9489 -999.9000   35.4604    0.0528   17.3327   91.3986
 223.4492 11472.5578  217.6617 -999.9000   34.9336    0.0500   17.4588   91.3982
 218.0236 11629.4372  216.4542 -999.9000   30.0933    0.0480   17.2579   91.4126
 212.6609 11786.3166  214.7776 -999.9000   25.5802    0.0350   15.5798   91.5070
 207.3913 11943.1960  213.9431 -999.9000   23.7492    0.0295   14.4048   91.4951
 202.2510 12100.0754  214.6455 -999.9000   17.9904    0.0410   14.1046   91.5711
 197.2536 12256.9548  216.0431 -999.9000    9.0911    0.0304   12.1098   92.1270
 192.4469 12413.8342  218.4345 -999.9000    2.6436    0.0062   12.5657   91.9985
 187.8076 12570.7136  218.2488 -999.9000    0.2369    0.0003   12.8139   91.9213
 183.2603 12727.5930  217.0106 -999.9000    0.2954    0.0003   12.5271   91.8946
 178.8033 12884.4724  216.5944 -999.9000    0.0000    0.0000   12.2992   91.8603
 174.4458 13041.3518  216.9942 -999.9000    0.0133    0.0000   12.4372   91.7991
 170.1876 13198.2312  217.2158 -999.9000    0.0000    0.0000   12.9673   91.6668
 166.0391 13355.1106  217.3798 -999.9000    0.0000    0.0000   13.5919   91.5392
 162.0101 13511.9899  216.9989 -999.9000    0.0002    0.0000   13.8960   91.4198
 158.0706 13668.8693  216.0093 -999.9000    0.0000    0.0000   13.5183   91.3880
 154.1974 13825.7487  215.1305 -999.9000    0.0000    0.0000   12.3628   91.4693
 150.4126 13982.6281  215.0580 -999.9000    0.0000    0.0000   10.4551   91.5650
 146.7292 14139.5075  215.9811 -999.9000    0.0000    0.0000   10.3837   91.5673
 143.1108 14296.3869  214.1984 -999.9000    0.0000    0.0000   10.3096   91.5696
 139.5597 14453.2663  216.6120 -999.9000    0.0000    0.0000   10.2847   91.5684
 136.1266 14610.1457  214.2733 -999.9000    0.0000    0.0000   10.2841   91.5540
 132.7619 14767.0251  213.4027 -999.9000    0.0000    0.0000   10.2890   91.5347
 129.4754 14923.9045  214.4033 -999.9000    0.0000    0.0000   10.2937   91.5197
 126.2897 15080.7839  215.5171 -999.9000    0.0000    0.0000   10.2890   91.5108
 123.1790 15237.6633  216.7562 -999.9000    0.0000    0.0000   10.3130   91.4644
 120.1481 15394.5427  217.2437 -999.9000    0.0000    0.0000   10.1795   91.3748
 117.2138 15551.4221  216.6163 -999.9000    0.0000    0.0000    9.8285   91.2661
 114.3435 15708.3015  216.5405 -999.9000    0.0000    0.0000    9.5174   91.1464
 111.5416 15865.1809  216.3169 -999.9000    0.0000    0.0000    8.9485   91.1933
 108.8149 16022.0603  217.6506 -999.9000    0.0000    0.0000    8.1475   91.4869
 106.1648 16178.9397  217.7249 -999.9000    0.0000    0.0000    7.7008   91.3484
 103.5767 16335.8191  217.3777 -999.9000    0.0000    0.0000    6.2862   91.9971
 101.0524 16492.6985  219.4406 -999.9000    0.0000    0.0000    1.8257   90.4089
  98.6148 16649.5779  218.0645 -999.9000    0.0000    0.0000    1.0686   90.4014
  96.2203 16806.4573  217.3376 -999.9000    0.0000    0.0000    0.2609   90.4014
  93.8688 16963.3367  216.6322 -999.9000    0.0000    0.0000    1.3626   90.4014
  91.5836 17120.2161  216.5191 -999.9000    0.0000    0.0000    2.2503   90.4014
  89.3567 17277.0955  216.5014 -999.9000    0.0000    0.0000    2.9044   90.4014
  87.1784 17433.9749  216.0307 -999.9000    0.0000    0.0000    3.6218   90.3927
  85.0453 17590.8543  215.2189 -999.9000    0.0000    0.0000    4.5688   90.0754
  82.9608 17747.7337  214.8893 -999.9000    0.0000    0.0000    5.7722   90.9865
  80.9282 17904.6131  215.5251 -999.9000    0.0000    0.0000    6.9481   90.6807
  78.9484 18061.4925  216.1566 -999.9000    0.0000    0.0000    6.8682   90.4907
  77.0217 18218.3719  216.8144 -999.9000    0.0000    0.0000    5.9356   90.6714
  75.1483 18375.2513  217.8562 -999.9000    0.0000    0.0000    5.0050   90.9237
  73.3271 18532.1307  218.9403 -999.9000    0.0000    0.0000    4.4067   91.0464
  71.5556 18689.0101  219.0474 -999.9000    0.0000    0.0000    3.9627   90.9336
  69.8260 18845.8894  217.9129 -999.9000    0.0000    0.0000    3.3667   91.0562
  68.1227 19002.7688  217.6035 -999.9000    0.0000    0.0000    2.2517   91.7656
  66.4601 19159.6482  217.9346 -999.9000    0.0000    0.0000    1.2486   89.5288
  64.8418 19316.5276  218.4000 -999.9000    0.0000    0.0000    0.9673   87.4851
  63.2670 19473.4070  218.7863 -999.9000    0.0000    0.0000    1.5379   87.9468
  61.7318 19630.2864  219.3316 -999.9000    0.0000    0.0000    2.1518   88.3028
  60.2355 19787.1658  219.5303 -999.9000    0.0000    0.0000    2.9222   88.5476
  58.7762 19944.0452  219.2221 -999.9000    0.0000    0.0000    3.7892   88.9105
  57.3501 20100.9246  218.8337 -999.9000    0.0000    0.0000    4.2484   89.0671
  55.9562 20257.8040  218.5594 -999.9000    0.0000    0.0000    4.2023   88.9446
  54.5968 20414.6834  218.3198 -999.9000    0.0000    0.0000    4.0161   88.7725
  53.2731 20571.5628  218.2673 -999.9000    0.0000    0.0000    3.8530   88.6461
  51.9860 20728.4422  218.7127 -999.9000    0.0000    0.0000    3.7298   88.5640
  50.7361 20885.3216  219.9699 -999.9000    0.0000    0.0000    3.6607   88.5228
  49.5229 21042.2010  221.7505 -999.9000    0.0000    0.0000    3.6292   88.5126
  48.3394 21199.0804  221.1449 -999.9000    0.0000    0.0000    3.9847   88.5757
  47.1874 21355.9598  221.2292 -999.9000    0.0000    0.0000    5.1258   88.7747
  46.0647 21512.8392  221.6415 -999.9000    0.0000    0.0000    6.1676   88.9472
  44.9691 21669.7186  221.9024 -999.9000    0.0000    0.0000    6.3776   88.9570
  43.8989 21826.5980  221.9486 -999.9000    0.0000    0.0000    5.9885   88.8369
  42.8525 21983.4774  221.8402 -999.9000    0.0000    0.0000    5.5167   88.6697
  41.8295 22140.3568  221.6252 -999.9000    0.0000    0.0000    5.2513   88.5214
  40.8309 22297.2362  221.3314 -999.9000    0.0000    0.0000    5.1300   88.4316
  39.8584 22454.1156  220.9878 -999.9000    0.0000    0.0000    5.0611   88.4374
  38.9104 22610.9950  221.4206 -999.9000    0.0000    0.0000    5.1925   88.5046
  37.9838 22767.8744  222.7229 -999.9000    0.0000    0.0000    5.5806   88.5579
  37.0791 22924.7538  223.4581 -999.9000    0.0000    0.0000    5.8941   88.6106
  36.1962 23081.6332  223.5948 -999.9000    0.0000    0.0000    6.1170   88.6649
  35.3349 23238.5126  223.3505 -999.9000    0.0000    0.0000    6.2890   88.7211
  34.4951 23395.3920  222.9423 -999.9000    0.0000    0.0000    6.4499   88.7793
  33.6765 23552.2714  222.5877 -999.9000    0.0000    0.0000    6.6393   88.8396
  32.8792 23709.1508  222.5039 -999.9000    0.0000    0.0000    6.8973   88.9021
  32.1025 23866.0302  222.8328 -999.9000    0.0000    0.0000    7.2363   88.9664
  31.3447 24022.9095  223.4363 -999.9000    0.0000    0.0000    7.5683   89.0294
  30.6036 24179.7889  224.1121 -999.9000    0.0000    0.0000    7.7820   89.0878
  29.8779 24336.6683  224.6324 -999.9000    0.0000    0.0000    7.7859   89.1301
  29.1715 24493.5477  224.7075 -999.9000    0.0000    0.0000    7.6846   89.0898
  28.4842 24650.4271  224.5850 -999.9000    0.0000    0.0000    7.5308   88.9796
  27.8138 24807.3065  224.6334 -999.9000    0.0000    0.0000    7.3390   88.8366
  27.1583 24964.1859  225.2193 -999.9000    0.0000    0.0000    7.1229   88.6979
  26.5173 25121.0653  226.4040 -999.9000    0.0000    0.0000    6.9032   88.5852
  25.8939 25277.9447  227.5997 -999.9000    0.0000    0.0000    6.7148   88.4883
  25.2914 25434.8241  228.1357 -999.9000    0.0000    0.0000    6.5943   88.3927
  24.7096 25591.7035  227.6459 -999.9000    0.0000    0.0000    6.6231   88.3136
  24.1354 25748.5829  227.1159 -999.9000    0.0000    0.0000    6.9621   88.3442
  23.5706 25905.4623  226.8787 -999.9000    0.0000    0.0000    7.5135   88.4419
  23.0189 26062.3417  227.1437 -999.9000    0.0000    0.0000    8.1526   88.5480
  22.4826 26219.2211  227.9763 -999.9000    0.0000    0.0000    8.7786   88.6216
  21.9608 26376.1005  229.0708 -999.9000    0.0000    0.0000    9.3530   88.6692
  21.4521 26532.9799  230.0625 -999.9000    0.0000    0.0000    9.8478   88.7041
  20.9548 26689.8593  230.5867 -999.9000    0.0000    0.0000   10.2343   88.7401
  20.4676 26846.7387  230.2785 -999.9000    0.0000    0.0000   10.4842   88.7908
  19.9891 27003.6181  228.8086 -999.9000    0.0000    0.0000   10.5623   88.8671
  19.5243 27160.4975  227.8986 -999.9000    0.0000    0.0000   10.1066   88.8331
  19.0752 27317.3769  228.3360 -999.9000    0.0000    0.0000    9.1894   88.6652
  18.6391 27474.2563  229.5404 -999.9000    0.0000    0.0000    8.2049   88.4541
  18.2135 27631.1357  230.9319 -999.9000    0.0000    0.0000    7.5478   88.2905
  17.7959 27788.0151  231.9392 -999.9000    0.0000    0.0000    7.5895   88.2601
  17.3864 27944.8945  232.2155 -999.9000    0.0000    0.0000    8.1513   88.3267
  16.9866 28101.7739  231.7871 -999.9000    0.0000    0.0000    8.7518   88.3867
  16.5963 28258.6533  230.9507 -999.9000    0.0000    0.0000    9.3564   88.4341
  16.2153 28415.5327  230.0306 -999.9000    0.0000    0.0000    9.9795   88.4734
  15.8432 28572.4121  229.3504 -999.9000    0.0000    0.0000   10.6358   88.5095
  15.4798 28729.2915  229.2284 -999.9000    0.0000    0.0000   11.3376   88.5468
  15.1246 28886.1709  229.6257 -999.9000    0.0000    0.0000   11.9827   88.5881
  14.7769 29043.0503  229.9859 -999.9000    0.0000    0.0000   12.3075   88.6333
  14.4368 29199.9296  230.1449 -999.9000    0.0000    0.0000   12.2469   88.6841
  14.1043 29356.8090  230.2406 -999.9000    0.0000    0.0000   11.8823   88.7433
  13.7798 29513.6884  230.4165 -999.9000    0.0000    0.0000   11.2985   88.8140
  13.4633 29670.5678  230.8161 -999.9000    0.0000    0.0000   10.5796   88.8992
  13.1552 29827.4472  231.5831 -999.9000    0.0000    0.0000    9.8100   89.0018
  12.8555 29984.3266  232.8042 -999.9000    0.0000    0.0000    9.0721   89.1215
  12.5638 30141.2060  234.1670 -999.9000    0.0000    0.0000    8.4340   89.2343
  12.2794 30298.0854  235.1898 -999.9000    0.0000    0.0000    7.9577   89.3059
  12.0018 30454.9648  235.3902 -999.9000    0.0000    0.0000    7.7053   89.3022
  11.7304 30611.8442  234.5405 -999.9000    0.0000    0.0000    7.6977   89.2026
  11.4650 30768.7236  233.4524 -999.9000    0.0000    0.0000    7.7898   89.0420
  11.2056 30925.6030  233.2026 -999.9000    0.0000    0.0000    7.7938   88.8691
  10.9522 31082.4824  234.4431 -999.9000    0.0000    0.0000    7.5896   88.7216
  10.7056 31239.3618  236.0139 -999.9000    0.0000    0.0000    7.3464   88.5894
  10.4661 31396.2412  236.5970 -999.9000    0.0000    0.0000    7.2612   88.4534
  10.2318 31553.1206  236.2725 -999.9000    0.0000    0.0000    7.3195   88.3118
  10.0000 31710.0000  235.4956 -999.9000    0.0000    0.0000    7.4504   88.1674
