# 06610 LSMP Payerne Observations at 12Z 30 Jul 2008
# Radiosonde file generated by raso.rb
#
  P [hPa],     Z [m],    T [K],   Td [K],   RH [%], r [g/kg], WS [m/s], WD [deg]
 962.0000   491.0000  297.6158 -999.9000   66.1641   13.6900    1.8562   93.0543
 944.6891   647.8794  295.6158 -999.9000   67.7377   12.6302    4.3376   92.6754
 927.6873   804.7588  294.2827 -999.9000   79.4903   13.9071    1.9904   92.9144
 911.0964   961.6382  293.0456 -999.9000   79.9644   14.4362    0.2376   92.0428
 894.7070  1118.5176  292.1603 -999.9000   79.9781   14.3064    1.2093   90.9797
 878.5406  1275.3970  291.9114 -999.9000   80.0561   13.3485    2.2095   90.6229
 862.6769  1432.2764  290.5746 -999.9000   80.9795   13.5129    2.4586   90.4248
 846.9845  1589.1558  289.3690 -999.9000   80.3080   13.9027    4.0843   90.3491
 831.5533  1746.0352  289.0531 -999.9000   80.7927   13.2228    4.9895   90.3950
 816.3570  1902.9146  287.7654 -999.9000   80.6861   11.9693    6.1176   90.4496
 801.3249  2059.7940  286.1975 -999.9000   80.4099   11.5640    6.7642   90.4939
 786.5365  2216.6734  284.8618 -999.9000   80.2576   10.4184    7.5357   90.5367
 771.9169  2373.5528  283.6456 -999.9000   80.6461    8.7627    8.7502   90.5644
 757.5041  2530.4322  282.6022 -999.9000   80.5125    8.5006    9.3042   90.6155
 743.3854  2687.3116  282.0411 -999.9000   77.8652    7.5803    8.2163   90.6080
 729.2940  2844.1910  280.9801 -999.9000   60.4554    5.5688    7.9921   90.6173
 715.5826  3001.0704  279.9453 -999.9000   50.1828    4.3807    9.5896   90.6971
 702.0616  3157.9497  278.7737 -999.9000   51.6647    4.2344   10.8870   90.7782
 688.7126  3314.8291  277.3077 -999.9000   58.9908    4.4448   10.9899   90.8007
 675.5482  3471.7085  275.6918 -999.9000   68.2932    4.6752   11.2511   90.8205
 662.5494  3628.5879  274.2259 -999.9000   74.2391    4.6607   11.8672   90.8487
 649.7305  3785.4673  273.2263 -999.9000   67.3554    4.0055   12.1705   90.8627
 637.1240  3942.3467  272.3821 -999.9000   55.2092    3.1437   11.4981   90.9118
 624.7467  4099.2261  271.3755 -999.9000   50.2269    2.7055    9.9577   91.0167
 612.5275  4256.1055  270.3225 -999.9000   50.1582    2.5464    9.5318   91.0465
 600.5160  4412.9849  269.7210 -999.9000   38.2573    1.8919    9.8184   91.0390
 588.7253  4569.8643  269.1313 -999.9000   22.7906    1.0986   10.0087   91.0433
 577.1128  4726.7437  267.8432 -999.9000   18.1895    0.8108   10.0652   91.0483
 565.6299  4883.6231  267.0120 -999.9000   17.0563    0.7276   10.0337   91.0538
 554.4053  5040.5025  266.4549 -999.9000   13.5164    0.5634    9.3507   91.1400
 543.3471  5197.3819  265.7842 -999.9000   12.8562    0.5190    8.5783   91.2153
 532.4739  5354.2613  264.7633 -999.9000   22.2321    0.8459    8.9898   91.2112
 521.8251  5511.1407  263.7199 -999.9000   24.0817    0.8613    9.7511   91.1806
 511.3144  5668.0201  262.9331 -999.9000   14.1198    0.4842   10.4374   91.1583
 500.9731  5824.8995  261.5950 -999.9000   13.0030    0.4090   11.1445   91.1344
 490.8286  5981.7789  259.9855 -999.9000   18.4436    0.5200   11.3043   91.1143
 480.7236  6138.6583  258.8728 -999.9000   29.2992    0.7703   11.6427   91.0832
 470.8214  6295.5377  257.5843 -999.9000   31.5694    0.7621   11.7442   91.0728
 461.0900  6452.4171  256.1547 -999.9000   30.9029    0.6762   11.4691   90.9894
 451.4963  6609.2965  254.8494 -999.9000   32.0804    0.6422   10.4633   90.8335
 442.0676  6766.1759  253.7670 -999.9000   32.6571    0.6091    9.5742   90.7116
 432.8253  6923.0553  252.7921 -999.9000   32.3740    0.5674   10.4847   90.6964
 423.7241  7079.9347  251.3696 -999.9000   36.0863    0.5712   11.3658   90.7318
 414.7432  7236.8141  249.6455 -999.9000   41.3202    0.5742   11.1629   90.7585
 405.9174  7393.6935  248.6279 -999.9000   31.8907    0.4138   11.3888   90.7794
 397.1974  7550.5729  247.3151 -999.9000   27.2975    0.3219   11.6521   90.7881
 388.6475  7707.4523  245.8931 -999.9000   31.2270    0.3308   11.7903   90.8405
 380.2876  7864.3317  244.8454 -999.9000   34.8824    0.3433   12.0171   90.9010
 372.0784  8021.2111  243.9942 -999.9000   39.1583    0.3645   12.1581   90.8924
 363.9826  8178.0905  243.1652 -999.9000   45.2924    0.3994   12.0591   90.7526
 356.0087  8334.9698  242.2749 -999.9000   54.5442    0.4529   12.0309   90.7678
 348.2042  8491.8492  241.3424 -999.9000   60.6769    0.5188   12.6207   91.3797
 340.5609  8648.7286  240.4509 -999.9000   65.0740    0.5272   12.8414   91.7004
 333.0575  8805.6080  239.5504 -999.9000   65.6827    0.4852   12.7709   91.6152
 325.6771  8962.4874  238.5409 -999.9000   65.1083    0.4338   13.0553   91.4555
 318.4095  9119.3668  237.3065 -999.9000   65.8996    0.3977   13.9635   91.4682
 311.2701  9276.2462  235.6378 -999.9000   60.7898    0.3338   14.1095   91.4746
 304.2599  9433.1256  234.0370 -999.9000   55.6024    0.2938   14.3209   91.4194
 297.3812  9590.0050  232.9259 -999.9000   50.7538    0.2688   14.7894   91.3896
 290.6045  9746.8844  231.6559 -999.9000   45.5405    0.2331   15.1036   91.3805
 283.9369  9903.7638  230.2394 -999.9000   45.8403    0.2031   15.4664   91.3479
 277.3870 10060.6432  228.7223 -999.9000   45.6921    0.1789   15.8402   91.3074
 270.9631 10217.5226  227.1449 -999.9000   45.6307    0.1538   16.0924   91.2950
 264.6694 10374.4020  225.5817 -999.9000   45.7421    0.1244   16.1332   91.3378
 258.4744 10531.2814  224.3400 -999.9000   45.2515    0.1097   16.2634   91.3756
 252.3757 10688.1608  223.3021 -999.9000   45.5697    0.1034   16.5118   91.3933
 246.3812 10845.0402  222.2395 -999.9000   40.2854    0.0916   16.7967   91.3978
 240.4896 11001.9196  221.0451 -999.9000   35.7245    0.0742   17.0650   91.3965
 234.6950 11158.7990  219.7139 -999.9000   35.9799    0.0604   17.2874   91.3968
 229.0082 11315.6784  218.3422 -999.9000   35.5243    0.0528   17.4582   91.3986
 223.4492 11472.5578  217.0773 -999.9000   34.9977    0.0500   17.5842   91.3982
 218.0236 11629.4372  215.8949 -999.9000   30.1490    0.0480   17.3838   91.4126
 212.6609 11786.3166  214.2458 -999.9000   25.6278    0.0350   15.7070   91.5070
 207.3913 11943.1960  213.4408 -999.9000   23.7933    0.0295   14.5338   91.4951
 202.2510 12100.0754  214.1741 -999.9000   18.0236    0.0410   14.2360   91.5711
 197.2536 12256.9548  215.6035 -999.9000    9.1076    0.0304   12.2442   92.1270
 192.4469 12413.8342  218.0273 -999.9000    2.6484    0.0062   12.7037   91.9985
 187.8076 12570.7136  217.8741 -999.9000    0.2373    0.0003   12.9560   91.9213
 183.2603 12727.5930  216.6678 -999.9000    0.2959    0.0003   12.6738   91.8946
 178.8033 12884.4724  216.2827 -999.9000    0.0000    0.0000   12.4509   91.8603
 174.4458 13041.3518  216.7121 -999.9000    0.0133    0.0000   12.5945   91.7991
 170.1876 13198.2312  216.9615 -999.9000    0.0000    0.0000   13.1305   91.6668
 166.0391 13355.1106  217.1508 -999.9000    0.0000    0.0000   13.7616   91.5392
 162.0101 13511.9899  216.7925 -999.9000    0.0002    0.0000   14.0724   91.4198
 158.0706 13668.8693  215.8221 -999.9000    0.0000    0.0000   13.7018   91.3880
 154.1974 13825.7487  214.9587 -999.9000    0.0000    0.0000   12.5538   91.4693
 150.4126 13982.6281  214.8973 -999.9000    0.0000    0.0000   10.6539   91.5650
 146.7292 14139.5075  215.8268 -999.9000    0.0000    0.0000   10.5906   91.5673
 143.1108 14296.3869  214.0452 -999.9000    0.0000    0.0000   10.5249   91.5696
 139.5597 14453.2663  216.4542 -999.9000    0.0000    0.0000   10.5086   91.5684
 136.1266 14610.1457  214.1054 -999.9000    0.0000    0.0000   10.5167   91.5540
 132.7619 14767.0251  213.2198 -999.9000    0.0000    0.0000   10.5305   91.5347
 129.4754 14923.9045  214.2009 -999.9000    0.0000    0.0000   10.5436   91.5197
 126.2897 15080.7839  215.2916 -999.9000    0.0000    0.0000   10.5471   91.5108
 123.1790 15237.6633  216.5044 -999.9000    0.0000    0.0000   10.5788   91.4644
 120.1481 15394.5427  216.9632 -999.9000    0.0000    0.0000   10.4522   91.3748
 117.2138 15551.4221  216.3052 -999.9000    0.0000    0.0000   10.1072   91.2661
 114.3435 15708.3015  216.1975 -999.9000    0.0000    0.0000    9.8011   91.1464
 111.5416 15865.1809  215.9416 -999.9000    0.0000    0.0000    9.2359   91.1933
 108.8149 16022.0603  217.2428 -999.9000    0.0000    0.0000    8.4373   91.4869
 106.1648 16178.9397  217.2854 -999.9000    0.0000    0.0000    7.9912   91.3484
 103.5767 16335.8191  216.9075 -999.9000    0.0000    0.0000    6.5757   91.9971
 101.0524 16492.6985  218.9418 -999.9000    0.0000    0.0000    2.1123   90.4089
  98.6148 16649.5779  217.5395 -999.9000    0.0000    0.0000    1.3501   90.4014
  96.2203 16806.4573  216.7895 -999.9000    0.0000    0.0000    0.5351   90.4014
  93.8688 16963.3367  216.0647 -999.9000    0.0000    0.0000    1.6272   90.4014
  91.5836 17120.2161  215.9366 -999.9000    0.0000    0.0000    2.5025   90.4014
  89.3567 17277.0955  215.9088 -999.9000    0.0000    0.0000    3.1415   90.4014
  87.1784 17433.9749  215.4337 -999.9000    0.0000    0.0000    3.8408   90.3927
  85.0453 17590.8543  214.6237 -999.9000    0.0000    0.0000    4.7666   90.0754
  82.9608 17747.7337  214.3027 -999.9000    0.0000    0.0000    5.9454   90.9865
  80.9282 17904.6131  214.9545 -999.9000    0.0000    0.0000    7.0934   90.6807
  78.9484 18061.4925  215.6095 -999.9000    0.0000    0.0000    6.9822   90.4907
  77.0217 18218.3719  216.2976 -999.9000    0.0000    0.0000    6.0153   90.6714
  75.1483 18375.2513  217.3756 -999.9000    0.0000    0.0000    5.0477   90.9237
  73.3271 18532.1307  218.5014 -999.9000    0.0000    0.0000    4.4104   91.0464
  71.5556 18689.0101  218.6547 -999.9000    0.0000    0.0000    3.9256   90.9336
  69.8260 18845.8894  217.5703 -999.9000    0.0000    0.0000    3.2873   91.0562
  68.1227 19002.7688  217.3141 -999.9000    0.0000    0.0000    2.1293   91.7656
  66.4601 19159.6482  217.7009 -999.9000    0.0000    0.0000    1.0825   89.5288
  64.8418 19316.5276  218.2238 -999.9000    0.0000    0.0000    0.7574   87.4851
  63.2670 19473.4070  218.6684 -999.9000    0.0000    0.0000    1.2845   87.9468
  61.7318 19630.2864  219.2725 -999.9000    0.0000    0.0000    1.8557   88.3028
  60.2355 19787.1658  219.5295 -999.9000    0.0000    0.0000    2.5844   88.5476
  58.7762 19944.0452  219.2784 -999.9000    0.0000    0.0000    3.4112   88.9105
  57.3501 20100.9246  218.9452 -999.9000    0.0000    0.0000    3.8321   89.0671
  55.9562 20257.8040  218.7236 -999.9000    0.0000    0.0000    3.7500   88.9446
  54.5968 20414.6834  218.5334 -999.9000    0.0000    0.0000    3.5307   88.7725
  53.2731 20571.5628  218.5261 -999.9000    0.0000    0.0000    3.3375   88.6461
  51.9860 20728.4422  219.0121 -999.9000    0.0000    0.0000    3.1878   88.5640
  50.7361 20885.3216  220.3044 -999.9000    0.0000    0.0000    3.0962   88.5228
  49.5229 21042.2010  222.1139 -999.9000    0.0000    0.0000    3.0465   88.5126
  48.3394 21199.0804  221.5303 -999.9000    0.0000    0.0000    3.3885   88.5757
  47.1874 21355.9598  221.6290 -999.9000    0.0000    0.0000    4.5214   88.7747
  46.0647 21512.8392  222.0478 -999.9000    0.0000    0.0000    5.5602   88.9472
  44.9691 21669.7186  222.3078 -999.9000    0.0000    0.0000    5.7723   88.9570
  43.8989 21826.5980  222.3463 -999.9000    0.0000    0.0000    5.3899   88.8369
  42.8525 21983.4774  222.2240 -999.9000    0.0000    0.0000    4.9290   88.6697
  41.8295 22140.3568  221.9893 -999.9000    0.0000    0.0000    4.6784   88.5214
  40.8309 22297.2362  221.6707 -999.9000    0.0000    0.0000    4.5754   88.4316
  39.8584 22454.1156  221.2977 -999.9000    0.0000    0.0000    4.5281   88.4374
  38.9104 22610.9950  221.6972 -999.9000    0.0000    0.0000    4.6839   88.5046
  37.9838 22767.8744  222.9625 -999.9000    0.0000    0.0000    5.0988   88.5579
  37.0791 22924.7538  223.6579 -999.9000    0.0000    0.0000    5.4413   88.6106
  36.1962 23081.6332  223.7523 -999.9000    0.0000    0.0000    5.6949   88.6649
  35.3349 23238.5126  223.4639 -999.9000    0.0000    0.0000    5.8990   88.7211
  34.4951 23395.3920  223.0104 -999.9000    0.0000    0.0000    6.0930   88.7793
  33.6765 23552.2714  222.6098 -999.9000    0.0000    0.0000    6.3162   88.8396
  32.8792 23709.1508  222.4799 -999.9000    0.0000    0.0000    6.6084   88.9021
  32.1025 23866.0302  222.7629 -999.9000    0.0000    0.0000    6.9815   88.9664
  31.3447 24022.9095  223.3216 -999.9000    0.0000    0.0000    7.3471   89.0294
  30.6036 24179.7889  223.9541 -999.9000    0.0000    0.0000    7.5937   89.0878
  29.8779 24336.6683  224.4331 -999.9000    0.0000    0.0000    7.6294   89.1301
  29.1715 24493.5477  224.4696 -999.9000    0.0000    0.0000    7.5584   89.0898
  28.4842 24650.4271  224.3116 -999.9000    0.0000    0.0000    7.4332   88.9796
  27.8138 24807.3065  224.3282 -999.9000    0.0000    0.0000    7.2676   88.8366
  27.1583 24964.1859  224.8865 -999.9000    0.0000    0.0000    7.0754   88.6979
  26.5173 25121.0653  226.0474 -999.9000    0.0000    0.0000    6.8772   88.5852
  25.8939 25277.9447  227.2229 -999.9000    0.0000    0.0000    6.7079   88.4883
  25.2914 25434.8241  227.7423 -999.9000    0.0000    0.0000    6.6042   88.3927
  24.7096 25591.7035  227.2393 -999.9000    0.0000    0.0000    6.6475   88.3136
  24.1354 25748.5829  226.6990 -999.9000    0.0000    0.0000    6.9988   88.3442
  23.5706 25905.4623  226.4545 -999.9000    0.0000    0.0000    7.5604   88.4419
  23.0189 26062.3417  226.7147 -999.9000    0.0000    0.0000    8.2074   88.5480
  22.4826 26219.2211  227.5452 -999.9000    0.0000    0.0000    8.8394   88.6216
  21.9608 26376.1005  228.6397 -999.9000    0.0000    0.0000    9.4178   88.6692
  21.4521 26532.9799  229.6335 -999.9000    0.0000    0.0000    9.9146   88.7041
  20.9548 26689.8593  230.1616 -999.9000    0.0000    0.0000   10.3011   88.7401
  20.4676 26846.7387  229.8591 -999.9000    0.0000    0.0000   10.5493   88.7908
  19.9891 27003.6181  228.3962 -999.9000    0.0000    0.0000   10.6237   88.8671
  19.5243 27160.4975  227.4944 -999.9000    0.0000    0.0000   10.1627   88.8331
  19.0752 27317.3769  227.9411 -999.9000    0.0000    0.0000    9.2383   88.6652
  18.6391 27474.2563  229.1556 -999.9000    0.0000    0.0000    8.2451   88.4541
  18.2135 27631.1357  230.5578 -999.9000    0.0000    0.0000    7.5776   88.2905
  17.7959 27788.0151  231.5762 -999.9000    0.0000    0.0000    7.6074   88.2601
  17.3864 27944.8945  231.8637 -999.9000    0.0000    0.0000    8.1556   88.3267
  16.9866 28101.7739  231.4466 -999.9000    0.0000    0.0000    8.7412   88.3867
  16.5963 28258.6533  230.6213 -999.9000    0.0000    0.0000    9.3295   88.4341
  16.2153 28415.5327  229.7118 -999.9000    0.0000    0.0000    9.9348   88.4734
  15.8432 28572.4121  229.0417 -999.9000    0.0000    0.0000   10.5720   88.5095
  15.4798 28729.2915  228.9289 -999.9000    0.0000    0.0000   11.2535   88.5468
  15.1246 28886.1709  229.3344 -999.9000    0.0000    0.0000   11.8771   88.5881
  14.7769 29043.0503  229.7014 -999.9000    0.0000    0.0000   12.1791   88.6333
  14.4368 29199.9296  229.8659 -999.9000    0.0000    0.0000   12.0946   88.6841
  14.1043 29356.8090  229.9654 -999.9000    0.0000    0.0000   11.7052   88.7433
  13.7798 29513.6884  230.1433 -999.9000    0.0000    0.0000   11.0954   88.8140
  13.4633 29670.5678  230.5428 -999.9000    0.0000    0.0000   10.3495   88.8992
  13.1552 29827.4472  231.3074 -999.9000    0.0000    0.0000    9.5521   89.0018
  12.8555 29984.3266  232.5236 -999.9000    0.0000    0.0000    8.7855   89.1215
  12.5638 30141.2060  233.8788 -999.9000    0.0000    0.0000    8.1178   89.2343
  12.2794 30298.0854  234.8912 -999.9000    0.0000    0.0000    7.6112   89.3059
  12.0018 30454.9648  235.0781 -999.9000    0.0000    0.0000    7.3277   89.3022
  11.7304 30611.8442  234.2115 -999.9000    0.0000    0.0000    7.2884   89.2026
  11.4650 30768.7236  233.1030 -999.9000    0.0000    0.0000    7.3480   89.0420
  11.2056 30925.6030  232.8291 -999.9000    0.0000    0.0000    7.3191   88.8691
  10.9522 31082.4824  234.0416 -999.9000    0.0000    0.0000    7.0815   88.7216
  10.7056 31239.3618  235.5803 -999.9000    0.0000    0.0000    6.8043   88.5894
  10.4661 31396.2412  236.1269 -999.9000    0.0000    0.0000    6.6847   88.4534
  10.2318 31553.1206  235.7615 -999.9000    0.0000    0.0000    6.7082   88.3118
  10.0000 31710.0000  234.9387 -999.9000    0.0000    0.0000    6.8040   88.1674
