# 06610 LSMP Payerne Observations at 12Z 30 Jul 2008
# Radiosonde file generated by raso.rb
#
  P [hPa],     Z [m],    T [K],   Td [K],   RH [%], r [g/kg], WS [m/s], WD [deg]
 962.0000   491.0000  298.1948 -999.9000   66.2123   13.6900    2.0601   93.0543
 944.6891   647.8794  296.1373 -999.9000   67.7800   12.6302    4.5798   92.6754
 927.6873   804.7588  294.7494 -999.9000   79.5319   13.9071    2.2646   92.9144
 911.0964   961.6382  293.4600 -999.9000   79.9986   14.4362    0.5374   92.0428
 894.7070  1118.5176  292.5247 -999.9000   80.0050   14.3064    1.5287   90.9797
 878.5406  1275.3970  292.2283 -999.9000   80.0760   13.3485    2.5428   90.6229
 862.6769  1432.2764  290.8464 -999.9000   80.9929   13.5129    2.8005   90.4248
 846.9845  1589.1558  289.5980 -999.9000   80.3149   13.9027    4.4297   90.3491
 831.5533  1746.0352  289.2416 -999.9000   80.7934   13.2228    5.3334   90.3950
 816.3570  1902.9146  287.9158 -999.9000   80.6810   11.9693    6.4556   90.4496
 801.3249  2059.7940  286.3119 -999.9000   80.3992   11.5640    7.0918   90.4939
 786.5365  2216.6734  284.9424 -999.9000   80.2417   10.4184    7.8489   90.5367
 771.9169  2373.5528  283.6945 -999.9000   80.6250    8.7627    9.0454   90.5644
 757.5041  2530.4322  282.6216 -999.9000   80.4867    8.5006    9.5779   90.6155
 743.3854  2687.3116  282.0331 -999.9000   77.8359    7.5803    8.4653   90.6080
 729.2940  2844.1910  280.9467 -999.9000   60.4294    5.5688    8.2135   90.6173
 715.5826  3001.0704  279.8885 -999.9000   50.1587    4.3807    9.7808   90.6971
 702.0616  3157.9497  278.6955 -999.9000   51.6374    4.2344   11.0456   90.7782
 688.7126  3314.8291  277.2101 -999.9000   58.9570    4.4448   11.1138   90.8007
 675.5482  3471.7085  275.5765 -999.9000   68.2511    4.6752   11.3386   90.8205
 662.5494  3628.5879  274.0948 -999.9000   74.1903    4.6607   11.9168   90.8487
 649.7305  3785.4673  273.0813 -999.9000   67.3086    4.0055   12.1808   90.8627
 637.1240  3942.3467  272.2250 -999.9000   55.1688    3.1437   11.4682   90.9118
 624.7467  4099.2261  271.2079 -999.9000   50.1885    2.7055    9.8870   91.0167
 612.5275  4256.1055  270.1462 -999.9000   50.1182    2.5464    9.4199   91.0465
 600.5160  4412.9849  269.5377 -999.9000   38.2257    1.8919    9.6651   91.0390
 588.7253  4569.8643  268.9426 -999.9000   22.7711    1.0986    9.8142   91.0433
 577.1128  4726.7437  267.6506 -999.9000   18.1735    0.8108    9.8299   91.0483
 565.6299  4883.6231  266.8171 -999.9000   17.0408    0.7276    9.7584   91.0538
 554.4053  5040.5025  266.2593 -999.9000   13.5038    0.5634    9.0364   91.1400
 543.3471  5197.3819  265.5893 -999.9000   12.8440    0.5190    8.2261   91.2153
 532.4739  5354.2613  264.5705 -999.9000   22.2105    0.8459    8.6013   91.2112
 521.8251  5511.1407  263.5307 -999.9000   24.0578    0.8613    9.3282   91.1806
 511.3144  5668.0201  262.7488 -999.9000   14.1055    0.4842    9.9822   91.1583
 500.9731  5824.8995  261.4169 -999.9000   12.9895    0.4090   10.6593   91.1344
 490.8286  5981.7789  259.8150 -999.9000   18.4242    0.5200   10.7917   91.1143
 480.7236  6138.6583  258.7110 -999.9000   29.2679    0.7703   11.1058   91.0832
 470.8214  6295.5377  257.4325 -999.9000   31.5352    0.7621   11.1862   91.0728
 461.0900  6452.4171  256.0140 -999.9000   30.8689    0.6762   10.8934   90.9894
 451.4963  6609.2965  254.7210 -999.9000   32.0446    0.6422    9.8736   90.8335
 442.0676  6766.1759  253.6520 -999.9000   32.6202    0.6091    8.9747   90.7116
 432.8253  6923.0553  252.6916 -999.9000   32.3369    0.5674    9.8797   90.6964
 423.7241  7079.9347  251.2846 -999.9000   36.0444    0.5712   10.7599   90.7318
 414.7432  7236.8141  249.5770 -999.9000   41.2716    0.5742   10.5609   90.7585
 405.9174  7393.6935  248.5768 -999.9000   31.8527    0.4138   10.7960   90.7794
 397.1974  7550.5729  247.2823 -999.9000   27.2645    0.3219   11.0738   90.7881
 388.6475  7707.4523  245.8794 -999.9000   31.1888    0.3308   11.2317   90.8405
 380.2876  7864.3317  244.8515 -999.9000   34.8391    0.3433   11.4827   90.9010
 372.0784  8021.2111  244.0204 -999.9000   39.1091    0.3645   11.6520   90.8924
 363.9826  8178.0905  243.2119 -999.9000   45.2346    0.3994   11.5850   90.7526
 356.0087  8334.9698  242.3422 -999.9000   54.4737    0.4529   11.5920   90.7678
 348.2042  8491.8492  241.4303 -999.9000   60.5975    0.5188   12.2196   91.3797
 340.5609  8648.7286  240.5593 -999.9000   64.9875    0.5272   12.4803   91.7004
 333.0575  8805.6080  239.6789 -999.9000   65.5942    0.4852   12.4515   91.6152
 325.6771  8962.4874  238.6889 -999.9000   65.0193    0.4338   12.7787   91.4555
 318.4095  9119.3668  237.4735 -999.9000   65.8083    0.3977   13.7303   91.4682
 311.2701  9276.2462  235.8229 -999.9000   60.7043    0.3338   13.9200   91.4746
 304.2599  9433.1256  234.2392 -999.9000   55.5231    0.2938   14.1748   91.4194
 297.3812  9590.0050  233.1442 -999.9000   50.6803    0.2688   14.6859   91.3896
 290.6045  9746.8844  231.8889 -999.9000   45.4736    0.2331   15.0415   91.3805
 283.9369  9903.7638  230.4856 -999.9000   45.7720    0.2031   15.4438   91.3479
 277.3870 10060.6432  228.9802 -999.9000   45.6230    0.1789   15.8548   91.3074
 270.9631 10217.5226  227.4126 -999.9000   45.5606    0.1538   16.1415   91.2950
 264.6694 10374.4020  225.8574 -999.9000   45.6708    0.1244   16.2135   91.3378
 258.4744 10531.2814  224.6215 -999.9000   45.1799    0.1097   16.3711   91.3756
 252.3757 10688.1608  223.5872 -999.9000   45.4966    0.1034   16.6428   91.3933
 246.3812 10845.0402  222.5257 -999.9000   40.2197    0.0916   16.9462   91.3978
 240.4896 11001.9196  221.3299 -999.9000   35.6654    0.0742   17.2278   91.3965
 234.6950 11158.7990  219.9950 -999.9000   35.9194    0.0604   17.4583   91.3968
 229.0082 11315.6784  218.6174 -999.9000   35.4637    0.0528   17.6324   91.3986
 223.4492 11472.5578  217.3448 -999.9000   34.9370    0.0500   17.7571   91.3982
 218.0236 11629.4372  216.1535 -999.9000   30.0960    0.0480   17.5513   91.4126
 212.6609 11786.3166  214.4943 -999.9000   25.5820    0.0350   15.8651   91.5070
 207.3913 11943.1960  213.6785 -999.9000   23.7502    0.0295   14.6791   91.4951
 202.2510 12100.0754  214.4007 -999.9000   17.9905    0.0410   14.3652   91.5711
 197.2536 12256.9548  215.8189 -999.9000    9.0907    0.0304   12.3545   92.1270
 192.4469 12413.8342  218.2318 -999.9000    2.6434    0.0062   12.7925   91.9985
 187.8076 12570.7136  218.0682 -999.9000    0.2368    0.0003   13.0210   91.9213
 183.2603 12727.5930  216.8525 -999.9000    0.2954    0.0003   12.7131   91.8946
 178.8033 12884.4724  216.4593 -999.9000    0.0000    0.0000   12.4630   91.8603
 174.4458 13041.3518  216.8822 -999.9000    0.0133    0.0000   12.5780   91.7991
 170.1876 13198.2312  217.1270 -999.9000    0.0000    0.0000   13.0846   91.6668
 166.0391 13355.1106  217.3141 -999.9000    0.0000    0.0000   13.6857   91.5392
 162.0101 13511.9899  216.9561 -999.9000    0.0002    0.0000   13.9662   91.4198
 158.0706 13668.8693  215.9891 -999.9000    0.0000    0.0000   13.5654   91.3880
 154.1974 13825.7487  215.1323 -999.9000    0.0000    0.0000   12.3875   91.4693
 150.4126 13982.6281  215.0811 -999.9000    0.0000    0.0000   10.4585   91.5650
 146.7292 14139.5075  216.0248 -999.9000    0.0000    0.0000   10.3670   91.5673
 143.1108 14296.3869  214.2617 -999.9000    0.0000    0.0000   10.2746   91.5696
 139.5597 14453.2663  216.6938 -999.9000    0.0000    0.0000   10.2333   91.5684
 136.1266 14610.1457  214.3725 -999.9000    0.0000    0.0000   10.2181   91.5540
 132.7619 14767.0251  213.5182 -999.9000    0.0000    0.0000   10.2105   91.5347
 129.4754 14923.9045  214.5340 -999.9000    0.0000    0.0000   10.2040   91.5197
 126.2897 15080.7839  215.6618 -999.9000    0.0000    0.0000   10.1898   91.5108
 123.1790 15237.6633  216.9138 -999.9000    0.0000    0.0000   10.2056   91.4644
 120.1481 15394.5427  217.4132 -999.9000    0.0000    0.0000   10.0649   91.3748
 117.2138 15551.4221  216.7966 -999.9000    0.0000    0.0000    9.7076   91.2661
 114.3435 15708.3015  216.7304 -999.9000    0.0000    0.0000    9.3911   91.1464
 111.5416 15865.1809  216.5156 -999.9000    0.0000    0.0000    8.8173   91.1933
 108.8149 16022.0603  217.8569 -999.9000    0.0000    0.0000    8.0119   91.4869
 106.1648 16178.9397  217.9378 -999.9000    0.0000    0.0000    7.5609   91.3484
 103.5767 16335.8191  217.5961 -999.9000    0.0000    0.0000    6.1422   91.9971
 101.0524 16492.6985  219.6636 -999.9000    0.0000    0.0000    1.6774   90.4089
  98.6148 16649.5779  218.2911 -999.9000    0.0000    0.0000    0.9158   90.4014
  96.2203 16806.4573  217.5668 -999.9000    0.0000    0.0000    0.1031   90.4014
  93.8688 16963.3367  216.8630 -999.9000    0.0000    0.0000    1.1993   90.4014
  91.5836 17120.2161  216.7505 -999.9000    0.0000    0.0000    2.0805   90.4014
  89.3567 17277.0955  216.7325 -999.9000    0.0000    0.0000    2.7273   90.4014
  87.1784 17433.9749  216.2605 -999.9000    0.0000    0.0000    3.4361   90.3927
  85.0453 17590.8543  215.4466 -999.9000    0.0000    0.0000    4.3733   90.0754
  82.9608 17747.7337  215.1139 -999.9000    0.0000    0.0000    5.5653   90.9865
  80.9282 17904.6131  215.7456 -999.9000    0.0000    0.0000    6.7283   90.6807
  78.9484 18061.4925  216.3722 -999.9000    0.0000    0.0000    6.6337   90.4907
  77.0217 18218.3719  217.0244 -999.9000    0.0000    0.0000    5.6849   90.6714
  75.1483 18375.2513  218.0597 -999.9000    0.0000    0.0000    4.7367   90.9237
  73.3271 18532.1307  219.1367 -999.9000    0.0000    0.0000    4.1198   91.0464
  71.5556 18689.0101  219.2361 -999.9000    0.0000    0.0000    3.6561   90.9336
  69.8260 18845.8894  218.0934 -999.9000    0.0000    0.0000    3.0396   91.0562
  68.1227 19002.7688  217.7753 -999.9000    0.0000    0.0000    1.9035   91.7656
  66.4601 19159.6482  218.0973 -999.9000    0.0000    0.0000    0.8788   89.5288
  64.8418 19316.5276  218.5532 -999.9000    0.0000    0.0000    0.5756   87.4851
  63.2670 19473.4070  218.9297 -999.9000    0.0000    0.0000    1.1242   87.9468
  61.7318 19630.2864  219.4652 -999.9000    0.0000    0.0000    1.7162   88.3028
  60.2355 19787.1658  219.6538 -999.9000    0.0000    0.0000    2.4648   88.5476
  58.7762 19944.0452  219.3356 -999.9000    0.0000    0.0000    3.3105   88.9105
  57.3501 20100.9246  218.9371 -999.9000    0.0000    0.0000    3.7490   89.0671
  55.9562 20257.8040  218.6527 -999.9000    0.0000    0.0000    3.6829   88.9446
  54.5968 20414.6834  218.4033 -999.9000    0.0000    0.0000    3.4778   88.7725
  53.2731 20571.5628  218.3410 -999.9000    0.0000    0.0000    3.2968   88.6461
  51.9860 20728.4422  218.7771 -999.9000    0.0000    0.0000    3.1569   88.5640
  50.7361 20885.3216  220.0253 -999.9000    0.0000    0.0000    3.0727   88.5228
  49.5229 21042.2010  221.7972 -999.9000    0.0000    0.0000    3.0277   88.5126
  48.3394 21199.0804  221.1835 -999.9000    0.0000    0.0000    3.3714   88.5757
  47.1874 21355.9598  221.2602 -999.9000    0.0000    0.0000    4.5027   88.7747
  46.0647 21512.8392  221.6654 -999.9000    0.0000    0.0000    5.5369   88.9472
  44.9691 21669.7186  221.9199 -999.9000    0.0000    0.0000    5.7413   88.9570
  43.8989 21826.5980  221.9601 -999.9000    0.0000    0.0000    5.3487   88.8369
  42.8525 21983.4774  221.8465 -999.9000    0.0000    0.0000    4.8753   88.6697
  41.8295 22140.3568  221.6266 -999.9000    0.0000    0.0000    4.6103   88.5214
  40.8309 22297.2362  221.3285 -999.9000    0.0000    0.0000    4.4913   88.4316
  39.8584 22454.1156  220.9812 -999.9000    0.0000    0.0000    4.4267   88.4374
  38.9104 22610.9950  221.4107 -999.9000    0.0000    0.0000    4.5642   88.5046
  37.9838 22767.8744  222.7102 -999.9000    0.0000    0.0000    4.9604   88.5579
  37.0791 22924.7538  223.4431 -999.9000    0.0000    0.0000    5.2838   88.6106
  36.1962 23081.6332  223.5779 -999.9000    0.0000    0.0000    5.5183   88.6649
  35.3349 23238.5126  223.3322 -999.9000    0.0000    0.0000    5.7037   88.7211
  34.4951 23395.3920  222.9230 -999.9000    0.0000    0.0000    5.8798   88.7793
  33.6765 23552.2714  222.5678 -999.9000    0.0000    0.0000    6.0861   88.8396
  32.8792 23709.1508  222.4839 -999.9000    0.0000    0.0000    6.3627   88.9021
  32.1025 23866.0302  222.8130 -999.9000    0.0000    0.0000    6.7219   88.9664
  31.3447 24022.9095  223.4171 -999.9000    0.0000    0.0000    7.0757   89.0294
  30.6036 24179.7889  224.0939 -999.9000    0.0000    0.0000    7.3129   89.0878
  29.8779 24336.6683  224.6156 -999.9000    0.0000    0.0000    7.3419   89.1301
  29.1715 24493.5477  224.6924 -999.9000    0.0000    0.0000    7.2671   89.0898
  28.4842 24650.4271  224.5719 -999.9000    0.0000    0.0000    7.1415   88.9796
  27.8138 24807.3065  224.6226 -999.9000    0.0000    0.0000    6.9792   88.8366
  27.1583 24964.1859  225.2111 -999.9000    0.0000    0.0000    6.7941   88.6979
  26.5173 25121.0653  226.3987 -999.9000    0.0000    0.0000    6.6067   88.5852
  25.8939 25277.9447  227.5974 -999.9000    0.0000    0.0000    6.4516   88.4883
  25.2914 25434.8241  228.1366 -999.9000    0.0000    0.0000    6.3652   88.3927
  24.7096 25591.7035  227.6500 -999.9000    0.0000    0.0000    6.4289   88.3136
  24.1354 25748.5829  227.1233 -999.9000    0.0000    0.0000    6.8032   88.3442
  23.5706 25905.4623  226.8893 -999.9000    0.0000    0.0000    7.3903   88.4419
  23.0189 26062.3417  227.1573 -999.9000    0.0000    0.0000    8.0652   88.5480
  22.4826 26219.2211  227.9929 -999.9000    0.0000    0.0000    8.7270   88.6216
  21.9608 26376.1005  229.0901 -999.9000    0.0000    0.0000    9.3370   88.6692
  21.4521 26532.9799  230.0843 -999.9000    0.0000    0.0000    9.8669   88.7041
  20.9548 26689.8593  230.6105 -999.9000    0.0000    0.0000   10.2880   88.7401
  20.4676 26846.7387  230.3041 -999.9000    0.0000    0.0000   10.5716   88.7908
  19.9891 27003.6181  228.8355 -999.9000    0.0000    0.0000   10.6825   88.8671
  19.5243 27160.4975  227.9263 -999.9000    0.0000    0.0000   10.2585   88.8331
  19.0752 27317.3769  228.3639 -999.9000    0.0000    0.0000    9.3716   88.6652
  18.6391 27474.2563  229.5680 -999.9000    0.0000    0.0000    8.4160   88.4541
  18.2135 27631.1357  230.9584 -999.9000    0.0000    0.0000    7.7860   88.2905
  17.7959 27788.0151  231.9640 -999.9000    0.0000    0.0000    7.8530   88.2601
  17.3864 27944.8945  232.2377 -999.9000    0.0000    0.0000    8.4380   88.3267
  16.9866 28101.7739  231.8059 -999.9000    0.0000    0.0000    9.0595   88.3867
  16.5963 28258.6533  230.9652 -999.9000    0.0000    0.0000    9.6826   88.4341
  16.2153 28415.5327  230.0398 -999.9000    0.0000    0.0000   10.3217   88.4734
  15.8432 28572.4121  229.3534 -999.9000    0.0000    0.0000   10.9911   88.5095
  15.4798 28729.2915  229.2241 -999.9000    0.0000    0.0000   11.7031   88.5468
  15.1246 28886.1709  229.6130 -999.9000    0.0000    0.0000   12.3552   88.5881
  14.7769 29043.0503  229.9636 -999.9000    0.0000    0.0000   12.6836   88.6333
  14.4368 29199.9296  230.1118 -999.9000    0.0000    0.0000   12.6231   88.6841
  14.1043 29356.8090  230.1953 -999.9000    0.0000    0.0000   12.2550   88.7433
  13.7798 29513.6884  230.3577 -999.9000    0.0000    0.0000   11.6637   88.8140
  13.4633 29670.5678  230.7425 -999.9000    0.0000    0.0000   10.9333   88.8992
  13.1552 29827.4472  231.4932 -999.9000    0.0000    0.0000   10.1479   89.0018
  12.8555 29984.3266  232.6963 -999.9000    0.0000    0.0000    9.3898   89.1215
  12.5638 30141.2060  234.0397 -999.9000    0.0000    0.0000    8.7268   89.2343
  12.2794 30298.0854  235.0415 -999.9000    0.0000    0.0000    8.2208   89.3059
  12.0018 30454.9648  235.2192 -999.9000    0.0000    0.0000    7.9337   89.3022
  11.7304 30611.8442  234.3450 -999.9000    0.0000    0.0000    7.8864   89.2026
  11.4650 30768.7236  233.2306 -999.9000    0.0000    0.0000    7.9332   89.0420
  11.2056 30925.6030  232.9526 -999.9000    0.0000    0.0000    7.8865   88.8691
  10.9522 31082.4824  234.1631 -999.9000    0.0000    0.0000    7.6259   88.7216
  10.7056 31239.3618  235.7018 -999.9000    0.0000    0.0000    7.3203   88.5894
  10.4661 31396.2412  236.2508 -999.9000    0.0000    0.0000    7.1667   88.4534
  10.2318 31553.1206  235.8903 -999.9000    0.0000    0.0000    7.1502   88.3118
  10.0000 31710.0000  235.0750 -999.9000    0.0000    0.0000    7.1999   88.1674
